pelvis_tilt.offset              	0.023410758	0.023416903	1.0617846e-05	
hip_flexion_r.offset            	0.074166366	0.07417555	1.0120335e-05	
knee_angle_r.offset             	0.006867467	0.0068670352	1.1510214e-05	
ankle_angle_r.offset            	-0.064537658	-0.06454177	1.4587763e-05	
hip_flexion_l.offset            	-0.012380804	-0.012388028	2.1035672e-05	
knee_angle_l.offset             	0.063568563	0.063553285	1.6548143e-05	
ankle_angle_l.offset            	0.18398563	0.18399786	1.4727629e-05	
stance_load_threshold           	0.15264166	0.15265663	1.6488945e-05	
S00111.tib_ant.KL               	1.272298	1.2723969	0.00027551129	
S00111.tib_ant.L0               	0.75031042	0.75033471	3.2814073e-05	
S00111.tib_ant.KS               	0.00017172447	0.00016523585	5.2974652e-06	
S11000.tib_ant.KL               	1.222302	1.2220252	0.00016488336	
S11000.tib_ant.L0               	0.73299395	0.73301745	2.4601173e-05	
S11000.tib_ant.KS               	0.034280244	0.034287706	1.4342133e-05	
S11111.tib_ant-soleus.KF        	-0.11270845	-0.1126811	2.419998e-05	
S00111.soleus-tib_ant.KS        	-0.85851173	-0.85835011	0.00029381884	
S00111.gastroc-tib_ant.KS       	-0.34105067	-0.34113821	0.00022039936	
S11000.soleus-tib_ant.KS        	-3.2885057	-3.2890582	0.0003657556	
S11000.gastroc-tib_ant.KS       	-1.7162013	-1.7159015	0.00030314871	
S00111.tib_ant-soleus.KS        	-0.00313515	-0.0032617918	0.00091945135	
S00111.tib_ant-gastroc.KS       	-0.00395169	-0.0037500949	0.00089669156	
S11000.tib_ant-soleus.KS        	-0.0034666	-0.0032453925	0.00088052215	
S11000.tib_ant-gastroc.KS       	-0.00366451	-0.0035490813	0.00087616627	
S00111.soleus.KL                	4.0679556	4.0681378	0.00027134483	
S00111.soleus.L0                	0.9824863	0.98253421	6.6893943e-05	
S00111.soleus.KF                	0.23863085	0.23870395	2.335907e-05	
S00111.soleus.KS                	0.15894625	0.15932113	0.00015863057	
S00111.gastroc.KL               	0.078911392	0.079306708	0.00021248139	
S00111.gastroc.L0               	0.84219823	0.84213762	0.00012333306	
S00111.gastroc.KF               	1.4110608	1.4110744	1.523481e-05	
S00111.gastroc.KS               	0.16777373	0.16772224	0.00010987133	
S11000.soleus.KL                	0.81320387	0.81267787	0.00049029766	
S11000.soleus.L0                	0.93044077	0.93048456	0.00011953533	
S11000.soleus.KF                	-0.94761997	-0.9471454	0.00045665347	
S11000.soleus.KS                	0.11135352	0.11168932	0.00032461528	
S11000.gastroc.KL               	0.0088926114	0.0087509974	0.00012374317	
S11000.gastroc.L0               	0.52924461	0.52920624	0.00013012999	
S11000.gastroc.KF               	-1.7829653	-1.7825815	0.00029929958	
S11000.gastroc.KS               	0.26363677	0.26350696	0.00023333129	
S00011.vasti.KF                 	0.80732948	0.80732945	6.2791563e-05	
S00011.vasti.C0                 	0.080901206	0.080880503	1.2766315e-05	
S00011.vasti-knee_angle.pos_max 	-0.30390865	-0.30394573	2.2700572e-05	
S00011.hamstrings-pelvis_tilt.KP	0.70502447	0.70519449	0.00024887937	
S00011.hamstrings-pelvis_tilt.KV	0.56918159	0.56915939	1.2931054e-05	
S00011.hamstrings-pelvis_tilt.C0	0.026369971	0.026349247	2.4445728e-05	
S00011.glut_max-pelvis_tilt.KP  	1.4262058	1.4260862	0.00020134287	
S00011.glut_max-pelvis_tilt.KV  	0.32310207	0.32309353	1.4699533e-05	
S00011.glut_max-pelvis_tilt.C0  	0.1609813	0.1609645	2.3004332e-05	
S00011.iliopsoas-pelvis_tilt.KP 	-3.6442739	-3.6440967	0.00035904555	
S00011.iliopsoas-pelvis_tilt.KV 	-0.5410028	-0.54098902	1.6204926e-05	
S00011.iliopsoas-pelvis_tilt.C0 	0.32497648	0.32492331	3.6314202e-05	
S00100.iliopsoas.C0             	0.34448063	0.34445602	2.0744445e-05	
S00100.glut_max.C0              	-0.025690035	-0.025699673	1.3947208e-05	
S11000.iliopsoas.KL             	0.55892537	0.55892534	1.648738e-05	
S11000.iliopsoas.L0             	0.38789398	0.3878887	1.8181889e-05	
S11000.iliopsoas-pelvis_tilt.P0 	-0.042799812	-0.042807532	1.4488569e-05	
S11000.iliopsoas-pelvis_tilt.KP 	0.011126042	0.011109431	5.9409971e-05	
S11000.iliopsoas-pelvis_tilt.KV 	0.1506645	0.15067566	1.7220847e-05	
S11000.iliopsoas-hamstrings.KL  	-8.1772024	-8.1786804	0.00062847891	
S11000.iliopsoas-hamstrings.L0  	1.1630013	1.1629973	1.3468423e-05	
S11000.hamstrings.KF            	0.5764635	0.57647546	1.3813517e-05	
S11000.glut_max.KF              	0.61531317	0.61531947	1.5486507e-05	
