pelvis_tilt.offset              	0.026168346	0.02617953	8.8753556e-06	
hip_flexion_r.offset            	0.07103547	0.071031156	7.5543764e-06	
knee_angle_r.offset             	0.0034287005	0.0034092242	8.7441433e-06	
ankle_angle_r.offset            	-0.0598725	-0.059872723	1.1081015e-05	
hip_flexion_l.offset            	-0.0075969621	-0.0075841479	1.637315e-05	
knee_angle_l.offset             	0.055830585	0.055841309	1.3429446e-05	
ankle_angle_l.offset            	0.18428705	0.18431033	1.2277372e-05	
stance_load_threshold           	0.15618016	0.15619769	1.2947234e-05	
S00111.tib_ant.KL               	1.3099658	1.3097494	0.00022347198	
S00111.tib_ant.L0               	0.72582237	0.72585297	2.2225202e-05	
S00111.tib_ant.KS               	0.00016744637	0.00016504551	4.2929045e-06	
S11000.tib_ant.KL               	1.2431346	1.2432333	0.00012504752	
S11000.tib_ant.L0               	0.74391945	0.74394659	1.7864364e-05	
S11000.tib_ant.KS               	0.037064713	0.037076328	1.025013e-05	
S11111.tib_ant-soleus.KF        	-0.11115087	-0.11117044	1.8677037e-05	
S00111.soleus-tib_ant.KS        	-0.81152927	-0.8118709	0.00023971337	
S00111.gastroc-tib_ant.KS       	-0.35461414	-0.3545443	0.00014177215	
S11000.soleus-tib_ant.KS        	-3.2778793	-3.2783496	0.00028141423	
S11000.gastroc-tib_ant.KS       	-1.7360282	-1.7360662	0.00023748956	
S00111.tib_ant-soleus.KS        	-0.00313515	-0.0032163571	0.00074851853	
S00111.tib_ant-gastroc.KS       	-0.00357534	-0.0036486393	0.0007296826	
S11000.tib_ant-soleus.KS        	-0.0032159671	-0.0032562286	0.00071707241	
S11000.tib_ant-gastroc.KS       	-0.00366451	-0.0034755274	0.00071352046	
S00111.soleus.KL                	4.0663947	4.0667107	0.00021302756	
S00111.soleus.L0                	0.99282885	0.99286249	4.8440084e-05	
S00111.soleus.KF                	0.22478318	0.2247877	1.8494178e-05	
S00111.soleus.KS                	0.16249826	0.16255997	0.00012428687	
S00111.gastroc.KL               	0.076368633	0.07642533	0.00016339349	
S00111.gastroc.L0               	0.87710525	0.87708412	9.2416372e-05	
S00111.gastroc.KF               	1.4028953	1.4028966	1.2338696e-05	
S00111.gastroc.KS               	0.16088538	0.16089494	7.138102e-05	
S11000.soleus.KL                	0.80878662	0.80878735	0.00037695017	
S11000.soleus.L0                	0.89685345	0.89676769	9.6317288e-05	
S11000.soleus.KF                	-0.86892635	-0.86915787	0.00037715935	
S11000.soleus.KS                	0.11011034	0.11020778	0.00025083777	
S11000.gastroc.KL               	0.0084947254	0.0086446231	9.7226616e-05	
S11000.gastroc.L0               	0.54825555	0.54819029	9.5070869e-05	
S11000.gastroc.KF               	-1.7838442	-1.7838637	0.00023283503	
S11000.gastroc.KS               	0.25298534	0.25296959	0.00018351041	
S00011.vasti.KF                 	0.78058162	0.78054984	5.4070273e-05	
S00011.vasti.C0                 	0.07992329	0.079933051	8.3357382e-06	
S00011.vasti-knee_angle.pos_max 	-0.29837854	-0.29837919	1.73484e-05	
S00011.hamstrings-pelvis_tilt.KP	0.69907706	0.69957285	0.0002021776	
S00011.hamstrings-pelvis_tilt.KV	0.56455961	0.56456015	1.0820633e-05	
S00011.hamstrings-pelvis_tilt.C0	0.027758408	0.027765619	1.775307e-05	
S00011.glut_max-pelvis_tilt.KP  	1.5117499	1.5120714	0.00017894727	
S00011.glut_max-pelvis_tilt.KV  	0.3109365	0.31093871	1.0444535e-05	
S00011.glut_max-pelvis_tilt.C0  	0.16612327	0.16612817	1.7893658e-05	
S00011.iliopsoas-pelvis_tilt.KP 	-3.4360223	-3.4360231	0.00027966265	
S00011.iliopsoas-pelvis_tilt.KV 	-0.53391387	-0.53391376	1.3384625e-05	
S00011.iliopsoas-pelvis_tilt.C0 	0.34831631	0.34830102	2.7079842e-05	
S00100.iliopsoas.C0             	0.32649208	0.32649458	1.6608645e-05	
S00100.glut_max.C0              	-0.024329049	-0.024318242	1.08548e-05	
S11000.iliopsoas.KL             	0.56218504	0.56220112	1.3121337e-05	
S11000.iliopsoas.L0             	0.38776583	0.38775253	1.4463572e-05	
S11000.iliopsoas-pelvis_tilt.P0 	-0.045814648	-0.045825438	1.1129697e-05	
S11000.iliopsoas-pelvis_tilt.KP 	0.011327627	0.011297499	4.8488812e-05	
S11000.iliopsoas-pelvis_tilt.KV 	0.14671572	0.14670526	1.3785427e-05	
S11000.iliopsoas-hamstrings.KL  	-8.2224575	-8.2215389	0.00046194389	
S11000.iliopsoas-hamstrings.L0  	1.1800066	1.1800015	1.2967931e-05	
S11000.hamstrings.KF            	0.58597333	0.58597666	1.1160549e-05	
S11000.glut_max.KF              	0.63070479	0.63069592	1.2203972e-05	
