pelvis_tilt.offset              	0.025198523	0.024744861	0.00083213582	
hip_flexion_r.offset            	0.066054147	0.067642102	0.00077540662	
knee_angle_r.offset             	0.0038804868	0.0045818589	0.00086845323	
ankle_angle_r.offset            	-0.054249858	-0.054581356	0.0011005322	
hip_flexion_l.offset            	0.0021309584	0.0012134304	0.0015741102	
knee_angle_l.offset             	0.05702409	0.058107507	0.0012169904	
ankle_angle_l.offset            	0.18565604	0.18699116	0.0011552693	
stance_load_threshold           	0.15037186	0.15182383	0.0012784654	
S00111.tib_ant.KL               	1.2266773	1.2187721	0.020962721	
S00111.tib_ant.L0               	0.77374416	0.7751137	0.0022976998	
S00111.tib_ant.KS               	0.00015652	0.00016381222	0.00084841723	
S11000.tib_ant.KL               	1.2062968	1.2023942	0.011946997	
S11000.tib_ant.L0               	0.7400993	0.73827063	0.0017416258	
S11000.tib_ant.KS               	0.035159607	0.036379269	0.0010843312	
S11111.tib_ant-soleus.KF        	-0.10885255	-0.10871289	0.0018884745	
S00111.soleus-tib_ant.KS        	-0.85269243	-0.85770995	0.023613136	
S11000.soleus-tib_ant.KS        	-3.3317705	-3.3613915	0.028308316	
S00111.gastroc-tib_ant.KS       	-0.32171493	-0.32299641	0.019743413	
S11000.gastroc-tib_ant.KS       	-1.6562156	-1.6851348	0.02327966	
S00111.tib_ant-gastroc.KS       	-0.00357534	-0.003800567	0.16788553	
S11000.tib_ant-gastroc.KS       	-0.00366451	-0.0034097482	0.16409163	
S00111.tib_ant-soleus.KS        	-0.00313515	-0.0033201263	0.17234317	
S11000.tib_ant-soleus.KS        	-0.00313645	-0.0033458259	0.16502206	
S00111.gastroc.KL               	0.07523758	0.07921557	0.021012368	
S00111.gastroc.L0               	0.81849769	0.81369405	0.0093172419	
S00111.gastroc.KF               	1.4093908	1.4086021	0.0011890549	
S00111.soleus.KL                	4.1320975	4.0810765	0.02111027	
S00111.soleus.L0                	0.96958285	0.96572179	0.0053890584	
S00111.soleus.KF                	0.22525461	0.22479317	0.0017371718	
S11000.gastroc.KL               	0.00925153	0.0089032376	0.016745268	
S11000.gastroc.L0               	0.52252461	0.52274111	0.0096717713	
S11000.gastroc.KF               	-1.8396633	-1.854577	0.023086412	
S11000.soleus.KL                	0.83966407	0.82582109	0.03903944	
S11000.soleus.L0                	0.90774118	0.90062486	0.0090321282	
S11000.soleus.KF                	-0.91872564	-0.91090817	0.036564044	
S00011.vasti.KF                 	0.84736586	0.85014141	0.0051927593	
S00011.vasti.C0                 	0.082821066	0.083176485	0.001117816	
S00011.vasti-knee_angle.pos_max 	-0.30668275	-0.30568431	0.0017404273	
S00011.hamstrings-pelvis_tilt.KP	0.69362019	0.72055678	0.019554749	
S00011.hamstrings-pelvis_tilt.KV	0.5666737	0.56655962	0.001019939	
S00011.hamstrings-pelvis_tilt.C0	0.026560875	0.026663797	0.0020873623	
S00011.glut_max-pelvis_tilt.KP  	1.4896235	1.4727499	0.016431489	
S00011.glut_max-pelvis_tilt.KV  	0.30872761	0.30978288	0.0010501775	
S00011.glut_max-pelvis_tilt.C0  	0.1545583	0.15625213	0.0017187618	
S00011.iliopsoas-pelvis_tilt.KP 	-3.402297	-3.4084419	0.027978827	
S00011.iliopsoas-pelvis_tilt.KV 	-0.54435037	-0.5440908	0.0012829905	
S00011.iliopsoas-pelvis_tilt.C0 	0.32807519	0.33128876	0.0027507395	
S00100.iliopsoas.C0             	0.34085909	0.34024913	0.0015297378	
S00100.glut_max.C0              	-0.02588599	-0.025238699	0.0010987528	
S11000.iliopsoas.KL             	0.56171524	0.55915252	0.0012970497	
S11000.iliopsoas.L0             	0.3890782	0.38894757	0.001428915	
S11000.iliopsoas-pelvis_tilt.P0 	-0.04641831	-0.0457113	0.0011171066	
S11000.iliopsoas-pelvis_tilt.KP 	0.011743787	0.011323562	0.0067425573	
S11000.iliopsoas-pelvis_tilt.KV 	0.14503194	0.1450028	0.0013086468	
S11000.iliopsoas-hamstrings.KL  	-8.2370845	-8.2091564	0.047205151	
S11000.iliopsoas-hamstrings.L0  	1.1709097	1.170375	0.0010720029	
S11000.hamstrings.KF            	0.57634473	0.57573007	0.0010102972	
S11000.glut_max.KF              	0.62013448	0.61973103	0.0011644339	
