pelvis_tilt.offset              	0.023742749	0.024400255	0.00058400714	
hip_flexion_r.offset            	0.068277545	0.067851871	0.0005424019	
knee_angle_r.offset             	0.0045802393	0.0058968323	0.00062311342	
ankle_angle_r.offset            	-0.056289955	-0.05600217	0.00077268444	
hip_flexion_l.offset            	0.0020948653	0.0030535693	0.0011185577	
knee_angle_l.offset             	0.061131612	0.058818068	0.00085683166	
ankle_angle_l.offset            	0.18969143	0.18961414	0.00081730084	
stance_load_threshold           	0.15098196	0.15247916	0.00089500067	
S00111.tib_ant.KL               	1.2630396	1.2365418	0.014641752	
S00111.tib_ant.L0               	0.77551218	0.77544566	0.0016148427	
S00111.tib_ant.KS               	0.00015652	0.00016165269	0.00056721567	
S11000.tib_ant.KL               	1.1868763	1.1825854	0.0085160455	
S11000.tib_ant.L0               	0.73951724	0.74004631	0.0012283692	
S11000.tib_ant.KS               	0.033820082	0.035652999	0.00076245304	
S11111.tib_ant-soleus.KF        	-0.11115923	-0.11005935	0.0013261598	
S00111.soleus-tib_ant.KS        	-0.86756319	-0.86718916	0.016566446	
S11000.soleus-tib_ant.KS        	-3.3823335	-3.3654381	0.019971615	
S00111.gastroc-tib_ant.KS       	-0.32171493	-0.32502605	0.013254996	
S11000.gastroc-tib_ant.KS       	-1.685817	-1.6876431	0.016495247	
S00111.tib_ant-gastroc.KS       	-0.00395169	-0.0037833943	0.11224027	
S11000.tib_ant-gastroc.KS       	-0.00331551	-0.0034836875	0.10970385	
S00111.tib_ant-soleus.KS        	-0.00313515	-0.0033218918	0.11522044	
S11000.tib_ant-soleus.KS        	-0.0034666	-0.0034007345	0.1103259	
S00111.gastroc.KL               	0.08315732	0.078271766	0.014084816	
S00111.gastroc.L0               	0.82844226	0.82456867	0.0065282748	
S00111.gastroc.KF               	1.4096724	1.4092877	0.00083925493	
S00111.soleus.KL                	4.0892176	4.1045606	0.015080826	
S00111.soleus.L0                	0.9702605	0.96884152	0.0038289177	
S00111.soleus.KF                	0.2234594	0.2217747	0.0012349913	
S11000.gastroc.KL               	0.00837043	0.0086827471	0.011195743	
S11000.gastroc.L0               	0.5121331	0.52601718	0.0068070931	
S11000.gastroc.KF               	-1.8851621	-1.8729655	0.016242326	
S11000.soleus.KL                	0.78124329	0.80947193	0.027103695	
S11000.soleus.L0                	0.91175445	0.9203789	0.0063680063	
S11000.soleus.KF                	-0.93550999	-0.93836218	0.02549031	
S00011.vasti.KF                 	0.84898545	0.84723058	0.0036689597	
S00011.vasti.C0                 	0.08462145	0.084152637	0.00077945064	
S00011.vasti-knee_angle.pos_max 	-0.30870977	-0.31003302	0.0012447529	
S00011.hamstrings-pelvis_tilt.KP	0.68685809	0.67789346	0.013692348	
S00011.hamstrings-pelvis_tilt.KV	0.56617802	0.56670107	0.00071647319	
S00011.hamstrings-pelvis_tilt.C0	0.02514159	0.026425483	0.0014207988	
S00011.glut_max-pelvis_tilt.KP  	1.4571542	1.4596788	0.011615147	
S00011.glut_max-pelvis_tilt.KV  	0.30853943	0.30854068	0.00074124877	
S00011.glut_max-pelvis_tilt.C0  	0.15814776	0.15813052	0.0012189284	
S00011.iliopsoas-pelvis_tilt.KP 	-3.3994871	-3.4313414	0.0196559	
S00011.iliopsoas-pelvis_tilt.KV 	-0.54516721	-0.5455733	0.00089908752	
S00011.iliopsoas-pelvis_tilt.C0 	0.33655284	0.33524805	0.0019583683	
S00100.iliopsoas.C0             	0.34267011	0.34271359	0.0010814124	
S00100.glut_max.C0              	-0.024663362	-0.024580281	0.00076088465	
S11000.iliopsoas.KL             	0.5596239	0.56010683	0.00091401345	
S11000.iliopsoas.L0             	0.39051134	0.38933849	0.0010103815	
S11000.iliopsoas-pelvis_tilt.P0 	-0.044033411	-0.044903622	0.00078231519	
S11000.iliopsoas-pelvis_tilt.KP 	0.01082572	0.011454971	0.0045102329	
S11000.iliopsoas-pelvis_tilt.KV 	0.1446413	0.14611039	0.00093109826	
S11000.iliopsoas-hamstrings.KL  	-8.1705855	-8.1723926	0.033728876	
S11000.iliopsoas-hamstrings.L0  	1.171934	1.1719358	0.00076005784	
S11000.hamstrings.KF            	0.57573146	0.57626849	0.00071574198	
S11000.glut_max.KF              	0.62081595	0.62042619	0.0008160509	
