pelvis_tilt.offset              	0.025213493	0.023476657	0.0010678341	
hip_flexion_r.offset            	0.073147699	0.072422413	0.0010136391	
knee_angle_r.offset             	0.0027756317	0.0012514888	0.0011030825	
ankle_angle_r.offset            	-0.056783466	-0.05739004	0.0014432142	
hip_flexion_l.offset            	-0.0066832641	-0.0083052684	0.002049408	
knee_angle_l.offset             	0.060584506	0.058422449	0.0015834538	
ankle_angle_l.offset            	0.18503481	0.18854811	0.0015077454	
stance_load_threshold           	0.15165143	0.1505817	0.0016662034	
S00111.tib_ant.KL               	1.1871135	1.2311209	0.027446323	
S00111.tib_ant.L0               	0.76762926	0.76727709	0.0029612849	
S00111.tib_ant.KS               	0.000173	0.00016427629	0.001166986	
S11000.tib_ant.KL               	1.2118918	1.220148	0.015640794	
S11000.tib_ant.L0               	0.74384597	0.74282031	0.0022843366	
S11000.tib_ant.KS               	0.036336076	0.036058085	0.0014447221	
S11111.tib_ant-soleus.KF        	-0.11519499	-0.1102099	0.0024793779	
S00111.soleus-tib_ant.KS        	-0.81660841	-0.84608416	0.031418796	
S11000.soleus-tib_ant.KS        	-3.3124489	-3.3679631	0.036926214	
S00111.gastroc-tib_ant.KS       	-0.32171493	-0.33041046	0.0271097	
S11000.gastroc-tib_ant.KS       	-1.603011	-1.7054388	0.030334976	
S00111.tib_ant-gastroc.KS       	-0.00357534	-0.0037440539	0.23092488	
S11000.tib_ant-gastroc.KS       	-0.00331551	-0.0034199675	0.22570641	
S00111.tib_ant-soleus.KS        	-0.00346517	-0.0033369218	0.23705632	
S11000.tib_ant-soleus.KS        	-0.00313645	-0.0033309957	0.22698621	
S00111.gastroc.L0               	0.84745046	0.82602503	0.012057006	
S00111.gastroc.KS               	0.16772348	0.1683539	0.013412471	
S00111.soleus.L0                	0.97517825	0.97485317	0.0069927789	
S00111.soleus.KS                	0.15604102	0.1575115	0.019536316	
S11000.gastroc.KL               	0.00837043	0.0086880912	0.02303247	
S11000.gastroc.L0               	0.51557282	0.52682954	0.012710848	
S11000.gastroc.KF               	-1.7433609	-1.8105633	0.029891424	
S11000.gastroc.KS               	0.25586165	0.27018406	0.027355619	
S11000.soleus.KL                	0.84260236	0.79911173	0.05269655	
S11000.soleus.L0                	0.88612965	0.88084652	0.011798127	
S11000.soleus.KF                	-0.93172743	-0.92045935	0.049072856	
S11000.soleus.KS                	0.11302564	0.1066081	0.042778002	
S00011.vasti.KF                 	0.80712804	0.81991933	0.0065083185	
S00011.vasti.C0                 	0.083330271	0.085123512	0.0014706675	
S00011.vasti-knee_angle.pos_max 	-0.30095796	-0.30402987	0.0022558379	
S00011.hamstrings-pelvis_tilt.KP	0.74162866	0.71380188	0.025828736	
S00011.hamstrings-pelvis_tilt.KV	0.56902757	0.56825003	0.0013169375	
S00011.hamstrings-pelvis_tilt.C0	0.02778807	0.026137787	0.0028421551	
S00011.glut_max-pelvis_tilt.KP  	1.5175711	1.5168885	0.021419705	
S00011.glut_max-pelvis_tilt.KV  	0.31657088	0.31490134	0.0013307795	
S00011.glut_max-pelvis_tilt.C0  	0.15718245	0.16061728	0.0022592142	
S00011.iliopsoas-pelvis_tilt.KP 	-3.4982996	-3.4914399	0.036153055	
S00011.iliopsoas-pelvis_tilt.KV 	-0.54865966	-0.54427948	0.0016355255	
S00011.iliopsoas-pelvis_tilt.C0 	0.33141065	0.33239378	0.003514941	
S00100.iliopsoas.C0             	0.33893732	0.33895065	0.0019481923	
S00100.glut_max.C0              	-0.02342065	-0.024629371	0.0014767711	
S11000.iliopsoas.KL             	0.55431675	0.55529169	0.0016757409	
S11000.iliopsoas.L0             	0.39112338	0.39021459	0.0018487961	
S11000.iliopsoas-pelvis_tilt.P0 	-0.045512934	-0.04394213	0.0014787226	
S11000.iliopsoas-pelvis_tilt.KP 	0.01196527	0.011410339	0.0092723255	
S11000.iliopsoas-pelvis_tilt.KV 	0.14614247	0.14551919	0.0017136941	
S11000.iliopsoas-hamstrings.KL  	-8.3827075	-8.3595312	0.061010393	
S11000.iliopsoas-hamstrings.L0  	1.1671899	1.1668426	0.0013738352	
S11000.hamstrings.KF            	0.57901831	0.57674398	0.0013318386	
S11000.glut_max.KF              	0.62125698	0.62145749	0.0015041294	
