pelvis_tilt.offset              	0.023111998	0.022923442	0.00011601265	
hip_flexion_r.offset            	0.070322289	0.070329861	0.00011004804	
knee_angle_r.offset             	-0.0006335407	-0.00056840985	0.0001197489	
ankle_angle_r.offset            	-0.057381797	-0.057637313	0.00015884066	
hip_flexion_l.offset            	-0.0036131514	-0.0036079805	0.00022231873	
knee_angle_l.offset             	0.059972514	0.060057171	0.00017174282	
ankle_angle_l.offset            	0.18758667	0.18774817	0.00016502308	
stance_load_threshold           	0.1493261	0.14963463	0.00017884374	
S00111.tib_ant.KL               	1.286593	1.2799083	0.0029945823	
S00111.tib_ant.L0               	0.76597061	0.76558447	0.00033000266	
S00111.tib_ant.KS               	0.000173	0.00016530103	9.5613538e-05	
S11000.tib_ant.KL               	1.2020578	1.2029061	0.0017153161	
S11000.tib_ant.L0               	0.73451844	0.734563	0.00024918605	
S11000.tib_ant.KS               	0.034715477	0.03443146	0.00015177284	
S11111.tib_ant-soleus.KF        	-0.11555594	-0.11539064	0.00026244096	
S00111.soleus-tib_ant.KS        	-0.85935289	-0.85703996	0.0033185651	
S11000.soleus-tib_ant.KS        	-3.2456432	-3.2423059	0.0040475339	
S00111.gastroc-tib_ant.KS       	-0.34994537	-0.35124608	0.0026103297	
S11000.gastroc-tib_ant.KS       	-1.6307714	-1.63494	0.0033368728	
S00111.tib_ant-gastroc.KS       	-0.00395169	-0.0037450845	0.01891192	
S11000.tib_ant-gastroc.KS       	-0.00331551	-0.003501359	0.018484536	
S00111.tib_ant-soleus.KS        	-0.00313515	-0.00329336	0.019414029	
S11000.tib_ant-soleus.KS        	-0.00313645	-0.0033818136	0.018589334	
S00111.gastroc.KL               	0.07523758	0.077267096	0.002541033	
S00111.gastroc.L0               	0.8397195	0.84051147	0.0013887031	
S00111.gastroc.KF               	1.4129302	1.4128586	0.00016825771	
S00111.gastroc.KS               	0.17200917	0.17268528	0.0012987687	
S00111.soleus.KL                	4.0315373	4.0292843	0.0030377865	
S00111.soleus.L0                	0.96837533	0.96890741	0.00070776899	
S00111.soleus.KF                	0.21933663	0.21930742	0.00024445106	
S00111.soleus.KS                	0.15319109	0.15274775	0.0018766031	
S11000.gastroc.L0               	0.50899046	0.50816837	0.0013755395	
S11000.gastroc.KF               	-1.8703324	-1.8688194	0.0032779437	
S11000.gastroc.KS               	0.26261918	0.26441642	0.0026943795	
S11000.soleus.L0                	0.90561857	0.90557976	0.0012709898	
S11000.soleus.KF                	-0.92698991	-0.92115179	0.0050930488	
S11000.soleus.KS                	0.10466281	0.10762716	0.0037286849	
S00011.vasti.KF                 	0.81561359	0.81587301	0.00068391275	
S00011.vasti.C0                 	0.084233566	0.084212162	0.00014929863	
S00011.vasti-knee_angle.pos_max 	-0.30138643	-0.30139256	0.00025534311	
S00011.hamstrings-pelvis_tilt.KP	0.69366066	0.6934652	0.0027986386	
S00011.hamstrings-pelvis_tilt.KV	0.56710736	0.56712228	0.00014349006	
S00011.hamstrings-pelvis_tilt.C0	0.025976593	0.026262763	0.00028302266	
S00011.glut_max-pelvis_tilt.KP  	1.4458512	1.4472335	0.0024418303	
S00011.glut_max-pelvis_tilt.KV  	0.31459913	0.31466793	0.00014960217	
S00011.glut_max-pelvis_tilt.C0  	0.16026021	0.16015999	0.00024400966	
S00011.iliopsoas-pelvis_tilt.KP 	-3.5191815	-3.5174932	0.0039458208	
S00011.iliopsoas-pelvis_tilt.KV 	-0.54269499	-0.54269934	0.00017826173	
S00011.iliopsoas-pelvis_tilt.C0 	0.32930679	0.32983706	0.0003794449	
S00100.iliopsoas.C0             	0.33922306	0.33897921	0.00020896345	
S00100.glut_max.C0              	-0.025294968	-0.025233555	0.00015262349	
S11000.iliopsoas.KL             	0.56031989	0.56040444	0.00018675203	
S11000.iliopsoas.L0             	0.38888183	0.38891985	0.00020896342	
S11000.iliopsoas-pelvis_tilt.P0 	-0.044251765	-0.044430534	0.00015799722	
S11000.iliopsoas-pelvis_tilt.KP 	0.01082572	0.011399893	0.00077693651	
S11000.iliopsoas-pelvis_tilt.KV 	0.1418163	0.14194869	0.00018929397	
S11000.iliopsoas-hamstrings.KL  	-8.2593248	-8.2609031	0.0067593385	
S11000.iliopsoas-hamstrings.L0  	1.166737	1.1666131	0.00014420873	
S11000.hamstrings.KF            	0.57574523	0.57563766	0.00014462262	
S11000.glut_max.KF              	0.62067463	0.62038376	0.00016798316	
