pelvis_tilt.offset              	0.022895954	0.022965241	7.0198887e-05	
hip_flexion_r.offset            	0.070147987	0.070218247	6.7323761e-05	
knee_angle_r.offset             	-0.00086653049	-0.00080231894	7.1972724e-05	
ankle_angle_r.offset            	-0.057837383	-0.057889194	9.6769219e-05	
hip_flexion_l.offset            	-0.0031519187	-0.002970281	0.00013641561	
knee_angle_l.offset             	0.060090134	0.060075602	0.00010502985	
ankle_angle_l.offset            	0.18771221	0.18777398	0.00010037825	
stance_load_threshold           	0.14973205	0.14992915	0.00011093676	
S00111.tib_ant.KL               	1.265752	1.2661985	0.0018791192	
S00111.tib_ant.L0               	0.7653622	0.76577178	0.00019912394	
S00111.tib_ant.KS               	0.00016919238	0.00016393491	5.1479254e-05	
S11000.tib_ant.KL               	1.2091972	1.2070081	0.0010479182	
S11000.tib_ant.L0               	0.73463469	0.73452045	0.00014987308	
S11000.tib_ant.KS               	0.034159525	0.034166341	9.2411071e-05	
S11111.tib_ant-soleus.KF        	-0.11565904	-0.11576643	0.00016377184	
S00111.soleus-tib_ant.KS        	-0.8531034	-0.85236393	0.002004479	
S11000.soleus-tib_ant.KS        	-3.2525302	-3.2541426	0.0024912648	
S00111.gastroc-tib_ant.KS       	-0.34987818	-0.35035167	0.0015393078	
S11000.gastroc-tib_ant.KS       	-1.6310822	-1.6303535	0.0020395773	
S00111.tib_ant-gastroc.KS       	-0.00395169	-0.0037777241	0.01016539	
S11000.tib_ant-gastroc.KS       	-0.00366451	-0.0035161478	0.0099356375	
S00111.tib_ant-soleus.KS        	-0.00346517	-0.0033332038	0.010435207	
S11000.tib_ant-soleus.KS        	-0.0034666	-0.0032872275	0.0099919439	
S00111.gastroc.KL               	0.076509164	0.078130527	0.0015133599	
S00111.gastroc.L0               	0.84045376	0.84049482	0.0008386097	
S00111.gastroc.KF               	1.4128705	1.4129552	0.00010166309	
S00111.gastroc.KS               	0.17095641	0.17199586	0.00077138499	
S00111.soleus.KL                	4.0222224	4.0198493	0.0018878026	
S00111.soleus.L0                	0.96953217	0.96966673	0.00042256228	
S00111.soleus.KF                	0.2191264	0.21899495	0.00014781364	
S00111.soleus.KS                	0.15567438	0.1544328	0.0011245516	
S11000.gastroc.L0               	0.51122873	0.51044221	0.00084003524	
S11000.gastroc.KF               	-1.8739347	-1.8728832	0.0019982403	
S11000.gastroc.KS               	0.2710558	0.27110465	0.0016480305	
S11000.soleus.L0                	0.90767852	0.90829626	0.00077142645	
S11000.soleus.KF                	-0.91205971	-0.91174782	0.0031175166	
S11000.soleus.KS                	0.10979361	0.10943703	0.002215086	
S00011.vasti.KF                 	0.81626172	0.81587494	0.00041337465	
S00011.vasti.C0                 	0.084010924	0.084039402	8.8863562e-05	
S00011.vasti-knee_angle.pos_max 	-0.30181038	-0.3021092	0.00015640427	
S00011.hamstrings-pelvis_tilt.KP	0.69477623	0.6960734	0.0016837802	
S00011.hamstrings-pelvis_tilt.KV	0.56700618	0.56696504	8.6195905e-05	
S00011.hamstrings-pelvis_tilt.C0	0.025643176	0.025512722	0.00017460271	
S00011.glut_max-pelvis_tilt.KP  	1.4423155	1.4440127	0.0014898502	
S00011.glut_max-pelvis_tilt.KV  	0.31473983	0.31482932	9.4328605e-05	
S00011.glut_max-pelvis_tilt.C0  	0.16001549	0.16020319	0.00014804368	
S00011.iliopsoas-pelvis_tilt.KP 	-3.5115331	-3.5098894	0.0023823666	
S00011.iliopsoas-pelvis_tilt.KV 	-0.54278817	-0.54287045	0.00010767072	
S00011.iliopsoas-pelvis_tilt.C0 	0.32992156	0.32991961	0.0002299827	
S00100.iliopsoas.C0             	0.33843818	0.33852643	0.00012791246	
S00100.glut_max.C0              	-0.02528614	-0.025399865	9.1627587e-05	
S11000.iliopsoas.KL             	0.56076666	0.56075144	0.00011318223	
S11000.iliopsoas.L0             	0.38959465	0.38952963	0.00012514315	
S11000.iliopsoas-pelvis_tilt.P0 	-0.044717884	-0.044800418	9.7873714e-05	
S11000.iliopsoas-pelvis_tilt.KP 	0.011358494	0.011436105	0.00044172328	
S11000.iliopsoas-pelvis_tilt.KV 	0.14195198	0.14206386	0.00011444566	
S11000.iliopsoas-hamstrings.KL  	-8.2468758	-8.2462643	0.0041652	
S11000.iliopsoas-hamstrings.L0  	1.1667923	1.1667887	8.8759417e-05	
S11000.hamstrings.KF            	0.57593571	0.5758099	8.7976233e-05	
S11000.glut_max.KF              	0.6203361	0.62033019	0.00010282208	
