pelvis_tilt.offset              	0.02491698	0.024819174	0.00091096757	
hip_flexion_r.offset            	0.072571692	0.073481314	0.00087293659	
knee_angle_r.offset             	0.0027589339	0.0019552186	0.00092921844	
ankle_angle_r.offset            	-0.062762202	-0.061345323	0.0012318174	
hip_flexion_l.offset            	0.0017288494	-0.00051543682	0.0017514588	
knee_angle_l.offset             	0.062022558	0.061397148	0.0013379007	
ankle_angle_l.offset            	0.18805636	0.18945208	0.0012578767	
stance_load_threshold           	0.15560786	0.15409774	0.0014107258	
S00111.tib_ant.KL               	1.235634	1.2514474	0.023286089	
S00111.tib_ant.L0               	0.76269481	0.76130985	0.0024713824	
S00111.tib_ant.KS               	0.000173	0.00016627679	0.00093985263	
S11000.tib_ant.KL               	1.2241903	1.2394569	0.013176957	
S11000.tib_ant.L0               	0.72979132	0.73405191	0.0019344948	
S11000.tib_ant.KS               	0.036532372	0.035857942	0.0012005123	
S11111.tib_ant-soleus.KF        	-0.11090512	-0.11256249	0.0020700684	
S00111.soleus-tib_ant.KS        	-0.81169705	-0.8282777	0.02599688	
S11000.soleus-tib_ant.KS        	-3.2609192	-3.2416678	0.031169608	
S00111.gastroc-tib_ant.KS       	-0.32171493	-0.3338639	0.022099918	
S11000.gastroc-tib_ant.KS       	-1.7179768	-1.6965825	0.025685113	
S00111.tib_ant-gastroc.KS       	-0.00357534	-0.0037688925	0.18597887	
S11000.tib_ant-gastroc.KS       	-0.00331551	-0.003422612	0.1817761	
S00111.tib_ant-soleus.KS        	-0.00313515	-0.0032695316	0.19091692	
S11000.tib_ant-soleus.KS        	-0.0034666	-0.0032594568	0.18280681	
S00111.gastroc.L0               	0.84550348	0.84723571	0.010196717	
S00111.gastroc.KS               	0.17173923	0.1744436	0.010930358	
S00111.soleus.L0                	0.94755747	0.9348795	0.0060250475	
S00111.soleus.KS                	0.15714814	0.15932761	0.015840499	
S11000.gastroc.KL               	0.00925153	0.008865227	0.018549985	
S11000.gastroc.L0               	0.52037734	0.51916672	0.010760497	
S11000.gastroc.KF               	-1.8836528	-1.8889852	0.025230788	
S11000.gastroc.KS               	0.2612638	0.26913697	0.022254812	
S11000.soleus.KL                	0.76235452	0.78495709	0.043219733	
S11000.soleus.L0                	0.86799149	0.86654441	0.010003297	
S11000.soleus.KF                	-0.91473105	-0.90005854	0.040430863	
S11000.soleus.KS                	0.1022613	0.10885546	0.034480493	
S00011.vasti.KF                 	0.82311555	0.81636108	0.0054638632	
S00011.vasti.C0                 	0.08194413	0.082168416	0.0012286865	
S00011.vasti-knee_angle.pos_max 	-0.3137501	-0.31405503	0.0019412727	
S00011.hamstrings-pelvis_tilt.KP	0.74162866	0.71231602	0.021571588	
S00011.hamstrings-pelvis_tilt.KV	0.56177295	0.56104685	0.0011396625	
S00011.hamstrings-pelvis_tilt.C0	0.025951764	0.026253356	0.0023085757	
S00011.glut_max-pelvis_tilt.KP  	1.4957382	1.4700907	0.017974985	
S00011.glut_max-pelvis_tilt.KV  	0.31460778	0.31415536	0.0011371122	
S00011.glut_max-pelvis_tilt.C0  	0.15885972	0.15752721	0.0019146444	
S00011.iliopsoas-pelvis_tilt.KP 	-3.6054613	-3.6063884	0.030842241	
S00011.iliopsoas-pelvis_tilt.KV 	-0.54676801	-0.54555992	0.0013875519	
S00011.iliopsoas-pelvis_tilt.C0 	0.34049251	0.33568533	0.0029795363	
S00100.iliopsoas.C0             	0.33362598	0.33332364	0.0016675474	
S00100.glut_max.C0              	-0.02342065	-0.024844728	0.0012157364	
S11000.iliopsoas.KL             	0.56427423	0.56300545	0.0014028919	
S11000.iliopsoas.L0             	0.3898054	0.38879664	0.0015516931	
S11000.iliopsoas-pelvis_tilt.P0 	-0.046020415	-0.044614063	0.0012303295	
S11000.iliopsoas-pelvis_tilt.KP 	0.01196527	0.011514452	0.0074691455	
S11000.iliopsoas-pelvis_tilt.KV 	0.14395409	0.14359123	0.0014433939	
S11000.iliopsoas-hamstrings.KL  	-8.2405481	-8.1336797	0.051883181	
S11000.iliopsoas-hamstrings.L0  	1.1589649	1.1589066	0.0011856423	
S11000.hamstrings.KF            	0.5751983	0.57656749	0.0011345383	
S11000.glut_max.KF              	0.61906706	0.6179418	0.0012834085	
