pelvis_tilt.offset              	0.024926156	0.025150409	0.00084847183	
hip_flexion_r.offset            	0.073325395	0.073326813	0.00081257695	
knee_angle_r.offset             	0.0020768827	0.0024465448	0.00086472166	
ankle_angle_r.offset            	-0.062276901	-0.061563757	0.0011518535	
hip_flexion_l.offset            	0.00086628811	-0.0014224939	0.001639556	
knee_angle_l.offset             	0.060558767	0.062059372	0.0012468514	
ankle_angle_l.offset            	0.19015823	0.18983814	0.0011763384	
stance_load_threshold           	0.15444987	0.15418399	0.0013179106	
S00111.tib_ant.KL               	1.2388965	1.2184972	0.021684655	
S00111.tib_ant.L0               	0.76200978	0.7601112	0.0023003631	
S00111.tib_ant.KS               	0.00015652	0.00016455496	0.00086566923	
S11000.tib_ant.KL               	1.2347429	1.2313925	0.012327901	
S11000.tib_ant.L0               	0.73368739	0.73158711	0.0018032443	
S11000.tib_ant.KS               	0.036420726	0.036530523	0.0011132582	
S11111.tib_ant-soleus.KF        	-0.10860751	-0.10965127	0.0019284652	
S00111.soleus-tib_ant.KS        	-0.80888339	-0.83779712	0.024156811	
S11000.soleus-tib_ant.KS        	-3.3199627	-3.2542164	0.028957373	
S00111.gastroc-tib_ant.KS       	-0.33775398	-0.33285723	0.020420873	
S11000.gastroc-tib_ant.KS       	-1.7106028	-1.7126104	0.023929106	
S00111.tib_ant-gastroc.KS       	-0.00357534	-0.0037444539	0.17129923	
S11000.tib_ant-gastroc.KS       	-0.00366451	-0.0035167002	0.16742819	
S00111.tib_ant-soleus.KS        	-0.00346517	-0.0033502419	0.17584751	
S11000.tib_ant-soleus.KS        	-0.0034666	-0.0032817864	0.16837754	
S00111.gastroc.L0               	0.82628532	0.83317267	0.0094766232	
S00111.gastroc.KS               	0.17739288	0.17318704	0.01009352	
S00111.soleus.L0                	0.92748782	0.93411398	0.0056328323	
S00111.soleus.KS                	0.15612094	0.15975968	0.014621665	
S11000.gastroc.KL               	0.00925153	0.0089128624	0.017085922	
S11000.gastroc.L0               	0.49912653	0.5185129	0.0099943585	
S11000.gastroc.KF               	-1.8650627	-1.8723124	0.023388248	
S11000.gastroc.KS               	0.26010084	0.26530453	0.020547658	
S11000.soleus.KL                	0.76235452	0.79388172	0.039973925	
S11000.soleus.L0                	0.85363246	0.8672242	0.0093156463	
S11000.soleus.KF                	-0.86753488	-0.90711056	0.037465987	
S11000.soleus.KS                	0.1022613	0.10945091	0.031767571	
S00011.vasti.KF                 	0.8239	0.82011907	0.005089921	
S00011.vasti.C0                 	0.081832917	0.081472735	0.0011401787	
S00011.vasti-knee_angle.pos_max 	-0.31454903	-0.31481415	0.0018186758	
S00011.hamstrings-pelvis_tilt.KP	0.70855554	0.708065	0.020058143	
S00011.hamstrings-pelvis_tilt.KV	0.55932697	0.56087694	0.0010682348	
S00011.hamstrings-pelvis_tilt.C0	0.02778807	0.026527928	0.0021323419	
S00011.glut_max-pelvis_tilt.KP  	1.472794	1.4702954	0.016748512	
S00011.glut_max-pelvis_tilt.KV  	0.31435655	0.31392801	0.0010579365	
S00011.glut_max-pelvis_tilt.C0  	0.15928487	0.15707478	0.0017814052	
S00011.iliopsoas-pelvis_tilt.KP 	-3.6334839	-3.5962161	0.028745412	
S00011.iliopsoas-pelvis_tilt.KV 	-0.54631304	-0.54598233	0.001292652	
S00011.iliopsoas-pelvis_tilt.C0 	0.33711281	0.33578226	0.0027743173	
S00100.iliopsoas.C0             	0.33345218	0.33203188	0.0015550847	
S00100.glut_max.C0              	-0.02588599	-0.024780045	0.0011266775	
S11000.iliopsoas.KL             	0.56302584	0.56297527	0.0013060319	
S11000.iliopsoas.L0             	0.38950123	0.38922289	0.001446454	
S11000.iliopsoas-pelvis_tilt.P0 	-0.04344555	-0.04471966	0.0011426016	
S11000.iliopsoas-pelvis_tilt.KP 	0.01196527	0.011314274	0.0068800399	
S11000.iliopsoas-pelvis_tilt.KV 	0.14057586	0.14169834	0.0013458961	
S11000.iliopsoas-hamstrings.KL  	-8.1749611	-8.1999244	0.048556929	
S11000.iliopsoas-hamstrings.L0  	1.158966	1.1585052	0.0011152245	
S11000.hamstrings.KF            	0.57746079	0.57649166	0.0010586218	
S11000.glut_max.KF              	0.61617	0.61796535	0.0011952293	
