pelvis_tilt.offset              	0.024922625	0.025134403	0.00041091241	
hip_flexion_r.offset            	0.074276675	0.073887856	0.00039471078	
knee_angle_r.offset             	0.002155855	0.0017854824	0.00042102501	
ankle_angle_r.offset            	-0.061326618	-0.062242237	0.00056025224	
hip_flexion_l.offset            	-0.00088765683	-0.0015483178	0.00078739888	
knee_angle_l.offset             	0.062379244	0.061591172	0.00060354435	
ankle_angle_l.offset            	0.18961893	0.18987865	0.0005628756	
stance_load_threshold           	0.15162736	0.15266654	0.00063743929	
S00111.tib_ant.KL               	1.2562795	1.2583504	0.010472123	
S00111.tib_ant.L0               	0.7578325	0.76066437	0.0011019481	
S00111.tib_ant.KS               	0.00015652	0.00016528506	0.00038865761	
S11000.tib_ant.KL               	1.2372046	1.2360921	0.0059484492	
S11000.tib_ant.L0               	0.72974901	0.73129127	0.00086914878	
S11000.tib_ant.KS               	0.034283683	0.035343224	0.00053316262	
S11111.tib_ant-soleus.KF        	-0.1067783	-0.10775817	0.00092693653	
S00111.soleus-tib_ant.KS        	-0.81872128	-0.83802184	0.011605809	
S11000.soleus-tib_ant.KS        	-3.2652319	-3.2589382	0.013915963	
S00111.gastroc-tib_ant.KS       	-0.32539162	-0.32781831	0.0094169299	
S11000.gastroc-tib_ant.KS       	-1.6533189	-1.6762778	0.011623058	
S00111.tib_ant-gastroc.KS       	-0.00395169	-0.0037430545	0.076906725	
S11000.tib_ant-gastroc.KS       	-0.00366451	-0.0035371886	0.075168773	
S00111.tib_ant-soleus.KS        	-0.00346517	-0.0033525502	0.078948722	
S11000.tib_ant-soleus.KS        	-0.00313645	-0.0032781425	0.075594996	
S00111.gastroc.L0               	0.83943007	0.83652472	0.0045450276	
S00111.gastroc.KS               	0.16877535	0.16983939	0.0046744079	
S00111.soleus.L0                	0.93351884	0.93355959	0.0027091575	
S00111.soleus.KS                	0.16293202	0.16142039	0.0067269336	
S11000.gastroc.KL               	0.00837043	0.0087283025	0.0076717469	
S11000.gastroc.L0               	0.5279381	0.52842444	0.0048361306	
S11000.gastroc.KF               	-1.8700672	-1.884406	0.011208908	
S11000.gastroc.KS               	0.26983301	0.26880264	0.0095046918	
S11000.soleus.KL                	0.78964304	0.79556582	0.018854769	
S11000.soleus.L0                	0.88812574	0.8799118	0.0045091016	
S11000.soleus.KF                	-0.88061557	-0.89646062	0.017677033	
S11000.soleus.KS                	0.1022613	0.1103647	0.014316521	
S00011.vasti.KF                 	0.83326042	0.82942732	0.0024683612	
S00011.vasti.C0                 	0.081223509	0.081447702	0.00054054055	
S00011.vasti-knee_angle.pos_max 	-0.31345824	-0.31514179	0.00088645016	
S00011.hamstrings-pelvis_tilt.KP	0.71130102	0.71181638	0.0095860449	
S00011.hamstrings-pelvis_tilt.KV	0.56219104	0.5623455	0.00051999824	
S00011.hamstrings-pelvis_tilt.C0	0.026126666	0.025499124	0.00098651623	
S00011.glut_max-pelvis_tilt.KP  	1.4389726	1.4378721	0.0081263877	
S00011.glut_max-pelvis_tilt.KV  	0.31485405	0.31409041	0.00050900403	
S00011.glut_max-pelvis_tilt.C0  	0.15526099	0.15641347	0.00086719544	
S00011.iliopsoas-pelvis_tilt.KP 	-3.5881951	-3.5774119	0.014004942	
S00011.iliopsoas-pelvis_tilt.KV 	-0.54747453	-0.54697576	0.00062857635	
S00011.iliopsoas-pelvis_tilt.C0 	0.33382674	0.33369825	0.0013389439	
S00100.iliopsoas.C0             	0.3378574	0.33708688	0.00075970252	
S00100.glut_max.C0              	-0.023932208	-0.024492032	0.00053328782	
S11000.iliopsoas.KL             	0.56656443	0.56536405	0.00063676483	
S11000.iliopsoas.L0             	0.38895824	0.39002183	0.00069489741	
S11000.iliopsoas-pelvis_tilt.P0 	-0.044443393	-0.044225277	0.00054646332	
S11000.iliopsoas-pelvis_tilt.KP 	0.01082572	0.011462076	0.0030919129	
S11000.iliopsoas-pelvis_tilt.KV 	0.14074727	0.14111141	0.00064548439	
S11000.iliopsoas-hamstrings.KL  	-8.1963172	-8.1633228	0.023602034	
S11000.iliopsoas-hamstrings.L0  	1.1579056	1.1582828	0.00054430181	
S11000.hamstrings.KF            	0.57754871	0.57739368	0.00051682244	
S11000.glut_max.KF              	0.61909269	0.61856617	0.0005742533	
