pelvis_tilt.offset              	0.025425368	0.024866937	0.00034311084	
hip_flexion_r.offset            	0.074338585	0.074129796	0.00032870466	
knee_angle_r.offset             	0.0021128345	0.002101636	0.00035044783	
ankle_angle_r.offset            	-0.061878923	-0.06204279	0.00046553963	
hip_flexion_l.offset            	-0.00048886704	-0.0011981818	0.00065400204	
knee_angle_l.offset             	0.0617588	0.061898641	0.00050262709	
ankle_angle_l.offset            	0.19035771	0.18953677	0.00046787584	
stance_load_threshold           	0.1520389	0.15279205	0.00053177525	
S00111.tib_ant.KL               	1.2713329	1.2567832	0.0087269617	
S00111.tib_ant.L0               	0.76123648	0.75991841	0.00091930112	
S00111.tib_ant.KS               	0.00015652	0.00016259405	0.0003178563	
S11000.tib_ant.KL               	1.2445146	1.2369864	0.0049336528	
S11000.tib_ant.L0               	0.72996378	0.73076745	0.00072302401	
S11000.tib_ant.KS               	0.035513541	0.034986839	0.00044427111	
S11111.tib_ant-soleus.KF        	-0.10905716	-0.10720554	0.00077181697	
S00111.soleus-tib_ant.KS        	-0.83531943	-0.84411541	0.0096242999	
S11000.soleus-tib_ant.KS        	-3.2609677	-3.2633662	0.011585524	
S00111.gastroc-tib_ant.KS       	-0.32616687	-0.3309319	0.0077588467	
S11000.gastroc-tib_ant.KS       	-1.6444748	-1.6574654	0.009687302	
S00111.tib_ant-gastroc.KS       	-0.00395169	-0.0038760196	0.062896193	
S11000.tib_ant-gastroc.KS       	-0.00331551	-0.0034679307	0.061474853	
S00111.tib_ant-soleus.KS        	-0.00346517	-0.0033465113	0.064566186	
S11000.tib_ant-soleus.KS        	-0.00313645	-0.0032213217	0.061823427	
S00111.gastroc.L0               	0.84391086	0.8397971	0.0037798483	
S00111.gastroc.KS               	0.17739288	0.17142834	0.0038549236	
S00111.soleus.L0                	0.9330351	0.93439782	0.0022452403	
S00111.soleus.KS                	0.16242144	0.15816593	0.0055519678	
S11000.gastroc.KL               	0.00837043	0.0088674314	0.0062745168	
S11000.gastroc.L0               	0.52939344	0.52793253	0.0040106707	
S11000.gastroc.KF               	-1.8721808	-1.8779332	0.0093197821	
S11000.gastroc.KS               	0.26170301	0.27069635	0.0078483613	
S11000.soleus.KL                	0.82057707	0.80400012	0.015595417	
S11000.soleus.L0                	0.88470989	0.87855149	0.0037527206	
S11000.soleus.KF                	-0.88123905	-0.89426034	0.014670562	
S11000.soleus.KS                	0.11302564	0.10859656	0.011738891	
S00011.vasti.KF                 	0.82916678	0.83044702	0.0020501195	
S00011.vasti.C0                 	0.081876848	0.081737038	0.00044964049	
S00011.vasti-knee_angle.pos_max 	-0.31597219	-0.31504643	0.00073772194	
S00011.hamstrings-pelvis_tilt.KP	0.72504318	0.7126016	0.007972991	
S00011.hamstrings-pelvis_tilt.KV	0.56161651	0.56189472	0.00043175535	
S00011.hamstrings-pelvis_tilt.C0	0.025797421	0.026495249	0.00081656291	
S00011.glut_max-pelvis_tilt.KP  	1.4255238	1.4321822	0.0067815935	
S00011.glut_max-pelvis_tilt.KV  	0.3142976	0.31418128	0.00042373557	
S00011.glut_max-pelvis_tilt.C0  	0.15686348	0.15625158	0.00072033202	
S00011.iliopsoas-pelvis_tilt.KP 	-3.5944493	-3.5787901	0.011624628	
S00011.iliopsoas-pelvis_tilt.KV 	-0.547678	-0.54752454	0.00052150196	
S00011.iliopsoas-pelvis_tilt.C0 	0.33272975	0.33440644	0.0011118904	
S00100.iliopsoas.C0             	0.33615532	0.33748325	0.00063416929	
S00100.glut_max.C0              	-0.025036033	-0.02513194	0.00044143128	
S11000.iliopsoas.KL             	0.56513581	0.56601916	0.00053188406	
S11000.iliopsoas.L0             	0.39099764	0.39014707	0.00057563871	
S11000.iliopsoas-pelvis_tilt.P0 	-0.04424704	-0.044278239	0.00045277939	
S11000.iliopsoas-pelvis_tilt.KP 	0.01082572	0.011414724	0.0025300594	
S11000.iliopsoas-pelvis_tilt.KV 	0.14054192	0.14091717	0.00053574488	
S11000.iliopsoas-hamstrings.KL  	-8.1410548	-8.1577395	0.019699506	
S11000.iliopsoas-hamstrings.L0  	1.1580624	1.1585273	0.00045223882	
S11000.hamstrings.KF            	0.5770336	0.5772993	0.00043016666	
S11000.glut_max.KF              	0.61901984	0.61908182	0.00047577357	
