pelvis_tilt.offset              	0.024977892	0.023015191	0.0014190215	
hip_flexion_r.offset            	0.071446652	0.07036315	0.0013372708	
knee_angle_r.offset             	0.0021111087	-2.710191e-06	0.0014658908	
ankle_angle_r.offset            	-0.059606183	-0.057256092	0.0019253811	
hip_flexion_l.offset            	-0.011789018	-0.0093928537	0.0027267841	
knee_angle_l.offset             	0.058936318	0.056721246	0.0020917306	
ankle_angle_l.offset            	0.19349615	0.18929505	0.0020073223	
stance_load_threshold           	0.15255933	0.15058559	0.0022027391	
S00111.tib_ant.KL               	1.2765967	1.2654902	0.036638658	
S00111.tib_ant.L0               	0.75965368	0.75883551	0.0039316533	
S00111.tib_ant.KS               	0.000173	0.00016274547	0.0015706283	
S11000.tib_ant.KL               	1.1876989	1.1798631	0.020799525	
S11000.tib_ant.L0               	0.73419248	0.7352185	0.0030325811	
S11000.tib_ant.KS               	0.03371447	0.035027608	0.0019273646	
S11111.tib_ant-soleus.KF        	-0.10871598	-0.11126502	0.003294458	
S00111.soleus-tib_ant.KS        	-0.80888339	-0.82699429	0.041832129	
S11000.soleus-tib_ant.KS        	-3.1924044	-3.2223774	0.048653241	
S00111.gastroc-tib_ant.KS       	-0.32171493	-0.32895141	0.036377199	
S11000.gastroc-tib_ant.KS       	-1.7177505	-1.7057793	0.040485983	
S00111.tib_ant-gastroc.KS       	-0.00395169	-0.0037406078	0.31079845	
S11000.tib_ant-gastroc.KS       	-0.00331551	-0.0036098987	0.30377499	
S00111.tib_ant-soleus.KS        	-0.00313515	-0.0033914677	0.31905067	
S11000.tib_ant-soleus.KS        	-0.0034666	-0.0033104382	0.30549746	
S00111.gastroc.L0               	0.86189219	0.85393726	0.01606516	
S00111.gastroc.KF               	1.4104084	1.4071945	0.0020516209	
S00111.gastroc.KS               	0.17739288	0.16708278	0.017981899	
S00111.soleus.L0                	0.91939494	0.93244531	0.0093576294	
S00111.soleus.KF                	0.22058621	0.22505446	0.002971461	
S00111.soleus.KS                	0.14946728	0.15804759	0.026251741	
S11000.gastroc.KL               	0.00925153	0.0089864175	0.030998921	
S11000.gastroc.L0               	0.5336111	0.53010557	0.016876675	
S11000.gastroc.KF               	-1.8574452	-1.8106022	0.039733865	
S11000.gastroc.KS               	0.25711389	0.26708109	0.036728911	
S11000.soleus.KL                	0.76235452	0.80454317	0.070527833	
S11000.soleus.L0                	0.91672994	0.90876498	0.015514499	
S11000.soleus.KF                	-0.95885434	-0.9211445	0.06563772	
S11000.soleus.KS                	0.1022613	0.10817767	0.057562357	
S00011.vasti.KF                 	0.81691	0.8204079	0.0086697261	
S00011.vasti.C0                 	0.083711988	0.083669659	0.0019546756	
S00011.vasti-knee_angle.pos_max 	-0.3071949	-0.30283341	0.003005303	
S00011.hamstrings-pelvis_tilt.KP	0.7148201	0.7251682	0.034470543	
S00011.hamstrings-pelvis_tilt.KV	0.56727857	0.56649407	0.0017501981	
S00011.hamstrings-pelvis_tilt.C0	0.026238299	0.02674545	0.0038147634	
S00011.glut_max-pelvis_tilt.KP  	1.5280071	1.533369	0.028467914	
S00011.glut_max-pelvis_tilt.KV  	0.31413496	0.31619252	0.0017710397	
S00011.glut_max-pelvis_tilt.C0  	0.1621688	0.16065754	0.0029847493	
S00011.iliopsoas-pelvis_tilt.KP 	-3.5232807	-3.5338466	0.047782588	
S00011.iliopsoas-pelvis_tilt.KV 	-0.54097364	-0.54098298	0.0021893049	
S00011.iliopsoas-pelvis_tilt.C0 	0.34164427	0.33548939	0.0046979097	
S00100.iliopsoas.C0             	0.33438061	0.33880193	0.0025862147	
S00100.glut_max.C0              	-0.023840061	-0.025196931	0.001979419	
S11000.iliopsoas.KL             	0.55917319	0.56082275	0.0022061139	
S11000.iliopsoas.L0             	0.39525898	0.39349684	0.002449649	
S11000.iliopsoas-pelvis_tilt.P0 	-0.043031645	-0.044290707	0.0019669106	
S11000.iliopsoas-pelvis_tilt.KP 	0.01082572	0.011301974	0.012478788	
S11000.iliopsoas-pelvis_tilt.KV 	0.14633168	0.14529567	0.0022779047	
S11000.iliopsoas-hamstrings.KL  	-8.3350116	-8.2284937	0.080064223	
S11000.iliopsoas-hamstrings.L0  	1.1673782	1.1657745	0.0018383244	
S11000.hamstrings.KF            	0.5770451	0.57594736	0.0017622713	
S11000.glut_max.KF              	0.6240004	0.62359709	0.0020093187	
