pelvis_tilt.offset              	0.027604422	0.027769818	0.00054603736	
hip_flexion_r.offset            	0.069855475	0.070525749	0.00050119348	
knee_angle_r.offset             	0.001514156	0.0014577001	0.00054324916	
ankle_angle_r.offset            	-0.055283641	-0.055509597	0.00071716823	
hip_flexion_l.offset            	-0.0097621746	-0.0091444504	0.0010280509	
knee_angle_l.offset             	0.05764886	0.057672484	0.00077331274	
ankle_angle_l.offset            	0.19263642	0.19283863	0.00075295231	
stance_load_threshold           	0.14745968	0.14713071	0.00083435584	
S00111.tib_ant.KL               	1.2488082	1.2480027	0.013536675	
S00111.tib_ant.L0               	0.74826349	0.74888928	0.0015202043	
S00111.tib_ant.KS               	0.000173	0.00016853046	0.00052921758	
S11000.tib_ant.KL               	1.1664307	1.1669134	0.0076845381	
S11000.tib_ant.L0               	0.73781441	0.7391809	0.0011254095	
S11000.tib_ant.KS               	0.035106113	0.03623178	0.00069803436	
S11111.tib_ant-soleus.KF        	-0.1101287	-0.11186919	0.0012135146	
S00111.soleus-tib_ant.KS        	-0.84899162	-0.82890173	0.01502365	
S11000.soleus-tib_ant.KS        	-3.1495359	-3.1603508	0.0180033	
S00111.gastroc-tib_ant.KS       	-0.33705338	-0.34001758	0.012669649	
S11000.gastroc-tib_ant.KS       	-1.6824063	-1.6872371	0.015126067	
S00111.tib_ant-gastroc.KS       	-0.00357534	-0.003711044	0.10472133	
S11000.tib_ant-gastroc.KS       	-0.00331551	-0.0034888558	0.10235482	
S00111.tib_ant-soleus.KS        	-0.00346517	-0.0033242294	0.10750185	
S11000.tib_ant-soleus.KS        	-0.00313645	-0.0032696094	0.10293519	
S00111.gastroc.L0               	0.84688578	0.85252899	0.0059684646	
S00111.gastroc.KF               	1.4142244	1.4133137	0.00076052298	
S00111.gastroc.KS               	0.16658744	0.17115319	0.0062432694	
S00111.soleus.L0                	0.93512208	0.93336881	0.0035083528	
S00111.soleus.KF                	0.22179089	0.22038657	0.0011189879	
S00111.soleus.KS                	0.16520068	0.16135587	0.0090255262	
S11000.gastroc.KL               	0.00837043	0.0087086925	0.010445617	
S11000.gastroc.L0               	0.52498429	0.52487443	0.0062125286	
S11000.gastroc.KF               	-1.8528008	-1.8656342	0.014934452	
S11000.gastroc.KS               	0.27887874	0.2704589	0.012715862	
S11000.soleus.KL                	0.80227049	0.80977088	0.024907822	
S11000.soleus.L0                	0.88409047	0.88106552	0.0057574713	
S11000.soleus.KF                	-0.90793599	-0.91243408	0.02343709	
S11000.soleus.KS                	0.11302564	0.11023061	0.019450841	
S00011.vasti.KF                 	0.80994721	0.81402265	0.0032018822	
S00011.vasti.C0                 	0.083825571	0.083660691	0.00069823702	
S00011.vasti-knee_angle.pos_max 	-0.302322	-0.30221085	0.0011347694	
S00011.hamstrings-pelvis_tilt.KP	0.68654266	0.6896495	0.012588769	
S00011.hamstrings-pelvis_tilt.KV	0.56877644	0.5693774	0.0006518529	
S00011.hamstrings-pelvis_tilt.C0	0.02778807	0.026483887	0.001317695	
S00011.glut_max-pelvis_tilt.KP  	1.5263473	1.5182298	0.010573026	
S00011.glut_max-pelvis_tilt.KV  	0.31505243	0.31469005	0.00065818797	
S00011.glut_max-pelvis_tilt.C0  	0.16444217	0.16502383	0.0011006556	
S00011.iliopsoas-pelvis_tilt.KP 	-3.4925843	-3.5115996	0.018005392	
S00011.iliopsoas-pelvis_tilt.KV 	-0.53549277	-0.53757652	0.00083324938	
S00011.iliopsoas-pelvis_tilt.C0 	0.34519319	0.34409862	0.0017718046	
S00100.iliopsoas.C0             	0.33611249	0.33600638	0.00096214704	
S00100.glut_max.C0              	-0.025300134	-0.024393226	0.00070565229	
S11000.iliopsoas.KL             	0.5607409	0.56144285	0.00081569395	
S11000.iliopsoas.L0             	0.38917324	0.39001412	0.00090673481	
S11000.iliopsoas-pelvis_tilt.P0 	-0.044451645	-0.044037822	0.00071735625	
S11000.iliopsoas-pelvis_tilt.KP 	0.01196527	0.01121697	0.004207835	
S11000.iliopsoas-pelvis_tilt.KV 	0.14621051	0.14537414	0.00085879114	
S11000.iliopsoas-hamstrings.KL  	-8.3159555	-8.348503	0.030280083	
S11000.iliopsoas-hamstrings.L0  	1.1657143	1.1652666	0.00067864697	
S11000.hamstrings.KF            	0.57566812	0.57694092	0.00065494424	
S11000.glut_max.KF              	0.62647193	0.6269919	0.00075329889	
