pelvis_tilt.offset              	0.026333071	0.023712834	0.0012238936	
hip_flexion_r.offset            	0.070006179	0.069403551	0.0011477851	
knee_angle_r.offset             	0.001181454	0.0018269019	0.0012606786	
ankle_angle_r.offset            	-0.056964186	-0.057263907	0.0016465574	
hip_flexion_l.offset            	-0.0064639471	-0.0034295393	0.0023444929	
knee_angle_l.offset             	0.060175715	0.057555078	0.0017913645	
ankle_angle_l.offset            	0.18579377	0.18763967	0.0017220721	
stance_load_threshold           	0.15268347	0.15190328	0.0018918689	
S00111.tib_ant.KL               	1.2604335	1.2706047	0.031275308	
S00111.tib_ant.L0               	0.75900237	0.764356	0.0033643858	
S00111.tib_ant.KS               	0.000173	0.00016576836	0.001349974	
S11000.tib_ant.KL               	1.2170882	1.210435	0.017796815	
S11000.tib_ant.L0               	0.73866093	0.73610172	0.0026030521	
S11000.tib_ant.KS               	0.035911718	0.036612487	0.0016550891	
S11111.tib_ant-soleus.KF        	-0.1131592	-0.11289311	0.002819533	
S00111.soleus-tib_ant.KS        	-0.89402901	-0.86646555	0.036017691	
S11000.soleus-tib_ant.KS        	-3.2889682	-3.2868265	0.041437411	
S00111.gastroc-tib_ant.KS       	-0.32171493	-0.32565668	0.031258158	
S11000.gastroc-tib_ant.KS       	-1.6980385	-1.6681317	0.034711066	
S00111.tib_ant-gastroc.KS       	-0.00395169	-0.003747633	0.26713502	
S11000.tib_ant-gastroc.KS       	-0.00366451	-0.00343213	0.26109827	
S00111.tib_ant-soleus.KS        	-0.00313515	-0.0033502448	0.2742279	
S11000.tib_ant-soleus.KS        	-0.00313645	-0.0033603996	0.26257875	
S00111.gastroc.L0               	0.84091391	0.84731287	0.013737982	
S00111.gastroc.KS               	0.16049832	0.17413452	0.015439413	
S00111.soleus.L0                	0.9783504	0.9731063	0.0079002526	
S00111.soleus.KS                	0.16520068	0.1611247	0.022561032	
S11000.gastroc.KL               	0.00837043	0.0087018774	0.026643928	
S11000.gastroc.L0               	0.53917051	0.5408518	0.014475982	
S11000.gastroc.KF               	-1.8054309	-1.8339226	0.034221208	
S11000.gastroc.KS               	0.27277348	0.26634753	0.031579335	
S11000.soleus.KL                	0.76235452	0.77668847	0.060602259	
S11000.soleus.L0                	0.90491879	0.89251883	0.013348334	
S11000.soleus.KF                	-0.95885434	-0.92027629	0.056376838	
S11000.soleus.KS                	0.11302564	0.10742587	0.049476161	
S00011.vasti.KF                 	0.79655319	0.80431553	0.0074991402	
S00011.vasti.C0                 	0.084165609	0.084068022	0.0016777981	
S00011.vasti-knee_angle.pos_max 	-0.30154523	-0.30345169	0.002572479	
S00011.hamstrings-pelvis_tilt.KP	0.74162866	0.72135722	0.029583899	
S00011.hamstrings-pelvis_tilt.KV	0.56966366	0.56852589	0.0015041133	
S00011.hamstrings-pelvis_tilt.C0	0.02514159	0.026804429	0.0032781156	
S00011.glut_max-pelvis_tilt.KP  	1.4934804	1.4791095	0.024385607	
S00011.glut_max-pelvis_tilt.KV  	0.31307449	0.31512621	0.0015211928	
S00011.glut_max-pelvis_tilt.C0  	0.15458706	0.15814544	0.002559101	
S00011.iliopsoas-pelvis_tilt.KP 	-3.5635118	-3.496136	0.040865618	
S00011.iliopsoas-pelvis_tilt.KV 	-0.53928232	-0.54385823	0.0018673136	
S00011.iliopsoas-pelvis_tilt.C0 	0.32935231	0.3289687	0.0040249535	
S00100.iliopsoas.C0             	0.33930139	0.33815756	0.002207046	
S00100.glut_max.C0              	-0.024359602	-0.024909382	0.0016995309	
S11000.iliopsoas.KL             	0.5594232	0.55840583	0.0018853612	
S11000.iliopsoas.L0             	0.39035726	0.39471302	0.0021054527	
S11000.iliopsoas-pelvis_tilt.P0 	-0.042846247	-0.044039411	0.0016851989	
S11000.iliopsoas-pelvis_tilt.KP 	0.01082572	0.011549492	0.010725694	
S11000.iliopsoas-pelvis_tilt.KV 	0.14274589	0.14609588	0.0019499359	
S11000.iliopsoas-hamstrings.KL  	-8.2328953	-8.274042	0.068809203	
S11000.iliopsoas-hamstrings.L0  	1.1666302	1.1665518	0.0015729286	
S11000.hamstrings.KF            	0.57429478	0.57542409	0.0015176521	
S11000.glut_max.KF              	0.62078525	0.62149641	0.0017194303	
