pelvis_tilt.offset              	0.026308107	0.026507726	0.00065928075	
hip_flexion_r.offset            	0.070865322	0.070786603	0.00060955677	
knee_angle_r.offset             	0.0025520041	0.0028336338	0.00067077936	
ankle_angle_r.offset            	-0.057043502	-0.056592137	0.00086670565	
hip_flexion_l.offset            	-0.0048017359	-0.0042139132	0.0012466836	
knee_angle_l.offset             	0.058370769	0.058423573	0.000942276	
ankle_angle_l.offset            	0.18866656	0.18905723	0.00091468831	
stance_load_threshold           	0.15037413	0.15171879	0.0010021623	
S00111.tib_ant.KL               	1.2551074	1.241185	0.016481593	
S00111.tib_ant.L0               	0.76618766	0.76783486	0.0017777322	
S00111.tib_ant.KS               	0.000173	0.00016832809	0.00066980804	
S11000.tib_ant.KL               	1.2039891	1.2064216	0.0093455876	
S11000.tib_ant.L0               	0.73694895	0.73511546	0.001391647	
S11000.tib_ant.KS               	0.033767117	0.034914472	0.00085843733	
S11111.tib_ant-soleus.KF        	-0.11544181	-0.11285727	0.001479313	
S00111.soleus-tib_ant.KS        	-0.88981799	-0.85646282	0.018642285	
S11000.soleus-tib_ant.KS        	-3.339295	-3.3297972	0.021970298	
S00111.gastroc-tib_ant.KS       	-0.32171493	-0.32445015	0.01562423	
S11000.gastroc-tib_ant.KS       	-1.6206893	-1.6205158	0.01819708	
S00111.tib_ant-gastroc.KS       	-0.00357534	-0.0037947123	0.13254199	
S11000.tib_ant-gastroc.KS       	-0.00366451	-0.0035390698	0.12954679	
S00111.tib_ant-soleus.KS        	-0.00313515	-0.0033299206	0.1360612	
S11000.tib_ant-soleus.KS        	-0.0034666	-0.0034021978	0.13028135	
S00111.gastroc.L0               	0.86051811	0.8646735	0.0072957929	
S00111.gastroc.KS               	0.17739288	0.17546306	0.007745935	
S00111.soleus.L0                	0.97341259	0.96941952	0.0041808942	
S00111.soleus.KS                	0.16520068	0.16190516	0.011319711	
S11000.gastroc.KL               	0.00837043	0.008903292	0.01322023	
S11000.gastroc.L0               	0.53289765	0.52309841	0.0075994283	
S11000.gastroc.KF               	-1.7704852	-1.7963005	0.018201467	
S11000.gastroc.KS               	0.26731558	0.26621518	0.015911964	
S11000.soleus.KL                	0.79294039	0.80458555	0.030954331	
S11000.soleus.L0                	0.91149118	0.90588439	0.0070472615	
S11000.soleus.KF                	-0.95801276	-0.91786989	0.028951731	
S11000.soleus.KS                	0.1022613	0.10773984	0.024585414	
S00011.vasti.KF                 	0.79804223	0.79680018	0.0039665519	
S00011.vasti.C0                 	0.082098914	0.082153467	0.00087171203	
S00011.vasti-knee_angle.pos_max 	-0.29791038	-0.29912272	0.0013724344	
S00011.hamstrings-pelvis_tilt.KP	0.72282982	0.68375604	0.015307629	
S00011.hamstrings-pelvis_tilt.KV	0.56425294	0.56555544	0.00079456911	
S00011.hamstrings-pelvis_tilt.C0	0.027366024	0.026231254	0.001651332	
S00011.glut_max-pelvis_tilt.KP  	1.4832292	1.4737326	0.012805128	
S00011.glut_max-pelvis_tilt.KV  	0.31361245	0.3126948	0.00080372082	
S00011.glut_max-pelvis_tilt.C0  	0.15455412	0.15379303	0.0013523517	
S00011.iliopsoas-pelvis_tilt.KP 	-3.5181694	-3.5492142	0.021520214	
S00011.iliopsoas-pelvis_tilt.KV 	-0.54277552	-0.54488628	0.00099564477	
S00011.iliopsoas-pelvis_tilt.C0 	0.33500709	0.33635536	0.002118954	
S00100.iliopsoas.C0             	0.33471074	0.33478789	0.00116331	
S00100.glut_max.C0              	-0.024619125	-0.024625405	0.00087115826	
S11000.iliopsoas.KL             	0.55977904	0.56018121	0.00099099685	
S11000.iliopsoas.L0             	0.39037486	0.39013361	0.0011125345	
S11000.iliopsoas-pelvis_tilt.P0 	-0.043558389	-0.04426393	0.00088393534	
S11000.iliopsoas-pelvis_tilt.KP 	0.01196527	0.011419575	0.0053236793	
S11000.iliopsoas-pelvis_tilt.KV 	0.14471245	0.14465761	0.0010395509	
S11000.iliopsoas-hamstrings.KL  	-8.2174639	-8.1893107	0.03674064	
S11000.iliopsoas-hamstrings.L0  	1.1653071	1.1651002	0.00081876489	
S11000.hamstrings.KF            	0.576266	0.57628876	0.00080490667	
S11000.glut_max.KF              	0.62207216	0.62282703	0.0009034936	
