pelvis_tilt.offset              	0.024475746	0.02448603	8.2508446e-06	
hip_flexion_r.offset            	0.07194119	0.071947984	7.4035299e-06	
knee_angle_r.offset             	0.0032686285	0.0032680878	8.0460741e-06	
ankle_angle_r.offset            	-0.055441012	-0.055445673	1.0403472e-05	
hip_flexion_l.offset            	-0.0036093213	-0.0036258473	1.4459011e-05	
knee_angle_l.offset             	0.058076095	0.058061107	1.0911246e-05	
ankle_angle_l.offset            	0.18703346	0.1870435	1.095011e-05	
stance_load_threshold           	0.14927189	0.14925799	1.2201649e-05	
S00111.tib_ant.KL               	1.2412248	1.2413558	0.00019951714	
S00111.tib_ant.L0               	0.76399149	0.76399377	2.1180817e-05	
S00111.tib_ant.KS               	0.00016703779	0.00016819188	4.1736751e-06	
S11000.tib_ant.KL               	1.2051612	1.2052734	0.00011308502	
S11000.tib_ant.L0               	0.73413851	0.73414763	1.6746135e-05	
S11000.tib_ant.KS               	0.034817192	0.034820616	1.0115877e-05	
S11111.tib_ant-soleus.KF        	-0.11392571	-0.11390868	1.7152526e-05	
S00111.soleus-tib_ant.KS        	-0.85501567	-0.85498686	0.00023346871	
S11000.soleus-tib_ant.KS        	-3.3591586	-3.3595388	0.00026109885	
S00111.gastroc-tib_ant.KS       	-0.32246613	-0.32249565	0.00013284336	
S11000.gastroc-tib_ant.KS       	-1.6320408	-1.6321612	0.00021739385	
S00111.tib_ant-gastroc.KS       	-0.00395169	-0.0037720675	0.00063044498	
S11000.tib_ant-gastroc.KS       	-0.00366451	-0.0035004794	0.00061525484	
S00111.tib_ant-soleus.KS        	-0.00346517	-0.0032662182	0.00064487034	
S11000.tib_ant-soleus.KS        	-0.0034666	-0.0033271405	0.00061798243	
S00111.gastroc.L0               	0.85746074	0.85736142	8.6915297e-05	
S00111.gastroc.KS               	0.17720002	0.17723062	6.6734052e-05	
S00111.soleus.L0                	0.97096348	0.97090182	5.1064868e-05	
S00111.soleus.KS                	0.15493322	0.15506153	0.00012444619	
S11000.gastroc.KL               	0.0086940842	0.0088069198	9.9888173e-05	
S11000.gastroc.L0               	0.51758341	0.51761181	8.9072517e-05	
S11000.gastroc.KF               	-1.7699873	-1.7703196	0.00022312765	
S11000.gastroc.KS               	0.27391106	0.27387096	0.00017189798	
S11000.soleus.KL                	0.80543917	0.80601995	0.00038470107	
S11000.soleus.L0                	0.90176685	0.90184066	8.0209427e-05	
S11000.soleus.KF                	-0.95107511	-0.95115468	0.0003376762	
S11000.soleus.KS                	0.10910558	0.10930683	0.00024353787	
S00011.vasti.KF                 	0.79914998	0.79911584	4.3746525e-05	
S00011.vasti.C0                 	0.081940585	0.081917353	9.5120508e-06	
S00011.vasti-knee_angle.pos_max 	-0.30034013	-0.30032163	1.6251929e-05	
S00011.hamstrings-pelvis_tilt.KP	0.6845546	0.68432733	0.00018272262	
S00011.hamstrings-pelvis_tilt.KV	0.56633059	0.56633349	9.5196959e-06	
S00011.hamstrings-pelvis_tilt.C0	0.027723531	0.027699438	1.7806181e-05	
S00011.glut_max-pelvis_tilt.KP  	1.4670447	1.4670301	0.00015129517	
S00011.glut_max-pelvis_tilt.KV  	0.31155832	0.31156161	9.6348761e-06	
S00011.glut_max-pelvis_tilt.C0  	0.15251424	0.15253472	1.6408434e-05	
S00011.iliopsoas-pelvis_tilt.KP 	-3.5777124	-3.5778131	0.00025172378	
S00011.iliopsoas-pelvis_tilt.KV 	-0.5426744	-0.54268058	1.1355552e-05	
S00011.iliopsoas-pelvis_tilt.C0 	0.33596271	0.33597312	2.4319601e-05	
S00100.iliopsoas.C0             	0.33265833	0.33266794	1.4537255e-05	
S00100.glut_max.C0              	-0.025048883	-0.025056984	1.0114929e-05	
S11000.iliopsoas.KL             	0.56078192	0.56078284	1.1513587e-05	
S11000.iliopsoas.L0             	0.38859803	0.38861404	1.3581241e-05	
S11000.iliopsoas-pelvis_tilt.P0 	-0.045639342	-0.045635925	1.0529498e-05	
S11000.iliopsoas-pelvis_tilt.KP 	0.011397389	0.011376176	4.6440505e-05	
S11000.iliopsoas-pelvis_tilt.KV 	0.14354246	0.14354098	1.2314636e-05	
S11000.iliopsoas-hamstrings.KL  	-8.1821952	-8.1820498	0.00043527625	
S11000.iliopsoas-hamstrings.L0  	1.1642616	1.1642467	9.8211363e-06	
S11000.hamstrings.KF            	0.57486134	0.57485507	9.986532e-06	
S11000.glut_max.KF              	0.62217624	0.62217631	1.0582812e-05	
