pelvis_tilt.offset              	0.022566757	0.023275872	0.0012621261	
hip_flexion_r.offset            	0.070863281	0.070676393	0.0011794272	
knee_angle_r.offset             	0.0021615091	0.0026114436	0.0012985392	
ankle_angle_r.offset            	-0.056490208	-0.057693402	0.0016814412	
hip_flexion_l.offset            	-0.010151318	-0.0078853768	0.0023948127	
knee_angle_l.offset             	0.059365141	0.056330832	0.0018436045	
ankle_angle_l.offset            	0.18801785	0.18989343	0.0017731305	
stance_load_threshold           	0.14923842	0.14994542	0.0019463764	
S00111.tib_ant.KL               	1.211411	1.2086899	0.031943799	
S00111.tib_ant.L0               	0.76451837	0.76665286	0.0034554528	
S00111.tib_ant.KS               	0.00015652	0.00016690093	0.0013646163	
S11000.tib_ant.KL               	1.1715953	1.1654401	0.018396969	
S11000.tib_ant.L0               	0.73570762	0.73696968	0.0026838754	
S11000.tib_ant.KS               	0.035235514	0.034400853	0.0016889901	
S11111.tib_ant-soleus.KF        	-0.11642115	-0.11247488	0.0028991296	
S00111.soleus-tib_ant.KS        	-0.81813252	-0.81732146	0.036490986	
S11000.soleus-tib_ant.KS        	-3.2378844	-3.2495932	0.04259776	
S00111.gastroc-tib_ant.KS       	-0.32779176	-0.33596935	0.031696593	
S11000.gastroc-tib_ant.KS       	-1.6173251	-1.6878286	0.035845268	
S00111.tib_ant-gastroc.KS       	-0.00395169	-0.0037945459	0.27003231	
S11000.tib_ant-gastroc.KS       	-0.00331551	-0.0035535818	0.26393009	
S00111.tib_ant-soleus.KS        	-0.00313515	-0.003204131	0.27720213	
S11000.tib_ant-soleus.KS        	-0.00313645	-0.0033061874	0.26542663	
S00111.gastroc.L0               	0.83288008	0.82983137	0.014118695	
S00111.gastroc.KF               	1.411391	1.4109166	0.0018030216	
S00111.gastroc.KS               	0.16049832	0.16790958	0.015661872	
S00111.soleus.L0                	0.92243307	0.92077034	0.0083634614	
S00111.soleus.KF                	0.23231819	0.23076245	0.0026158876	
S00111.soleus.KS                	0.16520068	0.15836102	0.022825618	
S11000.gastroc.KL               	0.00925153	0.008682397	0.026933026	
S11000.gastroc.L0               	0.52889436	0.51546668	0.01482094	
S11000.gastroc.KF               	-1.8239103	-1.8365857	0.034954302	
S11000.gastroc.KS               	0.25231886	0.27009054	0.031986807	
S11000.soleus.KL                	0.76235452	0.81268047	0.061572955	
S11000.soleus.L0                	0.89950988	0.90232852	0.013620084	
S11000.soleus.KF                	-0.91430221	-0.89250708	0.057259979	
S11000.soleus.KS                	0.11302564	0.10797474	0.05002189	
S00011.vasti.KF                 	0.83753149	0.83966984	0.0076819915	
S00011.vasti.C0                 	0.083124235	0.083922765	0.0017324588	
S00011.vasti-knee_angle.pos_max 	-0.30549218	-0.30391718	0.0026484186	
S00011.hamstrings-pelvis_tilt.KP	0.74162866	0.73128626	0.030177733	
S00011.hamstrings-pelvis_tilt.KV	0.56499511	0.56457672	0.0015460032	
S00011.hamstrings-pelvis_tilt.C0	0.02514159	0.026704084	0.003320533	
S00011.glut_max-pelvis_tilt.KP  	1.4884812	1.4871965	0.025085435	
S00011.glut_max-pelvis_tilt.KV  	0.31283273	0.31405898	0.0015648541	
S00011.glut_max-pelvis_tilt.C0  	0.1660747	0.16315844	0.0026342261	
S00011.iliopsoas-pelvis_tilt.KP 	-3.5634822	-3.5171086	0.041855705	
S00011.iliopsoas-pelvis_tilt.KV 	-0.54072293	-0.5411504	0.0019133158	
S00011.iliopsoas-pelvis_tilt.C0 	0.32865665	0.3311933	0.0041274993	
S00100.iliopsoas.C0             	0.33355758	0.33445497	0.0022781894	
S00100.glut_max.C0              	-0.02456547	-0.023849223	0.0017266249	
S11000.iliopsoas.KL             	0.56404179	0.56470185	0.001951367	
S11000.iliopsoas.L0             	0.39572214	0.39341516	0.0021536957	
S11000.iliopsoas-pelvis_tilt.P0 	-0.042861566	-0.043266924	0.0017270932	
S11000.iliopsoas-pelvis_tilt.KP 	0.01196527	0.011311433	0.010842457	
S11000.iliopsoas-pelvis_tilt.KV 	0.14200715	0.1435151	0.0020180658	
S11000.iliopsoas-hamstrings.KL  	-8.1927031	-8.214431	0.070899276	
S11000.iliopsoas-hamstrings.L0  	1.1683223	1.1695877	0.0016144599	
S11000.hamstrings.KF            	0.57637164	0.57593616	0.0015494238	
S11000.glut_max.KF              	0.62149478	0.6223831	0.001780603	
