pelvis_tilt.offset              	0.027722536	0.026659976	0.00065082933	
hip_flexion_r.offset            	0.071538606	0.072035886	0.00060707748	
knee_angle_r.offset             	0.0065556051	0.0052015404	0.00067107272	
ankle_angle_r.offset            	-0.056149528	-0.056724525	0.00084708278	
hip_flexion_l.offset            	-0.0039562759	-0.0061019347	0.0012137543	
knee_angle_l.offset             	0.056721453	0.056756353	0.00093218209	
ankle_angle_l.offset            	0.18867031	0.18912184	0.0008980382	
stance_load_threshold           	0.15338816	0.15415832	0.00099050774	
S00111.tib_ant.KL               	1.2214207	1.2218728	0.015963671	
S00111.tib_ant.L0               	0.75905667	0.762701	0.0017437728	
S00111.tib_ant.KS               	0.000173	0.00016646085	0.00064604437	
S11000.tib_ant.KL               	1.1566987	1.1491594	0.0092790473	
S11000.tib_ant.L0               	0.73486882	0.73772932	0.0013496502	
S11000.tib_ant.KS               	0.035997019	0.036117638	0.0008414674	
S11111.tib_ant-soleus.KF        	-0.11084067	-0.11077416	0.0014582579	
S00111.soleus-tib_ant.KS        	-0.83436719	-0.82423998	0.017784516	
S11000.soleus-tib_ant.KS        	-3.235041	-3.2134939	0.021570644	
S00111.gastroc-tib_ant.KS       	-0.35411519	-0.33692319	0.015366684	
S11000.gastroc-tib_ant.KS       	-1.6697084	-1.6538068	0.018136938	
S00111.tib_ant-gastroc.KS       	-0.00357534	-0.0038394766	0.12783948	
S11000.tib_ant-gastroc.KS       	-0.00366451	-0.0035020779	0.12495054	
S00111.tib_ant-soleus.KS        	-0.00346517	-0.0032707113	0.13123383	
S11000.tib_ant-soleus.KS        	-0.00313645	-0.003274487	0.12565904	
S00111.gastroc.L0               	0.82448287	0.81693635	0.0072651843	
S00111.gastroc.KF               	1.4083601	1.4087087	0.00091174773	
S00111.gastroc.KS               	0.17739288	0.17388054	0.0076020615	
S00111.soleus.L0                	0.92433693	0.9233036	0.004174028	
S00111.soleus.KF                	0.22434935	0.22576072	0.0013448861	
S00111.soleus.KS                	0.16520068	0.16056091	0.010943896	
S11000.gastroc.KL               	0.00837043	0.0087320861	0.012751351	
S11000.gastroc.L0               	0.52772891	0.52738303	0.0075128793	
S11000.gastroc.KF               	-1.8690455	-1.8304685	0.017733256	
S11000.gastroc.KS               	0.27887874	0.26816801	0.015435507	
S11000.soleus.KL                	0.80900992	0.81068167	0.030126751	
S11000.soleus.L0                	0.91808403	0.91358942	0.006894774	
S11000.soleus.KF                	-0.95504792	-0.93611612	0.028287897	
S11000.soleus.KS                	0.11137444	0.10760681	0.023721416	
S00011.vasti.KF                 	0.83208294	0.83567398	0.0038639728	
S00011.vasti.C0                 	0.082158151	0.082149263	0.0008569582	
S00011.vasti-knee_angle.pos_max 	-0.30325394	-0.30438147	0.001346551	
S00011.hamstrings-pelvis_tilt.KP	0.735189	0.73033175	0.014956128	
S00011.hamstrings-pelvis_tilt.KV	0.56223575	0.5628425	0.00079126335	
S00011.hamstrings-pelvis_tilt.C0	0.02514159	0.026416409	0.0015968048	
S00011.glut_max-pelvis_tilt.KP  	1.4798341	1.4838001	0.012537269	
S00011.glut_max-pelvis_tilt.KV  	0.30903678	0.30981185	0.00080901649	
S00011.glut_max-pelvis_tilt.C0  	0.16015175	0.16212371	0.0013332618	
S00011.iliopsoas-pelvis_tilt.KP 	-3.6423599	-3.6258798	0.021702638	
S00011.iliopsoas-pelvis_tilt.KV 	-0.53867627	-0.53871487	0.00097365825	
S00011.iliopsoas-pelvis_tilt.C0 	0.33712982	0.33543208	0.002111859	
S00100.iliopsoas.C0             	0.33245395	0.33206748	0.0011653594	
S00100.glut_max.C0              	-0.025492626	-0.02475604	0.0008463665	
S11000.iliopsoas.KL             	0.55875938	0.55872	0.0010071683	
S11000.iliopsoas.L0             	0.39441576	0.39580646	0.001090826	
S11000.iliopsoas-pelvis_tilt.P0 	-0.044460558	-0.043248332	0.00086299445	
S11000.iliopsoas-pelvis_tilt.KP 	0.01082572	0.011304403	0.0051354158	
S11000.iliopsoas-pelvis_tilt.KV 	0.14085295	0.14103232	0.001033885	
S11000.iliopsoas-hamstrings.KL  	-8.2565376	-8.2964683	0.036376592	
S11000.iliopsoas-hamstrings.L0  	1.1707158	1.1707301	0.00082389165	
S11000.hamstrings.KF            	0.5752125	0.57526511	0.00078476681	
S11000.glut_max.KF              	0.62121297	0.62066727	0.00091558991	
