pelvis_tilt.offset              	0.026873995	0.027080346	0.000582317	
hip_flexion_r.offset            	0.071960063	0.071847373	0.00054040657	
knee_angle_r.offset             	0.0067120001	0.0055208316	0.00060006426	
ankle_angle_r.offset            	-0.055514819	-0.055923047	0.00075353924	
hip_flexion_l.offset            	-0.006449029	-0.0060706666	0.0010851566	
knee_angle_l.offset             	0.05543186	0.056810197	0.0008300179	
ankle_angle_l.offset            	0.18860951	0.18879643	0.00079691564	
stance_load_threshold           	0.15460838	0.1553454	0.00088117382	
S00111.tib_ant.KL               	1.2160399	1.2162317	0.014180639	
S00111.tib_ant.L0               	0.76182874	0.76250704	0.001549775	
S00111.tib_ant.KS               	0.00015652	0.00016395723	0.00056729527	
S11000.tib_ant.KL               	1.1384466	1.146064	0.0082487324	
S11000.tib_ant.L0               	0.73741139	0.73595573	0.0012042457	
S11000.tib_ant.KS               	0.035614951	0.035750674	0.00074533075	
S11111.tib_ant-soleus.KF        	-0.1143687	-0.11245124	0.0012912854	
S00111.soleus-tib_ant.KS        	-0.80888339	-0.82284834	0.015716447	
S11000.soleus-tib_ant.KS        	-3.1634367	-3.1927692	0.019203453	
S00111.gastroc-tib_ant.KS       	-0.32195946	-0.33363238	0.01359969	
S11000.gastroc-tib_ant.KS       	-1.6819718	-1.6564616	0.016073293	
S00111.tib_ant-gastroc.KS       	-0.00357534	-0.0037530567	0.11225631	
S11000.tib_ant-gastroc.KS       	-0.00331551	-0.0034435883	0.10971953	
S00111.tib_ant-soleus.KS        	-0.00346517	-0.0032082012	0.11523691	
S11000.tib_ant-soleus.KS        	-0.00313645	-0.0033593672	0.11034166	
S00111.gastroc.L0               	0.8170393	0.81847406	0.0064702141	
S00111.gastroc.KF               	1.4093513	1.4093698	0.00080916179	
S00111.gastroc.KS               	0.16894626	0.17527444	0.0067094985	
S00111.soleus.L0                	0.91939494	0.92218603	0.0036864644	
S00111.soleus.KF                	0.22493658	0.22548901	0.001198563	
S00111.soleus.KS                	0.16520068	0.16114836	0.0096524794	
S11000.gastroc.KL               	0.00925153	0.0087452571	0.01119718	
S11000.gastroc.L0               	0.51845913	0.52857488	0.0066775929	
S11000.gastroc.KF               	-1.78673	-1.8415809	0.015763569	
S11000.gastroc.KS               	0.27561524	0.26595139	0.013618535	
S11000.soleus.KL                	0.76235452	0.79608848	0.026658362	
S11000.soleus.L0                	0.9312144	0.91792759	0.0061302017	
S11000.soleus.KF                	-0.95756637	-0.94053151	0.025008203	
S11000.soleus.KS                	0.1022613	0.10666445	0.0208425	
S00011.vasti.KF                 	0.83123748	0.83240424	0.0034270615	
S00011.vasti.C0                 	0.082738927	0.082670989	0.0007598651	
S00011.vasti-knee_angle.pos_max 	-0.30473378	-0.30464289	0.0011997858	
S00011.hamstrings-pelvis_tilt.KP	0.68815927	0.71606426	0.01328323	
S00011.hamstrings-pelvis_tilt.KV	0.5640993	0.56277679	0.00070550873	
S00011.hamstrings-pelvis_tilt.C0	0.026370568	0.026505333	0.0014085581	
S00011.glut_max-pelvis_tilt.KP  	1.4952073	1.4827773	0.011116094	
S00011.glut_max-pelvis_tilt.KV  	0.30962192	0.3099353	0.00072436655	
S00011.glut_max-pelvis_tilt.C0  	0.16096579	0.16190404	0.0011910059	
S00011.iliopsoas-pelvis_tilt.KP 	-3.6288607	-3.6369131	0.019382661	
S00011.iliopsoas-pelvis_tilt.KV 	-0.53855402	-0.53834728	0.00086317748	
S00011.iliopsoas-pelvis_tilt.C0 	0.33615715	0.33755615	0.0018764959	
S00100.iliopsoas.C0             	0.33122204	0.33165653	0.0010377979	
S00100.glut_max.C0              	-0.025441175	-0.024938353	0.00074858301	
S11000.iliopsoas.KL             	0.55873011	0.55918185	0.00089531316	
S11000.iliopsoas.L0             	0.39546284	0.39526137	0.00096790262	
S11000.iliopsoas-pelvis_tilt.P0 	-0.044045144	-0.043338252	0.00076530484	
S11000.iliopsoas-pelvis_tilt.KP 	0.01196527	0.011447834	0.0045101655	
S11000.iliopsoas-pelvis_tilt.KV 	0.14109705	0.14074735	0.00091864838	
S11000.iliopsoas-hamstrings.KL  	-8.3086196	-8.2924309	0.032276736	
S11000.iliopsoas-hamstrings.L0  	1.1707024	1.1707901	0.00073092655	
S11000.hamstrings.KF            	0.57469978	0.5754029	0.00069692018	
S11000.glut_max.KF              	0.62014261	0.62111388	0.00081169831	
