pelvis_tilt.offset              	0.026942878	0.026999972	0.00056367814	
hip_flexion_r.offset            	0.071729301	0.071898541	0.00052323239	
knee_angle_r.offset             	0.0058679201	0.0056299924	0.00058177292	
ankle_angle_r.offset            	-0.055992096	-0.056144178	0.00072929974	
hip_flexion_l.offset            	-0.0070407261	-0.0059476216	0.0010493424	
knee_angle_l.offset             	0.057165018	0.056627193	0.00080458681	
ankle_angle_l.offset            	0.188545	0.18908109	0.00077198213	
stance_load_threshold           	0.15438176	0.15495697	0.00085442197	
S00111.tib_ant.KL               	1.2247827	1.2200331	0.013726275	
S00111.tib_ant.L0               	0.76073073	0.76257204	0.0015019977	
S00111.tib_ant.KS               	0.00015652	0.00016061641	0.00054786448	
S11000.tib_ant.KL               	1.1511368	1.1440285	0.0079794554	
S11000.tib_ant.L0               	0.7344565	0.73625623	0.0011661875	
S11000.tib_ant.KS               	0.035356417	0.036012	0.00072128022	
S11111.tib_ant-soleus.KF        	-0.11211828	-0.11329215	0.0012512583	
S00111.soleus-tib_ant.KS        	-0.81196323	-0.8212657	0.015208211	
S11000.soleus-tib_ant.KS        	-3.189072	-3.1881597	0.018616291	
S00111.gastroc-tib_ant.KS       	-0.32171493	-0.33122032	0.013155795	
S11000.gastroc-tib_ant.KS       	-1.6599882	-1.6640934	0.015556055	
S00111.tib_ant-gastroc.KS       	-0.00395169	-0.0037801347	0.1084113	
S11000.tib_ant-gastroc.KS       	-0.00331551	-0.0034833848	0.10596141	
S00111.tib_ant-soleus.KS        	-0.00313515	-0.0032730283	0.1112898	
S11000.tib_ant-soleus.KS        	-0.0034666	-0.0032567603	0.10656223	
S00111.gastroc.L0               	0.81791796	0.81581401	0.0062688242	
S00111.gastroc.KF               	1.408602	1.4090612	0.00078454398	
S00111.gastroc.KS               	0.16945832	0.17271693	0.0064871252	
S00111.soleus.L0                	0.920018	0.92126274	0.0035647187	
S00111.soleus.KF                	0.22413568	0.22528445	0.0011589338	
S00111.soleus.KS                	0.16520068	0.16299614	0.0093288577	
S11000.gastroc.KL               	0.00925153	0.0086798016	0.010813691	
S11000.gastroc.L0               	0.53085394	0.52720183	0.0064636124	
S11000.gastroc.KF               	-1.8306623	-1.8339553	0.015334412	
S11000.gastroc.KS               	0.25231886	0.26670545	0.013169032	
S11000.soleus.KL                	0.78661644	0.78437321	0.025820305	
S11000.soleus.L0                	0.91767037	0.91894719	0.0059441109	
S11000.soleus.KF                	-0.93223563	-0.928598	0.024231991	
S11000.soleus.KS                	0.1022613	0.10634299	0.020131218	
S00011.vasti.KF                 	0.83341646	0.83189502	0.003313375	
S00011.vasti.C0                 	0.082324948	0.082920474	0.00073434543	
S00011.vasti-knee_angle.pos_max 	-0.30365417	-0.3046429	0.0011615463	
S00011.hamstrings-pelvis_tilt.KP	0.71294464	0.71014607	0.01287629	
S00011.hamstrings-pelvis_tilt.KV	0.56326051	0.56320257	0.00068386365	
S00011.hamstrings-pelvis_tilt.C0	0.02514159	0.026748513	0.0013610735	
S00011.glut_max-pelvis_tilt.KP  	1.4711381	1.485557	0.010759241	
S00011.glut_max-pelvis_tilt.KV  	0.30958296	0.30984016	0.00070143283	
S00011.glut_max-pelvis_tilt.C0  	0.16242123	0.1614883	0.0011529375	
S00011.iliopsoas-pelvis_tilt.KP 	-3.6445325	-3.6369024	0.018771208	
S00011.iliopsoas-pelvis_tilt.KV 	-0.53836641	-0.53831063	0.00083501544	
S00011.iliopsoas-pelvis_tilt.C0 	0.33633245	0.33689919	0.0018169769	
S00100.iliopsoas.C0             	0.33176215	0.33123213	0.0010054098	
S00100.glut_max.C0              	-0.024295548	-0.025003512	0.00072416113	
S11000.iliopsoas.KL             	0.55855801	0.55940808	0.00086597196	
S11000.iliopsoas.L0             	0.39585577	0.39552216	0.00093675013	
S11000.iliopsoas-pelvis_tilt.P0 	-0.044955378	-0.043004272	0.00074206776	
S11000.iliopsoas-pelvis_tilt.KP 	0.01082572	0.011430497	0.0043558514	
S11000.iliopsoas-pelvis_tilt.KV 	0.1417538	0.1410578	0.00088947762	
S11000.iliopsoas-hamstrings.KL  	-8.2306721	-8.2932734	0.031213094	
S11000.iliopsoas-hamstrings.L0  	1.1708459	1.1710037	0.00070746267	
S11000.hamstrings.KF            	0.57617379	0.57512319	0.00067546185	
S11000.glut_max.KF              	0.62135143	0.62108706	0.00078566751	
