pelvis_tilt.offset              	0.027262177	0.026978866	0.0004318728	
hip_flexion_r.offset            	0.071266456	0.071408242	0.0003990092	
knee_angle_r.offset             	0.0068449837	0.0067596782	0.00045500521	
ankle_angle_r.offset            	-0.057190703	-0.056683092	0.00055737793	
hip_flexion_l.offset            	-0.0079712836	-0.0071459651	0.00079977879	
knee_angle_l.offset             	0.057351318	0.057438221	0.00061753186	
ankle_angle_l.offset            	0.18839389	0.18845509	0.00059601683	
stance_load_threshold           	0.15652762	0.15606667	0.00066404415	
S00111.tib_ant.KL               	1.2582853	1.243761	0.010486607	
S00111.tib_ant.L0               	0.76074095	0.76070765	0.0011501529	
S00111.tib_ant.KS               	0.000173	0.00016650366	0.00040371902	
S11000.tib_ant.KL               	1.1486832	1.1584756	0.0060342642	
S11000.tib_ant.L0               	0.7357073	0.7366783	0.00090068676	
S11000.tib_ant.KS               	0.035045814	0.035383416	0.00054933984	
S11111.tib_ant-soleus.KF        	-0.11371843	-0.1135225	0.00096010269	
S00111.soleus-tib_ant.KS        	-0.81674913	-0.82131917	0.011416163	
S11000.soleus-tib_ant.KS        	-3.1596827	-3.1764508	0.01439484	
S00111.gastroc-tib_ant.KS       	-0.33157745	-0.33333674	0.0099492973	
S11000.gastroc-tib_ant.KS       	-1.6711726	-1.6622966	0.011923574	
S00111.tib_ant-gastroc.KS       	-0.00357534	-0.0038290792	0.079886782	
S11000.tib_ant-gastroc.KS       	-0.00366451	-0.0035180729	0.078081487	
S00111.tib_ant-soleus.KS        	-0.00346517	-0.0032564985	0.082007903	
S11000.tib_ant-soleus.KS        	-0.0034666	-0.003362455	0.078524225	
S00111.gastroc.L0               	0.81343603	0.81912119	0.0047973522	
S00111.gastroc.KF               	1.4097637	1.4099867	0.00060198165	
S00111.gastroc.KS               	0.16792452	0.16500112	0.0048936797	
S00111.soleus.L0                	0.92065293	0.92414602	0.0026895479	
S00111.soleus.KF                	0.22625461	0.22615036	0.00089130047	
S00111.soleus.KS                	0.16520068	0.16315171	0.0069694371	
S11000.gastroc.KL               	0.00925153	0.0087892461	0.0079691293	
S11000.gastroc.L0               	0.52002451	0.52177269	0.0049496605	
S11000.gastroc.KF               	-1.8608732	-1.8512868	0.011755261	
S11000.gastroc.KS               	0.26117025	0.26668629	0.009907601	
S11000.soleus.KL                	0.80530384	0.80863829	0.019549806	
S11000.soleus.L0                	0.90655982	0.90922701	0.0045397201	
S11000.soleus.KF                	-0.93205381	-0.92141869	0.018405213	
S11000.soleus.KS                	0.11302564	0.10927378	0.014884023	
S00011.vasti.KF                 	0.83710428	0.83646115	0.0025170932	
S00011.vasti.C0                 	0.081522342	0.082042691	0.00055520488	
S00011.vasti-knee_angle.pos_max 	-0.30322815	-0.30343558	0.00088621645	
S00011.hamstrings-pelvis_tilt.KP	0.69765022	0.70632394	0.0099072834	
S00011.hamstrings-pelvis_tilt.KV	0.56413445	0.56432572	0.00052674974	
S00011.hamstrings-pelvis_tilt.C0	0.02661367	0.027206281	0.0010241507	
S00011.glut_max-pelvis_tilt.KP  	1.4672983	1.4688209	0.0083100915	
S00011.glut_max-pelvis_tilt.KV  	0.30831693	0.30894046	0.00054579992	
S00011.glut_max-pelvis_tilt.C0  	0.16444696	0.16366122	0.00087979127	
S00011.iliopsoas-pelvis_tilt.KP 	-3.6306673	-3.6478401	0.014324029	
S00011.iliopsoas-pelvis_tilt.KV 	-0.53762455	-0.53722379	0.00064398441	
S00011.iliopsoas-pelvis_tilt.C0 	0.33599426	0.33775028	0.001389114	
S00100.iliopsoas.C0             	0.33287995	0.33361381	0.00077641719	
S00100.glut_max.C0              	-0.024821315	-0.024943752	0.0005508349	
S11000.iliopsoas.KL             	0.55989821	0.55952687	0.00065926654	
S11000.iliopsoas.L0             	0.39601694	0.39576839	0.00071775976	
S11000.iliopsoas-pelvis_tilt.P0 	-0.042697524	-0.043610828	0.00056723173	
S11000.iliopsoas-pelvis_tilt.KP 	0.011389533	0.011313488	0.0032124054	
S11000.iliopsoas-pelvis_tilt.KV 	0.14076971	0.14036049	0.00068135875	
S11000.iliopsoas-hamstrings.KL  	-8.2326028	-8.2536226	0.023944219	
S11000.iliopsoas-hamstrings.L0  	1.1703681	1.1703764	0.00054200484	
S11000.hamstrings.KF            	0.57482429	0.57488737	0.00051338218	
S11000.glut_max.KF              	0.62192117	0.62208436	0.00060176823	
