pelvis_tilt.offset              	0.026315016	0.026363883	0.00016003107	
hip_flexion_r.offset            	0.071001154	0.070990904	0.00014760988	
knee_angle_r.offset             	0.0076969261	0.0076602732	0.00017372375	
ankle_angle_r.offset            	-0.057927175	-0.05776635	0.00020880555	
hip_flexion_l.offset            	-0.0064898863	-0.0066391374	0.00030026522	
knee_angle_l.offset             	0.05858826	0.058455382	0.00023255873	
ankle_angle_l.offset            	0.18739999	0.18741872	0.00022350551	
stance_load_threshold           	0.15501572	0.155459	0.00024856084	
S00111.tib_ant.KL               	1.2711443	1.2686153	0.0039779853	
S00111.tib_ant.L0               	0.76196749	0.76214662	0.00042715417	
S00111.tib_ant.KS               	0.000173	0.0001591931	0.00013129886	
S11000.tib_ant.KL               	1.1598245	1.1592331	0.0022237054	
S11000.tib_ant.L0               	0.73541692	0.73602002	0.0003310324	
S11000.tib_ant.KS               	0.034003729	0.03419479	0.00020534816	
S11111.tib_ant-soleus.KF        	-0.11222168	-0.11188918	0.00035853211	
S00111.soleus-tib_ant.KS        	-0.81482035	-0.81721762	0.0040790059	
S11000.soleus-tib_ant.KS        	-3.1716939	-3.1698493	0.0053735058	
S00111.gastroc-tib_ant.KS       	-0.32203441	-0.32431375	0.0034539018	
S11000.gastroc-tib_ant.KS       	-1.6658198	-1.6584358	0.0044443415	
S00111.tib_ant-gastroc.KS       	-0.00357534	-0.0037350177	0.025975665	
S11000.tib_ant-gastroc.KS       	-0.00366451	-0.0033739811	0.02538866	
S00111.tib_ant-soleus.KS        	-0.00313515	-0.0033271788	0.026665342	
S11000.tib_ant-soleus.KS        	-0.0034666	-0.0032572107	0.02553261	
S00111.gastroc.L0               	0.8157273	0.81668634	0.0017726971	
S00111.gastroc.KF               	1.40937	1.4094579	0.00022157498	
S00111.gastroc.KS               	0.16644217	0.16759114	0.0017534247	
S00111.soleus.L0                	0.91939494	0.92056277	0.00097310801	
S00111.soleus.KF                	0.22753469	0.22759203	0.00033014604	
S00111.soleus.KS                	0.16345998	0.16303338	0.0023953625	
S11000.gastroc.KL               	0.00925153	0.0088820482	0.0025952266	
S11000.gastroc.L0               	0.51937848	0.51991924	0.0018311521	
S11000.gastroc.KF               	-1.8666015	-1.867167	0.0043934544	
S11000.gastroc.KS               	0.25817538	0.25909619	0.0036187082	
S11000.soleus.KL                	0.81632876	0.81957777	0.0072039019	
S11000.soleus.L0                	0.90926312	0.90831725	0.0016747197	
S11000.soleus.KF                	-0.94303149	-0.94024251	0.0067755558	
S11000.soleus.KS                	0.11302564	0.10731928	0.0050167827	
S00011.vasti.KF                 	0.84043857	0.83988152	0.00092944116	
S00011.vasti.C0                 	0.081901233	0.08198809	0.00019784013	
S00011.vasti-knee_angle.pos_max 	-0.30421048	-0.30469705	0.00032939828	
S00011.hamstrings-pelvis_tilt.KP	0.7206654	0.72330107	0.0037278297	
S00011.hamstrings-pelvis_tilt.KV	0.56453855	0.56458216	0.00019335167	
S00011.hamstrings-pelvis_tilt.C0	0.027069722	0.027434298	0.00037425282	
S00011.glut_max-pelvis_tilt.KP  	1.4610039	1.4633451	0.0031594296	
S00011.glut_max-pelvis_tilt.KV  	0.30906632	0.30915452	0.00020474824	
S00011.glut_max-pelvis_tilt.C0  	0.16504807	0.16514941	0.00033560874	
S00011.iliopsoas-pelvis_tilt.KP 	-3.635602	-3.6300572	0.0052871624	
S00011.iliopsoas-pelvis_tilt.KV 	-0.53753626	-0.5377863	0.00023687353	
S00011.iliopsoas-pelvis_tilt.C0 	0.33705442	0.33753185	0.00051616131	
S00100.iliopsoas.C0             	0.33403442	0.33397281	0.00028930014	
S00100.glut_max.C0              	-0.024620581	-0.024339806	0.00020355662	
S11000.iliopsoas.KL             	0.55905133	0.55914469	0.00024383583	
S11000.iliopsoas.L0             	0.39527413	0.39536238	0.00026435437	
S11000.iliopsoas-pelvis_tilt.P0 	-0.043079662	-0.04285286	0.00021006223	
S11000.iliopsoas-pelvis_tilt.KP 	0.01196527	0.01156543	0.0010577377	
S11000.iliopsoas-pelvis_tilt.KV 	0.13838376	0.13879184	0.0002592506	
S11000.iliopsoas-hamstrings.KL  	-8.3142377	-8.3104239	0.0090059384	
S11000.iliopsoas-hamstrings.L0  	1.1703483	1.170403	0.00019978557	
S11000.hamstrings.KF            	0.57628794	0.5761897	0.00019293557	
S11000.glut_max.KF              	0.62094804	0.62125629	0.00022626134	
