pelvis_tilt.offset              	0.019808946	0.020799803	0.0012367599	
hip_flexion_r.offset            	0.072552017	0.07062452	0.0011686619	
knee_angle_r.offset             	-0.0016408329	-0.0005113486	0.0012786209	
ankle_angle_r.offset            	-0.056522863	-0.056817991	0.0016658285	
hip_flexion_l.offset            	-0.0052584038	-0.0076121625	0.0023726786	
knee_angle_l.offset             	0.056918448	0.056209372	0.0018227315	
ankle_angle_l.offset            	0.18686849	0.18762887	0.0017432361	
stance_load_threshold           	0.15265281	0.15233049	0.0019212814	
S00111.tib_ant.KL               	1.2412937	1.230078	0.031841324	
S00111.tib_ant.L0               	0.76437595	0.76387322	0.0034158463	
S00111.tib_ant.KS               	0.000173	0.00016495141	0.0013792214	
S11000.tib_ant.KL               	1.1873066	1.1934097	0.018086165	
S11000.tib_ant.L0               	0.7336874	0.73831798	0.0026351512	
S11000.tib_ant.KS               	0.03647221	0.035484284	0.0016880169	
S11111.tib_ant-soleus.KF        	-0.1115581	-0.1125954	0.0028741329	
S00111.soleus-tib_ant.KS        	-0.85085336	-0.83969664	0.036682395	
S00111.gastroc-tib_ant.KS       	-0.33713111	-0.33815381	0.031919179	
S00111.tib_ant-gastroc.KS       	-0.00357534	-0.0038034076	0.27292258	
S11000.tib_ant-gastroc.KS       	-0.00366451	-0.0035316202	0.26675504	
S00111.tib_ant-soleus.KS        	-0.00313515	-0.0032615463	0.28016913	
S11000.tib_ant-soleus.KS        	-0.00313645	-0.0033036773	0.2682676	
S00111.gastroc.KL               	0.08315732	0.078750734	0.034112832	
S00111.gastroc.L0               	0.84474863	0.84074183	0.013991735	
S00111.gastroc.KF               	1.4088489	1.4099045	0.0017836322	
S00111.gastroc.KS               	0.17417215	0.17338552	0.015770062	
S00111.soleus.KL                	3.9808764	4.0022014	0.03126113	
S00111.soleus.L0                	0.96665274	0.95950287	0.0080202732	
S00111.soleus.KF                	0.2295755	0.22678428	0.0025872247	
S00111.soleus.KS                	0.14946728	0.15454568	0.023040063	
S11000.gastroc.KL               	0.00925153	0.008804547	0.027221144	
S11000.gastroc.L0               	0.52669721	0.52592375	0.014717831	
S11000.gastroc.KF               	-1.7917323	-1.8096598	0.034662151	
S11000.gastroc.KS               	0.27887874	0.26824269	0.032232764	
S11000.soleus.KL                	0.81663894	0.80090919	0.0618404	
S11000.soleus.L0                	0.8766367	0.89831005	0.013533983	
S11000.soleus.KF                	-0.90458592	-0.8851498	0.05744742	
S11000.soleus.KS                	0.1022613	0.11044188	0.050545326	
S00011.vasti.KF                 	0.81982956	0.82200998	0.0075785437	
S00011.vasti.C0                 	0.082520742	0.083293554	0.0017089155	
S00011.vasti-knee_angle.pos_max 	-0.30300074	-0.30631589	0.0026218557	
S00011.hamstrings-pelvis_tilt.KP	0.70716039	0.70456637	0.03013651	
S00011.hamstrings-pelvis_tilt.KV	0.5637612	0.56722006	0.0015263418	
S00011.hamstrings-pelvis_tilt.C0	0.02703243	0.026408068	0.0033471985	
S00011.glut_max-pelvis_tilt.KP  	1.4852279	1.4995276	0.024788951	
S00011.glut_max-pelvis_tilt.KV  	0.31269133	0.31381603	0.0015488758	
S00011.glut_max-pelvis_tilt.C0  	0.16142979	0.16149771	0.0026240692	
S00011.iliopsoas-pelvis_tilt.KP 	-3.4113175	-3.479176	0.041692718	
S00011.iliopsoas-pelvis_tilt.KV 	-0.5423186	-0.54319446	0.001904047	
S00011.iliopsoas-pelvis_tilt.C0 	0.33087599	0.32941129	0.0041107907	
S00100.iliopsoas.C0             	0.33954258	0.33655652	0.0022461009	
S00100.glut_max.C0              	-0.02342065	-0.024214827	0.0017350703	
S11000.iliopsoas.KL             	0.56254186	0.56097699	0.0019239897	
S11000.iliopsoas.L0             	0.39426795	0.39292021	0.0021311663	
S11000.iliopsoas-pelvis_tilt.P0 	-0.04199752	-0.04334528	0.0017211771	
S11000.iliopsoas-pelvis_tilt.KP 	0.01082572	0.011469342	0.010957882	
S11000.iliopsoas-pelvis_tilt.KV 	0.14357781	0.14565554	0.0019791671	
S11000.iliopsoas-hamstrings.KL  	-8.2772572	-8.2808756	0.069855375	
S11000.iliopsoas-hamstrings.L0  	1.1692619	1.1662206	0.001595717	
S11000.hamstrings.KF            	0.57429002	0.57506003	0.0015322097	
S11000.glut_max.KF              	0.62106819	0.6210519	0.0017430008	
