pelvis_tilt.offset              	0.021039767	0.021228075	0.0011520252	
hip_flexion_r.offset            	0.070167141	0.071217171	0.0010890955	
knee_angle_r.offset             	-0.00090090948	-0.00076255306	0.0011911851	
ankle_angle_r.offset            	-0.057282671	-0.057583212	0.0015488476	
hip_flexion_l.offset            	-0.011114883	-0.0070804859	0.0022106492	
knee_angle_l.offset             	0.056131851	0.055938727	0.0016971235	
ankle_angle_l.offset            	0.18913442	0.18878091	0.0016207956	
stance_load_threshold           	0.15300884	0.15238254	0.0017850667	
S00111.tib_ant.KL               	1.2630279	1.2531405	0.029612445	
S00111.tib_ant.L0               	0.76256623	0.76313184	0.0031738207	
S00111.tib_ant.KS               	0.00015652	0.00016489519	0.0012777799	
S11000.tib_ant.KL               	1.2232827	1.1968144	0.016846067	
S11000.tib_ant.L0               	0.73467809	0.73529052	0.0024648108	
S11000.tib_ant.KS               	0.03601365	0.035937663	0.0015682457	
S11111.tib_ant-soleus.KF        	-0.11291429	-0.11373256	0.0026710616	
S00111.soleus-tib_ant.KS        	-0.84727298	-0.84174479	0.034041262	
S00111.gastroc-tib_ant.KS       	-0.32171493	-0.33221388	0.029597787	
S00111.tib_ant-gastroc.KS       	-0.00395169	-0.0037531026	0.25284913	
S11000.tib_ant-gastroc.KS       	-0.00366451	-0.0035032763	0.24713521	
S00111.tib_ant-soleus.KS        	-0.00313515	-0.0032423655	0.2595627	
S11000.tib_ant-soleus.KS        	-0.00313645	-0.0033068199	0.24853652	
S00111.gastroc.KL               	0.08315732	0.078504382	0.031605753	
S00111.gastroc.L0               	0.82067335	0.84494604	0.013019071	
S00111.gastroc.KF               	1.4087831	1.4102767	0.0016582371	
S00111.gastroc.KS               	0.16049832	0.17096818	0.014622704	
S00111.soleus.KL                	3.9724966	3.981118	0.029156209	
S00111.soleus.L0                	0.96555101	0.96019317	0.0074578672	
S00111.soleus.KF                	0.2266152	0.22770623	0.002411801	
S00111.soleus.KS                	0.14946728	0.15619622	0.02135655	
S11000.gastroc.KL               	0.00925153	0.0090320887	0.025219064	
S11000.gastroc.L0               	0.51979832	0.52208654	0.013671268	
S11000.gastroc.KF               	-1.7609968	-1.8033122	0.032362767	
S11000.gastroc.KS               	0.27887874	0.26625197	0.029879432	
S11000.soleus.KL                	0.84260236	0.80168914	0.057373605	
S11000.soleus.L0                	0.9195926	0.89825589	0.012590287	
S11000.soleus.KF                	-0.92839108	-0.901769	0.053309111	
S11000.soleus.KS                	0.1022613	0.10457661	0.046830776	
S00011.vasti.KF                 	0.82092821	0.81917041	0.0070484036	
S00011.vasti.C0                 	0.083523819	0.083396178	0.0015873267	
S00011.vasti-knee_angle.pos_max 	-0.30664008	-0.30743329	0.0024418065	
S00011.hamstrings-pelvis_tilt.KP	0.71899207	0.70613868	0.02800201	
S00011.hamstrings-pelvis_tilt.KV	0.56642519	0.56687202	0.0014225743	
S00011.hamstrings-pelvis_tilt.C0	0.027586088	0.026634108	0.0031030276	
S00011.glut_max-pelvis_tilt.KP  	1.5315171	1.5042821	0.023077025	
S00011.glut_max-pelvis_tilt.KV  	0.31485908	0.3135054	0.0014429664	
S00011.glut_max-pelvis_tilt.C0  	0.15759407	0.16121933	0.0024430228	
S00011.iliopsoas-pelvis_tilt.KP 	-3.5065719	-3.4595762	0.038924187	
S00011.iliopsoas-pelvis_tilt.KV 	-0.54400543	-0.54320159	0.0017722361	
S00011.iliopsoas-pelvis_tilt.C0 	0.32160676	0.32856227	0.0038218216	
S00100.iliopsoas.C0             	0.33471323	0.33704735	0.0020958541	
S00100.glut_max.C0              	-0.025652621	-0.024254439	0.0016095828	
S11000.iliopsoas.KL             	0.56459247	0.56134061	0.0017915731	
S11000.iliopsoas.L0             	0.39139637	0.39264565	0.0019880931	
S11000.iliopsoas-pelvis_tilt.P0 	-0.044957622	-0.04379199	0.0016007779	
S11000.iliopsoas-pelvis_tilt.KP 	0.01196527	0.011442497	0.010152081	
S11000.iliopsoas-pelvis_tilt.KV 	0.14559874	0.14574099	0.0018412007	
S11000.iliopsoas-hamstrings.KL  	-8.1957033	-8.2349093	0.06502162	
S11000.iliopsoas-hamstrings.L0  	1.1688841	1.1668189	0.0014869324	
S11000.hamstrings.KF            	0.57513957	0.5742765	0.0014264625	
S11000.glut_max.KF              	0.61697786	0.61926501	0.0016283689	
