pelvis_tilt.offset              	0.02254483	0.022647393	0.00042148668	
hip_flexion_r.offset            	0.069469812	0.069835505	0.00040142969	
knee_angle_r.offset             	-8.689153e-05	-0.0004274518	0.00044057132	
ankle_angle_r.offset            	-0.060685246	-0.061854999	0.0005898959	
hip_flexion_l.offset            	-0.0083201635	-0.0074868962	0.00081935583	
knee_angle_l.offset             	0.057554767	0.057758421	0.00062381835	
ankle_angle_l.offset            	0.18591139	0.18683459	0.00060078736	
stance_load_threshold           	0.15626523	0.15690529	0.0006831865	
S00111.tib_ant.KL               	1.2639282	1.2648992	0.010997087	
S00111.tib_ant.L0               	0.76155522	0.76128926	0.0011753649	
S00111.tib_ant.KS               	0.000173	0.00016261058	0.00042972507	
S11000.tib_ant.KL               	1.1833767	1.1890897	0.0062345483	
S11000.tib_ant.L0               	0.73150002	0.73221708	0.00092022394	
S11000.tib_ant.KS               	0.036142457	0.036157322	0.00056977362	
S11111.tib_ant-soleus.KF        	-0.10955491	-0.10860491	0.00098061544	
S00111.soleus-tib_ant.KS        	-0.83810996	-0.86413437	0.012372772	
S00111.gastroc-tib_ant.KS       	-0.32355892	-0.33219053	0.010264616	
S00111.tib_ant-gastroc.KS       	-0.00357534	-0.0037986673	0.085033429	
S11000.tib_ant-gastroc.KS       	-0.00331551	-0.0033883729	0.083111831	
S00111.tib_ant-soleus.KS        	-0.00313515	-0.0034139491	0.087291205	
S11000.tib_ant-soleus.KS        	-0.00313645	-0.0034014163	0.083583093	
S00111.gastroc.KL               	0.07523758	0.080392629	0.010680085	
S00111.gastroc.L0               	0.84783322	0.84716235	0.0048200374	
S00111.gastroc.KF               	1.4110998	1.4109424	0.00061406832	
S00111.gastroc.KS               	0.16156105	0.16872002	0.0051122791	
S00111.soleus.KL                	3.9956806	4.0101392	0.010771541	
S00111.soleus.L0                	0.96638689	0.96616212	0.0026925136	
S00111.soleus.KF                	0.22602172	0.22534067	0.00088996822	
S00111.soleus.KS                	0.14946728	0.15535229	0.0073874752	
S11000.gastroc.KL               	0.00837043	0.0089279076	0.0084821589	
S11000.gastroc.L0               	0.50191876	0.50298155	0.0049932615	
S11000.gastroc.KF               	-1.8106919	-1.8071232	0.011897542	
S11000.gastroc.KS               	0.27127295	0.26914453	0.010427976	
S11000.soleus.KL                	0.84260236	0.80703507	0.020408133	
S11000.soleus.L0                	0.88316132	0.88376426	0.0046309979	
S11000.soleus.KF                	-0.90019139	-0.90652942	0.019228831	
S11000.soleus.KS                	0.1022613	0.11015574	0.015813233	
S00011.vasti.KF                 	0.83329672	0.83161906	0.0025868139	
S00011.vasti.C0                 	0.081825017	0.082586776	0.00057236028	
S00011.vasti-knee_angle.pos_max 	-0.31299836	-0.31307232	0.00092579403	
S00011.hamstrings-pelvis_tilt.KP	0.715598	0.726137	0.010245312	
S00011.hamstrings-pelvis_tilt.KV	0.566892	0.56696983	0.00052714063	
S00011.hamstrings-pelvis_tilt.C0	0.025331515	0.02670125	0.0010799263	
S00011.glut_max-pelvis_tilt.KP  	1.5325769	1.5283085	0.0085608298	
S00011.glut_max-pelvis_tilt.KV  	0.31188497	0.31248401	0.00054062663	
S00011.glut_max-pelvis_tilt.C0  	0.16107317	0.1606331	0.00090024783	
S00011.iliopsoas-pelvis_tilt.KP 	-3.519718	-3.5428641	0.014521267	
S00011.iliopsoas-pelvis_tilt.KV 	-0.54174442	-0.54254243	0.00065210426	
S00011.iliopsoas-pelvis_tilt.C0 	0.33163609	0.33091553	0.0014243245	
S00100.iliopsoas.C0             	0.33804928	0.33724145	0.00077578695	
S00100.glut_max.C0              	-0.024964793	-0.024775282	0.00057715603	
S11000.iliopsoas.KL             	0.56131376	0.56150824	0.00065800335	
S11000.iliopsoas.L0             	0.39098203	0.39186366	0.000741649	
S11000.iliopsoas-pelvis_tilt.P0 	-0.044126126	-0.044116638	0.00058145862	
S11000.iliopsoas-pelvis_tilt.KP 	0.011093633	0.011139575	0.0034179873	
S11000.iliopsoas-pelvis_tilt.KV 	0.14581421	0.14622916	0.00069159382	
S11000.iliopsoas-hamstrings.KL  	-8.2137106	-8.2487199	0.024142559	
S11000.iliopsoas-hamstrings.L0  	1.165734	1.1656514	0.00054905944	
S11000.hamstrings.KF            	0.57871009	0.57846575	0.00052993098	
S11000.glut_max.KF              	0.6149089	0.61487985	0.00061826679	
