pelvis_tilt.offset              	0.02336175	0.02302914	0.00040086685	
hip_flexion_r.offset            	0.069820914	0.070009123	0.00038074389	
knee_angle_r.offset             	-0.0012995545	-0.0011169625	0.00041810027	
ankle_angle_r.offset            	-0.060917364	-0.061359541	0.0005626337	
hip_flexion_l.offset            	-0.0069518993	-0.0071348341	0.00077823745	
knee_angle_l.offset             	0.057328406	0.058004158	0.00059444857	
ankle_angle_l.offset            	0.18562131	0.18595212	0.00057134879	
stance_load_threshold           	0.15770401	0.15737205	0.00064862704	
S00111.tib_ant.KL               	1.2644254	1.2709083	0.010432206	
S00111.tib_ant.L0               	0.76146148	0.76178503	0.0011166767	
S00111.tib_ant.KS               	0.00015652	0.00016564051	0.0004029158	
S11000.tib_ant.KL               	1.1886668	1.1905373	0.0059114196	
S11000.tib_ant.L0               	0.73332637	0.73208742	0.00087355909	
S11000.tib_ant.KS               	0.035848314	0.035646378	0.00054012056	
S11111.tib_ant-soleus.KF        	-0.10936404	-0.10865297	0.00093221084	
S00111.soleus-tib_ant.KS        	-0.86178437	-0.86221033	0.01177109	
S00111.gastroc-tib_ant.KS       	-0.33499647	-0.32787281	0.0096626744	
S00111.tib_ant-gastroc.KS       	-0.00357534	-0.0036972758	0.079727992	
S11000.tib_ant-gastroc.KS       	-0.00366451	-0.0034704926	0.077926286	
S00111.tib_ant-soleus.KS        	-0.00313515	-0.0033935411	0.081844898	
S11000.tib_ant-soleus.KS        	-0.0034666	-0.0033838446	0.078368145	
S00111.gastroc.KL               	0.07523758	0.078555783	0.01002785	
S00111.gastroc.L0               	0.84969685	0.84748466	0.0045562338	
S00111.gastroc.KF               	1.4112577	1.4111543	0.00058063404	
S00111.gastroc.KS               	0.16642688	0.16672523	0.00483557	
S00111.soleus.KL                	3.9932537	3.9972364	0.010269674	
S00111.soleus.L0                	0.96696241	0.967236	0.0025462597	
S00111.soleus.KF                	0.22420399	0.22495903	0.00084514798	
S00111.soleus.KS                	0.15428496	0.15702484	0.0069701391	
S11000.gastroc.KL               	0.00925153	0.0088913437	0.007953213	
S11000.gastroc.L0               	0.51076665	0.50720892	0.0047239725	
S11000.gastroc.KF               	-1.8024342	-1.8075932	0.011281538	
S11000.gastroc.KS               	0.27805989	0.26675348	0.0098678468	
S11000.soleus.KL                	0.80790004	0.80594116	0.019359159	
S11000.soleus.L0                	0.8910843	0.88492931	0.004414992	
S11000.soleus.KF                	-0.88442887	-0.92075973	0.018254219	
S11000.soleus.KS                	0.10273187	0.10613987	0.014847924	
S00011.vasti.KF                 	0.83221765	0.83297232	0.0024607399	
S00011.vasti.C0                 	0.082286965	0.082291117	0.0005416413	
S00011.vasti-knee_angle.pos_max 	-0.3120868	-0.313559	0.00087999426	
S00011.hamstrings-pelvis_tilt.KP	0.70033236	0.70803969	0.0097728032	
S00011.hamstrings-pelvis_tilt.KV	0.56735994	0.56736974	0.00050066081	
S00011.hamstrings-pelvis_tilt.C0	0.02514159	0.026349596	0.00102127	
S00011.glut_max-pelvis_tilt.KP  	1.5314404	1.5341552	0.0081121564	
S00011.glut_max-pelvis_tilt.KV  	0.31143643	0.31209147	0.00051412669	
S00011.glut_max-pelvis_tilt.C0  	0.16115245	0.16123761	0.00085296612	
S00011.iliopsoas-pelvis_tilt.KP 	-3.530969	-3.5339908	0.013882599	
S00011.iliopsoas-pelvis_tilt.KV 	-0.54272902	-0.54191596	0.00061831348	
S00011.iliopsoas-pelvis_tilt.C0 	0.32668575	0.33006861	0.0013533209	
S00100.iliopsoas.C0             	0.33888974	0.33841882	0.00074200766	
S00100.glut_max.C0              	-0.025104268	-0.024782309	0.00054987995	
S11000.iliopsoas.KL             	0.56065833	0.56113925	0.00062470507	
S11000.iliopsoas.L0             	0.39158705	0.39119975	0.00070465554	
S11000.iliopsoas-pelvis_tilt.P0 	-0.045479248	-0.044594873	0.0005524518	
S11000.iliopsoas-pelvis_tilt.KP 	0.01196527	0.01130411	0.0032058388	
S11000.iliopsoas-pelvis_tilt.KV 	0.14680787	0.14645638	0.00065631021	
S11000.iliopsoas-hamstrings.KL  	-8.2170695	-8.2346362	0.022884173	
S11000.iliopsoas-hamstrings.L0  	1.1653092	1.165934	0.00052292921	
S11000.hamstrings.KF            	0.5787418	0.57813561	0.00050307877	
S11000.glut_max.KF              	0.61555734	0.6145369	0.00059235437	
