pelvis_tilt.offset              	0.024332841	0.023976713	0.00030851185	
hip_flexion_r.offset            	0.069925307	0.069821745	0.00028606857	
knee_angle_r.offset             	-0.0012536193	-0.0014538652	0.00031642565	
ankle_angle_r.offset            	-0.060288428	-0.060889797	0.00042261071	
hip_flexion_l.offset            	-0.0054034396	-0.0058074213	0.00058618436	
knee_angle_l.offset             	0.058623337	0.058749556	0.00044981861	
ankle_angle_l.offset            	0.18491464	0.18505718	0.00043501235	
stance_load_threshold           	0.15669267	0.15748593	0.00048700995	
S00111.tib_ant.KL               	1.2651688	1.2704131	0.0078237985	
S00111.tib_ant.L0               	0.76131198	0.76191155	0.00084185762	
S00111.tib_ant.KS               	0.000173	0.00016295158	0.00029001113	
S11000.tib_ant.KL               	1.1847995	1.1878	0.0043948459	
S11000.tib_ant.L0               	0.73416696	0.73393767	0.00065967888	
S11000.tib_ant.KS               	0.03531945	0.03513446	0.00040512736	
S11111.tib_ant-soleus.KF        	-0.109896	-0.10934611	0.0006998133	
S00111.soleus-tib_ant.KS        	-0.86695034	-0.86673845	0.0087933909	
S00111.gastroc-tib_ant.KS       	-0.32443183	-0.32557095	0.0070708881	
S00111.tib_ant-gastroc.KS       	-0.00395169	-0.0037956359	0.057385235	
S11000.tib_ant-gastroc.KS       	-0.00331551	-0.003424015	0.056088432	
S00111.tib_ant-soleus.KS        	-0.00346517	-0.0032928486	0.058908899	
S11000.tib_ant-soleus.KS        	-0.0034666	-0.0033297058	0.056406461	
S00111.gastroc.KL               	0.07523758	0.077660188	0.0072646737	
S00111.gastroc.L0               	0.84823537	0.8498963	0.0034241227	
S00111.gastroc.KF               	1.4111548	1.4116824	0.00043875866	
S00111.gastroc.KS               	0.16049832	0.16365116	0.0035590369	
S00111.soleus.KL                	3.9987968	4.0006406	0.0077293633	
S00111.soleus.L0                	0.96530394	0.96575903	0.0018852602	
S00111.soleus.KF                	0.22624992	0.22538105	0.0006386003	
S00111.soleus.KS                	0.15205852	0.15503934	0.0051397992	
S11000.gastroc.KL               	0.00925153	0.008785995	0.0057255254	
S11000.gastroc.L0               	0.51185481	0.50972642	0.003527497	
S11000.gastroc.KF               	-1.7876148	-1.8021457	0.0084913689	
S11000.gastroc.KS               	0.26090094	0.25875678	0.0073366887	
S11000.soleus.KL                	0.77158111	0.78075799	0.014508223	
S11000.soleus.L0                	0.88721274	0.88704416	0.0032950733	
S11000.soleus.KF                	-0.91391589	-0.92713593	0.013696571	
S11000.soleus.KS                	0.1022613	0.10769118	0.010759295	
S00011.vasti.KF                 	0.83212177	0.83597459	0.0018587594	
S00011.vasti.C0                 	0.082503979	0.082144762	0.00040437752	
S00011.vasti-knee_angle.pos_max 	-0.31375493	-0.31419114	0.00065885218	
S00011.hamstrings-pelvis_tilt.KP	0.70690447	0.7084541	0.0073173865	
S00011.hamstrings-pelvis_tilt.KV	0.56760082	0.56704999	0.0003744748	
S00011.hamstrings-pelvis_tilt.C0	0.02514159	0.026311052	0.0007572974	
S00011.glut_max-pelvis_tilt.KP  	1.5235857	1.5375872	0.0060279597	
S00011.glut_max-pelvis_tilt.KV  	0.31156619	0.31192489	0.00039134998	
S00011.glut_max-pelvis_tilt.C0  	0.16117217	0.1615488	0.00064105114	
S00011.iliopsoas-pelvis_tilt.KP 	-3.4999551	-3.5253827	0.010390881	
S00011.iliopsoas-pelvis_tilt.KV 	-0.54362973	-0.54338999	0.00046555025	
S00011.iliopsoas-pelvis_tilt.C0 	0.32788093	0.3282745	0.0010288242	
S00100.iliopsoas.C0             	0.33917295	0.3391316	0.0005690713	
S00100.glut_max.C0              	-0.02510948	-0.02524909	0.00041014761	
S11000.iliopsoas.KL             	0.56157056	0.56087065	0.00046656897	
S11000.iliopsoas.L0             	0.39058054	0.39108092	0.00053000346	
S11000.iliopsoas-pelvis_tilt.P0 	-0.044874468	-0.044639652	0.00041524654	
S11000.iliopsoas-pelvis_tilt.KP 	0.01196527	0.011390615	0.002311385	
S11000.iliopsoas-pelvis_tilt.KV 	0.1454762	0.14585624	0.00049511442	
S11000.iliopsoas-hamstrings.KL  	-8.2637023	-8.2431883	0.017248159	
S11000.iliopsoas-hamstrings.L0  	1.166029	1.1663542	0.00039119189	
S11000.hamstrings.KF            	0.57857216	0.57872887	0.00037715884	
S11000.glut_max.KF              	0.61390592	0.61366145	0.00045245598	
