pelvis_tilt.offset              	0.023562783	0.023557925	8.092105e-05	
hip_flexion_r.offset            	0.070164764	0.070183458	7.3912954e-05	
knee_angle_r.offset             	-0.0012146046	-0.0011760641	8.2309016e-05	
ankle_angle_r.offset            	-0.06111745	-0.060970022	0.00011058421	
hip_flexion_l.offset            	-0.0047254493	-0.0050200009	0.00015374864	
knee_angle_l.offset             	0.059045682	0.058979196	0.0001149563	
ankle_angle_l.offset            	0.18586323	0.18602926	0.00011558397	
stance_load_threshold           	0.15774461	0.1576523	0.00012661717	
S00111.tib_ant.KL               	1.2806769	1.2803857	0.0020163865	
S00111.tib_ant.L0               	0.76170598	0.76164971	0.0002203595	
S00111.tib_ant.KS               	0.000173	0.00016423495	6.3304734e-05	
S11000.tib_ant.KL               	1.1871975	1.1865276	0.0011331388	
S11000.tib_ant.L0               	0.73414397	0.73450848	0.00017280121	
S11000.tib_ant.KS               	0.034254687	0.034185989	0.00010647894	
S11111.tib_ant-soleus.KF        	-0.11058762	-0.11067166	0.00018048175	
S00111.soleus-tib_ant.KS        	-0.88001827	-0.87995807	0.0022741837	
S00111.gastroc-tib_ant.KS       	-0.32630007	-0.3244481	0.0016854705	
S00111.tib_ant-gastroc.KS       	-0.00395169	-0.0037600602	0.012515081	
S11000.tib_ant-gastroc.KS       	-0.00366451	-0.0034248364	0.012232247	
S00111.tib_ant-soleus.KS        	-0.00313515	-0.0033166047	0.012847326	
S11000.tib_ant-soleus.KS        	-0.0034666	-0.0032452229	0.012301597	
S00111.gastroc.KL               	0.077764146	0.077286399	0.0017649998	
S00111.gastroc.L0               	0.85291174	0.85356575	0.0008853251	
S00111.gastroc.KF               	1.4112616	1.411181	0.00011206698	
S00111.gastroc.KS               	0.1610256	0.16182346	0.00086153391	
S00111.soleus.KL                	4.0021632	4.0000997	0.0019890276	
S00111.soleus.L0                	0.9668073	0.96659785	0.00047904	
S00111.soleus.KF                	0.22609853	0.226318	0.0001666431	
S00111.soleus.KS                	0.16358785	0.16342474	0.0013025796	
S11000.gastroc.KL               	0.00925153	0.0088761664	0.0012561459	
S11000.gastroc.L0               	0.50813481	0.50864258	0.00091332488	
S11000.gastroc.KF               	-1.8082331	-1.8066182	0.0021822723	
S11000.gastroc.KS               	0.25402295	0.25668773	0.0018485002	
S11000.soleus.KL                	0.80298188	0.80089988	0.0037140058	
S11000.soleus.L0                	0.88483018	0.88385239	0.0008463138	
S11000.soleus.KF                	-0.93706582	-0.9354572	0.003526259	
S11000.soleus.KS                	0.10916844	0.10675622	0.0025697146	
S00011.vasti.KF                 	0.83442253	0.83409816	0.00048373333	
S00011.vasti.C0                 	0.082821736	0.082940342	0.00010442555	
S00011.vasti-knee_angle.pos_max 	-0.31268597	-0.31280989	0.00017292167	
S00011.hamstrings-pelvis_tilt.KP	0.70284169	0.6996197	0.0019065721	
S00011.hamstrings-pelvis_tilt.KV	0.56609195	0.5661958	9.6549026e-05	
S00011.hamstrings-pelvis_tilt.C0	0.026711527	0.026569218	0.00019631192	
S00011.glut_max-pelvis_tilt.KP  	1.5397205	1.5413868	0.0015828686	
S00011.glut_max-pelvis_tilt.KV  	0.31179368	0.31185645	0.00010117624	
S00011.glut_max-pelvis_tilt.C0  	0.16128873	0.16112024	0.00016491294	
S00011.iliopsoas-pelvis_tilt.KP 	-3.5218989	-3.5225292	0.0027799914	
S00011.iliopsoas-pelvis_tilt.KV 	-0.5439208	-0.54392975	0.00011976694	
S00011.iliopsoas-pelvis_tilt.C0 	0.32628598	0.32604128	0.00027182429	
S00100.iliopsoas.C0             	0.33896849	0.33892566	0.00014685909	
S00100.glut_max.C0              	-0.024283959	-0.024207972	0.00010992968	
S11000.iliopsoas.KL             	0.5601946	0.56018274	0.00012031972	
S11000.iliopsoas.L0             	0.39139591	0.39150676	0.00013736767	
S11000.iliopsoas-pelvis_tilt.P0 	-0.044876974	-0.044871082	0.00010719491	
S11000.iliopsoas-pelvis_tilt.KP 	0.011490217	0.011350221	0.00052578014	
S11000.iliopsoas-pelvis_tilt.KV 	0.14567774	0.14578379	0.00012794256	
S11000.iliopsoas-hamstrings.KL  	-8.2269113	-8.2324361	0.0045031565	
S11000.iliopsoas-hamstrings.L0  	1.1663458	1.1663507	0.00010136129	
S11000.hamstrings.KF            	0.57860269	0.57853243	9.8122539e-05	
S11000.glut_max.KF              	0.61410756	0.61420449	0.00011708495	
