pelvis_tilt.offset              	0.01907116	0.021589797	0.0014131049	
hip_flexion_r.offset            	0.069948514	0.069067919	0.0013351015	
knee_angle_r.offset             	0.0023979201	0.00062622316	0.00145902	
ankle_angle_r.offset            	-0.05825665	-0.057292439	0.0019089391	
hip_flexion_l.offset            	-0.0067142071	-0.0056228564	0.0027074179	
knee_angle_l.offset             	0.05709486	0.057741924	0.0020822831	
ankle_angle_l.offset            	0.19059726	0.18879284	0.0019948597	
stance_load_threshold           	0.15115686	0.15349059	0.0021915537	
S00111.tib_ant.KL               	1.2406277	1.2396678	0.036409484	
S00111.tib_ant.L0               	0.76800389	0.76604283	0.0039097273	
S00111.tib_ant.KS               	0.00015652	0.00016592517	0.0015828531	
S11000.tib_ant.KL               	1.2183228	1.1938769	0.020699591	
S11000.tib_ant.L0               	0.74022366	0.74070565	0.003017274	
S11000.tib_ant.KS               	0.03577698	0.034626741	0.0019328526	
S11111.tib_ant-soleus.KF        	-0.11443254	-0.1112689	0.0032860662	
S00111.soleus-tib_ant.KS        	-0.84259537	-0.85160006	0.0419609	
S11000.soleus-tib_ant.KS        	-3.2182363	-3.2841921	0.048189129	
S00111.gastroc-tib_ant.KS       	-0.35557966	-0.33352438	0.036602344	
S11000.gastroc-tib_ant.KS       	-1.7048681	-1.7124376	0.040343738	
S00111.tib_ant-gastroc.KS       	-0.00357534	-0.0036999843	0.31321762	
S11000.tib_ant-gastroc.KS       	-0.00366451	-0.0034392601	0.30613949	
S00111.tib_ant-soleus.KS        	-0.00313515	-0.0033355816	0.32153408	
S11000.tib_ant-soleus.KS        	-0.0034666	-0.0033454937	0.30787537	
S00111.gastroc.KL               	0.07523758	0.079379747	0.039147578	
S00111.gastroc.L0               	0.82941458	0.84033008	0.015974888	
S00111.gastroc.KF               	1.4072072	1.4104129	0.0020370436	
S00111.soleus.KL                	4.0381746	4.0393978	0.035584048	
S00111.soleus.L0                	0.96384786	0.96765454	0.009150286	
S00111.soleus.KF                	0.23243753	0.22892236	0.0029480505	
S11000.gastroc.KL               	0.00925153	0.008895382	0.031240117	
S11000.gastroc.L0               	0.51640559	0.51967775	0.016837049	
S11000.gastroc.KF               	-1.9006867	-1.8272454	0.039625317	
S11000.soleus.KL                	0.76947919	0.80172192	0.07089266	
S11000.soleus.L0                	0.90560721	0.89390652	0.015471234	
S11000.soleus.KF                	-0.93482932	-0.92310384	0.06584672	
S00011.vasti.KF                 	0.81835172	0.81751961	0.0086525326	
S00011.vasti.C0                 	0.08514375	0.084563499	0.001956993	
S00011.vasti-knee_angle.pos_max 	-0.30312853	-0.30511168	0.0029929277	
S00011.hamstrings-pelvis_tilt.KP	0.73227687	0.70167147	0.034528222	
S00011.hamstrings-pelvis_tilt.KV	0.56599075	0.56715238	0.0017433928	
S00011.hamstrings-pelvis_tilt.C0	0.027651046	0.026474469	0.0038393439	
S00011.glut_max-pelvis_tilt.KP  	1.4828456	1.4800988	0.028283414	
S00011.glut_max-pelvis_tilt.KV  	0.31084252	0.31441292	0.0017696705	
S00011.glut_max-pelvis_tilt.C0  	0.15746878	0.15977581	0.0029833206	
S00011.iliopsoas-pelvis_tilt.KP 	-3.4126613	-3.5056963	0.04765082	
S00011.iliopsoas-pelvis_tilt.KV 	-0.54313266	-0.54375885	0.0021684766	
S00011.iliopsoas-pelvis_tilt.C0 	0.32877341	0.33240256	0.004679299	
S00100.iliopsoas.C0             	0.34261038	0.33707565	0.0025691886	
S00100.glut_max.C0              	-0.02588599	-0.02483814	0.0019877668	
S11000.iliopsoas.KL             	0.55933116	0.56046917	0.0021948409	
S11000.iliopsoas.L0             	0.39119894	0.39311402	0.0024432229	
S11000.iliopsoas-pelvis_tilt.P0 	-0.043712458	-0.043826519	0.0019681838	
S11000.iliopsoas-pelvis_tilt.KP 	0.01082572	0.011307379	0.012575617	
S11000.iliopsoas-pelvis_tilt.KV 	0.14611238	0.14508538	0.0022594791	
S11000.iliopsoas-hamstrings.KL  	-8.2603235	-8.2661478	0.079910375	
S11000.iliopsoas-hamstrings.L0  	1.1656746	1.1661188	0.0018282119	
S11000.hamstrings.KF            	0.56981448	0.57494302	0.0017539593	
S11000.glut_max.KF              	0.62000916	0.62119966	0.0019906264	
