pelvis_tilt.offset              	0.021045824	0.020264713	0.00040043718	
hip_flexion_r.offset            	0.06691474	0.067059872	0.00038312471	
knee_angle_r.offset             	0.0010731806	0.0020989434	0.00041419979	
ankle_angle_r.offset            	-0.055649851	-0.055365921	0.00053467588	
hip_flexion_l.offset            	-0.005484433	-0.0061632869	0.00076971858	
knee_angle_l.offset             	0.057642383	0.058034806	0.00059251947	
ankle_angle_l.offset            	0.18950088	0.18966375	0.00055874494	
stance_load_threshold           	0.15198731	0.15146632	0.00062362228	
S00111.tib_ant.KL               	1.2690319	1.2562352	0.010332795	
S00111.tib_ant.L0               	0.76335928	0.76350691	0.0011075303	
S00111.tib_ant.KS               	0.000173	0.00016332049	0.00039655199	
S11000.tib_ant.KL               	1.2128278	1.2156784	0.0058280709	
S11000.tib_ant.L0               	0.74588049	0.74542186	0.00086388352	
S11000.tib_ant.KS               	0.036403964	0.036882651	0.00052990895	
S11111.tib_ant-soleus.KF        	-0.11106188	-0.10933159	0.00092409961	
S00111.soleus-tib_ant.KS        	-0.82557626	-0.82593934	0.011483903	
S11000.soleus-tib_ant.KS        	-3.3895128	-3.3863408	0.013944158	
S00111.gastroc-tib_ant.KS       	-0.35557966	-0.35471595	0.0092135456	
S11000.gastroc-tib_ant.KS       	-1.7298167	-1.747611	0.0109037	
S00111.tib_ant-gastroc.KS       	-0.00395169	-0.0038812985	0.078468903	
S11000.tib_ant-gastroc.KS       	-0.00331551	-0.0035709405	0.076695651	
S00111.tib_ant-soleus.KS        	-0.00313515	-0.0032250112	0.080552378	
S11000.tib_ant-soleus.KS        	-0.00313645	-0.0032109584	0.07713053	
S00111.gastroc.KL               	0.08315732	0.079376686	0.0098626282	
S00111.gastroc.L0               	0.88042092	0.87585629	0.0044654203	
S00111.gastroc.KF               	1.4045053	1.4042468	0.0005954042	
S00111.soleus.KL                	4.0810431	4.0934175	0.01038048	
S00111.soleus.L0                	0.95401096	0.95794678	0.0026332958	
S00111.soleus.KF                	0.23135986	0.2320039	0.00084673655	
S11000.gastroc.KL               	0.00837043	0.008862376	0.0078274704	
S11000.gastroc.L0               	0.51615317	0.52260089	0.0047485751	
S11000.gastroc.KF               	-1.7978108	-1.7952382	0.011359944	
S11000.soleus.KL                	0.78514881	0.80148747	0.019014032	
S11000.soleus.L0                	0.87595048	0.879798	0.0044207006	
S11000.soleus.KF                	-0.94831389	-0.94026827	0.017813982	
S00011.vasti.KF                 	0.83436463	0.83702513	0.0024952725	
S00011.vasti.C0                 	0.080121357	0.081467733	0.00055198242	
S00011.vasti-knee_angle.pos_max 	-0.30807532	-0.30912066	0.00084543767	
S00011.hamstrings-pelvis_tilt.KP	0.7352554	0.72947374	0.009265468	
S00011.hamstrings-pelvis_tilt.KV	0.56675819	0.56673178	0.00049564881	
S00011.hamstrings-pelvis_tilt.C0	0.027395177	0.027032587	0.0009968981	
S00011.glut_max-pelvis_tilt.KP  	1.5379783	1.5507069	0.0081263491	
S00011.glut_max-pelvis_tilt.KV  	0.31174858	0.31189374	0.00050628916	
S00011.glut_max-pelvis_tilt.C0  	0.16449098	0.16433325	0.00085277209	
S00011.iliopsoas-pelvis_tilt.KP 	-3.4579278	-3.4454752	0.013571542	
S00011.iliopsoas-pelvis_tilt.KV 	-0.5414424	-0.54194113	0.0006154899	
S00011.iliopsoas-pelvis_tilt.C0 	0.33330835	0.33190561	0.0013416848	
S00100.iliopsoas.C0             	0.33681558	0.33656588	0.00072625658	
S00100.glut_max.C0              	-0.025037577	-0.024725651	0.00053612095	
S11000.iliopsoas.KL             	0.56429419	0.56380049	0.00062651965	
S11000.iliopsoas.L0             	0.38575206	0.38582074	0.00072113015	
S11000.iliopsoas-pelvis_tilt.P0 	-0.044093673	-0.043792665	0.00054313844	
S11000.iliopsoas-pelvis_tilt.KP 	0.01082572	0.011514335	0.0031545147	
S11000.iliopsoas-pelvis_tilt.KV 	0.14815273	0.14870112	0.00064154541	
S11000.iliopsoas-hamstrings.KL  	-8.3068881	-8.3230961	0.022885802	
S11000.iliopsoas-hamstrings.L0  	1.1669121	1.1664412	0.00051486457	
S11000.hamstrings.KF            	0.57036694	0.5704053	0.000513406	
S11000.glut_max.KF              	0.62375394	0.62467591	0.00056929311	
