pelvis_tilt.offset              	0.021906859	0.021867456	6.6436009e-05	
hip_flexion_r.offset            	0.067142199	0.067249059	5.9491161e-05	
knee_angle_r.offset             	0.00072824973	0.00073507069	6.589451e-05	
ankle_angle_r.offset            	-0.055101775	-0.055055432	8.2545682e-05	
hip_flexion_l.offset            	-0.0056099112	-0.0057183257	0.00012101504	
knee_angle_l.offset             	0.058991161	0.058886927	9.1586172e-05	
ankle_angle_l.offset            	0.18929222	0.18914678	8.570345e-05	
stance_load_threshold           	0.15174933	0.15160973	9.8439725e-05	
S00111.tib_ant.KL               	1.2797065	1.27898	0.0018013668	
S00111.tib_ant.L0               	0.75864208	0.758661	0.00018436739	
S00111.tib_ant.KS               	0.000173	0.00016125869	4.5520094e-05	
S11000.tib_ant.KL               	1.2503355	1.2490135	0.0010160406	
S11000.tib_ant.L0               	0.74328738	0.74331036	0.00013687465	
S11000.tib_ant.KS               	0.036185045	0.036375281	8.151728e-05	
S11111.tib_ant-soleus.KF        	-0.11202253	-0.11214761	0.00015188423	
S00111.soleus-tib_ant.KS        	-0.81540384	-0.81474634	0.0017749319	
S11000.soleus-tib_ant.KS        	-3.4032239	-3.4059565	0.0021980576	
S00111.gastroc-tib_ant.KS       	-0.35520198	-0.35468772	0.001132257	
S11000.gastroc-tib_ant.KS       	-1.7509647	-1.7505562	0.0016842332	
S00111.tib_ant-gastroc.KS       	-0.00395169	-0.0037722593	0.0089826769	
S11000.tib_ant-gastroc.KS       	-0.00366451	-0.0035631752	0.0087796645	
S00111.tib_ant-soleus.KS        	-0.00346517	-0.0032011597	0.0092210946	
S11000.tib_ant-soleus.KS        	-0.0034666	-0.0033295678	0.0088294051	
S00111.gastroc.KL               	0.07819126	0.078247847	0.0013215178	
S00111.gastroc.L0               	0.88012844	0.87970058	0.00066973044	
S00111.gastroc.KF               	1.4023944	1.4025412	9.5190671e-05	
S00111.soleus.KL                	4.0928411	4.0922633	0.0016468108	
S00111.soleus.L0                	0.95454407	0.95459819	0.0004041049	
S00111.soleus.KF                	0.23085801	0.23085319	0.00013076208	
S11000.gastroc.KL               	0.00925153	0.0087531825	0.00091197154	
S11000.gastroc.L0               	0.52495111	0.5256917	0.00074661867	
S11000.gastroc.KF               	-1.7694479	-1.7715942	0.0017644628	
S11000.soleus.KL                	0.76947588	0.77703113	0.0029776361	
S11000.soleus.L0                	0.87949842	0.87983344	0.00068268507	
S11000.soleus.KF                	-0.94786401	-0.94257912	0.0028408498	
S00011.vasti.KF                 	0.83010822	0.82962228	0.00039544613	
S00011.vasti.C0                 	0.07992329	0.080010996	7.782184e-05	
S00011.vasti-knee_angle.pos_max 	-0.30860331	-0.30862478	0.00013742708	
S00011.hamstrings-pelvis_tilt.KP	0.73806674	0.73961637	0.0014222125	
S00011.hamstrings-pelvis_tilt.KV	0.56642681	0.56649978	7.6860108e-05	
S00011.hamstrings-pelvis_tilt.C0	0.02767784	0.027529416	0.00014406385	
S00011.glut_max-pelvis_tilt.KP  	1.5423318	1.5405602	0.0012795576	
S00011.glut_max-pelvis_tilt.KV  	0.3118119	0.31188178	7.9819514e-05	
S00011.glut_max-pelvis_tilt.C0  	0.16382264	0.1638063	0.00012922745	
S00011.iliopsoas-pelvis_tilt.KP 	-3.4539495	-3.4549988	0.0020785799	
S00011.iliopsoas-pelvis_tilt.KV 	-0.54207789	-0.54205642	9.4606411e-05	
S00011.iliopsoas-pelvis_tilt.C0 	0.32792483	0.32806752	0.00021935482	
S00100.iliopsoas.C0             	0.33763169	0.33762623	0.00011258066	
S00100.glut_max.C0              	-0.025525772	-0.025561231	8.1343446e-05	
S11000.iliopsoas.KL             	0.56528962	0.56531168	0.00010003777	
S11000.iliopsoas.L0             	0.38518642	0.38503034	0.00011687957	
S11000.iliopsoas-pelvis_tilt.P0 	-0.044564625	-0.044610422	8.6087249e-05	
S11000.iliopsoas-pelvis_tilt.KP 	0.011128959	0.011426709	0.00039636278	
S11000.iliopsoas-pelvis_tilt.KV 	0.1479437	0.14790202	9.880711e-05	
S11000.iliopsoas-hamstrings.KL  	-8.3738278	-8.3726157	0.0035388655	
S11000.iliopsoas-hamstrings.L0  	1.1679101	1.1679103	8.1482184e-05	
S11000.hamstrings.KF            	0.56981648	0.56992476	7.911254e-05	
S11000.glut_max.KF              	0.62344577	0.62347925	9.0130107e-05	
