pelvis_tilt.offset              	0.02408091	0.023973807	0.0011386599	
hip_flexion_r.offset            	0.068163061	0.068804804	0.0010680975	
knee_angle_r.offset             	0.001851034	0.00082114971	0.0011676714	
ankle_angle_r.offset            	-0.055643685	-0.054939347	0.0015364123	
hip_flexion_l.offset            	0.00069453846	0.0019120974	0.0021863299	
knee_angle_l.offset             	0.059015845	0.058004076	0.001676016	
ankle_angle_l.offset            	0.18694275	0.18577558	0.0016094547	
stance_load_threshold           	0.15487262	0.15452909	0.0017678367	
S00111.tib_ant.KL               	1.2442842	1.254601	0.029082772	
S00111.tib_ant.L0               	0.76009899	0.75740241	0.0031653273	
S00111.tib_ant.KS               	0.000173	0.00016924973	0.0012430282	
S11000.tib_ant.KL               	1.1857661	1.1930838	0.016631583	
S11000.tib_ant.L0               	0.73811056	0.73436288	0.0024260385	
S11000.tib_ant.KS               	0.03371447	0.035193228	0.0015360981	
S11111.tib_ant-soleus.KF        	-0.10763376	-0.10972224	0.002632951	
S00111.soleus-tib_ant.KS        	-0.80888339	-0.84886363	0.033301879	
S11000.soleus-tib_ant.KS        	-3.1928662	-3.1942536	0.038876758	
S00111.gastroc-tib_ant.KS       	-0.32171493	-0.32955832	0.0288395	
S11000.gastroc-tib_ant.KS       	-1.6910881	-1.6744606	0.032344015	
S00111.tib_ant-gastroc.KS       	-0.00395169	-0.0037438264	0.24597229	
S11000.tib_ant-gastroc.KS       	-0.00331551	-0.0035735437	0.24041378	
S00111.tib_ant-soleus.KS        	-0.00313515	-0.0033201563	0.25250327	
S11000.tib_ant-soleus.KS        	-0.0034666	-0.0032238144	0.24177698	
S00111.gastroc.KL               	0.08315732	0.078280289	0.0307511	
S00111.gastroc.L0               	0.85093576	0.85230162	0.012795339	
S00111.gastroc.KF               	1.411108	1.4133805	0.0016350136	
S00111.gastroc.KS               	0.17739288	0.17268949	0.014266759	
S00111.soleus.KL                	4.0459085	4.0583245	0.028520784	
S00111.soleus.L0                	0.95228123	0.96001082	0.0073469192	
S00111.soleus.KF                	0.22765754	0.22534802	0.0023652382	
S00111.soleus.KS                	0.16520068	0.15763219	0.02079624	
S11000.gastroc.KL               	0.00837043	0.0088096861	0.02453327	
S11000.gastroc.L0               	0.53608513	0.53700142	0.013444103	
S11000.gastroc.KF               	-1.767053	-1.8260444	0.031712791	
S11000.gastroc.KS               	0.27887874	0.26568416	0.029116785	
S11000.soleus.KL                	0.84260236	0.81187021	0.055971371	
S11000.soleus.L0                	0.88673014	0.89129759	0.012414129	
S11000.soleus.KF                	-0.9214201	-0.9146504	0.052148151	
S11000.soleus.KS                	0.1022613	0.10952904	0.045562015	
S00011.vasti.KF                 	0.81049924	0.81275119	0.0069076295	
S00011.vasti.C0                 	0.07992329	0.080702782	0.0015624577	
S00011.vasti-knee_angle.pos_max 	-0.308068	-0.30714491	0.0023900546	
S00011.hamstrings-pelvis_tilt.KP	0.7264322	0.71934071	0.027449632	
S00011.hamstrings-pelvis_tilt.KV	0.56765219	0.56689469	0.0013965802	
S00011.hamstrings-pelvis_tilt.C0	0.026079575	0.026123305	0.0030225888	
S00011.glut_max-pelvis_tilt.KP  	1.4654855	1.4856411	0.022737387	
S00011.glut_max-pelvis_tilt.KV  	0.31706093	0.31608905	0.0014154452	
S00011.glut_max-pelvis_tilt.C0  	0.16269264	0.16303532	0.0023898552	
S00011.iliopsoas-pelvis_tilt.KP 	-3.5028453	-3.5190782	0.038161601	
S00011.iliopsoas-pelvis_tilt.KV 	-0.5450778	-0.54382149	0.0017363639	
S00011.iliopsoas-pelvis_tilt.C0 	0.33204899	0.334404	0.0037409754	
S00100.iliopsoas.C0             	0.33648853	0.33670842	0.0020616021	
S00100.glut_max.C0              	-0.025463995	-0.024515455	0.0015725541	
S11000.iliopsoas.KL             	0.55964232	0.56227226	0.0017491395	
S11000.iliopsoas.L0             	0.38819403	0.39027461	0.0019585254	
S11000.iliopsoas-pelvis_tilt.P0 	-0.043895438	-0.043684367	0.0015654303	
S11000.iliopsoas-pelvis_tilt.KP 	0.01082572	0.011584545	0.0098763318	
S11000.iliopsoas-pelvis_tilt.KV 	0.14578718	0.14576603	0.0018057237	
S11000.iliopsoas-hamstrings.KL  	-8.3359838	-8.3333912	0.064176957	
S11000.iliopsoas-hamstrings.L0  	1.1693532	1.1665218	0.0014670293	
S11000.hamstrings.KF            	0.57594172	0.5761719	0.0014071127	
S11000.glut_max.KF              	0.62137569	0.62228444	0.0015971758	
