pelvis_tilt.offset              	0.024261485	0.02386911	0.00030907956	
hip_flexion_r.offset            	0.070650879	0.070234955	0.0002904838	
knee_angle_r.offset             	0.0015068354	0.0014220018	0.00031597704	
ankle_angle_r.offset            	-0.055250856	-0.055789928	0.00041520786	
hip_flexion_l.offset            	0.0056256743	0.0050780028	0.00060855481	
knee_angle_l.offset             	0.058226569	0.057723075	0.00045828847	
ankle_angle_l.offset            	0.18946104	0.18951741	0.00043851048	
stance_load_threshold           	0.15523195	0.15577495	0.00048083159	
S00111.tib_ant.KL               	1.2318476	1.2237285	0.0078682047	
S00111.tib_ant.L0               	0.75215833	0.75127399	0.00087172571	
S00111.tib_ant.KS               	0.00015652	0.00016512939	0.00029344146	
S11000.tib_ant.KL               	1.225832	1.2208528	0.0044855881	
S11000.tib_ant.L0               	0.72836261	0.72870864	0.00067641856	
S11000.tib_ant.KS               	0.033727699	0.034307281	0.00040626979	
S11111.tib_ant-soleus.KF        	-0.11236148	-0.110794	0.00070417825	
S00111.soleus-tib_ant.KS        	-0.83430697	-0.82673225	0.00866568	
S11000.soleus-tib_ant.KS        	-3.1981127	-3.2012739	0.010594392	
S00111.gastroc-tib_ant.KS       	-0.32974674	-0.32624916	0.007091004	
S11000.gastroc-tib_ant.KS       	-1.6866602	-1.6793651	0.0088029	
S00111.tib_ant-gastroc.KS       	-0.00357534	-0.0037855182	0.058064106	
S11000.tib_ant-gastroc.KS       	-0.00331551	-0.0034475628	0.056751961	
S00111.tib_ant-soleus.KS        	-0.00313515	-0.0032996769	0.059605797	
S11000.tib_ant-soleus.KS        	-0.00313645	-0.003250711	0.057073756	
S00111.gastroc.KL               	0.08315732	0.079482519	0.0073577527	
S00111.gastroc.L0               	0.85839254	0.85461812	0.0034894487	
S00111.gastroc.KF               	1.4173686	1.4164238	0.00044849891	
S00111.gastroc.KS               	0.1767044	0.17560147	0.0035147438	
S00111.soleus.KL                	4.0705887	4.0721321	0.0077257588	
S00111.soleus.L0                	0.95112082	0.95210222	0.0019472315	
S00111.soleus.KF                	0.22659989	0.2267568	0.00064775604	
S00111.soleus.KS                	0.16448019	0.15533142	0.0052116394	
S11000.gastroc.KL               	0.00837043	0.0088066755	0.0057931979	
S11000.gastroc.L0               	0.52061681	0.51847163	0.0036471229	
S11000.gastroc.KF               	-1.7968029	-1.7987117	0.0086392099	
S11000.gastroc.KS               	0.27887874	0.26456299	0.0073693854	
S11000.soleus.KL                	0.78334055	0.78149789	0.014410805	
S11000.soleus.L0                	0.91010115	0.90983521	0.0033928435	
S11000.soleus.KF                	-0.89775369	-0.88752746	0.013710479	
S11000.soleus.KS                	0.11302564	0.10712503	0.010873512	
S00011.vasti.KF                 	0.80703304	0.80660953	0.001874119	
S00011.vasti.C0                 	0.07992329	0.080491658	0.00039986057	
S00011.vasti-knee_angle.pos_max 	-0.30565776	-0.30474517	0.00066003514	
S00011.hamstrings-pelvis_tilt.KP	0.74162866	0.73473435	0.0071149354	
S00011.hamstrings-pelvis_tilt.KV	0.56579305	0.56567674	0.00038147565	
S00011.hamstrings-pelvis_tilt.C0	0.027397409	0.027234425	0.00076010399	
S00011.glut_max-pelvis_tilt.KP  	1.4385693	1.4453849	0.0061766428	
S00011.glut_max-pelvis_tilt.KV  	0.31565093	0.31542103	0.00039039154	
S00011.glut_max-pelvis_tilt.C0  	0.15968899	0.15883833	0.0006598203	
S00011.iliopsoas-pelvis_tilt.KP 	-3.5570519	-3.5656471	0.010515706	
S00011.iliopsoas-pelvis_tilt.KV 	-0.53978661	-0.54028837	0.00048281421	
S00011.iliopsoas-pelvis_tilt.C0 	0.33678817	0.33716634	0.0010348012	
S00100.iliopsoas.C0             	0.337861	0.33861525	0.00055796477	
S00100.glut_max.C0              	-0.025376986	-0.025443225	0.00041267624	
S11000.iliopsoas.KL             	0.56139292	0.56184398	0.00047868733	
S11000.iliopsoas.L0             	0.38849873	0.38833935	0.0005335957	
S11000.iliopsoas-pelvis_tilt.P0 	-0.045087214	-0.045335214	0.00041491168	
S11000.iliopsoas-pelvis_tilt.KP 	0.01082572	0.011407811	0.0023388738	
S11000.iliopsoas-pelvis_tilt.KV 	0.14642428	0.14691676	0.00049321821	
S11000.iliopsoas-hamstrings.KL  	-8.3081679	-8.3268691	0.017296807	
S11000.iliopsoas-hamstrings.L0  	1.1689926	1.1691315	0.00040007918	
S11000.hamstrings.KF            	0.57492468	0.57471138	0.00038450456	
S11000.glut_max.KF              	0.62328782	0.62326828	0.00043027485	
