pelvis_tilt.offset              	0.024406952	0.024448967	0.00019381792	
hip_flexion_r.offset            	0.07137296	0.071497717	0.00018433088	
knee_angle_r.offset             	0.0018033049	0.0017095882	0.00019540683	
ankle_angle_r.offset            	-0.057239465	-0.057119086	0.00026025247	
hip_flexion_l.offset            	0.0065395999	0.0060731138	0.00037848324	
knee_angle_l.offset             	0.058384437	0.058563054	0.00028417427	
ankle_angle_l.offset            	0.18928848	0.18938488	0.00027353617	
stance_load_threshold           	0.15484366	0.15480105	0.00029884149	
S00111.tib_ant.KL               	1.2191108	1.2261369	0.0048193575	
S00111.tib_ant.L0               	0.75049865	0.75019755	0.00053679566	
S00111.tib_ant.KS               	0.00015652	0.00016574611	0.00016338023	
S11000.tib_ant.KL               	1.2188114	1.2207245	0.0027328846	
S11000.tib_ant.L0               	0.72893729	0.72917085	0.00041516114	
S11000.tib_ant.KS               	0.034172563	0.034014349	0.00025022172	
S11111.tib_ant-soleus.KF        	-0.11167077	-0.11161534	0.00043724068	
S00111.soleus-tib_ant.KS        	-0.84713222	-0.84814981	0.0053537735	
S11000.soleus-tib_ant.KS        	-3.2084662	-3.2124919	0.0064607169	
S00111.gastroc-tib_ant.KS       	-0.32171493	-0.32360478	0.0040727652	
S11000.gastroc-tib_ant.KS       	-1.6823607	-1.674277	0.0054371245	
S00111.tib_ant-gastroc.KS       	-0.00357534	-0.0037618863	0.032323729	
S11000.tib_ant-gastroc.KS       	-0.00331551	-0.0034150752	0.031593267	
S00111.tib_ant-soleus.KS        	-0.00346517	-0.003236356	0.033181957	
S11000.tib_ant-soleus.KS        	-0.00313645	-0.0032779099	0.031772397	
S00111.gastroc.KL               	0.08142502	0.079350959	0.0042313251	
S00111.gastroc.L0               	0.85453363	0.85440569	0.0021232931	
S00111.gastroc.KF               	1.4166353	1.4167312	0.0002791062	
S00111.gastroc.KS               	0.17739288	0.17628504	0.0020329472	
S00111.soleus.KL                	4.0610277	4.0586001	0.0047374107	
S00111.soleus.L0                	0.94557775	0.94707369	0.0011891084	
S00111.soleus.KF                	0.22714884	0.227188	0.00039950933	
S00111.soleus.KS                	0.15498335	0.15671771	0.0031400644	
S11000.gastroc.KL               	0.00837043	0.0087123525	0.0032283657	
S11000.gastroc.L0               	0.52163449	0.51967942	0.0022210117	
S11000.gastroc.KF               	-1.8182496	-1.8042919	0.0052519767	
S11000.gastroc.KS               	0.27643519	0.27224445	0.0044890033	
S11000.soleus.KL                	0.81240183	0.79520479	0.0087850858	
S11000.soleus.L0                	0.9140914	0.9117487	0.0020944365	
S11000.soleus.KF                	-0.8874521	-0.88785207	0.0082663872	
S11000.soleus.KS                	0.10483998	0.10716692	0.006234875	
S00011.vasti.KF                 	0.80307653	0.80402836	0.0011418453	
S00011.vasti.C0                 	0.080892554	0.080516461	0.00023826291	
S00011.vasti-knee_angle.pos_max 	-0.30373783	-0.30399371	0.00040968416	
S00011.hamstrings-pelvis_tilt.KP	0.73699594	0.73485113	0.0042839309	
S00011.hamstrings-pelvis_tilt.KV	0.56573583	0.56573477	0.00023391492	
S00011.hamstrings-pelvis_tilt.C0	0.025762425	0.025953018	0.00045640778	
S00011.glut_max-pelvis_tilt.KP  	1.43613	1.4365115	0.0037861136	
S00011.glut_max-pelvis_tilt.KV  	0.31577712	0.31575414	0.00024138628	
S00011.glut_max-pelvis_tilt.C0  	0.15820846	0.1586051	0.00040951657	
S00011.iliopsoas-pelvis_tilt.KP 	-3.5680839	-3.5725737	0.0064292694	
S00011.iliopsoas-pelvis_tilt.KV 	-0.53936524	-0.53932489	0.00030669466	
S00011.iliopsoas-pelvis_tilt.C0 	0.33818424	0.3370668	0.00063052104	
S00100.iliopsoas.C0             	0.34029461	0.34056597	0.00035178884	
S00100.glut_max.C0              	-0.025710626	-0.025733194	0.0002512528	
S11000.iliopsoas.KL             	0.56171728	0.56136129	0.00029672395	
S11000.iliopsoas.L0             	0.38812341	0.38794501	0.00032935198	
S11000.iliopsoas-pelvis_tilt.P0 	-0.044903171	-0.044930572	0.00025462479	
S11000.iliopsoas-pelvis_tilt.KP 	0.010883798	0.011579205	0.0013138226	
S11000.iliopsoas-pelvis_tilt.KV 	0.14745387	0.14756084	0.00030356236	
S11000.iliopsoas-hamstrings.KL  	-8.3434293	-8.31527	0.01062096	
S11000.iliopsoas-hamstrings.L0  	1.1697176	1.1698735	0.0002470419	
S11000.hamstrings.KF            	0.5750688	0.57508794	0.00023895332	
S11000.glut_max.KF              	0.62358471	0.62355581	0.00026175981	
