pelvis_tilt.offset              	0.024617036	0.024629272	5.5256567e-05	
hip_flexion_r.offset            	0.071876134	0.071888999	5.3796302e-05	
knee_angle_r.offset             	0.0021773843	0.0020897372	5.6526374e-05	
ankle_angle_r.offset            	-0.057148512	-0.057137236	7.4406674e-05	
hip_flexion_l.offset            	0.0060151079	0.006001057	0.00010873885	
knee_angle_l.offset             	0.058737525	0.058842206	8.1420745e-05	
ankle_angle_l.offset            	0.18946301	0.18940408	7.9339648e-05	
stance_load_threshold           	0.15546088	0.15552607	8.700139e-05	
S00111.tib_ant.KL               	1.2256386	1.2254958	0.0013859108	
S00111.tib_ant.L0               	0.75107729	0.75117402	0.0001554453	
S00111.tib_ant.KS               	0.000173	0.00016558544	3.9518358e-05	
S11000.tib_ant.KL               	1.2153701	1.2159767	0.00078077134	
S11000.tib_ant.L0               	0.72978491	0.7298242	0.00011983434	
S11000.tib_ant.KS               	0.034047265	0.034034383	7.2489194e-05	
S11111.tib_ant-soleus.KF        	-0.11276432	-0.11263124	0.00012682397	
S00111.soleus-tib_ant.KS        	-0.83804094	-0.83863686	0.0015243476	
S11000.soleus-tib_ant.KS        	-3.2058879	-3.2058268	0.0018734335	
S00111.gastroc-tib_ant.KS       	-0.32349589	-0.32273276	0.0010441486	
S11000.gastroc-tib_ant.KS       	-1.6766637	-1.6746216	0.0015554117	
S00111.tib_ant-gastroc.KS       	-0.00395169	-0.003742182	0.0078022279	
S11000.tib_ant-gastroc.KS       	-0.00366451	-0.0035162711	0.0076258874	
S00111.tib_ant-soleus.KS        	-0.00313515	-0.0032544866	0.0080093245	
S11000.tib_ant-soleus.KS        	-0.0034666	-0.0033614167	0.0076691193	
S00111.gastroc.KL               	0.077216143	0.078624255	0.0011512853	
S00111.gastroc.L0               	0.85343598	0.85359445	0.00061087703	
S00111.gastroc.KF               	1.4166533	1.4166244	8.1042577e-05	
S00111.gastroc.KS               	0.17739288	0.17713237	0.00052632847	
S00111.soleus.KL                	4.0542603	4.0553584	0.0013477945	
S00111.soleus.L0                	0.94558284	0.94586516	0.0003363999	
S00111.soleus.KF                	0.22664331	0.22651943	0.0001145782	
S00111.soleus.KS                	0.1543105	0.15456391	0.00089379332	
S11000.gastroc.KL               	0.0086597077	0.0087291198	0.00078907384	
S11000.gastroc.L0               	0.51589605	0.51517084	0.00064106302	
S11000.gastroc.KF               	-1.8090112	-1.8093443	0.0015271402	
S11000.gastroc.KS               	0.26928889	0.27102759	0.001279109	
S11000.soleus.KL                	0.79041206	0.78491828	0.0024917737	
S11000.soleus.L0                	0.91432012	0.91524463	0.00060067011	
S11000.soleus.KF                	-0.89425789	-0.89250754	0.0023655088	
S11000.soleus.KS                	0.11102579	0.10930777	0.0017037793	
S00011.vasti.KF                 	0.80322942	0.80345538	0.00032943183	
S00011.vasti.C0                 	0.080372651	0.080304077	6.7835608e-05	
S00011.vasti-knee_angle.pos_max 	-0.30414723	-0.30429672	0.00011612477	
S00011.hamstrings-pelvis_tilt.KP	0.72953593	0.73178911	0.0012087427	
S00011.hamstrings-pelvis_tilt.KV	0.56527503	0.56524478	6.7626508e-05	
S00011.hamstrings-pelvis_tilt.C0	0.026646996	0.026282401	0.00013142661	
S00011.glut_max-pelvis_tilt.KP  	1.4369766	1.4382108	0.0010829376	
S00011.glut_max-pelvis_tilt.KV  	0.31617642	0.31602692	6.9404333e-05	
S00011.glut_max-pelvis_tilt.C0  	0.15908668	0.15916624	0.00011523531	
S00011.iliopsoas-pelvis_tilt.KP 	-3.5647515	-3.5659717	0.0018499838	
S00011.iliopsoas-pelvis_tilt.KV 	-0.53970218	-0.53971037	8.7293365e-05	
S00011.iliopsoas-pelvis_tilt.C0 	0.3392857	0.33946997	0.00018490419	
S00100.iliopsoas.C0             	0.33947774	0.33955221	0.00010169497	
S00100.glut_max.C0              	-0.025678847	-0.025761093	7.0226049e-05	
S11000.iliopsoas.KL             	0.56120329	0.56119484	8.5743416e-05	
S11000.iliopsoas.L0             	0.38848389	0.38838724	9.5241659e-05	
S11000.iliopsoas-pelvis_tilt.P0 	-0.045510433	-0.045527087	7.5788355e-05	
S11000.iliopsoas-pelvis_tilt.KP 	0.01123428	0.011112959	0.00033888047	
S11000.iliopsoas-pelvis_tilt.KV 	0.14728973	0.14728687	8.8747204e-05	
S11000.iliopsoas-hamstrings.KL  	-8.3344419	-8.3308293	0.0030563429	
S11000.iliopsoas-hamstrings.L0  	1.1699019	1.1700795	7.1206052e-05	
S11000.hamstrings.KF            	0.57488785	0.57489081	6.8666452e-05	
S11000.glut_max.KF              	0.62285352	0.6228055	7.6606871e-05	
