pelvis_tilt.offset              	0.022437325	0.021538263	0.001166821	
hip_flexion_r.offset            	0.067539544	0.066009422	0.0011107888	
knee_angle_r.offset             	-0.0015207582	0.00024551121	0.0012075423	
ankle_angle_r.offset            	-0.05582229	-0.056953175	0.0015693901	
hip_flexion_l.offset            	-0.0052327003	-0.0048380278	0.0022293262	
knee_angle_l.offset             	0.056701325	0.055240563	0.0017148521	
ankle_angle_l.offset            	0.18891766	0.18702646	0.0016584003	
stance_load_threshold           	0.15339491	0.15279506	0.001814343	
S00111.tib_ant.KL               	1.2652869	1.2778946	0.029888162	
S00111.tib_ant.L0               	0.75778956	0.75531746	0.0032325604	
S00111.tib_ant.KS               	0.000173	0.00016357329	0.0012797111	
S11000.tib_ant.KL               	1.2064121	1.2021886	0.017045918	
S11000.tib_ant.L0               	0.73856885	0.7387779	0.0024892942	
S11000.tib_ant.KS               	0.03562451	0.035872887	0.0015839118	
S11111.tib_ant-soleus.KF        	-0.11049788	-0.10974449	0.0027071503	
S00111.soleus-tib_ant.KS        	-0.89402901	-0.85066638	0.034311463	
S11000.soleus-tib_ant.KS        	-3.2572565	-3.2463152	0.039970568	
S00111.gastroc-tib_ant.KS       	-0.32171493	-0.33033559	0.029687759	
S11000.gastroc-tib_ant.KS       	-1.7279112	-1.7104601	0.033229707	
S00111.tib_ant-gastroc.KS       	-0.00395169	-0.0037810715	0.25323119	
S11000.tib_ant-gastroc.KS       	-0.00366451	-0.0033961918	0.24750864	
S00111.tib_ant-soleus.KS        	-0.00313515	-0.0032923983	0.2599549	
S11000.tib_ant-soleus.KS        	-0.00313645	-0.0032883295	0.24891207	
S00111.gastroc.KL               	0.08315732	0.078915211	0.031660029	
S00111.gastroc.L0               	0.83882566	0.85263428	0.013157631	
S00111.gastroc.KF               	1.4101595	1.4095454	0.0016770084	
S00111.soleus.KL                	3.999673	4.0417041	0.029301433	
S00111.soleus.L0                	0.98234896	0.9784659	0.0076054771	
S00111.soleus.KF                	0.22442138	0.22605853	0.002445094	
S11000.gastroc.KL               	0.00837043	0.0087905082	0.025257258	
S11000.gastroc.L0               	0.51314106	0.51545549	0.01381256	
S11000.gastroc.KF               	-1.7940956	-1.810403	0.032468813	
S11000.soleus.KL                	0.76235452	0.81689039	0.057647642	
S11000.soleus.L0                	0.87242479	0.8825092	0.012766761	
S11000.soleus.KF                	-0.95885434	-0.91858286	0.053645012	
S00011.vasti.KF                 	0.83607183	0.8262031	0.0071408841	
S00011.vasti.C0                 	0.08119916	0.080564959	0.0016084711	
S00011.vasti-knee_angle.pos_max 	-0.29978932	-0.30172536	0.0024917525	
S00011.hamstrings-pelvis_tilt.KP	0.68155456	0.715613	0.028235613	
S00011.hamstrings-pelvis_tilt.KV	0.56846024	0.56778503	0.0014358585	
S00011.hamstrings-pelvis_tilt.C0	0.02778807	0.026519598	0.0031124013	
S00011.glut_max-pelvis_tilt.KP  	1.5537077	1.5057834	0.02336231	
S00011.glut_max-pelvis_tilt.KV  	0.31379355	0.31418849	0.0014585191	
S00011.glut_max-pelvis_tilt.C0  	0.15637639	0.15914541	0.0024596907	
S00011.iliopsoas-pelvis_tilt.KP 	-3.3311086	-3.4183785	0.039523503	
S00011.iliopsoas-pelvis_tilt.KV 	-0.54105711	-0.54497878	0.0017891908	
S00011.iliopsoas-pelvis_tilt.C0 	0.3301917	0.33099069	0.0038618321	
S00100.iliopsoas.C0             	0.33769072	0.33676774	0.0021187109	
S00100.glut_max.C0              	-0.02342065	-0.024650834	0.0016171047	
S11000.iliopsoas.KL             	0.56199569	0.56075396	0.0018102721	
S11000.iliopsoas.L0             	0.3889737	0.38767004	0.0020370954	
S11000.iliopsoas-pelvis_tilt.P0 	-0.04346551	-0.044781476	0.001609531	
S11000.iliopsoas-pelvis_tilt.KP 	0.01196527	0.011491138	0.010167748	
S11000.iliopsoas-pelvis_tilt.KV 	0.14861134	0.14686052	0.0018673315	
S11000.iliopsoas-hamstrings.KL  	-8.2904405	-8.2734183	0.065857745	
S11000.iliopsoas-hamstrings.L0  	1.1687221	1.1685286	0.0015041307	
S11000.hamstrings.KF            	0.57809599	0.57757272	0.0014557572	
S11000.glut_max.KF              	0.6225047	0.62197006	0.0016478386	
