pelvis_tilt.offset              	0.021843101	0.022498443	0.0011557282	
hip_flexion_r.offset            	0.066560769	0.066286196	0.0011024813	
knee_angle_r.offset             	2.3541021e-05	-0.00064538215	0.0011979884	
ankle_angle_r.offset            	-0.056903852	-0.056750783	0.0015571625	
hip_flexion_l.offset            	-0.0061541945	-0.0048827531	0.0022065675	
knee_angle_l.offset             	0.055438516	0.055588299	0.0016972963	
ankle_angle_l.offset            	0.18915947	0.18775618	0.0016406629	
stance_load_threshold           	0.14965702	0.15227873	0.0017976541	
S00111.tib_ant.KL               	1.3098358	1.2967791	0.029549267	
S00111.tib_ant.L0               	0.75406679	0.75655972	0.003200889	
S00111.tib_ant.KS               	0.000173	0.00016492819	0.0012611085	
S11000.tib_ant.KL               	1.2109096	1.2028295	0.016876248	
S11000.tib_ant.L0               	0.73435021	0.73864332	0.0024620033	
S11000.tib_ant.KS               	0.035622416	0.036246234	0.0015641161	
S11111.tib_ant-soleus.KF        	-0.11005811	-0.11114299	0.0026856558	
S00111.soleus-tib_ant.KS        	-0.89402901	-0.86629374	0.033931864	
S11000.soleus-tib_ant.KS        	-3.2509818	-3.2738706	0.039606999	
S00111.gastroc-tib_ant.KS       	-0.35557966	-0.33196201	0.029283432	
S11000.gastroc-tib_ant.KS       	-1.7209525	-1.7131758	0.032877105	
S00111.tib_ant-gastroc.KS       	-0.00395169	-0.0037964144	0.24955001	
S11000.tib_ant-gastroc.KS       	-0.00366451	-0.0035102342	0.24391065	
S00111.tib_ant-soleus.KS        	-0.00313515	-0.003261891	0.25617598	
S11000.tib_ant-soleus.KS        	-0.00313645	-0.0033393586	0.24529367	
S00111.gastroc.KL               	0.08315732	0.07705938	0.031202018	
S00111.gastroc.L0               	0.85601009	0.85838752	0.013029392	
S00111.gastroc.KF               	1.408973	1.4094897	0.001658063	
S00111.soleus.KL                	4.0436454	4.0037492	0.029160046	
S00111.soleus.L0                	0.9705176	0.97524674	0.0075433777	
S00111.soleus.KF                	0.22767593	0.22479447	0.0024286469	
S11000.gastroc.KL               	0.00925153	0.008647865	0.024890135	
S11000.gastroc.L0               	0.51193637	0.51375469	0.013674747	
S11000.gastroc.KF               	-1.8209451	-1.7826123	0.032177894	
S11000.soleus.KL                	0.78876525	0.80599625	0.056937465	
S11000.soleus.L0                	0.8848203	0.88539426	0.01266885	
S11000.soleus.KF                	-0.88131091	-0.92121744	0.052985089	
S00011.vasti.KF                 	0.83196036	0.83343012	0.0070917763	
S00011.vasti.C0                 	0.08103992	0.080856665	0.0015901926	
S00011.vasti-knee_angle.pos_max 	-0.30050148	-0.30035659	0.0024687749	
S00011.hamstrings-pelvis_tilt.KP	0.67099736	0.71392043	0.027944243	
S00011.hamstrings-pelvis_tilt.KV	0.56779575	0.56847378	0.0014227567	
S00011.hamstrings-pelvis_tilt.C0	0.02514159	0.026883531	0.0030694571	
S00011.glut_max-pelvis_tilt.KP  	1.5011067	1.5186684	0.023172939	
S00011.glut_max-pelvis_tilt.KV  	0.31354383	0.3137594	0.0014455032	
S00011.glut_max-pelvis_tilt.C0  	0.15706086	0.1595304	0.0024409518	
S00011.iliopsoas-pelvis_tilt.KP 	-3.3754281	-3.4110011	0.039249164	
S00011.iliopsoas-pelvis_tilt.KV 	-0.54357641	-0.54374316	0.0017804182	
S00011.iliopsoas-pelvis_tilt.C0 	0.32673672	0.33032821	0.0038232197	
S00100.iliopsoas.C0             	0.33548697	0.3369861	0.0020995217	
S00100.glut_max.C0              	-0.023458462	-0.025011476	0.0015967039	
S11000.iliopsoas.KL             	0.56067964	0.56154949	0.0017919206	
S11000.iliopsoas.L0             	0.38944322	0.38696938	0.0020183849	
S11000.iliopsoas-pelvis_tilt.P0 	-0.04641831	-0.045035495	0.0015924739	
S11000.iliopsoas-pelvis_tilt.KP 	0.01196527	0.011310011	0.010020115	
S11000.iliopsoas-pelvis_tilt.KV 	0.14809773	0.1473127	0.0018492841	
S11000.iliopsoas-hamstrings.KL  	-8.2976595	-8.3017958	0.065298313	
S11000.iliopsoas-hamstrings.L0  	1.1717264	1.1693159	0.0014958059	
S11000.hamstrings.KF            	0.57664768	0.57669222	0.0014488372	
S11000.glut_max.KF              	0.6245782	0.62226907	0.0016306641	
