pelvis_tilt.offset              	0.02356264	0.023670128	0.00028255327	
hip_flexion_r.offset            	0.065698625	0.066148506	0.00026869043	
knee_angle_r.offset             	0.00045870248	0.00051935238	0.00029678357	
ankle_angle_r.offset            	-0.057606593	-0.057735661	0.00037865028	
hip_flexion_l.offset            	-0.0050683674	-0.0053825114	0.00054155122	
knee_angle_l.offset             	0.059820063	0.059700914	0.00041895351	
ankle_angle_l.offset            	0.19121567	0.19154663	0.00040362447	
stance_load_threshold           	0.15365414	0.152656	0.00044306661	
S00111.tib_ant.KL               	1.2964588	1.2865849	0.0071975273	
S00111.tib_ant.L0               	0.75341092	0.75456149	0.00076811229	
S00111.tib_ant.KS               	0.000173	0.0001664929	0.00026745019	
S11000.tib_ant.KL               	1.2024843	1.2034845	0.0041762666	
S11000.tib_ant.L0               	0.73624582	0.73723175	0.0006030478	
S11000.tib_ant.KS               	0.036620623	0.036199259	0.0003742765	
S11111.tib_ant-soleus.KF        	-0.1134779	-0.11404545	0.00065776392	
S00111.soleus-tib_ant.KS        	-0.82915763	-0.83634865	0.0080657492	
S11000.soleus-tib_ant.KS        	-3.3131109	-3.3059504	0.0096839029	
S00111.gastroc-tib_ant.KS       	-0.32976382	-0.32981521	0.0066523899	
S11000.gastroc-tib_ant.KS       	-1.7561892	-1.7483834	0.0079205988	
S00111.tib_ant-gastroc.KS       	-0.00357534	-0.0038235419	0.05292153	
S11000.tib_ant-gastroc.KS       	-0.00331551	-0.0035616727	0.051725598	
S00111.tib_ant-soleus.KS        	-0.00346517	-0.0033351819	0.054326678	
S11000.tib_ant-soleus.KS        	-0.0034666	-0.003347935	0.052018892	
S00111.gastroc.KL               	0.078920217	0.07825319	0.0066860938	
S00111.gastroc.L0               	0.85346864	0.85163539	0.0031935524	
S00111.gastroc.KF               	1.4121603	1.4122103	0.00040523068	
S00111.soleus.KL                	4.0407823	4.0456753	0.007220783	
S00111.soleus.L0                	0.96727248	0.96528189	0.0018438157	
S00111.soleus.KF                	0.22815789	0.2288789	0.000596354	
S11000.gastroc.KL               	0.00925153	0.0088530706	0.0052797736	
S11000.gastroc.L0               	0.50816238	0.50670667	0.0033259617	
S11000.gastroc.KF               	-1.7746905	-1.7631819	0.0078445906	
S11000.soleus.KL                	0.81181917	0.81977463	0.013246029	
S11000.soleus.L0                	0.89916734	0.89394592	0.0030843136	
S11000.soleus.KF                	-0.9000301	-0.91754788	0.012462735	
S00011.vasti.KF                 	0.83767845	0.83934154	0.0017810002	
S00011.vasti.C0                 	0.08080242	0.080625953	0.00037114862	
S00011.vasti-knee_angle.pos_max 	-0.30343787	-0.3042956	0.00059485595	
S00011.hamstrings-pelvis_tilt.KP	0.70414874	0.70404539	0.006716439	
S00011.hamstrings-pelvis_tilt.KV	0.56996653	0.56951972	0.00034986234	
S00011.hamstrings-pelvis_tilt.C0	0.027637779	0.026806855	0.00069102825	
S00011.glut_max-pelvis_tilt.KP  	1.5344183	1.527287	0.0056302687	
S00011.glut_max-pelvis_tilt.KV  	0.31383549	0.31332904	0.00035625691	
S00011.glut_max-pelvis_tilt.C0  	0.16635436	0.16584968	0.0006093152	
S00011.iliopsoas-pelvis_tilt.KP 	-3.373209	-3.3779123	0.0097105236	
S00011.iliopsoas-pelvis_tilt.KV 	-0.54628072	-0.54577965	0.00043494391	
S00011.iliopsoas-pelvis_tilt.C0 	0.34236158	0.34154098	0.00098276618	
S00100.iliopsoas.C0             	0.33469256	0.33449722	0.00052794461	
S00100.glut_max.C0              	-0.025292779	-0.025312838	0.00037359432	
S11000.iliopsoas.KL             	0.56004765	0.56017365	0.00043546458	
S11000.iliopsoas.L0             	0.38808439	0.38809438	0.0004917368	
S11000.iliopsoas-pelvis_tilt.P0 	-0.0463208	-0.045410534	0.00037727835	
S11000.iliopsoas-pelvis_tilt.KP 	0.01196527	0.011445423	0.002130305	
S11000.iliopsoas-pelvis_tilt.KV 	0.1505666	0.15051575	0.00045212437	
S11000.iliopsoas-hamstrings.KL  	-8.2981809	-8.2614137	0.015914484	
S11000.iliopsoas-hamstrings.L0  	1.1725498	1.1725195	0.00038239239	
S11000.hamstrings.KF            	0.57712514	0.57714047	0.00036042813	
S11000.glut_max.KF              	0.62130245	0.62087115	0.00040448887	
