pelvis_tilt.offset              	0.023739321	0.023825714	0.00023365184	
hip_flexion_r.offset            	0.066620783	0.066515145	0.00022368973	
knee_angle_r.offset             	6.6413291e-05	0.00054836311	0.0002459357	
ankle_angle_r.offset            	-0.057933721	-0.057854622	0.00031196885	
hip_flexion_l.offset            	-0.0056900397	-0.0053577593	0.00044738139	
knee_angle_l.offset             	0.05930433	0.059612879	0.00034487349	
ankle_angle_l.offset            	0.19054033	0.19097438	0.00033486686	
stance_load_threshold           	0.15309287	0.15272366	0.00036691341	
S00111.tib_ant.KL               	1.2797105	1.2809117	0.0060107362	
S00111.tib_ant.L0               	0.75469065	0.75390285	0.00062746596	
S00111.tib_ant.KS               	0.000173	0.00016512309	0.00021040181	
S11000.tib_ant.KL               	1.2099977	1.2120154	0.0034593204	
S11000.tib_ant.L0               	0.73713757	0.73707614	0.0004951963	
S11000.tib_ant.KS               	0.0364866	0.036537017	0.00031071393	
S11111.tib_ant-soleus.KF        	-0.11223563	-0.11317622	0.00054300532	
S00111.soleus-tib_ant.KS        	-0.85047101	-0.84172087	0.0066596418	
S11000.soleus-tib_ant.KS        	-3.3225376	-3.3188994	0.0080378873	
S00111.gastroc-tib_ant.KS       	-0.32171493	-0.32481549	0.0053939944	
S11000.gastroc-tib_ant.KS       	-1.7653058	-1.7613528	0.0065314793	
S00111.tib_ant-gastroc.KS       	-0.00357534	-0.0037712697	0.041630498	
S11000.tib_ant-gastroc.KS       	-0.00331551	-0.003554466	0.040689718	
S00111.tib_ant-soleus.KS        	-0.00346517	-0.0033806971	0.04273584	
S11000.tib_ant-soleus.KS        	-0.00313645	-0.0032433482	0.040920433	
S00111.gastroc.KL               	0.082666596	0.078440962	0.0053388343	
S00111.gastroc.L0               	0.85281135	0.85525619	0.0026582251	
S00111.gastroc.KF               	1.4114453	1.4114296	0.00033604399	
S00111.soleus.KL                	4.0463555	4.0482787	0.0059875738	
S00111.soleus.L0                	0.96208743	0.96525681	0.0015259573	
S00111.soleus.KF                	0.22778165	0.22850267	0.00049390419	
S11000.gastroc.KL               	0.00925153	0.008909602	0.0041551535	
S11000.gastroc.L0               	0.50897351	0.50820616	0.0027635275	
S11000.gastroc.KF               	-1.7602023	-1.769881	0.0064839434	
S11000.soleus.KL                	0.8268936	0.83079216	0.01087696	
S11000.soleus.L0                	0.89028303	0.89165643	0.0025537834	
S11000.soleus.KF                	-0.90301123	-0.90973641	0.010272936	
S00011.vasti.KF                 	0.84251616	0.83889917	0.0014695802	
S00011.vasti.C0                 	0.080649204	0.080463324	0.00030579396	
S00011.vasti-knee_angle.pos_max 	-0.30420956	-0.30388094	0.00048746743	
S00011.hamstrings-pelvis_tilt.KP	0.70112489	0.70229827	0.0055921984	
S00011.hamstrings-pelvis_tilt.KV	0.5694527	0.56928239	0.0002885616	
S00011.hamstrings-pelvis_tilt.C0	0.025610349	0.026470295	0.00056980881	
S00011.glut_max-pelvis_tilt.KP  	1.5201485	1.5239249	0.0047168161	
S00011.glut_max-pelvis_tilt.KV  	0.31370661	0.31397181	0.00029368743	
S00011.glut_max-pelvis_tilt.C0  	0.16562082	0.16534626	0.00050503292	
S00011.iliopsoas-pelvis_tilt.KP 	-3.3612557	-3.3505823	0.0082062204	
S00011.iliopsoas-pelvis_tilt.KV 	-0.54655522	-0.54672083	0.00036209903	
S00011.iliopsoas-pelvis_tilt.C0 	0.34014422	0.34012367	0.00081578623	
S00100.iliopsoas.C0             	0.33461578	0.33486504	0.00043621601	
S00100.glut_max.C0              	-0.025140295	-0.025186909	0.00030727681	
S11000.iliopsoas.KL             	0.56213664	0.56173557	0.00036534886	
S11000.iliopsoas.L0             	0.38857389	0.38810487	0.00040108823	
S11000.iliopsoas-pelvis_tilt.P0 	-0.045062373	-0.045515848	0.00031414639	
S11000.iliopsoas-pelvis_tilt.KP 	0.010944057	0.011199947	0.001682699	
S11000.iliopsoas-pelvis_tilt.KV 	0.14998781	0.15026104	0.00037314853	
S11000.iliopsoas-hamstrings.KL  	-8.2699142	-8.2709544	0.013164203	
S11000.iliopsoas-hamstrings.L0  	1.1722798	1.1725635	0.00031403477	
S11000.hamstrings.KF            	0.5768362	0.5772879	0.00029585684	
S11000.glut_max.KF              	0.62046187	0.62038389	0.00033611612	
