pelvis_tilt.offset              	0.024236821	0.024327172	0.00020441096	
hip_flexion_r.offset            	0.066637351	0.066734269	0.00019684148	
knee_angle_r.offset             	0.00058603092	0.00060310029	0.0002156028	
ankle_angle_r.offset            	-0.057924725	-0.057902257	0.00027365413	
hip_flexion_l.offset            	-0.0054552829	-0.0056284949	0.00039265617	
knee_angle_l.offset             	0.059461174	0.0596947	0.00030157083	
ankle_angle_l.offset            	0.19074313	0.19068035	0.00029501112	
stance_load_threshold           	0.15311218	0.15334345	0.00032190155	
S00111.tib_ant.KL               	1.2708637	1.2816238	0.0052794025	
S00111.tib_ant.L0               	0.7538263	0.75338823	0.00054653794	
S00111.tib_ant.KS               	0.00015652	0.00016358308	0.00017857758	
S11000.tib_ant.KL               	1.2071394	1.2068604	0.0030397661	
S11000.tib_ant.L0               	0.73745909	0.73722046	0.00043432073	
S11000.tib_ant.KS               	0.036411921	0.036244599	0.00027155406	
S11111.tib_ant-soleus.KF        	-0.11295121	-0.11245316	0.00047623907	
S00111.soleus-tib_ant.KS        	-0.83520883	-0.84627374	0.0058559402	
S11000.soleus-tib_ant.KS        	-3.3022595	-3.3137547	0.0070388439	
S00111.gastroc-tib_ant.KS       	-0.32474516	-0.32740756	0.0046763402	
S11000.gastroc-tib_ant.KS       	-1.7690597	-1.761537	0.0057054997	
S00111.tib_ant-gastroc.KS       	-0.00395169	-0.0038243883	0.03533163	
S11000.tib_ant-gastroc.KS       	-0.00331551	-0.0034587147	0.034533193	
S00111.tib_ant-soleus.KS        	-0.00313515	-0.0033033897	0.036269721	
S11000.tib_ant-soleus.KS        	-0.00313645	-0.0032519217	0.034728995	
S00111.gastroc.KL               	0.07523758	0.078150649	0.0045840196	
S00111.gastroc.L0               	0.86030641	0.85668002	0.0023381968	
S00111.gastroc.KF               	1.4112609	1.4114137	0.00029501583	
S00111.soleus.KL                	4.0458513	4.0455253	0.0052539206	
S00111.soleus.L0                	0.96582693	0.96625798	0.0013490602	
S00111.soleus.KF                	0.22763921	0.22826071	0.00043172921	
S11000.gastroc.KL               	0.00925153	0.008882647	0.0035278354	
S11000.gastroc.L0               	0.5034137	0.50648346	0.0024141144	
S11000.gastroc.KF               	-1.7669192	-1.7661691	0.0057059289	
S11000.soleus.KL                	0.84131286	0.83442572	0.0094191968	
S11000.soleus.L0                	0.88754966	0.88925162	0.0022412018	
S11000.soleus.KF                	-0.88798473	-0.90926021	0.0089599786	
S00011.vasti.KF                 	0.84314578	0.84138821	0.0012968076	
S00011.vasti.C0                 	0.080544746	0.080430881	0.00026486114	
S00011.vasti-knee_angle.pos_max 	-0.30288316	-0.30381349	0.00042921304	
S00011.hamstrings-pelvis_tilt.KP	0.69269739	0.69801265	0.0049179344	
S00011.hamstrings-pelvis_tilt.KV	0.56932996	0.56925228	0.00025308028	
S00011.hamstrings-pelvis_tilt.C0	0.026750078	0.026544337	0.00049765409	
S00011.glut_max-pelvis_tilt.KP  	1.5234891	1.524498	0.0040968709	
S00011.glut_max-pelvis_tilt.KV  	0.31420323	0.31432387	0.00026028084	
S00011.glut_max-pelvis_tilt.C0  	0.16473635	0.16511272	0.00043957672	
S00011.iliopsoas-pelvis_tilt.KP 	-3.3455427	-3.3465523	0.0072862863	
S00011.iliopsoas-pelvis_tilt.KV 	-0.54760344	-0.5470313	0.0003219734	
S00011.iliopsoas-pelvis_tilt.C0 	0.34152295	0.34113545	0.00071666714	
S00100.iliopsoas.C0             	0.33472587	0.33480998	0.0003791645	
S00100.glut_max.C0              	-0.025481502	-0.025323756	0.0002686226	
S11000.iliopsoas.KL             	0.56164625	0.56152141	0.0003221229	
S11000.iliopsoas.L0             	0.38841015	0.38861852	0.00035117786	
S11000.iliopsoas-pelvis_tilt.P0 	-0.04484987	-0.044694501	0.00027724206	
S11000.iliopsoas-pelvis_tilt.KP 	0.01082572	0.011544272	0.0014331521	
S11000.iliopsoas-pelvis_tilt.KV 	0.14988651	0.14995265	0.00032812413	
S11000.iliopsoas-hamstrings.KL  	-8.2773759	-8.2794665	0.011526299	
S11000.iliopsoas-hamstrings.L0  	1.172672	1.1725075	0.00027378924	
S11000.hamstrings.KF            	0.57762677	0.57742888	0.0002592948	
S11000.glut_max.KF              	0.61997337	0.62030644	0.00029310706	
