pelvis_tilt.offset              	0.024252392	0.024220481	0.00012151425	
hip_flexion_r.offset            	0.066753053	0.066761338	0.00011645169	
knee_angle_r.offset             	7.3096504e-05	6.4512606e-05	0.0001283528	
ankle_angle_r.offset            	-0.057734055	-0.057683216	0.00015965122	
hip_flexion_l.offset            	-0.0062043387	-0.0062850597	0.00023033249	
knee_angle_l.offset             	0.060331265	0.060210116	0.00018084867	
ankle_angle_l.offset            	0.19046728	0.19053457	0.00017399159	
stance_load_threshold           	0.15229626	0.15227095	0.00019483259	
S00111.tib_ant.KL               	1.2747211	1.2749656	0.0031437264	
S00111.tib_ant.L0               	0.75287803	0.7528752	0.00031675193	
S00111.tib_ant.KS               	0.000173	0.00016570966	8.9000505e-05	
S11000.tib_ant.KL               	1.2126235	1.2104611	0.0017882172	
S11000.tib_ant.L0               	0.73713385	0.73691824	0.00025422497	
S11000.tib_ant.KS               	0.036275455	0.036181916	0.00016082877	
S11111.tib_ant-soleus.KF        	-0.11207681	-0.11229879	0.00028240259	
S00111.soleus-tib_ant.KS        	-0.85139266	-0.85085411	0.0034983105	
S11000.soleus-tib_ant.KS        	-3.2978298	-3.2932888	0.0041653768	
S00111.gastroc-tib_ant.KS       	-0.32718455	-0.32535322	0.0026799733	
S11000.gastroc-tib_ant.KS       	-1.7369365	-1.7418581	0.0034194426	
S00111.tib_ant-gastroc.KS       	-0.00357534	-0.0037489356	0.017593423	
S11000.tib_ant-gastroc.KS       	-0.00366451	-0.0034198985	0.017195821	
S00111.tib_ant-soleus.KS        	-0.00346517	-0.0032877263	0.018060489	
S11000.tib_ant-soleus.KS        	-0.00313645	-0.0033273555	0.017293306	
S00111.gastroc.KL               	0.078698995	0.078790347	0.0025323992	
S00111.gastroc.L0               	0.85818382	0.85864408	0.0013629537	
S00111.gastroc.KF               	1.4129287	1.4123545	0.00017603541	
S00111.soleus.KL                	4.0514622	4.0453811	0.0030762037	
S00111.soleus.L0                	0.97285533	0.97130757	0.0008063363	
S00111.soleus.KF                	0.22882253	0.22829605	0.000258716	
S11000.gastroc.KL               	0.00837043	0.008849967	0.0017668797	
S11000.gastroc.L0               	0.50348899	0.50270287	0.001437243	
S11000.gastroc.KF               	-1.7628818	-1.7673087	0.0033688566	
S11000.soleus.KL                	0.82380876	0.82132717	0.0054504813	
S11000.soleus.L0                	0.87812268	0.87902257	0.001375594	
S11000.soleus.KF                	-0.89213189	-0.89901274	0.0053322447	
S00011.vasti.KF                 	0.84843403	0.84669636	0.00079358415	
S00011.vasti.C0                 	0.079950441	0.080182796	0.0001529998	
S00011.vasti-knee_angle.pos_max 	-0.30374194	-0.30377903	0.00025334893	
S00011.hamstrings-pelvis_tilt.KP	0.68836776	0.68753616	0.0029289341	
S00011.hamstrings-pelvis_tilt.KV	0.56907401	0.56906214	0.00015075864	
S00011.hamstrings-pelvis_tilt.C0	0.025853004	0.025987391	0.00029643534	
S00011.glut_max-pelvis_tilt.KP  	1.5366577	1.5350774	0.0024309491	
S00011.glut_max-pelvis_tilt.KV  	0.31376952	0.31353225	0.00015638023	
S00011.glut_max-pelvis_tilt.C0  	0.16428122	0.16453175	0.00025874953	
S00011.iliopsoas-pelvis_tilt.KP 	-3.3697678	-3.3690437	0.004333428	
S00011.iliopsoas-pelvis_tilt.KV 	-0.5468171	-0.54683428	0.00018943083	
S00011.iliopsoas-pelvis_tilt.C0 	0.33900789	0.33964357	0.00042348153	
S00100.iliopsoas.C0             	0.33344431	0.33359061	0.00022804455	
S00100.glut_max.C0              	-0.025020109	-0.024922009	0.00016061892	
S11000.iliopsoas.KL             	0.56156526	0.56138111	0.00018984828	
S11000.iliopsoas.L0             	0.38897425	0.38910339	0.00021011272	
S11000.iliopsoas-pelvis_tilt.P0 	-0.044871377	-0.045027016	0.0001636606	
S11000.iliopsoas-pelvis_tilt.KP 	0.011172586	0.01149515	0.00074404633	
S11000.iliopsoas-pelvis_tilt.KV 	0.14955784	0.14978422	0.00019074224	
S11000.iliopsoas-hamstrings.KL  	-8.2591804	-8.2604358	0.0067213783	
S11000.iliopsoas-hamstrings.L0  	1.1732721	1.1733976	0.00016315079	
S11000.hamstrings.KF            	0.57789944	0.57792507	0.00015284677	
S11000.glut_max.KF              	0.62054167	0.62050252	0.00017500216	
