pelvis_tilt.offset              	0.024328417	0.024265179	5.1138738e-05	
hip_flexion_r.offset            	0.066638104	0.066721603	4.8931642e-05	
knee_angle_r.offset             	-0.00025208582	-0.00033396091	5.5582455e-05	
ankle_angle_r.offset            	-0.057708783	-0.057748955	6.9024739e-05	
hip_flexion_l.offset            	-0.0057524344	-0.0057250024	9.7133482e-05	
knee_angle_l.offset             	0.060629062	0.060541585	7.7206817e-05	
ankle_angle_l.offset            	0.19048047	0.19042467	7.3587194e-05	
stance_load_threshold           	0.15280618	0.15269784	8.2479659e-05	
S00111.tib_ant.KL               	1.2608552	1.2604693	0.0013352397	
S00111.tib_ant.L0               	0.75207069	0.75212064	0.00013576992	
S00111.tib_ant.KS               	0.000173	0.00016342606	2.778789e-05	
S11000.tib_ant.KL               	1.2087825	1.2088281	0.00075252382	
S11000.tib_ant.L0               	0.73629843	0.7363606	0.00010624549	
S11000.tib_ant.KS               	0.036112825	0.036164157	6.9224708e-05	
S11111.tib_ant-soleus.KF        	-0.1115687	-0.11153038	0.00011721204	
S00111.soleus-tib_ant.KS        	-0.84758614	-0.84831707	0.0014787646	
S11000.soleus-tib_ant.KS        	-3.2799701	-3.280885	0.0017882883	
S00111.gastroc-tib_ant.KS       	-0.32879242	-0.32870186	0.0011201566	
S11000.gastroc-tib_ant.KS       	-1.7462802	-1.743114	0.0014184683	
S00111.tib_ant-gastroc.KS       	-0.00357534	-0.0036939619	0.005440423	
S11000.tib_ant-gastroc.KS       	-0.00331551	-0.0035501661	0.005317442	
S00111.tib_ant-soleus.KS        	-0.00346517	-0.0033172254	0.005584656	
S11000.tib_ant-soleus.KS        	-0.00313645	-0.0033414438	0.0053474829	
S00111.gastroc.KL               	0.081091952	0.079334929	0.0010227899	
S00111.gastroc.L0               	0.8579127	0.85740241	0.00057885007	
S00111.gastroc.KF               	1.4125198	1.4124625	7.3875694e-05	
S00111.soleus.KL                	4.0420816	4.0411292	0.0013624539	
S00111.soleus.L0                	0.97059922	0.97093302	0.00033544803	
S00111.soleus.KF                	0.22896363	0.22895001	0.00011341636	
S11000.gastroc.KL               	0.0083963022	0.0088070796	0.00057536769	
S11000.gastroc.L0               	0.50637593	0.50694465	0.00061645926	
S11000.gastroc.KF               	-1.7763674	-1.7759501	0.0014409693	
S11000.soleus.KL                	0.80652174	0.80399801	0.0024271242	
S11000.soleus.L0                	0.88284577	0.88221777	0.000595421	
S11000.soleus.KF                	-0.91344489	-0.912847	0.0022534289	
S00011.vasti.KF                 	0.8457927	0.84595972	0.00032991111	
S00011.vasti.C0                 	0.080321233	0.080308499	6.4063344e-05	
S00011.vasti-knee_angle.pos_max 	-0.30390195	-0.30375566	0.0001074335	
S00011.hamstrings-pelvis_tilt.KP	0.68473044	0.68432453	0.0012533795	
S00011.hamstrings-pelvis_tilt.KV	0.56936173	0.56939669	6.5356257e-05	
S00011.hamstrings-pelvis_tilt.C0	0.025688815	0.025570044	0.00012407685	
S00011.glut_max-pelvis_tilt.KP  	1.5376993	1.5368178	0.0010271249	
S00011.glut_max-pelvis_tilt.KV  	0.31402004	0.31401059	6.7941235e-05	
S00011.glut_max-pelvis_tilt.C0  	0.16525748	0.1653096	0.00011255048	
S00011.iliopsoas-pelvis_tilt.KP 	-3.3630855	-3.3644758	0.0018548843	
S00011.iliopsoas-pelvis_tilt.KV 	-0.54715168	-0.54714576	8.196755e-05	
S00011.iliopsoas-pelvis_tilt.C0 	0.3407342	0.34065624	0.0001815712	
S00100.iliopsoas.C0             	0.33254996	0.33254051	9.923777e-05	
S00100.glut_max.C0              	-0.025837114	-0.025668283	6.7207762e-05	
S11000.iliopsoas.KL             	0.56153156	0.56154368	8.1876604e-05	
S11000.iliopsoas.L0             	0.38879334	0.38892336	8.8335313e-05	
S11000.iliopsoas-pelvis_tilt.P0 	-0.045693008	-0.045632317	7.0937237e-05	
S11000.iliopsoas-pelvis_tilt.KP 	0.011432732	0.011436445	0.00027907016	
S11000.iliopsoas-pelvis_tilt.KV 	0.15029807	0.15013151	8.1994568e-05	
S11000.iliopsoas-hamstrings.KL  	-8.2722638	-8.2735138	0.0028322222	
S11000.iliopsoas-hamstrings.L0  	1.1736839	1.1735929	7.070618e-05	
S11000.hamstrings.KF            	0.57790655	0.57797302	6.4507076e-05	
S11000.glut_max.KF              	0.62070586	0.62069645	7.574556e-05	
