pelvis_tilt.offset              	0.02430927	0.024367001	4.3148471e-05	
hip_flexion_r.offset            	0.066604633	0.066643792	4.1972346e-05	
knee_angle_r.offset             	-0.00030749228	-0.00026056981	4.6894367e-05	
ankle_angle_r.offset            	-0.057530013	-0.057658382	5.8149742e-05	
hip_flexion_l.offset            	-0.0055675926	-0.0057425251	8.1149114e-05	
knee_angle_l.offset             	0.060822494	0.060732025	6.687939e-05	
ankle_angle_l.offset            	0.19038766	0.19043926	6.1986256e-05	
stance_load_threshold           	0.1526124	0.1525768	7.0458342e-05	
S00111.tib_ant.KL               	1.2622095	1.2625495	0.0011485324	
S00111.tib_ant.L0               	0.75231789	0.7522298	0.00011391003	
S00111.tib_ant.KS               	0.000173	0.00016270333	2.1286496e-05	
S11000.tib_ant.KL               	1.2091927	1.2085535	0.00063552504	
S11000.tib_ant.L0               	0.73679042	0.73661303	9.0648126e-05	
S11000.tib_ant.KS               	0.036333599	0.036367222	5.9103208e-05	
S11111.tib_ant-soleus.KF        	-0.11189897	-0.11190484	0.00010019206	
S00111.soleus-tib_ant.KS        	-0.84895062	-0.8483793	0.001249115	
S11000.soleus-tib_ant.KS        	-3.2776035	-3.278154	0.001499738	
S00111.gastroc-tib_ant.KS       	-0.32954891	-0.33074877	0.0009388535	
S11000.gastroc-tib_ant.KS       	-1.7394872	-1.7384821	0.0012107588	
S00111.tib_ant-gastroc.KS       	-0.00357534	-0.0038101509	0.0041327912	
S11000.tib_ant-gastroc.KS       	-0.00366451	-0.0035510702	0.0040393204	
S00111.tib_ant-soleus.KS        	-0.00346517	-0.0032693325	0.0042422339	
S11000.tib_ant-soleus.KS        	-0.0034666	-0.0033399433	0.0040620855	
S00111.gastroc.KL               	0.07845546	0.079557505	0.00086821113	
S00111.gastroc.L0               	0.85827267	0.85872242	0.0004984411	
S00111.gastroc.KF               	1.4124898	1.4124468	6.1278234e-05	
S00111.soleus.KL                	4.0398868	4.0395875	0.001140186	
S00111.soleus.L0                	0.97163752	0.9716421	0.0002836655	
S00111.soleus.KF                	0.228844	0.22881663	9.4255053e-05	
S11000.gastroc.KL               	0.008659046	0.0089737595	0.00045318479	
S11000.gastroc.L0               	0.5075865	0.50709091	0.00052526106	
S11000.gastroc.KF               	-1.7723698	-1.77352	0.0012027202	
S11000.soleus.KL                	0.80297677	0.80232568	0.0020251327	
S11000.soleus.L0                	0.88090135	0.88105349	0.00050582105	
S11000.soleus.KF                	-0.90217912	-0.90342255	0.0019204297	
S00011.vasti.KF                 	0.84677317	0.84668168	0.00027584673	
S00011.vasti.C0                 	0.080103332	0.08018796	5.3574837e-05	
S00011.vasti-knee_angle.pos_max 	-0.3035765	-0.30339196	9.2394404e-05	
S00011.hamstrings-pelvis_tilt.KP	0.68421926	0.68211563	0.0010810671	
S00011.hamstrings-pelvis_tilt.KV	0.56938985	0.56933451	5.4818345e-05	
S00011.hamstrings-pelvis_tilt.C0	0.025774931	0.025871628	0.00010426426	
S00011.glut_max-pelvis_tilt.KP  	1.5379545	1.5378549	0.0008610457	
S00011.glut_max-pelvis_tilt.KV  	0.31402618	0.31402793	5.6617648e-05	
S00011.glut_max-pelvis_tilt.C0  	0.16521022	0.16524485	9.5185131e-05	
S00011.iliopsoas-pelvis_tilt.KP 	-3.3594294	-3.3603941	0.0015642219	
S00011.iliopsoas-pelvis_tilt.KV 	-0.54754139	-0.54746607	6.946474e-05	
S00011.iliopsoas-pelvis_tilt.C0 	0.34052703	0.340721	0.0001512829	
S00100.iliopsoas.C0             	0.33265844	0.33254345	8.281017e-05	
S00100.glut_max.C0              	-0.025572875	-0.025580242	5.7114742e-05	
S11000.iliopsoas.KL             	0.56146156	0.56147731	7.062081e-05	
S11000.iliopsoas.L0             	0.38882712	0.38878132	7.4287848e-05	
S11000.iliopsoas-pelvis_tilt.P0 	-0.045363198	-0.045445412	5.9815239e-05	
S11000.iliopsoas-pelvis_tilt.KP 	0.011221488	0.011303013	0.00023354704	
S11000.iliopsoas-pelvis_tilt.KV 	0.15006878	0.15018186	6.9246602e-05	
S11000.iliopsoas-hamstrings.KL  	-8.2706445	-8.2695044	0.0023741666	
S11000.iliopsoas-hamstrings.L0  	1.1735451	1.1735371	5.9336396e-05	
S11000.hamstrings.KF            	0.5781127	0.57806121	5.4359188e-05	
S11000.glut_max.KF              	0.62047877	0.62056365	6.4316527e-05	
