pelvis_tilt.offset              	0.024584959	0.024592843	3.2074307e-05	
hip_flexion_r.offset            	0.066742245	0.066703115	3.0484505e-05	
knee_angle_r.offset             	-0.00026925002	-0.00024602316	3.3818219e-05	
ankle_angle_r.offset            	-0.057799947	-0.057793806	4.1868473e-05	
hip_flexion_l.offset            	-0.0057976502	-0.0058543392	5.8657881e-05	
knee_angle_l.offset             	0.061007749	0.06099298	4.8897815e-05	
ankle_angle_l.offset            	0.19037768	0.19038759	4.5478768e-05	
stance_load_threshold           	0.15238362	0.15223526	5.1708544e-05	
S00111.tib_ant.KL               	1.2644469	1.2643164	0.00082605486	
S00111.tib_ant.L0               	0.75233103	0.75233712	8.2190028e-05	
S00111.tib_ant.KS               	0.0001695511	0.00016340582	1.279175e-05	
S11000.tib_ant.KL               	1.2077842	1.2077551	0.00045804225	
S11000.tib_ant.L0               	0.7366846	0.73660306	6.645812e-05	
S11000.tib_ant.KS               	0.036213549	0.036212979	4.3854996e-05	
S11111.tib_ant-soleus.KF        	-0.11249062	-0.11239705	7.4556367e-05	
S00111.soleus-tib_ant.KS        	-0.84716761	-0.84686926	0.00092194505	
S11000.soleus-tib_ant.KS        	-3.2849211	-3.2852516	0.0011279827	
S00111.gastroc-tib_ant.KS       	-0.33459313	-0.3352896	0.00068362152	
S11000.gastroc-tib_ant.KS       	-1.733442	-1.7335719	0.00089940174	
S00111.tib_ant-gastroc.KS       	-0.00357534	-0.0037615865	0.0023835347	
S11000.tib_ant-gastroc.KS       	-0.0034371377	-0.0035130909	0.0023295414	
S00111.tib_ant-soleus.KS        	-0.00346517	-0.003330897	0.0024462102	
S11000.tib_ant-soleus.KS        	-0.0034666	-0.0032972836	0.0023424208	
S00111.gastroc.KL               	0.081475795	0.080812393	0.0006403925	
S00111.gastroc.L0               	0.85718618	0.85727942	0.0003670075	
S00111.gastroc.KF               	1.4124825	1.4124697	4.3581037e-05	
S00111.soleus.KL                	4.0424277	4.0417181	0.00082504094	
S00111.soleus.L0                	0.97159832	0.97159918	0.00020520877	
S00111.soleus.KF                	0.22867266	0.22871524	6.8426102e-05	
S11000.gastroc.KL               	0.00837043	0.008612114	0.00029689892	
S11000.gastroc.L0               	0.50926933	0.50897899	0.00038018605	
S11000.gastroc.KF               	-1.7694598	-1.7688292	0.00090643401	
S11000.soleus.KL                	0.80182493	0.80305205	0.0014283426	
S11000.soleus.L0                	0.88284718	0.88220988	0.00036194829	
S11000.soleus.KF                	-0.89672337	-0.89826768	0.0014204969	
S00011.vasti.KF                 	0.84630223	0.84639966	0.00019849786	
S00011.vasti.C0                 	0.080071013	0.080086236	3.9109513e-05	
S00011.vasti-knee_angle.pos_max 	-0.30350766	-0.30349137	6.6733119e-05	
S00011.hamstrings-pelvis_tilt.KP	0.68547765	0.68552403	0.00079924551	
S00011.hamstrings-pelvis_tilt.KV	0.56938189	0.56936225	3.9825909e-05	
S00011.hamstrings-pelvis_tilt.C0	0.026125929	0.026148326	7.6856386e-05	
S00011.glut_max-pelvis_tilt.KP  	1.5380342	1.5382742	0.00062155669	
S00011.glut_max-pelvis_tilt.KV  	0.31416421	0.31411527	4.131625e-05	
S00011.glut_max-pelvis_tilt.C0  	0.16523373	0.16522015	6.8508884e-05	
S00011.iliopsoas-pelvis_tilt.KP 	-3.3563705	-3.3567059	0.0011700021	
S00011.iliopsoas-pelvis_tilt.KV 	-0.54723832	-0.54715199	5.0837945e-05	
S00011.iliopsoas-pelvis_tilt.C0 	0.34119851	0.34121118	0.00011961463	
S00100.iliopsoas.C0             	0.33275329	0.33277101	6.0889937e-05	
S00100.glut_max.C0              	-0.025784049	-0.025778879	4.1664677e-05	
S11000.iliopsoas.KL             	0.56125204	0.56117674	5.3713051e-05	
S11000.iliopsoas.L0             	0.38872923	0.38881869	5.3671403e-05	
S11000.iliopsoas-pelvis_tilt.P0 	-0.045365104	-0.045352042	4.324025e-05	
S11000.iliopsoas-pelvis_tilt.KP 	0.011244046	0.011084401	0.00016767792	
S11000.iliopsoas-pelvis_tilt.KV 	0.15012148	0.15010555	4.9955852e-05	
S11000.iliopsoas-hamstrings.KL  	-8.2694873	-8.2666835	0.0017444704	
S11000.iliopsoas-hamstrings.L0  	1.1731815	1.1732433	4.3839711e-05	
S11000.hamstrings.KF            	0.57821466	0.57823897	3.9378331e-05	
S11000.glut_max.KF              	0.62043518	0.62047097	4.6026679e-05	
