pelvis_tilt.offset              	0.019700737	0.019699206	1.1924408e-05	
hip_flexion_r.offset            	0.067648591	0.067652172	1.0793138e-05	
knee_angle_r.offset             	-0.0025167998	-0.0025286933	1.38967e-05	
ankle_angle_r.offset            	-0.057190998	-0.057209908	1.5635831e-05	
hip_flexion_l.offset            	-0.011261961	-0.011278926	2.3586679e-05	
knee_angle_l.offset             	0.056675928	0.056690892	1.7558667e-05	
ankle_angle_l.offset            	0.18867788	0.1886822	1.5980148e-05	
stance_load_threshold           	0.15150512	0.15149023	1.7301507e-05	
S00111.tib_ant.KL               	1.2081858	1.2085071	0.00030975949	
S00111.tib_ant.L0               	0.75979994	0.75979589	2.9547617e-05	
S00111.tib_ant.KS               	0.00015890666	0.00016514996	5.5581421e-06	
S11000.tib_ant.KL               	1.212051	1.21229	0.00016761424	
S11000.tib_ant.L0               	0.73120631	0.73120321	2.4786026e-05	
S11000.tib_ant.KS               	0.036010838	0.036009473	1.5442685e-05	
S11111.tib_ant-soleus.KF        	-0.11442709	-0.11439604	2.5606249e-05	
S00111.soleus-tib_ant.KS        	-0.8634202	-0.8629568	0.00034434887	
S11000.soleus-tib_ant.KS        	-3.3270197	-3.3263396	0.00039215266	
S00111.gastroc-tib_ant.KS       	-0.33276402	-0.33265165	0.00026621681	
S11000.gastroc-tib_ant.KS       	-1.6638632	-1.6643672	0.00034424434	
S00111.tib_ant-gastroc.KS       	-0.00395169	-0.0037696956	0.00089855559	
S11000.tib_ant-gastroc.KS       	-0.00331551	-0.0035768455	0.00087746274	
S00111.tib_ant-soleus.KS        	-0.00313515	-0.0032770614	0.00092045769	
S11000.tib_ant-soleus.KS        	-0.00313645	-0.0032782427	0.00088191595	
S00111.gastroc.KL               	0.080887724	0.081527747	0.00025129824	
S00111.gastroc.L0               	0.81377937	0.81387105	0.00012539983	
S00111.gastroc.KF               	1.4113994	1.4114124	1.6877525e-05	
S00111.soleus.KL                	4.0559482	4.0565329	0.00030016405	
S00111.soleus.L0                	0.96171876	0.9617252	7.7297676e-05	
S00111.soleus.KF                	0.22705024	0.22707944	2.3685449e-05	
S11000.gastroc.KL               	0.0090585612	0.0091088644	0.00013330068	
S11000.gastroc.L0               	0.50949451	0.50944027	0.0001400298	
S11000.gastroc.KF               	-1.7836301	-1.7829719	0.00034095739	
S11000.gastroc.KS               	0.25934067	0.25936208	0.00027141781	
S11000.soleus.KL                	0.81354984	0.81444687	0.00054437975	
S11000.soleus.L0                	0.88934313	0.88922985	0.00013218941	
S11000.soleus.KF                	-0.93710504	-0.93738124	0.00054455562	
S11000.soleus.KS                	0.10898994	0.10924257	0.00035903115	
S00011.vasti.KF                 	0.82058577	0.82062609	7.2011443e-05	
S00011.vasti.C0                 	0.082879545	0.082861062	1.6070797e-05	
S00011.vasti-knee_angle.pos_max 	-0.30881826	-0.30883587	2.4966451e-05	
S00011.hamstrings-pelvis_tilt.KP	0.67793894	0.67749019	0.00028147252	
S00011.hamstrings-pelvis_tilt.KV	0.56452249	0.56452043	1.4437518e-05	
S00011.hamstrings-pelvis_tilt.C0	0.02639904	0.026395962	2.8073475e-05	
S00011.glut_max-pelvis_tilt.KP  	1.5271597	1.5270702	0.00022971513	
S00011.glut_max-pelvis_tilt.KV  	0.31415687	0.31415661	1.4723702e-05	
S00011.glut_max-pelvis_tilt.C0  	0.16197163	0.1619817	2.4408048e-05	
S00011.iliopsoas-pelvis_tilt.KP 	-3.4798432	-3.4795301	0.00039889604	
S00011.iliopsoas-pelvis_tilt.KV 	-0.54445021	-0.54442481	1.8212993e-05	
S00011.iliopsoas-pelvis_tilt.C0 	0.33371507	0.33371522	4.0596792e-05	
S00100.iliopsoas.C0             	0.34078728	0.3408242	2.1900718e-05	
S00100.glut_max.C0              	-0.024886803	-0.024893761	1.5563947e-05	
S11000.iliopsoas.KL             	0.55645583	0.55645282	1.9372627e-05	
S11000.iliopsoas.L0             	0.3862472	0.38624718	1.9913721e-05	
S11000.iliopsoas-pelvis_tilt.P0 	-0.046125342	-0.046114814	1.5858529e-05	
S11000.iliopsoas-pelvis_tilt.KP 	0.011240795	0.01121611	7.1088862e-05	
S11000.iliopsoas-pelvis_tilt.KV 	0.14571029	0.14570222	1.8861929e-05	
S11000.iliopsoas-hamstrings.KL  	-8.3342494	-8.3336827	0.00066982753	
S11000.iliopsoas-hamstrings.L0  	1.1702648	1.1702554	1.515839e-05	
S11000.hamstrings.KF            	0.57553603	0.57555405	1.4131248e-05	
S11000.glut_max.KF              	0.62199916	0.62204666	1.5849438e-05	
