pelvis_tilt.offset              	0.020366145	0.021670841	0.0013292955	
hip_flexion_r.offset            	0.068120129	0.068684469	0.0012537163	
knee_angle_r.offset             	0.0019382483	0.00063359114	0.0013707432	
ankle_angle_r.offset            	-0.056557433	-0.057324656	0.0017951385	
hip_flexion_l.offset            	-0.0040298331	-0.0061923456	0.0025434822	
knee_angle_l.offset             	0.055944095	0.057566701	0.0019569893	
ankle_angle_l.offset            	0.18889594	0.18759533	0.0018733469	
stance_load_threshold           	0.15225507	0.15270536	0.0020610019	
S00111.tib_ant.KL               	1.3119505	1.2654819	0.034204241	
S00111.tib_ant.L0               	0.76266555	0.76102683	0.0036651068	
S00111.tib_ant.KS               	0.00015652	0.00016659322	0.00148381	
S11000.tib_ant.KL               	1.2330198	1.1983427	0.019454657	
S11000.tib_ant.L0               	0.73652003	0.73683742	0.0028308209	
S11000.tib_ant.KS               	0.035586656	0.036320263	0.0018133292	
S11111.tib_ant-soleus.KF        	-0.10714606	-0.11222345	0.003084273	
S00111.soleus-tib_ant.KS        	-0.89402901	-0.86310767	0.039383761	
S11000.soleus-tib_ant.KS        	-3.2603738	-3.2471054	0.04532996	
S00111.gastroc-tib_ant.KS       	-0.32171493	-0.33565702	0.03431648	
S11000.gastroc-tib_ant.KS       	-1.6796429	-1.6691734	0.037873055	
S00111.tib_ant-gastroc.KS       	-0.00357534	-0.0036461002	0.29361879	
S11000.tib_ant-gastroc.KS       	-0.00331551	-0.0035225114	0.28698355	
S00111.tib_ant-soleus.KS        	-0.00346517	-0.0032984218	0.30141486	
S11000.tib_ant-soleus.KS        	-0.0034666	-0.0033392572	0.28861081	
S00111.gastroc.KL               	0.08315732	0.078256176	0.036698796	
S00111.gastroc.L0               	0.82960945	0.84050589	0.015033121	
S00111.gastroc.KF               	1.4122369	1.4128654	0.0019131128	
S00111.gastroc.KS               	0.16517899	0.16904743	0.016958707	
S00111.soleus.KL                	4.0880811	4.0325345	0.033439151	
S00111.soleus.L0                	0.95687123	0.96282594	0.0086139797	
S00111.soleus.KF                	0.23454101	0.22890595	0.002764659	
S00111.soleus.KS                	0.15261858	0.15475406	0.024779368	
S11000.gastroc.KL               	0.00837043	0.0087094731	0.029285354	
S11000.gastroc.L0               	0.52283006	0.52167247	0.015822245	
S11000.gastroc.KF               	-1.7948841	-1.8277959	0.037212655	
S11000.gastroc.KS               	0.27887874	0.26576114	0.034670361	
S11000.soleus.KL                	0.84260236	0.80194577	0.066484654	
S11000.soleus.L0                	0.90185309	0.9004326	0.014516279	
S11000.soleus.KF                	-0.91113003	-0.93269072	0.061753461	
S11000.soleus.KS                	0.11302564	0.10530392	0.054376201	
S00011.vasti.KF                 	0.8155434	0.8192592	0.0081159975	
S00011.vasti.C0                 	0.083354064	0.083999757	0.0018366171	
S00011.vasti-knee_angle.pos_max 	-0.30452518	-0.3043814	0.0028117546	
S00011.hamstrings-pelvis_tilt.KP	0.73148227	0.71152676	0.032390466	
S00011.hamstrings-pelvis_tilt.KV	0.56937603	0.56789908	0.001636643	
S00011.hamstrings-pelvis_tilt.C0	0.026586913	0.026025833	0.003599768	
S00011.glut_max-pelvis_tilt.KP  	1.5334646	1.5083771	0.026580229	
S00011.glut_max-pelvis_tilt.KV  	0.31319672	0.31405145	0.0016608465	
S00011.glut_max-pelvis_tilt.C0  	0.16317411	0.1601405	0.0027939777	
S00011.iliopsoas-pelvis_tilt.KP 	-3.4922541	-3.5390481	0.044795599	
S00011.iliopsoas-pelvis_tilt.KV 	-0.53959178	-0.54350827	0.0020369264	
S00011.iliopsoas-pelvis_tilt.C0 	0.32835175	0.32881806	0.0043988747	
S00100.iliopsoas.C0             	0.33653396	0.33771438	0.0024077781	
S00100.glut_max.C0              	-0.02342065	-0.024422442	0.0018651507	
S11000.iliopsoas.KL             	0.56381747	0.56128808	0.0020584997	
S11000.iliopsoas.L0             	0.38829721	0.38926162	0.0022924637	
S11000.iliopsoas-pelvis_tilt.P0 	-0.045350549	-0.044639311	0.0018467999	
S11000.iliopsoas-pelvis_tilt.KP 	0.01196527	0.011712333	0.011788772	
S11000.iliopsoas-pelvis_tilt.KV 	0.14610666	0.14603897	0.0021240175	
S11000.iliopsoas-hamstrings.KL  	-8.2981699	-8.2449252	0.075274193	
S11000.iliopsoas-hamstrings.L0  	1.1661633	1.1668625	0.0017194234	
S11000.hamstrings.KF            	0.57554535	0.57612363	0.0016501083	
S11000.glut_max.KF              	0.6235806	0.6225304	0.0018766511	
