pelvis_tilt.offset              	0.023474014	0.024146174	0.00078408901	
hip_flexion_r.offset            	0.07220536	0.071782889	0.00074326832	
knee_angle_r.offset             	0.0022113116	0.0016404529	0.00081425344	
ankle_angle_r.offset            	-0.058703824	-0.058891702	0.0010554671	
hip_flexion_l.offset            	-0.0069518414	-0.0041545309	0.0014934917	
knee_angle_l.offset             	0.058939741	0.058635764	0.0011617292	
ankle_angle_l.offset            	0.18737911	0.18828302	0.001109772	
stance_load_threshold           	0.14938277	0.14956475	0.0012274305	
S00111.tib_ant.KL               	1.2485094	1.2652268	0.020020946	
S00111.tib_ant.L0               	0.76932771	0.76772426	0.002154383	
S00111.tib_ant.KS               	0.000173	0.00016738822	0.00082788866	
S11000.tib_ant.KL               	1.2059971	1.2200164	0.011470802	
S11000.tib_ant.L0               	0.72945364	0.72775102	0.0016972025	
S11000.tib_ant.KS               	0.035321046	0.035875326	0.0010494717	
S11111.tib_ant-soleus.KF        	-0.10651516	-0.10807132	0.0018088155	
S00111.soleus-tib_ant.KS        	-0.83085368	-0.83089139	0.022721551	
S11000.soleus-tib_ant.KS        	-3.3026703	-3.2616316	0.026778063	
S00111.gastroc-tib_ant.KS       	-0.34805182	-0.33112845	0.019358937	
S11000.gastroc-tib_ant.KS       	-1.6400285	-1.6638237	0.022414157	
S00111.tib_ant-gastroc.KS       	-0.00357534	-0.0037777834	0.16382353	
S11000.tib_ant-gastroc.KS       	-0.00331551	-0.0034641289	0.16012143	
S00111.tib_ant-soleus.KS        	-0.00346517	-0.0032603014	0.16817332	
S11000.tib_ant-soleus.KS        	-0.0034666	-0.0033854477	0.16102935	
S00111.gastroc.KL               	0.07523758	0.078279469	0.020496463	
S00111.gastroc.L0               	0.82006073	0.82508457	0.0088129038	
S00111.gastroc.KF               	1.4149153	1.4145985	0.0011333095	
S00111.gastroc.KS               	0.17739288	0.17386001	0.0095725016	
S00111.soleus.KL                	4.09663	4.096913	0.019922316	
S00111.soleus.L0                	0.96560856	0.9680004	0.0049836934	
S00111.soleus.KF                	0.23206449	0.22976363	0.0016281624	
S00111.soleus.KS                	0.16520068	0.16070409	0.013921104	
S11000.gastroc.KL               	0.00837043	0.0087793906	0.016340004	
S11000.gastroc.L0               	0.51802235	0.50802352	0.0091081589	
S11000.gastroc.KF               	-1.8371217	-1.8482905	0.021857386	
S11000.gastroc.KS               	0.26438069	0.26382233	0.019550598	
S11000.soleus.KL                	0.79727353	0.79332363	0.037796428	
S11000.soleus.L0                	0.86465666	0.89093621	0.0084857091	
S11000.soleus.KF                	-0.86753488	-0.90533383	0.035313513	
S11000.soleus.KS                	0.11302564	0.11025012	0.030369097	
S00011.vasti.KF                 	0.82748565	0.82338357	0.0047244651	
S00011.vasti.C0                 	0.080799263	0.081556836	0.0010595333	
S00011.vasti-knee_angle.pos_max 	-0.30032798	-0.30102583	0.0016616793	
S00011.hamstrings-pelvis_tilt.KP	0.72182705	0.71264929	0.01875593	
S00011.hamstrings-pelvis_tilt.KV	0.5658175	0.56463839	0.00096724494	
S00011.hamstrings-pelvis_tilt.C0	0.027293749	0.026058827	0.0020263694	
S00011.glut_max-pelvis_tilt.KP  	1.5447906	1.5328743	0.015514928	
S00011.glut_max-pelvis_tilt.KV  	0.31356199	0.31258188	0.00098425128	
S00011.glut_max-pelvis_tilt.C0  	0.15734998	0.16018587	0.0016468216	
S00011.iliopsoas-pelvis_tilt.KP 	-3.5721786	-3.5663699	0.026434811	
S00011.iliopsoas-pelvis_tilt.KV 	-0.5411324	-0.53979725	0.0012077086	
S00011.iliopsoas-pelvis_tilt.C0 	0.33555591	0.33340253	0.0025869155	
S00100.iliopsoas.C0             	0.33387487	0.33405807	0.0014106849	
S00100.glut_max.C0              	-0.02342065	-0.024309767	0.001062487	
S11000.iliopsoas.KL             	0.56016788	0.56145593	0.0012083434	
S11000.iliopsoas.L0             	0.38815548	0.38737443	0.0013617158	
S11000.iliopsoas-pelvis_tilt.P0 	-0.045584831	-0.045170125	0.0010723919	
S11000.iliopsoas-pelvis_tilt.KP 	0.01196527	0.011353929	0.0065789849	
S11000.iliopsoas-pelvis_tilt.KV 	0.14802892	0.14714833	0.0012508354	
S11000.iliopsoas-hamstrings.KL  	-8.3383097	-8.3631638	0.044566132	
S11000.iliopsoas-hamstrings.L0  	1.1687162	1.1687639	0.0010105117	
S11000.hamstrings.KF            	0.58224123	0.58068269	0.00098994682	
S11000.glut_max.KF              	0.62443029	0.62398802	0.0011096358	
