pelvis_tilt.offset              	0.020840914	0.02078198	0.00014295028	
hip_flexion_r.offset            	0.069075762	0.069188921	0.00013668331	
knee_angle_r.offset             	7.2997232e-05	0.00010996733	0.00014874836	
ankle_angle_r.offset            	-0.059141958	-0.059069575	0.00019771367	
hip_flexion_l.offset            	-0.0038104443	-0.0037310245	0.00027634151	
knee_angle_l.offset             	0.058161358	0.058331026	0.0002147219	
ankle_angle_l.offset            	0.19074329	0.19073115	0.00020881093	
stance_load_threshold           	0.15338601	0.15337156	0.00023203775	
S00111.tib_ant.KL               	1.2870996	1.2956219	0.0037000847	
S00111.tib_ant.L0               	0.75581984	0.75581642	0.00040967298	
S00111.tib_ant.KS               	0.00015652	0.0001682289	0.0001175929	
S11000.tib_ant.KL               	1.1723498	1.1767096	0.0021536856	
S11000.tib_ant.L0               	0.74552468	0.74610917	0.00031385792	
S11000.tib_ant.KS               	0.034214076	0.034379435	0.0001922997	
S11111.tib_ant-soleus.KF        	-0.11090834	-0.11072799	0.00033255967	
S00111.soleus-tib_ant.KS        	-0.84060737	-0.84037662	0.0040030498	
S11000.soleus-tib_ant.KS        	-3.2245425	-3.2257174	0.0050256217	
S00111.gastroc-tib_ant.KS       	-0.33477148	-0.33015549	0.0033407541	
S11000.gastroc-tib_ant.KS       	-1.6470459	-1.6469349	0.004111601	
S00111.tib_ant-gastroc.KS       	-0.00357534	-0.0037101136	0.023261244	
S11000.tib_ant-gastroc.KS       	-0.00331551	-0.0035262091	0.022735568	
S00111.tib_ant-soleus.KS        	-0.0033230153	-0.0033073268	0.023878833	
S11000.tib_ant-soleus.KS        	-0.0034666	-0.0033247733	0.022864473	
S00111.gastroc.KL               	0.07523758	0.078465515	0.0031220712	
S00111.gastroc.L0               	0.82359925	0.82305799	0.0016337514	
S00111.gastroc.KF               	1.4088959	1.4088106	0.00021434234	
S00111.soleus.KL                	4.0642475	4.0645156	0.0036918864	
S00111.soleus.L0                	0.97038175	0.9694949	0.00093287508	
S00111.soleus.KF                	0.22633035	0.22604407	0.00031119397	
S11000.gastroc.KL               	0.00837043	0.0088445	0.002326072	
S11000.gastroc.L0               	0.54205202	0.53924816	0.0018127191	
S11000.gastroc.KF               	-1.7523407	-1.7510757	0.004012757	
S11000.soleus.KL                	0.83287038	0.83370178	0.0067812434	
S11000.soleus.L0                	0.91944868	0.91972606	0.0015863267	
S11000.soleus.KF                	-0.93817983	-0.92926123	0.0062682982	
S00011.vasti.KF                 	0.84439456	0.84413265	0.00089501821	
S00011.vasti.C0                 	0.081235396	0.081270041	0.00019014103	
S00011.vasti-knee_angle.pos_max 	-0.29995142	-0.29987361	0.00031610164	
S00011.hamstrings-pelvis_tilt.KP	0.71989377	0.71934225	0.0035411781	
S00011.hamstrings-pelvis_tilt.KV	0.56663186	0.56658597	0.00017814812	
S00011.hamstrings-pelvis_tilt.C0	0.026404737	0.026242648	0.00035078693	
S00011.glut_max-pelvis_tilt.KP  	1.5245341	1.5207987	0.0029105709	
S00011.glut_max-pelvis_tilt.KV  	0.31207259	0.31236154	0.0001854693	
S00011.glut_max-pelvis_tilt.C0  	0.15848509	0.15889716	0.00030742631	
S00011.iliopsoas-pelvis_tilt.KP 	-3.5452706	-3.5350918	0.0049613184	
S00011.iliopsoas-pelvis_tilt.KV 	-0.54561467	-0.54591775	0.00022390599	
S00011.iliopsoas-pelvis_tilt.C0 	0.32590135	0.32526962	0.00048895826	
S00100.iliopsoas.C0             	0.34264686	0.34312402	0.00027356802	
S00100.glut_max.C0              	-0.023657822	-0.023917348	0.0001905199	
S11000.iliopsoas.KL             	0.55993045	0.55982631	0.00022451506	
S11000.iliopsoas.L0             	0.39076659	0.39088755	0.00025053871	
S11000.iliopsoas-pelvis_tilt.P0 	-0.044199407	-0.04424284	0.00019487324	
S11000.iliopsoas-pelvis_tilt.KP 	0.01196527	0.011689555	0.00095304451	
S11000.iliopsoas-pelvis_tilt.KV 	0.14013565	0.14042789	0.00022747253	
S11000.iliopsoas-hamstrings.KL  	-8.3321869	-8.3228316	0.0083338059	
S11000.iliopsoas-hamstrings.L0  	1.1656187	1.1657467	0.00018403393	
S11000.hamstrings.KF            	0.57474658	0.57476636	0.00018342825	
S11000.glut_max.KF              	0.61795001	0.61769319	0.00020728989	
