pelvis_tilt.offset              	0.02164647	0.021382416	0.0015795201	
hip_flexion_r.offset            	0.064176091	0.066067687	0.0015033323	
knee_angle_r.offset             	-0.0041307792	-0.0038248984	0.0016429183	
ankle_angle_r.offset            	-0.059447334	-0.056164148	0.002130699	
hip_flexion_l.offset            	-0.016653567	-0.00728797	0.0030122893	
knee_angle_l.offset             	0.059014351	0.057829204	0.0023166915	
ankle_angle_l.offset            	0.19293452	0.19012303	0.0022356279	
stance_load_threshold           	0.1557501	0.15386407	0.0024611265	
S00111.tib_ant.KL               	1.2534836	1.2964799	0.04026964	
S00111.tib_ant.L0               	0.73386934	0.73762643	0.0045649697	
S00111.tib_ant.KS               	0.00015652	0.00016773494	0.0017231051	
S11000.tib_ant.KL               	1.2302889	1.2363546	0.023135945	
S11000.tib_ant.L0               	0.74052036	0.7407823	0.0033488943	
S11000.tib_ant.KS               	0.037048834	0.03556411	0.0021296729	
S11111.tib_ant-soleus.KF        	-0.10935048	-0.11172971	0.0036468239	
S00111.soleus-tib_ant.KS        	-0.89402901	-0.88901952	0.04587857	
S11000.soleus-tib_ant.KS        	-3.2217493	-3.2521435	0.054213802	
S00111.gastroc-tib_ant.KS       	-0.35557966	-0.33888874	0.040029994	
S11000.gastroc-tib_ant.KS       	-1.7690597	-1.7412197	0.044570526	
S00111.tib_ant-gastroc.KS       	-0.00357534	-0.0037676905	0.34097066	
S11000.tib_ant-gastroc.KS       	-0.00366451	-0.003522658	0.33326535	
S00111.tib_ant-soleus.KS        	-0.00346517	-0.0031933318	0.350024	
S11000.tib_ant-soleus.KS        	-0.0034666	-0.0032567272	0.33515504	
S00111.gastroc.KL               	0.08315732	0.080148764	0.042626956	
S00111.gastroc.L0               	0.86260276	0.84679418	0.017823566	
S00111.gastroc.KF               	1.4100855	1.409153	0.0022610016	
S00111.soleus.KL                	4.0286128	4.0764356	0.03986262	
S00111.soleus.L0                	0.95204428	0.96046088	0.010298993	
S00111.soleus.KF                	0.2232032	0.22526425	0.0033068112	
S11000.gastroc.KL               	0.00837043	0.00860883	0.034008361	
S11000.gastroc.L0               	0.51472615	0.51853298	0.018620832	
S11000.gastroc.KF               	-1.8108178	-1.7892432	0.044043681	
S11000.soleus.KL                	0.84260236	0.81241604	0.077676955	
S11000.soleus.L0                	0.8795926	0.87883616	0.017415998	
S11000.soleus.KF                	-0.93304668	-0.91006641	0.072295507	
S00011.vasti.KF                 	0.84848899	0.82759807	0.0096862117	
S00011.vasti.C0                 	0.080321136	0.081122544	0.0021630816	
S00011.vasti-knee_angle.pos_max 	-0.30663438	-0.30803468	0.0033483105	
S00011.hamstrings-pelvis_tilt.KP	0.67099736	0.71676552	0.038135074	
S00011.hamstrings-pelvis_tilt.KV	0.56482898	0.56618756	0.0019564342	
S00011.hamstrings-pelvis_tilt.C0	0.02778807	0.026928456	0.0041906916	
S00011.glut_max-pelvis_tilt.KP  	1.4314939	1.4581162	0.031624057	
S00011.glut_max-pelvis_tilt.KV  	0.31154933	0.3109284	0.0019883458	
S00011.glut_max-pelvis_tilt.C0  	0.15546962	0.15845308	0.0033381182	
S00011.iliopsoas-pelvis_tilt.KP 	-3.4942669	-3.4902941	0.05348815	
S00011.iliopsoas-pelvis_tilt.KV 	-0.54281832	-0.53917385	0.0024320074	
S00011.iliopsoas-pelvis_tilt.C0 	0.3259084	0.33092418	0.0052376877	
S00100.iliopsoas.C0             	0.32932848	0.33575296	0.0028648645	
S00100.glut_max.C0              	-0.024488085	-0.024658133	0.0021782344	
S11000.iliopsoas.KL             	0.55996331	0.5577972	0.0024470589	
S11000.iliopsoas.L0             	0.38747105	0.38720542	0.002756961	
S11000.iliopsoas-pelvis_tilt.P0 	-0.04199752	-0.042774012	0.0021668257	
S11000.iliopsoas-pelvis_tilt.KP 	0.01082572	0.011405117	0.013690618	
S11000.iliopsoas-pelvis_tilt.KV 	0.1435964	0.14312314	0.0025255667	
S11000.iliopsoas-hamstrings.KL  	-8.1592939	-8.2272308	0.08928879	
S11000.iliopsoas-hamstrings.L0  	1.164816	1.162115	0.0020522082	
S11000.hamstrings.KF            	0.57143236	0.57468478	0.0019605337	
S11000.glut_max.KF              	0.61968027	0.62171472	0.0022261215	
