pelvis_tilt.offset              	0.014685179	0.014923947	0.0013696692	
hip_flexion_r.offset            	0.054645242	0.053044437	0.0014201589	
knee_angle_r.offset             	-0.010390149	-0.0088756768	0.0014429096	
ankle_angle_r.offset            	-0.058021037	-0.056192928	0.0018048616	
hip_flexion_l.offset            	-0.012712421	-0.0093768145	0.0026113897	
knee_angle_l.offset             	0.056441347	0.056250742	0.0020111962	
ankle_angle_l.offset            	0.19197493	0.19336754	0.0019124225	
stance_load_threshold           	0.15538626	0.1574346	0.0021114225	
S00111.tib_ant.KL               	1.26368	1.2620046	0.033542775	
S00111.tib_ant.L0               	0.73624898	0.72969886	0.0041466826	
S00111.tib_ant.KS               	0.00015652	0.00016502208	0.0013563995	
S11000.tib_ant.KL               	1.1884474	1.1840186	0.019619977	
S11000.tib_ant.L0               	0.73730194	0.73831355	0.0028268856	
S11000.tib_ant.KS               	0.03726336	0.036189856	0.0017265938	
S11111.tib_ant-soleus.KF        	-0.10819203	-0.10910745	0.0030549518	
S00111.soleus-tib_ant.KS        	-0.89402901	-0.88649938	0.036559363	
S11000.soleus-tib_ant.KS        	-3.1168977	-3.1330743	0.04647598	
S00111.gastroc-tib_ant.KS       	-0.34668387	-0.33993048	0.031859934	
S11000.gastroc-tib_ant.KS       	-1.7690597	-1.7556382	0.036031409	
S00111.tib_ant-gastroc.KS       	-0.00395169	-0.0038042698	0.26840588	
S11000.tib_ant-gastroc.KS       	-0.00331551	-0.0035011022	0.26234041	
S00111.tib_ant-soleus.KS        	-0.00346517	-0.0033451251	0.27553251	
S11000.tib_ant-soleus.KS        	-0.0034666	-0.0032427297	0.26382794	
S00111.gastroc.KL               	0.08315732	0.078696688	0.033578898	
S00111.gastroc.L0               	0.85254976	0.8530501	0.015190398	
S00111.gastroc.KF               	1.4054744	1.405174	0.0019500991	
S00111.soleus.KL                	4.2061703	4.160749	0.03427111	
S00111.soleus.L0                	0.94300654	0.94660733	0.0088065249	
S00111.soleus.KF                	0.23371076	0.23235292	0.0028441156	
S11000.gastroc.KL               	0.00837043	0.0087525105	0.026771124	
S11000.gastroc.L0               	0.5092551	0.51661623	0.015576052	
S11000.gastroc.KF               	-1.8916082	-1.8732059	0.037030663	
S11000.soleus.KL                	0.84260236	0.80677388	0.062128597	
S11000.soleus.L0                	0.87066214	0.8689027	0.014592695	
S11000.soleus.KF                	-0.95885434	-0.90629436	0.058065555	
S00011.vasti.KF                 	0.86060362	0.85933998	0.0080886813	
S00011.vasti.C0                 	0.085012611	0.086550873	0.001795715	
S00011.vasti-knee_angle.pos_max 	-0.30541385	-0.30126892	0.0028782623	
S00011.hamstrings-pelvis_tilt.KP	0.70718419	0.71425856	0.031100428	
S00011.hamstrings-pelvis_tilt.KV	0.56903704	0.56894596	0.0017193127	
S00011.hamstrings-pelvis_tilt.C0	0.026224665	0.025717664	0.0033200464	
S00011.glut_max-pelvis_tilt.KP  	1.5530196	1.525184	0.026772176	
S00011.glut_max-pelvis_tilt.KV  	0.30597696	0.30626505	0.0017297869	
S00011.glut_max-pelvis_tilt.C0  	0.16084553	0.15769858	0.0028620984	
S00011.iliopsoas-pelvis_tilt.KP 	-3.3226185	-3.3554173	0.045131868	
S00011.iliopsoas-pelvis_tilt.KV 	-0.54124054	-0.54047108	0.00207869	
S00011.iliopsoas-pelvis_tilt.C0 	0.34839948	0.3446821	0.0045216635	
S00100.iliopsoas.C0             	0.33648606	0.34254665	0.0024701957	
S00100.glut_max.C0              	-0.02342065	-0.024903632	0.0017445255	
S11000.iliopsoas.KL             	0.54753172	0.54821714	0.0021402647	
S11000.iliopsoas.L0             	0.40477278	0.40517553	0.0024417778	
S11000.iliopsoas-pelvis_tilt.P0 	-0.042049689	-0.044088536	0.0017790287	
S11000.iliopsoas-pelvis_tilt.KP 	0.01196527	0.011256972	0.010778505	
S11000.iliopsoas-pelvis_tilt.KV 	0.1466921	0.14404643	0.0021634688	
S11000.iliopsoas-hamstrings.KL  	-7.9330275	-8.0128394	0.077830959	
S11000.iliopsoas-hamstrings.L0  	1.1557634	1.1525217	0.0018329947	
S11000.hamstrings.KF            	0.58097072	0.58198701	0.0017047013	
S11000.glut_max.KF              	0.62154847	0.61942042	0.001908919	
