pelvis_tilt.offset              	0.015476951	0.016261599	0.00086061863	
hip_flexion_r.offset            	0.049984324	0.051013823	0.00091516809	
knee_angle_r.offset             	-0.013137518	-0.012410048	0.00093091758	
ankle_angle_r.offset            	-0.05612357	-0.058007104	0.0011363074	
hip_flexion_l.offset            	-0.008617989	-0.0064479854	0.0016458877	
knee_angle_l.offset             	0.059082895	0.057148164	0.0012657538	
ankle_angle_l.offset            	0.19295953	0.19365425	0.0011980563	
stance_load_threshold           	0.15764576	0.15789332	0.0013166508	
S00111.tib_ant.KL               	1.2847734	1.2941261	0.020881096	
S00111.tib_ant.L0               	0.72819573	0.7278261	0.0025776477	
S00111.tib_ant.KS               	0.000173	0.00016680683	0.00081689235	
S11000.tib_ant.KL               	1.169801	1.1765225	0.012410315	
S11000.tib_ant.L0               	0.7357333	0.737524	0.001771439	
S11000.tib_ant.KS               	0.034020692	0.034682181	0.0010701661	
S11111.tib_ant-soleus.KF        	-0.10835496	-0.10814649	0.0019103247	
S00111.soleus-tib_ant.KS        	-0.8893906	-0.88835949	0.022214926	
S11000.soleus-tib_ant.KS        	-3.1907329	-3.1460141	0.029092908	
S00111.gastroc-tib_ant.KS       	-0.35443013	-0.34820283	0.019460046	
S11000.gastroc-tib_ant.KS       	-1.7690597	-1.7536348	0.022077752	
S00111.tib_ant-gastroc.KS       	-0.00357534	-0.0037874152	0.16164712	
S11000.tib_ant-gastroc.KS       	-0.00331551	-0.0035153108	0.15799419	
S00111.tib_ant-soleus.KS        	-0.00346517	-0.0033071047	0.16593912	
S11000.tib_ant-soleus.KS        	-0.0034666	-0.0032129749	0.15889005	
S00111.gastroc.KL               	0.07523758	0.080426704	0.020245697	
S00111.gastroc.L0               	0.87783071	0.87257288	0.0095817076	
S00111.gastroc.KF               	1.406419	1.4070544	0.0012246071	
S00111.soleus.KL                	4.1840912	4.1750973	0.021555907	
S00111.soleus.L0                	0.95021914	0.95048985	0.0055000186	
S00111.soleus.KF                	0.23603642	0.23546227	0.0017798676	
S11000.gastroc.KL               	0.00925153	0.0087920883	0.016123259	
S11000.gastroc.L0               	0.51890037	0.51255779	0.0097327238	
S11000.gastroc.KF               	-1.8834514	-1.8655374	0.023083487	
S11000.soleus.KL                	0.76235452	0.81073011	0.038076905	
S11000.soleus.L0                	0.88400203	0.88367203	0.0091202199	
S11000.soleus.KF                	-0.90656408	-0.92243157	0.035820931	
S00011.vasti.KF                 	0.86097617	0.85852795	0.0049423271	
S00011.vasti.C0                 	0.087872007	0.087635904	0.0011068852	
S00011.vasti-knee_angle.pos_max 	-0.30586089	-0.30330539	0.0018084373	
S00011.hamstrings-pelvis_tilt.KP	0.67099736	0.68327812	0.019287936	
S00011.hamstrings-pelvis_tilt.KV	0.5689499	0.56749551	0.0010775775	
S00011.hamstrings-pelvis_tilt.C0	0.025550651	0.025883956	0.0020179213	
S00011.glut_max-pelvis_tilt.KP  	1.5683256	1.552335	0.016805831	
S00011.glut_max-pelvis_tilt.KV  	0.30394963	0.30354389	0.0011013652	
S00011.glut_max-pelvis_tilt.C0  	0.15549644	0.15415292	0.0017995203	
S00011.iliopsoas-pelvis_tilt.KP 	-3.4026324	-3.364022	0.028117017	
S00011.iliopsoas-pelvis_tilt.KV 	-0.53701085	-0.53775267	0.0013014591	
S00011.iliopsoas-pelvis_tilt.C0 	0.34835377	0.34737342	0.0028111882	
S00100.iliopsoas.C0             	0.34099265	0.34209132	0.0015513815	
S00100.glut_max.C0              	-0.023735492	-0.024159497	0.001070894	
S11000.iliopsoas.KL             	0.5470666	0.54564521	0.0013807997	
S11000.iliopsoas.L0             	0.40734085	0.40784039	0.0015455415	
S11000.iliopsoas-pelvis_tilt.P0 	-0.044892142	-0.04412264	0.0011119347	
S11000.iliopsoas-pelvis_tilt.KP 	0.01082572	0.011391388	0.0064928484	
S11000.iliopsoas-pelvis_tilt.KV 	0.14655976	0.14494743	0.0013687175	
S11000.iliopsoas-hamstrings.KL  	-8.0285473	-7.9374694	0.049305771	
S11000.iliopsoas-hamstrings.L0  	1.1509555	1.1510558	0.0011643429	
S11000.hamstrings.KF            	0.58278984	0.5812898	0.0010787279	
S11000.glut_max.KF              	0.61959057	0.61808817	0.0011991621	
