pelvis_tilt.offset              	0.016408767	0.016099779	0.00068649888	
hip_flexion_r.offset            	0.050377236	0.050198473	0.00073700609	
knee_angle_r.offset             	-0.013012544	-0.013443336	0.00075167868	
ankle_angle_r.offset            	-0.057510738	-0.058761173	0.0009051741	
hip_flexion_l.offset            	-0.0056776037	-0.0060715792	0.00131876	
knee_angle_l.offset             	0.05674356	0.0561771	0.0010049282	
ankle_angle_l.offset            	0.19336942	0.19342737	0.00095230591	
stance_load_threshold           	0.15739339	0.15793911	0.0010467925	
S00111.tib_ant.KL               	1.3077575	1.2915738	0.016537196	
S00111.tib_ant.L0               	0.72836514	0.72751848	0.0020343101	
S00111.tib_ant.KS               	0.00015652	0.00016678813	0.0006383752	
S11000.tib_ant.KL               	1.1899514	1.1848644	0.0099498509	
S11000.tib_ant.L0               	0.73890883	0.73699372	0.0014076014	
S11000.tib_ant.KS               	0.035846937	0.034740084	0.00084629006	
S11111.tib_ant-soleus.KF        	-0.10852639	-0.10813084	0.0015165945	
S00111.soleus-tib_ant.KS        	-0.89402901	-0.89008196	0.017438158	
S11000.soleus-tib_ant.KS        	-3.1393852	-3.1527833	0.023165027	
S00111.gastroc-tib_ant.KS       	-0.33660584	-0.34292932	0.015339404	
S11000.gastroc-tib_ant.KS       	-1.7506455	-1.7565089	0.017367845	
S00111.tib_ant-gastroc.KS       	-0.00395169	-0.0037679733	0.12632175	
S11000.tib_ant-gastroc.KS       	-0.00366451	-0.0035253907	0.12346711	
S00111.tib_ant-soleus.KS        	-0.00313515	-0.0032942319	0.1296758	
S11000.tib_ant-soleus.KS        	-0.0034666	-0.0033318638	0.1241672	
S00111.gastroc.KL               	0.08315732	0.081589247	0.015834682	
S00111.gastroc.L0               	0.85512784	0.87561973	0.0075981119	
S00111.gastroc.KF               	1.4066664	1.4067565	0.00097700488	
S00111.soleus.KL                	4.2127155	4.1915929	0.017172301	
S00111.soleus.L0                	0.94830667	0.95127347	0.0043611504	
S00111.soleus.KF                	0.23679416	0.23586751	0.0014144158	
S11000.gastroc.KL               	0.00837043	0.0089176227	0.012600013	
S11000.gastroc.L0               	0.51375235	0.51644032	0.0077292868	
S11000.gastroc.KF               	-1.8367409	-1.8718406	0.018342623	
S11000.soleus.KL                	0.81016464	0.81803852	0.030140562	
S11000.soleus.L0                	0.8836897	0.87601566	0.0072299335	
S11000.soleus.KF                	-0.93685056	-0.93881835	0.028323181	
S00011.vasti.KF                 	0.85566013	0.85899302	0.0038900848	
S00011.vasti.C0                 	0.087717638	0.087824803	0.00087428974	
S00011.vasti-knee_angle.pos_max 	-0.30079451	-0.30133934	0.0014401876	
S00011.hamstrings-pelvis_tilt.KP	0.69002376	0.69471321	0.015247655	
S00011.hamstrings-pelvis_tilt.KV	0.56604622	0.56796702	0.00085723816	
S00011.hamstrings-pelvis_tilt.C0	0.02514159	0.026385668	0.0015864235	
S00011.glut_max-pelvis_tilt.KP  	1.5441826	1.5509265	0.013323408	
S00011.glut_max-pelvis_tilt.KV  	0.30266613	0.30289328	0.00088201395	
S00011.glut_max-pelvis_tilt.C0  	0.15582053	0.15406271	0.0014390572	
S00011.iliopsoas-pelvis_tilt.KP 	-3.3319792	-3.3481579	0.02236691	
S00011.iliopsoas-pelvis_tilt.KV 	-0.53652171	-0.53797916	0.0010363369	
S00011.iliopsoas-pelvis_tilt.C0 	0.34839948	0.34738096	0.0022161608	
S00100.iliopsoas.C0             	0.34345776	0.34273774	0.0012328065	
S00100.glut_max.C0              	-0.024565221	-0.02464054	0.00084699108	
S11000.iliopsoas.KL             	0.54087253	0.54335264	0.0011160052	
S11000.iliopsoas.L0             	0.40875397	0.40776509	0.0012318678	
S11000.iliopsoas-pelvis_tilt.P0 	-0.043887266	-0.043895329	0.00088272741	
S11000.iliopsoas-pelvis_tilt.KP 	0.01196527	0.011221618	0.005074792	
S11000.iliopsoas-pelvis_tilt.KV 	0.14344791	0.14415321	0.0010920084	
S11000.iliopsoas-hamstrings.KL  	-7.9235319	-7.8902763	0.0393747	
S11000.iliopsoas-hamstrings.L0  	1.1504442	1.1510045	0.00092990473	
S11000.hamstrings.KF            	0.58229323	0.58183617	0.00085948772	
S11000.glut_max.KF              	0.61776047	0.61869964	0.00095082126	
