pelvis_tilt.offset              	0.017298319	0.016601713	0.00058508243	
hip_flexion_r.offset            	0.05009798	0.05038875	0.00063442664	
knee_angle_r.offset             	-0.014237394	-0.014342616	0.00065099179	
ankle_angle_r.offset            	-0.058442122	-0.058427197	0.00077112085	
hip_flexion_l.offset            	-0.0062724077	-0.0052845959	0.0011346736	
knee_angle_l.offset             	0.057780514	0.05641386	0.00085690365	
ankle_angle_l.offset            	0.19480445	0.19394892	0.00081485651	
stance_load_threshold           	0.15795229	0.15790962	0.00089559283	
S00111.tib_ant.KL               	1.2645657	1.2810745	0.014058098	
S00111.tib_ant.L0               	0.72841939	0.72768334	0.0017339839	
S00111.tib_ant.KS               	0.00015652	0.00016674101	0.00053482255	
S11000.tib_ant.KL               	1.2069098	1.1940107	0.0085079436	
S11000.tib_ant.L0               	0.73754618	0.73685264	0.0011978615	
S11000.tib_ant.KS               	0.035091156	0.035344165	0.00072352133	
S11111.tib_ant-soleus.KF        	-0.10533343	-0.10745769	0.0012923122	
S00111.soleus-tib_ant.KS        	-0.8825502	-0.8886999	0.014665176	
S11000.soleus-tib_ant.KS        	-3.1414436	-3.1464972	0.019712984	
S00111.gastroc-tib_ant.KS       	-0.33409242	-0.34838596	0.012942319	
S11000.gastroc-tib_ant.KS       	-1.7690597	-1.7654455	0.014625464	
S00111.tib_ant-gastroc.KS       	-0.00395169	-0.0036664247	0.10583034	
S11000.tib_ant-gastroc.KS       	-0.00366451	-0.0034480346	0.10343877	
S00111.tib_ant-soleus.KS        	-0.00346517	-0.0032765945	0.10864031	
S11000.tib_ant-soleus.KS        	-0.0034666	-0.0032959095	0.10402529	
S00111.gastroc.KL               	0.081719417	0.078448784	0.013282889	
S00111.gastroc.L0               	0.86563096	0.87103414	0.0064846357	
S00111.gastroc.KF               	1.407725	1.4075073	0.00083172931	
S00111.soleus.KL                	4.1945077	4.1964231	0.014746313	
S00111.soleus.L0                	0.94321157	0.94404891	0.0037146746	
S00111.soleus.KF                	0.23670072	0.23541075	0.0012064644	
S11000.gastroc.KL               	0.00925153	0.0089269175	0.010556364	
S11000.gastroc.L0               	0.52964804	0.51835943	0.0065673023	
S11000.gastroc.KF               	-1.8653674	-1.8736012	0.015648959	
S11000.soleus.KL                	0.84260236	0.82306636	0.025594511	
S11000.soleus.L0                	0.87808661	0.8819512	0.0061820975	
S11000.soleus.KF                	-0.90656152	-0.92028526	0.024106252	
S00011.vasti.KF                 	0.85893019	0.85730333	0.003290988	
S00011.vasti.C0                 	0.087204791	0.08791989	0.00074131749	
S00011.vasti-knee_angle.pos_max 	-0.29920018	-0.30088718	0.0012310844	
S00011.hamstrings-pelvis_tilt.KP	0.67923661	0.68624805	0.012937746	
S00011.hamstrings-pelvis_tilt.KV	0.566381	0.56707169	0.00073251519	
S00011.hamstrings-pelvis_tilt.C0	0.02778807	0.027278206	0.0013392917	
S00011.glut_max-pelvis_tilt.KP  	1.544768	1.5461234	0.0113644	
S00011.glut_max-pelvis_tilt.KV  	0.30105956	0.30255032	0.00075211645	
S00011.glut_max-pelvis_tilt.C0  	0.15397831	0.15426143	0.0012282399	
S00011.iliopsoas-pelvis_tilt.KP 	-3.3423578	-3.3531573	0.019130916	
S00011.iliopsoas-pelvis_tilt.KV 	-0.53716478	-0.53662909	0.00088816723	
S00011.iliopsoas-pelvis_tilt.C0 	0.34822613	0.3473609	0.0018717159	
S00100.iliopsoas.C0             	0.34252822	0.34245164	0.0010491244	
S00100.glut_max.C0              	-0.024239463	-0.024981961	0.00071732601	
S11000.iliopsoas.KL             	0.54088185	0.54101408	0.000977229	
S11000.iliopsoas.L0             	0.40649118	0.40811149	0.0010504128	
S11000.iliopsoas-pelvis_tilt.P0 	-0.044841678	-0.044927642	0.00075419145	
S11000.iliopsoas-pelvis_tilt.KP 	0.01082572	0.011365493	0.0042528405	
S11000.iliopsoas-pelvis_tilt.KV 	0.1459465	0.14471841	0.00093298181	
S11000.iliopsoas-hamstrings.KL  	-7.9141308	-7.8849724	0.033465656	
S11000.iliopsoas-hamstrings.L0  	1.1502754	1.1503926	0.00079268335	
S11000.hamstrings.KF            	0.58190421	0.58160921	0.00073243272	
S11000.glut_max.KF              	0.61634149	0.61779376	0.00080961651	
