pelvis_tilt.offset              	0.01747622	0.017171508	0.00030555356	
hip_flexion_r.offset            	0.048572047	0.048552016	0.00033590659	
knee_angle_r.offset             	-0.018200315	-0.018308765	0.00037936077	
ankle_angle_r.offset            	-0.060121205	-0.060173212	0.00041083834	
hip_flexion_l.offset            	-0.0032557858	-0.0037582551	0.00059119383	
knee_angle_l.offset             	0.05784965	0.057959622	0.00045087375	
ankle_angle_l.offset            	0.19149787	0.19148739	0.0004254992	
stance_load_threshold           	0.15861743	0.15926635	0.00045842379	
S00111.tib_ant.KL               	1.2666572	1.2706926	0.0073468351	
S00111.tib_ant.L0               	0.7302967	0.73060322	0.00087883998	
S00111.tib_ant.KS               	0.000173	0.00016459722	0.00023951135	
S11000.tib_ant.KL               	1.1749354	1.1754866	0.0043825679	
S11000.tib_ant.L0               	0.73702529	0.73645319	0.00060731924	
S11000.tib_ant.KS               	0.034279584	0.034837277	0.00037430991	
S11111.tib_ant-soleus.KF        	-0.106652	-0.10642384	0.00065991107	
S00111.soleus-tib_ant.KS        	-0.89020815	-0.88019629	0.0071883701	
S11000.soleus-tib_ant.KS        	-3.1500952	-3.1435719	0.010180433	
S00111.gastroc-tib_ant.KS       	-0.35557966	-0.35216986	0.0063375544	
S11000.gastroc-tib_ant.KS       	-1.7467861	-1.7605787	0.0069655704	
S00111.tib_ant-gastroc.KS       	-0.00357534	-0.0037148172	0.047389922	
S11000.tib_ant-gastroc.KS       	-0.00366451	-0.0035240139	0.04631899	
S00111.tib_ant-soleus.KS        	-0.00346517	-0.0032489663	0.048648185	
S11000.tib_ant-soleus.KS        	-0.00313645	-0.0032628008	0.046581622	
S00111.gastroc.KL               	0.08315732	0.078971732	0.0060871008	
S00111.gastroc.L0               	0.87719495	0.86786424	0.00337089	
S00111.gastroc.KF               	1.4077718	1.4081395	0.0004315831	
S00111.soleus.KL                	4.2051662	4.2136852	0.0076306625	
S00111.soleus.L0                	0.94666778	0.94892213	0.0018891105	
S00111.soleus.KF                	0.23370449	0.23451367	0.00062306568	
S11000.gastroc.KL               	0.00925153	0.0086431646	0.0047300538	
S11000.gastroc.L0               	0.51048338	0.51204278	0.00340062	
S11000.gastroc.KF               	-1.889124	-1.8804926	0.0080591218	
S11000.soleus.KL                	0.76235452	0.80079962	0.013060117	
S11000.soleus.L0                	0.88406034	0.88280915	0.0031899469	
S11000.soleus.KF                	-0.92192048	-0.91850199	0.012237434	
S00011.vasti.KF                 	0.86097617	0.85977978	0.0016234183	
S00011.vasti.C0                 	0.08833627	0.088030231	0.0003578681	
S00011.vasti-knee_angle.pos_max 	-0.29971155	-0.2994094	0.00063757729	
S00011.hamstrings-pelvis_tilt.KP	0.68428197	0.68856686	0.0064594349	
S00011.hamstrings-pelvis_tilt.KV	0.56346323	0.56339548	0.00039490573	
S00011.hamstrings-pelvis_tilt.C0	0.025963832	0.026695218	0.00066067123	
S00011.glut_max-pelvis_tilt.KP  	1.5136721	1.5127772	0.0060131589	
S00011.glut_max-pelvis_tilt.KV  	0.30102057	0.30099345	0.00039982708	
S00011.glut_max-pelvis_tilt.C0  	0.15359893	0.15278451	0.00063910147	
S00011.iliopsoas-pelvis_tilt.KP 	-3.3236502	-3.3307544	0.0095619752	
S00011.iliopsoas-pelvis_tilt.KV 	-0.53637681	-0.5369471	0.00046185996	
S00011.iliopsoas-pelvis_tilt.C0 	0.34512286	0.34578708	0.00094698386	
S00100.iliopsoas.C0             	0.34533321	0.34592378	0.00055646542	
S00100.glut_max.C0              	-0.024319034	-0.024899561	0.00036324394	
S11000.iliopsoas.KL             	0.53891891	0.5381319	0.00052941591	
S11000.iliopsoas.L0             	0.40875749	0.40960707	0.00055115789	
S11000.iliopsoas-pelvis_tilt.P0 	-0.043454988	-0.043503433	0.00039280438	
S11000.iliopsoas-pelvis_tilt.KP 	0.01082572	0.011555908	0.0019158503	
S11000.iliopsoas-pelvis_tilt.KV 	0.14468436	0.14470796	0.00048417215	
S11000.iliopsoas-hamstrings.KL  	-7.8870651	-7.8838127	0.017507927	
S11000.iliopsoas-hamstrings.L0  	1.1457559	1.145239	0.00046609604	
S11000.hamstrings.KF            	0.58147224	0.58229776	0.00037737532	
S11000.glut_max.KF              	0.61698423	0.617371	0.00042169327	
