pelvis_tilt.offset              	0.017228155	0.017120622	0.0001113353	
hip_flexion_r.offset            	0.048311816	0.048355561	0.00012235323	
knee_angle_r.offset             	-0.018947536	-0.018806297	0.00013878899	
ankle_angle_r.offset            	-0.060236993	-0.059957384	0.00014745565	
hip_flexion_l.offset            	-0.0029288611	-0.002811765	0.00021507579	
knee_angle_l.offset             	0.058269113	0.058368562	0.00016588403	
ankle_angle_l.offset            	0.19204362	0.19228439	0.00015601648	
stance_load_threshold           	0.15844971	0.15822704	0.00016747755	
S00111.tib_ant.KL               	1.2525002	1.252567	0.002708982	
S00111.tib_ant.L0               	0.73098998	0.73134511	0.00031569492	
S00111.tib_ant.KS               	0.000173	0.00015987952	7.4363521e-05	
S11000.tib_ant.KL               	1.1730997	1.1732334	0.0016135367	
S11000.tib_ant.L0               	0.73625376	0.73635236	0.00021918797	
S11000.tib_ant.KS               	0.034399688	0.034571758	0.00013508806	
S11111.tib_ant-soleus.KF        	-0.10664413	-0.10630452	0.00023890384	
S00111.soleus-tib_ant.KS        	-0.89026484	-0.88900643	0.0025720629	
S11000.soleus-tib_ant.KS        	-3.1420085	-3.1416843	0.0037175776	
S00111.gastroc-tib_ant.KS       	-0.35249633	-0.35422087	0.0021619023	
S11000.gastroc-tib_ant.KS       	-1.7687385	-1.7666266	0.0024310239	
S00111.tib_ant-gastroc.KS       	-0.00395169	-0.0037653259	0.01470267	
S11000.tib_ant-gastroc.KS       	-0.00331551	-0.0034743708	0.014370397	
S00111.tib_ant-soleus.KS        	-0.00313515	-0.0032701785	0.015093015	
S11000.tib_ant-soleus.KS        	-0.00313645	-0.0033604356	0.014451866	
S00111.gastroc.KL               	0.077025873	0.080777074	0.0020606256	
S00111.gastroc.L0               	0.87479694	0.8736482	0.0012339615	
S00111.gastroc.KF               	1.4086369	1.408715	0.00015733039	
S00111.soleus.KL                	4.2135273	4.2146699	0.0027241811	
S00111.soleus.L0                	0.94874475	0.94805986	0.00067867564	
S00111.soleus.KF                	0.23394455	0.23368141	0.00022676207	
S11000.gastroc.KL               	0.0084662487	0.0088442266	0.0014745447	
S11000.gastroc.L0               	0.50675771	0.50575944	0.0012586403	
S11000.gastroc.KF               	-1.8824868	-1.8758395	0.0028997761	
S11000.soleus.KL                	0.80057485	0.79667809	0.0047611757	
S11000.soleus.L0                	0.88250493	0.8843794	0.0011539051	
S11000.soleus.KF                	-0.89318332	-0.89704479	0.0044789762	
S00011.vasti.KF                 	0.85885206	0.85901681	0.00057027821	
S00011.vasti.C0                 	0.08833627	0.088099576	0.00012713031	
S00011.vasti-knee_angle.pos_max 	-0.29924952	-0.29937895	0.00023376966	
S00011.hamstrings-pelvis_tilt.KP	0.68267718	0.68546446	0.0023384153	
S00011.hamstrings-pelvis_tilt.KV	0.56360893	0.56371996	0.00014403555	
S00011.hamstrings-pelvis_tilt.C0	0.025763146	0.02593114	0.00023652321	
S00011.glut_max-pelvis_tilt.KP  	1.5040318	1.5010053	0.0021789202	
S00011.glut_max-pelvis_tilt.KV  	0.30083865	0.30079261	0.00014552547	
S00011.glut_max-pelvis_tilt.C0  	0.1522787	0.15218398	0.00023317428	
S00011.iliopsoas-pelvis_tilt.KP 	-3.3221711	-3.3233311	0.0034110365	
S00011.iliopsoas-pelvis_tilt.KV 	-0.53701366	-0.53719043	0.00016658126	
S00011.iliopsoas-pelvis_tilt.C0 	0.34700283	0.34699229	0.00033637096	
S00100.iliopsoas.C0             	0.34638231	0.34668183	0.00020470334	
S00100.glut_max.C0              	-0.02512159	-0.025264049	0.00013122828	
S11000.iliopsoas.KL             	0.53845693	0.53841357	0.00019125864	
S11000.iliopsoas.L0             	0.40949254	0.40971076	0.00019900899	
S11000.iliopsoas-pelvis_tilt.P0 	-0.043487131	-0.043515412	0.00014343828	
S11000.iliopsoas-pelvis_tilt.KP 	0.01196527	0.011423728	0.00061415199	
S11000.iliopsoas-pelvis_tilt.KV 	0.14417445	0.14427137	0.00017197463	
S11000.iliopsoas-hamstrings.KL  	-7.8689439	-7.8750502	0.0063676163	
S11000.iliopsoas-hamstrings.L0  	1.1447521	1.1449226	0.00016747971	
S11000.hamstrings.KF            	0.58288822	0.58287378	0.00013494197	
S11000.glut_max.KF              	0.61831784	0.61800739	0.00015181229	
