pelvis_tilt.offset              	0.024917244	0.02485908	0.0001888867	
hip_flexion_r.offset            	0.069736302	0.069772308	0.00017669429	
knee_angle_r.offset             	0.0015790054	0.0015197795	0.00019589458	
ankle_angle_r.offset            	-0.053179732	-0.053478693	0.00025715666	
hip_flexion_l.offset            	-0.0056197596	-0.0051550247	0.00035384451	
knee_angle_l.offset             	0.063096846	0.063006631	0.00028324461	
ankle_angle_l.offset            	0.18817387	0.1879643	0.00026397539	
stance_load_threshold           	0.14593848	0.14590448	0.0002968817	
S00111.tib_ant.KL               	1.2634411	1.2604399	0.0049317958	
S00111.tib_ant.L0               	0.76814978	0.76854595	0.00053038748	
S00111.tib_ant.KS               	0.000173	0.00016638888	0.00016465278	
S11000.tib_ant.KL               	1.2342541	1.2354267	0.0028280721	
S11000.tib_ant.L0               	0.72842274	0.72883257	0.00041437648	
S11000.tib_ant.KS               	0.03597817	0.036106867	0.0002512586	
S11111.tib_ant-soleus.KF        	-0.11039482	-0.11061947	0.00043181682	
S00111.soleus-tib_ant.KS        	-0.84994646	-0.84104232	0.0052978368	
S11000.soleus-tib_ant.KS        	-3.3705072	-3.3685451	0.0065438775	
S00111.gastroc-tib_ant.KS       	-0.32650474	-0.32464852	0.0040454579	
S11000.gastroc-tib_ant.KS       	-1.7137095	-1.7074326	0.0053347608	
S00111.tib_ant-gastroc.KS       	-0.00357534	-0.0038336019	0.032577075	
S11000.tib_ant-gastroc.KS       	-0.00331551	-0.0034257922	0.031840887	
S00111.tib_ant-soleus.KS        	-0.00313515	-0.0032696153	0.033442036	
S11000.tib_ant-soleus.KS        	-0.0034666	-0.0033079712	0.032021427	
S00111.gastroc.L0               	0.85265125	0.85172654	0.0021105779	
S00111.gastroc.KS               	0.17517888	0.17638349	0.0019940953	
S00111.soleus.L0                	0.94108582	0.9416769	0.0012313791	
S00111.soleus.KS                	0.16114231	0.15958319	0.0030849367	
S11000.gastroc.KL               	0.00837043	0.0087728124	0.0032527318	
S11000.gastroc.L0               	0.5130244	0.51293957	0.0022160199	
S11000.gastroc.KF               	-1.7788473	-1.7817741	0.0052399342	
S11000.gastroc.KS               	0.26313579	0.26424923	0.0044345778	
S11000.soleus.KL                	0.82581707	0.82205799	0.008856686	
S11000.soleus.L0                	0.91860408	0.91231065	0.0020789385	
S11000.soleus.KF                	-0.94311513	-0.94691014	0.0081565793	
S11000.soleus.KS                	0.11228274	0.11019715	0.006207871	
S00011.vasti.KF                 	0.83052368	0.82923488	0.0011497187	
S00011.vasti.C0                 	0.080401856	0.080230655	0.00023298251	
S00011.vasti-knee_angle.pos_max 	-0.31049885	-0.31008576	0.00040162664	
S00011.hamstrings-pelvis_tilt.KP	0.68537272	0.6788186	0.0044414587	
S00011.hamstrings-pelvis_tilt.KV	0.57060968	0.5701577	0.00023160725	
S00011.hamstrings-pelvis_tilt.C0	0.026629589	0.026243049	0.00045438027	
S00011.glut_max-pelvis_tilt.KP  	1.5337333	1.5315203	0.0037467497	
S00011.glut_max-pelvis_tilt.KV  	0.31510229	0.31499133	0.0002391052	
S00011.glut_max-pelvis_tilt.C0  	0.15626845	0.15599862	0.00040607007	
S00011.iliopsoas-pelvis_tilt.KP 	-3.5802002	-3.5746497	0.0064919805	
S00011.iliopsoas-pelvis_tilt.KV 	-0.54164754	-0.54143724	0.00028954256	
S00011.iliopsoas-pelvis_tilt.C0 	0.33179312	0.33181864	0.0006204431	
S00100.iliopsoas.C0             	0.34064756	0.34075141	0.00034486861	
S00100.glut_max.C0              	-0.023918015	-0.023752039	0.00024425894	
S11000.iliopsoas.KL             	0.55963694	0.55965537	0.00029390546	
S11000.iliopsoas.L0             	0.39224332	0.39227405	0.00033626979	
S11000.iliopsoas-pelvis_tilt.P0 	-0.045075337	-0.045004078	0.00025161886	
S11000.iliopsoas-pelvis_tilt.KP 	0.01196527	0.011297527	0.0013206591	
S11000.iliopsoas-pelvis_tilt.KV 	0.14050579	0.14067911	0.00030242273	
S11000.iliopsoas-hamstrings.KL  	-8.2895279	-8.2909697	0.010724143	
S11000.iliopsoas-hamstrings.L0  	1.1653775	1.1653192	0.0002375435	
S11000.hamstrings.KF            	0.57751952	0.57743706	0.00023732537	
S11000.glut_max.KF              	0.61492156	0.61475803	0.00027107776	
