pelvis_tilt.offset              	0.024869644	0.024893469	0.00018120892	
hip_flexion_r.offset            	0.069756772	0.069595839	0.00016962066	
knee_angle_r.offset             	0.0017755625	0.0015912167	0.00018744984	
ankle_angle_r.offset            	-0.053496577	-0.053729578	0.00024795902	
hip_flexion_l.offset            	-0.0053376095	-0.0053980028	0.00033955551	
knee_angle_l.offset             	0.062848513	0.062816205	0.00027087527	
ankle_angle_l.offset            	0.1880587	0.18773976	0.0002552361	
stance_load_threshold           	0.14630947	0.14600849	0.00028483494	
S00111.tib_ant.KL               	1.258982	1.2627	0.0047268237	
S00111.tib_ant.L0               	0.76773391	0.76836071	0.00050948424	
S00111.tib_ant.KS               	0.000173	0.00016060269	0.00015649045	
S11000.tib_ant.KL               	1.2351009	1.2356036	0.0027119253	
S11000.tib_ant.L0               	0.7290839	0.72906069	0.00039969086	
S11000.tib_ant.KS               	0.036004892	0.035793148	0.00024210026	
S11111.tib_ant-soleus.KF        	-0.11020115	-0.11090289	0.00041427495	
S00111.soleus-tib_ant.KS        	-0.85110378	-0.84665093	0.0051090093	
S11000.soleus-tib_ant.KS        	-3.3683876	-3.370321	0.0062662742	
S00111.gastroc-tib_ant.KS       	-0.32171493	-0.32389732	0.0038580854	
S11000.gastroc-tib_ant.KS       	-1.705773	-1.7070596	0.0051270005	
S00111.tib_ant-gastroc.KS       	-0.00357534	-0.0037747548	0.030961348	
S11000.tib_ant-gastroc.KS       	-0.00366451	-0.0035185021	0.030261673	
S00111.tib_ant-soleus.KS        	-0.00346517	-0.0032057512	0.031783407	
S11000.tib_ant-soleus.KS        	-0.00313645	-0.0033874407	0.030433256	
S00111.gastroc.L0               	0.85079881	0.85219523	0.0020316196	
S00111.gastroc.KS               	0.17505072	0.17551858	0.0019028921	
S00111.soleus.L0                	0.94253698	0.94175225	0.0011796094	
S00111.soleus.KS                	0.1619954	0.16073018	0.0029532909	
S11000.gastroc.KL               	0.00837043	0.0086463172	0.0030919868	
S11000.gastroc.L0               	0.5106945	0.51227214	0.0021295352	
S11000.gastroc.KF               	-1.7696763	-1.7799685	0.0050317428	
S11000.gastroc.KS               	0.26888242	0.26241924	0.0042547109	
S11000.soleus.KL                	0.81557594	0.81657981	0.0085278206	
S11000.soleus.L0                	0.91480539	0.91356512	0.0020102972	
S11000.soleus.KF                	-0.95356504	-0.9505105	0.0078047282	
S11000.soleus.KS                	0.10499559	0.10823588	0.0059254449	
S00011.vasti.KF                 	0.82746995	0.82902164	0.0011034702	
S00011.vasti.C0                 	0.08063026	0.080350416	0.00022315488	
S00011.vasti-knee_angle.pos_max 	-0.30980239	-0.30993699	0.0003860123	
S00011.hamstrings-pelvis_tilt.KP	0.67636189	0.67928025	0.0042606193	
S00011.hamstrings-pelvis_tilt.KV	0.57014638	0.57009814	0.00022257941	
S00011.hamstrings-pelvis_tilt.C0	0.025779083	0.025895917	0.00043642509	
S00011.glut_max-pelvis_tilt.KP  	1.5345075	1.532218	0.0035880451	
S00011.glut_max-pelvis_tilt.KV  	0.31513629	0.31511287	0.00022920421	
S00011.glut_max-pelvis_tilt.C0  	0.15658599	0.15607981	0.0003895624	
S00011.iliopsoas-pelvis_tilt.KP 	-3.5693296	-3.5734897	0.0062380475	
S00011.iliopsoas-pelvis_tilt.KV 	-0.54135379	-0.54179399	0.00027888474	
S00011.iliopsoas-pelvis_tilt.C0 	0.33167545	0.33171717	0.00059419987	
S00100.iliopsoas.C0             	0.34099704	0.34048461	0.00033132017	
S00100.glut_max.C0              	-0.023824816	-0.023985412	0.00023414302	
S11000.iliopsoas.KL             	0.55939349	0.5596361	0.00028296748	
S11000.iliopsoas.L0             	0.39272228	0.39258639	0.00032519942	
S11000.iliopsoas-pelvis_tilt.P0 	-0.045471055	-0.045181399	0.00024269608	
S11000.iliopsoas-pelvis_tilt.KP 	0.011892904	0.011236546	0.0012573181	
S11000.iliopsoas-pelvis_tilt.KV 	0.14040833	0.14065236	0.00029057667	
S11000.iliopsoas-hamstrings.KL  	-8.3024423	-8.2943667	0.010293918	
S11000.iliopsoas-hamstrings.L0  	1.164957	1.1653657	0.00022822914	
S11000.hamstrings.KF            	0.57742198	0.57743356	0.00022966879	
S11000.glut_max.KF              	0.6146614	0.61474233	0.00025977842	
