pelvis_tilt.offset              	0.024948274	0.024844238	0.0001223598	
hip_flexion_r.offset            	0.069825052	0.069678509	0.00011416964	
knee_angle_r.offset             	0.0012443154	0.0012528686	0.00012632159	
ankle_angle_r.offset            	-0.053275404	-0.053111856	0.00016779934	
hip_flexion_l.offset            	-0.0059446603	-0.005944227	0.00023069524	
knee_angle_l.offset             	0.062944027	0.062812053	0.00018256774	
ankle_angle_l.offset            	0.18689806	0.18704958	0.00017698532	
stance_load_threshold           	0.14660319	0.14637226	0.0001955712	
S00111.tib_ant.KL               	1.2545765	1.2553386	0.0032229598	
S00111.tib_ant.L0               	0.76963249	0.76941977	0.00034706017	
S00111.tib_ant.KS               	0.00015652	0.00016310643	9.6639451e-05	
S11000.tib_ant.KL               	1.2319869	1.2327746	0.0018252822	
S11000.tib_ant.L0               	0.72958083	0.72924797	0.00027336477	
S11000.tib_ant.KS               	0.036145037	0.036283749	0.00016508811	
S11111.tib_ant-soleus.KF        	-0.10936831	-0.10955326	0.00027784739	
S00111.soleus-tib_ant.KS        	-0.84392056	-0.84953056	0.0035055132	
S11000.soleus-tib_ant.KS        	-3.3505873	-3.351342	0.0042990225	
S00111.gastroc-tib_ant.KS       	-0.32442196	-0.32399291	0.0024529036	
S11000.gastroc-tib_ant.KS       	-1.7003929	-1.7006194	0.0034605839	
S00111.tib_ant-gastroc.KS       	-0.00395169	-0.0037906288	0.019112578	
S11000.tib_ant-gastroc.KS       	-0.00331551	-0.0034994592	0.018680654	
S00111.tib_ant-soleus.KS        	-0.00346517	-0.0033864101	0.019620013	
S11000.tib_ant-soleus.KS        	-0.0034666	-0.0032837405	0.018786567	
S00111.gastroc.L0               	0.84973713	0.8491919	0.0013643211	
S00111.gastroc.KS               	0.17666083	0.17654274	0.0012193701	
S00111.soleus.L0                	0.94017818	0.94111571	0.00079685901	
S00111.soleus.KS                	0.16313811	0.1590261	0.0019765699	
S11000.gastroc.KL               	0.00925153	0.0088353319	0.0019138469	
S11000.gastroc.L0               	0.51136832	0.51243878	0.0014319067	
S11000.gastroc.KF               	-1.7855447	-1.7842791	0.0034060045	
S11000.gastroc.KS               	0.2669383	0.26617815	0.0028879674	
S11000.soleus.KL                	0.81573007	0.82113149	0.0057889355	
S11000.soleus.L0                	0.91375673	0.91364831	0.0013481456	
S11000.soleus.KF                	-0.95529152	-0.95394553	0.0050954989	
S11000.soleus.KS                	0.1084774	0.10761654	0.0038248105	
S00011.vasti.KF                 	0.82963457	0.82873604	0.00074698303	
S00011.vasti.C0                 	0.080305917	0.080541439	0.00014910231	
S00011.vasti-knee_angle.pos_max 	-0.31039443	-0.31055326	0.00025993745	
S00011.hamstrings-pelvis_tilt.KP	0.67841452	0.6839438	0.0028629774	
S00011.hamstrings-pelvis_tilt.KV	0.57047511	0.57055312	0.00014997777	
S00011.hamstrings-pelvis_tilt.C0	0.026683975	0.025989468	0.00029317277	
S00011.glut_max-pelvis_tilt.KP  	1.5319602	1.5298624	0.0024084828	
S00011.glut_max-pelvis_tilt.KV  	0.31525346	0.31533192	0.00015636651	
S00011.glut_max-pelvis_tilt.C0  	0.15597825	0.15593222	0.0002624232	
S00011.iliopsoas-pelvis_tilt.KP 	-3.5570886	-3.5609609	0.004215954	
S00011.iliopsoas-pelvis_tilt.KV 	-0.54255476	-0.54235731	0.00019185088	
S00011.iliopsoas-pelvis_tilt.C0 	0.33443512	0.33337543	0.00040529923	
S00100.iliopsoas.C0             	0.33970479	0.33968462	0.00022694583	
S00100.glut_max.C0              	-0.02394554	-0.023939281	0.00015819945	
S11000.iliopsoas.KL             	0.55888539	0.5588754	0.00019448363	
S11000.iliopsoas.L0             	0.39301264	0.39301193	0.00022605893	
S11000.iliopsoas-pelvis_tilt.P0 	-0.04484639	-0.044992875	0.00016257751	
S11000.iliopsoas-pelvis_tilt.KP 	0.010936541	0.011258539	0.00079167392	
S11000.iliopsoas-pelvis_tilt.KV 	0.14088161	0.1410818	0.00019727621	
S11000.iliopsoas-hamstrings.KL  	-8.3141146	-8.3072512	0.0070118606	
S11000.iliopsoas-hamstrings.L0  	1.1663716	1.1661078	0.00015753592	
S11000.hamstrings.KF            	0.5771219	0.57689752	0.0001563008	
S11000.glut_max.KF              	0.6148026	0.61480084	0.00017380507	
