pelvis_tilt.offset              	0.024941849	0.024826522	0.00011910552	
hip_flexion_r.offset            	0.069606515	0.069664652	0.00011112212	
knee_angle_r.offset             	0.001247524	0.0012839571	0.00012277118	
ankle_angle_r.offset            	-0.052962362	-0.053161769	0.00016348374	
hip_flexion_l.offset            	-0.0061176412	-0.0058308467	0.00022487588	
knee_angle_l.offset             	0.062908513	0.062811851	0.00017770763	
ankle_angle_l.offset            	0.18707048	0.1870959	0.00017287529	
stance_load_threshold           	0.14629328	0.14636788	0.00019013436	
S00111.tib_ant.KL               	1.2552685	1.2554954	0.0031337751	
S00111.tib_ant.L0               	0.76969578	0.769451	0.00033778902	
S00111.tib_ant.KS               	0.000173	0.00016035507	9.3821005e-05	
S11000.tib_ant.KL               	1.2331732	1.2330355	0.0017746111	
S11000.tib_ant.L0               	0.72955179	0.72933219	0.00026644267	
S11000.tib_ant.KS               	0.035897496	0.036191439	0.00016078861	
S11111.tib_ant-soleus.KF        	-0.1092441	-0.10954593	0.00027075341	
S00111.soleus-tib_ant.KS        	-0.84599094	-0.84929819	0.0034194057	
S11000.soleus-tib_ant.KS        	-3.3531561	-3.3517957	0.0041849885	
S00111.gastroc-tib_ant.KS       	-0.32171493	-0.3241404	0.0023876265	
S11000.gastroc-tib_ant.KS       	-1.6960608	-1.7001486	0.0033724654	
S00111.tib_ant-gastroc.KS       	-0.00395169	-0.0038227154	0.018554867	
S11000.tib_ant-gastroc.KS       	-0.00366451	-0.0035029103	0.018135547	
S00111.tib_ant-soleus.KS        	-0.00313515	-0.0033033133	0.019047495	
S11000.tib_ant-soleus.KS        	-0.0034666	-0.0033117685	0.018238369	
S00111.gastroc.L0               	0.84876549	0.8491729	0.0013281548	
S00111.gastroc.KS               	0.17506628	0.17651888	0.0011854542	
S00111.soleus.L0                	0.93971941	0.94083025	0.00077632041	
S00111.soleus.KS                	0.16010604	0.15966035	0.0019246795	
S11000.gastroc.KL               	0.00837043	0.0087603141	0.0018582301	
S11000.gastroc.L0               	0.51478033	0.51186422	0.0013950089	
S11000.gastroc.KF               	-1.7869334	-1.7847589	0.0033170281	
S11000.gastroc.KS               	0.26997168	0.26615276	0.0028112287	
S11000.soleus.KL                	0.81971827	0.82078131	0.0056331981	
S11000.soleus.L0                	0.9157801	0.91419703	0.0013113544	
S11000.soleus.KF                	-0.95753916	-0.9541532	0.0049560965	
S11000.soleus.KS                	0.10352203	0.1069082	0.0037186865	
S00011.vasti.KF                 	0.82933555	0.82873828	0.00072760343	
S00011.vasti.C0                 	0.080733068	0.080552602	0.00014517752	
S00011.vasti-knee_angle.pos_max 	-0.31029029	-0.31047038	0.00025288061	
S00011.hamstrings-pelvis_tilt.KP	0.68038736	0.68270855	0.0027872783	
S00011.hamstrings-pelvis_tilt.KV	0.57058327	0.57057307	0.00014596268	
S00011.hamstrings-pelvis_tilt.C0	0.026309381	0.026190877	0.00028582773	
S00011.glut_max-pelvis_tilt.KP  	1.5297913	1.5301502	0.0023419837	
S00011.glut_max-pelvis_tilt.KV  	0.31538812	0.31530449	0.00015204849	
S00011.glut_max-pelvis_tilt.C0  	0.15572838	0.15593369	0.00025577481	
S00011.iliopsoas-pelvis_tilt.KP 	-3.5600882	-3.5601858	0.0041021522	
S00011.iliopsoas-pelvis_tilt.KV 	-0.54246222	-0.54234853	0.00018659341	
S00011.iliopsoas-pelvis_tilt.C0 	0.33423267	0.33360924	0.00039569544	
S00100.iliopsoas.C0             	0.33978277	0.33966887	0.00022074056	
S00100.glut_max.C0              	-0.023729266	-0.023947873	0.00015387603	
S11000.iliopsoas.KL             	0.55913405	0.55893052	0.00018933849	
S11000.iliopsoas.L0             	0.39266182	0.39299674	0.00021970261	
S11000.iliopsoas-pelvis_tilt.P0 	-0.045294737	-0.045001452	0.00015819072	
S11000.iliopsoas-pelvis_tilt.KP 	0.01082572	0.011322161	0.00076918474	
S11000.iliopsoas-pelvis_tilt.KV 	0.14110018	0.14099905	0.00019182811	
S11000.iliopsoas-hamstrings.KL  	-8.2981437	-8.3050005	0.006825128	
S11000.iliopsoas-hamstrings.L0  	1.1666149	1.1662003	0.00015383694	
S11000.hamstrings.KF            	0.57719215	0.57689718	0.00015227475	
S11000.glut_max.KF              	0.61463933	0.61481297	0.00016907543	
