pelvis_tilt.offset              	0.02464167	0.024699211	0.0001208221	
hip_flexion_r.offset            	0.069894237	0.069783613	0.0001136445	
knee_angle_r.offset             	0.0012977308	0.0014252574	0.00012446476	
ankle_angle_r.offset            	-0.053139824	-0.05322298	0.00016562595	
hip_flexion_l.offset            	-0.0066184141	-0.0063800901	0.00023387705	
knee_angle_l.offset             	0.063250964	0.063029609	0.00018087262	
ankle_angle_l.offset            	0.18658558	0.18702533	0.00017531491	
stance_load_threshold           	0.14595094	0.14618971	0.00019128602	
S00111.tib_ant.KL               	1.2650034	1.2581563	0.0031937339	
S00111.tib_ant.L0               	0.76956927	0.76921822	0.00034052771	
S00111.tib_ant.KS               	0.000173	0.00016682768	9.0169013e-05	
S11000.tib_ant.KL               	1.2345947	1.2347164	0.0018031188	
S11000.tib_ant.L0               	0.72993299	0.7297638	0.00027424541	
S11000.tib_ant.KS               	0.035921599	0.036040632	0.00016248939	
S11111.tib_ant-soleus.KF        	-0.10925298	-0.10949274	0.0002760398	
S00111.soleus-tib_ant.KS        	-0.84531837	-0.84463783	0.003450417	
S11000.soleus-tib_ant.KS        	-3.356074	-3.3562722	0.0042163731	
S00111.gastroc-tib_ant.KS       	-0.32171493	-0.32246444	0.0023453845	
S11000.gastroc-tib_ant.KS       	-1.7045832	-1.7060083	0.0034468159	
S00111.tib_ant-gastroc.KS       	-0.00357534	-0.003770967	0.017825677	
S11000.tib_ant-gastroc.KS       	-0.00366451	-0.0034506011	0.01742283	
S00111.tib_ant-soleus.KS        	-0.00313515	-0.0032666631	0.018298917	
S11000.tib_ant-soleus.KS        	-0.0034666	-0.0033577867	0.017521599	
S00111.gastroc.L0               	0.85149463	0.8517366	0.0013407491	
S00111.gastroc.KS               	0.17647427	0.1765558	0.0011634871	
S00111.soleus.L0                	0.94163918	0.94111687	0.00077765399	
S00111.soleus.KS                	0.16520068	0.16273087	0.0019462073	
S11000.gastroc.KL               	0.00925153	0.008924184	0.0017899134	
S11000.gastroc.L0               	0.5105723	0.51025686	0.0014204937	
S11000.gastroc.KF               	-1.7766624	-1.7776285	0.0033518645	
S11000.gastroc.KS               	0.26994071	0.26444269	0.0028468925	
S11000.soleus.KL                	0.81894055	0.8170186	0.0056656859	
S11000.soleus.L0                	0.91186924	0.91289852	0.0013215805	
S11000.soleus.KF                	-0.95778991	-0.9529795	0.0049753537	
S11000.soleus.KS                	0.10512318	0.10581025	0.0037012889	
S00011.vasti.KF                 	0.82958701	0.8294529	0.00073759447	
S00011.vasti.C0                 	0.080595822	0.080553711	0.00014606295	
S00011.vasti-knee_angle.pos_max 	-0.31070058	-0.31064901	0.0002593886	
S00011.hamstrings-pelvis_tilt.KP	0.67860352	0.68066324	0.0028121911	
S00011.hamstrings-pelvis_tilt.KV	0.570746	0.57073344	0.00014797423	
S00011.hamstrings-pelvis_tilt.C0	0.025821456	0.025625629	0.00028882529	
S00011.glut_max-pelvis_tilt.KP  	1.5256938	1.5290361	0.0023435617	
S00011.glut_max-pelvis_tilt.KV  	0.31529278	0.31516848	0.00015648249	
S00011.glut_max-pelvis_tilt.C0  	0.15560537	0.15600302	0.00025979605	
S00011.iliopsoas-pelvis_tilt.KP 	-3.550839	-3.5542251	0.0042022715	
S00011.iliopsoas-pelvis_tilt.KV 	-0.54240152	-0.54245629	0.00018953164	
S00011.iliopsoas-pelvis_tilt.C0 	0.33487911	0.33417531	0.00040819498	
S00100.iliopsoas.C0             	0.33997092	0.33997996	0.00022366331	
S00100.glut_max.C0              	-0.023685494	-0.023686226	0.0001568732	
S11000.iliopsoas.KL             	0.55824276	0.55834342	0.00019706631	
S11000.iliopsoas.L0             	0.3928086	0.39286962	0.00022249835	
S11000.iliopsoas-pelvis_tilt.P0 	-0.044738821	-0.04501389	0.00016152645	
S11000.iliopsoas-pelvis_tilt.KP 	0.01082572	0.01165603	0.0007521756	
S11000.iliopsoas-pelvis_tilt.KV 	0.14056145	0.14064581	0.00019462676	
S11000.iliopsoas-hamstrings.KL  	-8.3202247	-8.3168266	0.0069437131	
S11000.iliopsoas-hamstrings.L0  	1.1668312	1.1667842	0.00016285867	
S11000.hamstrings.KF            	0.57726107	0.57721592	0.00015419362	
S11000.glut_max.KF              	0.61494891	0.61512012	0.00017442295	
