pelvis_tilt.offset              	0.024627938	0.024614857	3.8696616e-05	
hip_flexion_r.offset            	0.069692492	0.069663736	3.629918e-05	
knee_angle_r.offset             	0.0012306436	0.0012708649	3.9228544e-05	
ankle_angle_r.offset            	-0.052905084	-0.052966036	5.2889738e-05	
hip_flexion_l.offset            	-0.0068506401	-0.006843923	7.6830594e-05	
knee_angle_l.offset             	0.063018984	0.062931592	5.8183303e-05	
ankle_angle_l.offset            	0.18711402	0.18703255	5.4562672e-05	
stance_load_threshold           	0.14641168	0.14642354	6.200741e-05	
S00111.tib_ant.KL               	1.2618515	1.2607373	0.0010196363	
S00111.tib_ant.L0               	0.76975614	0.76969811	0.00010903893	
S00111.tib_ant.KS               	0.000173	0.00016345745	2.3791109e-05	
S11000.tib_ant.KL               	1.2350371	1.2352671	0.00057568527	
S11000.tib_ant.L0               	0.72956651	0.72946019	8.5873499e-05	
S11000.tib_ant.KS               	0.036401896	0.036412671	5.112459e-05	
S11111.tib_ant-soleus.KF        	-0.1093549	-0.10948861	8.976415e-05	
S00111.soleus-tib_ant.KS        	-0.84610166	-0.84424746	0.001079252	
S11000.soleus-tib_ant.KS        	-3.3502554	-3.3509464	0.0013259788	
S00111.gastroc-tib_ant.KS       	-0.32255299	-0.32269547	0.00068268323	
S11000.gastroc-tib_ant.KS       	-1.6971495	-1.697303	0.0011022576	
S00111.tib_ant-gastroc.KS       	-0.00357534	-0.0037338803	0.0046723764	
S11000.tib_ant-gastroc.KS       	-0.00331551	-0.0034833958	0.0045666939	
S00111.tib_ant-soleus.KS        	-0.00313515	-0.0032989374	0.0047962344	
S11000.tib_ant-soleus.KS        	-0.00313645	-0.0033030996	0.0045925525	
S00111.gastroc.L0               	0.85219769	0.85090522	0.0004181582	
S00111.gastroc.KS               	0.17739288	0.17675528	0.00034050423	
S00111.soleus.L0                	0.94165635	0.94200137	0.00023935663	
S00111.soleus.KS                	0.1649188	0.16445796	0.00058034418	
S11000.gastroc.KL               	0.0089999881	0.0086957993	0.00048601662	
S11000.gastroc.L0               	0.50987327	0.51066723	0.00044492866	
S11000.gastroc.KF               	-1.7776434	-1.7753632	0.0011153384	
S11000.gastroc.KS               	0.26357715	0.26371279	0.00089746238	
S11000.soleus.KL                	0.82940662	0.82803439	0.0018110465	
S11000.soleus.L0                	0.91352015	0.91385636	0.00042254905	
S11000.soleus.KF                	-0.94608079	-0.9447537	0.0015726865	
S11000.soleus.KS                	0.10632508	0.10564458	0.0011532641	
S00011.vasti.KF                 	0.8294642	0.82921552	0.00022994137	
S00011.vasti.C0                 	0.080716701	0.08071559	4.6203628e-05	
S00011.vasti-knee_angle.pos_max 	-0.31072292	-0.31079752	8.3241119e-05	
S00011.hamstrings-pelvis_tilt.KP	0.67931259	0.68005776	0.00088965927	
S00011.hamstrings-pelvis_tilt.KV	0.57114678	0.57104559	4.7389565e-05	
S00011.hamstrings-pelvis_tilt.C0	0.025373821	0.02537889	9.0988804e-05	
S00011.glut_max-pelvis_tilt.KP  	1.5334726	1.5329264	0.00075518522	
S00011.glut_max-pelvis_tilt.KV  	0.31550316	0.31542792	5.0335748e-05	
S00011.glut_max-pelvis_tilt.C0  	0.1555981	0.15563808	8.3014895e-05	
S00011.iliopsoas-pelvis_tilt.KP 	-3.5591442	-3.558136	0.0013266932	
S00011.iliopsoas-pelvis_tilt.KV 	-0.5423178	-0.54237841	5.9964661e-05	
S00011.iliopsoas-pelvis_tilt.C0 	0.33458474	0.33471919	0.00013153987	
S00100.iliopsoas.C0             	0.33934212	0.33930688	7.2312505e-05	
S00100.glut_max.C0              	-0.023774373	-0.023687151	4.9118055e-05	
S11000.iliopsoas.KL             	0.55830997	0.55845303	6.4145948e-05	
S11000.iliopsoas.L0             	0.39372283	0.39373861	7.2704836e-05	
S11000.iliopsoas-pelvis_tilt.P0 	-0.044895691	-0.044791094	5.1854381e-05	
S11000.iliopsoas-pelvis_tilt.KP 	0.011577435	0.011484658	0.00022265796	
S11000.iliopsoas-pelvis_tilt.KV 	0.14054367	0.14057488	6.2044944e-05	
S11000.iliopsoas-hamstrings.KL  	-8.3290103	-8.3284548	0.0022014467	
S11000.iliopsoas-hamstrings.L0  	1.1670096	1.1670339	5.1805298e-05	
S11000.hamstrings.KF            	0.57723509	0.57719204	4.8681752e-05	
S11000.glut_max.KF              	0.61524641	0.61525731	5.5581506e-05	
