pelvis_tilt.offset              	0.024641584	0.024651662	3.5273573e-05	
hip_flexion_r.offset            	0.069658041	0.069686828	3.2813746e-05	
knee_angle_r.offset             	0.0012566486	0.0012596748	3.5397826e-05	
ankle_angle_r.offset            	-0.0529055	-0.05295084	4.7579899e-05	
hip_flexion_l.offset            	-0.0068927895	-0.0067989149	6.8915588e-05	
knee_angle_l.offset             	0.062965916	0.062926971	5.2662412e-05	
ankle_angle_l.offset            	0.18703227	0.1870068	4.9299746e-05	
stance_load_threshold           	0.14648904	0.14646285	5.6045295e-05	
S00111.tib_ant.KL               	1.2607047	1.2606948	0.00091511688	
S00111.tib_ant.L0               	0.76965197	0.76964881	9.8070462e-05	
S00111.tib_ant.KS               	0.0001569632	0.00016469874	2.1115589e-05	
S11000.tib_ant.KL               	1.2358437	1.2353742	0.00051911396	
S11000.tib_ant.L0               	0.72935407	0.72941339	7.7408369e-05	
S11000.tib_ant.KS               	0.03631096	0.036392833	4.6094205e-05	
S11111.tib_ant-soleus.KF        	-0.10936858	-0.10946052	8.0840406e-05	
S00111.soleus-tib_ant.KS        	-0.84443978	-0.84441511	0.00097418838	
S11000.soleus-tib_ant.KS        	-3.3505748	-3.35045	0.0011928807	
S00111.gastroc-tib_ant.KS       	-0.32281873	-0.32260279	0.0006116456	
S11000.gastroc-tib_ant.KS       	-1.696205	-1.6972237	0.00099350897	
S00111.tib_ant-gastroc.KS       	-0.00395169	-0.003767591	0.0041385003	
S11000.tib_ant-gastroc.KS       	-0.00366451	-0.0035927021	0.0040448807	
S00111.tib_ant-soleus.KS        	-0.00313515	-0.0033256699	0.0042481782	
S11000.tib_ant-soleus.KS        	-0.0034666	-0.0032166862	0.0040677856	
S00111.gastroc.L0               	0.85043433	0.85068858	0.00037902698	
S00111.gastroc.KS               	0.17738628	0.17701375	0.00030630737	
S00111.soleus.L0                	0.9420917	0.94184679	0.00021561527	
S00111.soleus.KS                	0.16373319	0.16379152	0.00052131594	
S11000.gastroc.KL               	0.0085921822	0.0087834604	0.00043389187	
S11000.gastroc.L0               	0.51044268	0.51017768	0.00040053653	
S11000.gastroc.KF               	-1.7766231	-1.7747824	0.0010051395	
S11000.gastroc.KS               	0.2622753	0.26263328	0.00080857495	
S11000.soleus.KL                	0.82735248	0.82645119	0.0016345566	
S11000.soleus.L0                	0.91386394	0.91430043	0.0003809333	
S11000.soleus.KF                	-0.94491435	-0.9445427	0.0014137207	
S11000.soleus.KS                	0.1056826	0.10493878	0.0010430385	
S00011.vasti.KF                 	0.82934388	0.8291188	0.00020667348	
S00011.vasti.C0                 	0.080852014	0.080773778	4.1720412e-05	
S00011.vasti-knee_angle.pos_max 	-0.31091719	-0.31079771	7.490921e-05	
S00011.hamstrings-pelvis_tilt.KP	0.67910767	0.67960998	0.00080137483	
S00011.hamstrings-pelvis_tilt.KV	0.57102069	0.57098169	4.2769329e-05	
S00011.hamstrings-pelvis_tilt.C0	0.02531314	0.025368945	8.1684183e-05	
S00011.glut_max-pelvis_tilt.KP  	1.5325445	1.5329421	0.00067888099	
S00011.glut_max-pelvis_tilt.KV  	0.31547032	0.31544765	4.5361719e-05	
S00011.glut_max-pelvis_tilt.C0  	0.1556954	0.15567392	7.4721723e-05	
S00011.iliopsoas-pelvis_tilt.KP 	-3.5572972	-3.5574026	0.0011957412	
S00011.iliopsoas-pelvis_tilt.KV 	-0.54242751	-0.54237972	5.4067886e-05	
S00011.iliopsoas-pelvis_tilt.C0 	0.33509696	0.33477371	0.00011824427	
S00100.iliopsoas.C0             	0.33931644	0.33935494	6.5017695e-05	
S00100.glut_max.C0              	-0.023693392	-0.023680947	4.4157762e-05	
S11000.iliopsoas.KL             	0.55833577	0.55843858	5.7833315e-05	
S11000.iliopsoas.L0             	0.39374797	0.3937201	6.5214602e-05	
S11000.iliopsoas-pelvis_tilt.P0 	-0.044772071	-0.044838627	4.6670614e-05	
S11000.iliopsoas-pelvis_tilt.KP 	0.011742231	0.011611123	0.00019967581	
S11000.iliopsoas-pelvis_tilt.KV 	0.14046492	0.14049125	5.5651186e-05	
S11000.iliopsoas-hamstrings.KL  	-8.3326449	-8.330251	0.0019841168	
S11000.iliopsoas-hamstrings.L0  	1.1671287	1.1670479	4.6813085e-05	
S11000.hamstrings.KF            	0.57724931	0.57720481	4.3786974e-05	
S11000.glut_max.KF              	0.61530009	0.6152272	4.9933213e-05	
