pelvis_tilt.offset              	0.024604485	0.024617262	1.1624345e-05	
hip_flexion_r.offset            	0.069839414	0.069837745	1.1337963e-05	
knee_angle_r.offset             	0.001150382	0.001144595	1.2173142e-05	
ankle_angle_r.offset            	-0.05307134	-0.053043929	1.615387e-05	
hip_flexion_l.offset            	-0.0069019104	-0.0068902814	2.31533e-05	
knee_angle_l.offset             	0.06294947	0.062908371	1.719791e-05	
ankle_angle_l.offset            	0.18717333	0.18719556	1.6245974e-05	
stance_load_threshold           	0.14648925	0.14651205	1.8076894e-05	
S00111.tib_ant.KL               	1.2609549	1.2606156	0.00029776462	
S00111.tib_ant.L0               	0.76954586	0.7695753	3.102664e-05	
S00111.tib_ant.KS               	0.00016566675	0.00016285971	5.6485003e-06	
S11000.tib_ant.KL               	1.2355596	1.2352727	0.0001689789	
S11000.tib_ant.L0               	0.72957019	0.72955926	2.5381775e-05	
S11000.tib_ant.KS               	0.036206005	0.036210975	1.5128331e-05	
S11111.tib_ant-soleus.KF        	-0.10941723	-0.10946362	2.6941308e-05	
S00111.soleus-tib_ant.KS        	-0.84213821	-0.84241045	0.00032573798	
S11000.soleus-tib_ant.KS        	-3.3502234	-3.3498379	0.00039251639	
S00111.gastroc-tib_ant.KS       	-0.32241602	-0.32237602	0.00018986177	
S11000.gastroc-tib_ant.KS       	-1.6987286	-1.6987438	0.00032932577	
S00111.tib_ant-gastroc.KS       	-0.00395169	-0.0038197536	0.0010003412	
S11000.tib_ant-gastroc.KS       	-0.00331551	-0.0034065849	0.00097741418	
S00111.tib_ant-soleus.KS        	-0.00346517	-0.0032279505	0.0010260365	
S11000.tib_ant-soleus.KS        	-0.0034666	-0.0033925639	0.00098275082	
S00111.gastroc.L0               	0.85038192	0.85023127	0.00012266116	
S00111.gastroc.KS               	0.17673905	0.17673638	9.7377191e-05	
S00111.soleus.L0                	0.942412	0.94239204	6.98032e-05	
S00111.soleus.KS                	0.16416769	0.16430799	0.00016402819	
S11000.gastroc.KL               	0.0087996779	0.0087308082	0.0001327829	
S11000.gastroc.L0               	0.51156142	0.51166761	0.00013604499	
S11000.gastroc.KF               	-1.7755573	-1.774899	0.0003363145	
S11000.gastroc.KS               	0.26255087	0.26304897	0.00026751462	
S11000.soleus.KL                	0.83128397	0.83114936	0.00055414758	
S11000.soleus.L0                	0.91274027	0.91281987	0.00012295249	
S11000.soleus.KF                	-0.94873937	-0.94846787	0.00048260229	
S11000.soleus.KS                	0.11066083	0.11019746	0.00036759884	
S00011.vasti.KF                 	0.82854322	0.82852447	6.7658344e-05	
S00011.vasti.C0                 	0.080886148	0.080886591	1.4071715e-05	
S00011.vasti-knee_angle.pos_max 	-0.31110021	-0.31106563	2.5356795e-05	
S00011.hamstrings-pelvis_tilt.KP	0.6781307	0.67777163	0.00026121289	
S00011.hamstrings-pelvis_tilt.KV	0.57098334	0.5709837	1.4327518e-05	
S00011.hamstrings-pelvis_tilt.C0	0.025459114	0.025407102	2.7422114e-05	
S00011.glut_max-pelvis_tilt.KP  	1.5322428	1.5323796	0.00022211412	
S00011.glut_max-pelvis_tilt.KV  	0.31522198	0.31523446	1.5228829e-05	
S00011.glut_max-pelvis_tilt.C0  	0.15564542	0.15565924	2.4997756e-05	
S00011.iliopsoas-pelvis_tilt.KP 	-3.5558295	-3.5555151	0.00040105989	
S00011.iliopsoas-pelvis_tilt.KV 	-0.54248677	-0.54249965	1.774106e-05	
S00011.iliopsoas-pelvis_tilt.C0 	0.3347339	0.33472385	3.8164786e-05	
S00100.iliopsoas.C0             	0.33926106	0.33925922	2.1440909e-05	
S00100.glut_max.C0              	-0.023597831	-0.023590329	1.4289263e-05	
S11000.iliopsoas.KL             	0.55831949	0.55830972	1.9165382e-05	
S11000.iliopsoas.L0             	0.39375157	0.39376549	2.14242e-05	
S11000.iliopsoas-pelvis_tilt.P0 	-0.044861374	-0.044855095	1.5441788e-05	
S11000.iliopsoas-pelvis_tilt.KP 	0.011660062	0.011736581	6.4884189e-05	
S11000.iliopsoas-pelvis_tilt.KV 	0.1405087	0.14053823	1.833487e-05	
S11000.iliopsoas-hamstrings.KL  	-8.3310732	-8.3311303	0.00064854806	
S11000.iliopsoas-hamstrings.L0  	1.1670908	1.167089	1.5471824e-05	
S11000.hamstrings.KF            	0.57725542	0.57726303	1.3941739e-05	
S11000.glut_max.KF              	0.61530639	0.6153079	1.6869604e-05	
