pelvis_tilt.offset              	0.023594031	0.022808279	0.0010154879	
hip_flexion_r.offset            	0.069094382	0.06797401	0.00094780561	
knee_angle_r.offset             	0.0022891356	0.0029215768	0.0010472707	
ankle_angle_r.offset            	-0.05728013	-0.05746047	0.0013669536	
hip_flexion_l.offset            	-0.0059993652	-0.0060316901	0.0019370405	
knee_angle_l.offset             	0.061562596	0.061991854	0.0014921612	
ankle_angle_l.offset            	0.18566481	0.18679424	0.0014223579	
stance_load_threshold           	0.15035721	0.14985634	0.0015701949	
S00111.tib_ant.KL               	1.252158	1.2529329	0.025721021	
S00111.tib_ant.L0               	0.77198211	0.76782767	0.0027939553	
S00111.tib_ant.KS               	0.00015652	0.00016454522	0.0010870149	
S11000.tib_ant.KL               	1.2148813	1.2117972	0.014710467	
S11000.tib_ant.L0               	0.74592421	0.74298827	0.0021561661	
S11000.tib_ant.KS               	0.034764551	0.035626503	0.0013595604	
S11111.tib_ant-soleus.KF        	-0.11268732	-0.11204587	0.0023373362	
S00111.soleus-tib_ant.KS        	-0.84461876	-0.82144574	0.029248935	
S11000.soleus-tib_ant.KS        	-3.2025744	-3.236763	0.034485208	
S00111.gastroc-tib_ant.KS       	-0.32171493	-0.33647277	0.025332634	
S11000.gastroc-tib_ant.KS       	-1.7242527	-1.723259	0.028733247	
S00111.tib_ant-gastroc.KS       	-0.00357534	-0.0037198243	0.21509992	
S11000.tib_ant-gastroc.KS       	-0.00366451	-0.0034348216	0.21023906	
S00111.tib_ant-soleus.KS        	-0.00313515	-0.0032711226	0.22081118	
S11000.tib_ant-soleus.KS        	-0.0034666	-0.0032987373	0.21143116	
S00111.gastroc.L0               	0.79728975	0.80734022	0.011430122	
S00111.gastroc.KS               	0.17545518	0.17370944	0.012539204	
S00111.soleus.L0                	0.93261773	0.9379551	0.0066491576	
S00111.soleus.KS                	0.14946728	0.15788414	0.018229727	
S11000.gastroc.KL               	0.00837043	0.0088436561	0.021454191	
S11000.gastroc.L0               	0.53106743	0.53305948	0.011976119	
S11000.gastroc.KF               	-1.8516412	-1.8659846	0.02821451	
S11000.gastroc.KS               	0.25231886	0.26483398	0.025561377	
S11000.soleus.KL                	0.76235452	0.81388287	0.049309201	
S11000.soleus.L0                	0.88983573	0.87607808	0.0110633	
S11000.soleus.KF                	-0.88127335	-0.9136993	0.046143058	
S11000.soleus.KS                	0.1022613	0.10768799	0.039854483	
S00011.vasti.KF                 	0.81914784	0.81897631	0.0061479305	
S00011.vasti.C0                 	0.08127321	0.081692302	0.001380885	
S00011.vasti-knee_angle.pos_max 	-0.30180911	-0.30214383	0.0021366082	
S00011.hamstrings-pelvis_tilt.KP	0.73271614	0.71597681	0.024311282	
S00011.hamstrings-pelvis_tilt.KV	0.56630578	0.56848138	0.0012530281	
S00011.hamstrings-pelvis_tilt.C0	0.02514159	0.026179313	0.0026513653	
S00011.glut_max-pelvis_tilt.KP  	1.496653	1.517686	0.020019214	
S00011.glut_max-pelvis_tilt.KV  	0.31687106	0.31607608	0.0012662775	
S00011.glut_max-pelvis_tilt.C0  	0.15668324	0.1561031	0.0021298999	
S00011.iliopsoas-pelvis_tilt.KP 	-3.5718105	-3.5606725	0.033821509	
S00011.iliopsoas-pelvis_tilt.KV 	-0.54522152	-0.54591602	0.0015517256	
S00011.iliopsoas-pelvis_tilt.C0 	0.34024761	0.33652158	0.0033571919	
S00100.iliopsoas.C0             	0.3406159	0.33699586	0.0018525673	
S00100.glut_max.C0              	-0.02588599	-0.024368323	0.0013817725	
S11000.iliopsoas.KL             	0.56322961	0.56422887	0.0015765524	
S11000.iliopsoas.L0             	0.39497936	0.3946925	0.0017392881	
S11000.iliopsoas-pelvis_tilt.P0 	-0.043088916	-0.043625209	0.0013833825	
S11000.iliopsoas-pelvis_tilt.KP 	0.01196527	0.011288723	0.0086372483	
S11000.iliopsoas-pelvis_tilt.KV 	0.13952927	0.14151798	0.0016124342	
S11000.iliopsoas-hamstrings.KL  	-8.4089152	-8.2981729	0.057440951	
S11000.iliopsoas-hamstrings.L0  	1.1652765	1.1647281	0.0013001168	
S11000.hamstrings.KF            	0.58055975	0.58000732	0.0012702441	
S11000.glut_max.KF              	0.62076545	0.62158656	0.0014270712	
