pelvis_tilt.offset              	0.024203846	0.024742154	0.00037620668	
hip_flexion_r.offset            	0.067866898	0.067933868	0.00034860593	
knee_angle_r.offset             	-0.00042224752	9.0888195e-05	0.00039375272	
ankle_angle_r.offset            	-0.056284876	-0.055612827	0.0005054186	
hip_flexion_l.offset            	-0.0061631679	-0.0069112887	0.0007288587	
knee_angle_l.offset             	0.061285173	0.061466622	0.00055323948	
ankle_angle_l.offset            	0.18640909	0.18587178	0.00052059262	
stance_load_threshold           	0.14845414	0.14842687	0.00058774258	
S00111.tib_ant.KL               	1.2676428	1.26558	0.0095386638	
S00111.tib_ant.L0               	0.76177387	0.76186507	0.0010498408	
S00111.tib_ant.KS               	0.00015652	0.00017017083	0.00036121324	
S11000.tib_ant.KL               	1.2234134	1.2198498	0.0054450105	
S11000.tib_ant.L0               	0.74355503	0.74319814	0.00080560204	
S11000.tib_ant.KS               	0.034784071	0.035262569	0.00049825505	
S11111.tib_ant-soleus.KF        	-0.11449757	-0.11307195	0.00086358765	
S00111.soleus-tib_ant.KS        	-0.81979829	-0.82328809	0.010706089	
S11000.soleus-tib_ant.KS        	-3.2353716	-3.2285078	0.01287345	
S00111.gastroc-tib_ant.KS       	-0.32171493	-0.32648218	0.008735395	
S11000.gastroc-tib_ant.KS       	-1.6958062	-1.7113634	0.010612125	
S00111.tib_ant-gastroc.KS       	-0.00395169	-0.0036749139	0.071475488	
S11000.tib_ant-gastroc.KS       	-0.00331551	-0.0034621045	0.069860272	
S00111.tib_ant-soleus.KS        	-0.00346517	-0.0032156137	0.073373274	
S11000.tib_ant-soleus.KS        	-0.00313645	-0.0032954787	0.070256393	
S00111.gastroc.L0               	0.82587958	0.81847912	0.0042745631	
S00111.gastroc.KS               	0.17222827	0.16906107	0.0044065816	
S00111.soleus.L0                	0.9214533	0.92308354	0.0025479299	
S00111.soleus.KS                	0.16520068	0.15812812	0.0063148687	
S11000.gastroc.KL               	0.00837043	0.0087366154	0.0071303047	
S11000.gastroc.L0               	0.53777173	0.54251054	0.0043601671	
S11000.gastroc.KF               	-1.8588445	-1.8748349	0.010532247	
S11000.gastroc.KS               	0.26358523	0.26552771	0.0089524451	
S11000.soleus.KL                	0.79770009	0.81740541	0.017714762	
S11000.soleus.L0                	0.88452174	0.87410355	0.0041398582	
S11000.soleus.KF                	-0.86753488	-0.88360055	0.016557631	
S11000.soleus.KS                	0.11093104	0.11064321	0.013332164	
S00011.vasti.KF                 	0.82340714	0.82039684	0.002251779	
S00011.vasti.C0                 	0.080377247	0.080333422	0.00048632066	
S00011.vasti-knee_angle.pos_max 	-0.29715794	-0.29715618	0.00080965164	
S00011.hamstrings-pelvis_tilt.KP	0.71932261	0.71286528	0.0089135112	
S00011.hamstrings-pelvis_tilt.KV	0.56893564	0.56870826	0.00046151708	
S00011.hamstrings-pelvis_tilt.C0	0.02778807	0.026227892	0.00092594239	
S00011.glut_max-pelvis_tilt.KP  	1.5297402	1.5276423	0.0073696098	
S00011.glut_max-pelvis_tilt.KV  	0.31603768	0.31640489	0.00047072033	
S00011.glut_max-pelvis_tilt.C0  	0.1563424	0.1565163	0.00078181627	
S00011.iliopsoas-pelvis_tilt.KP 	-3.5425593	-3.5242299	0.012549368	
S00011.iliopsoas-pelvis_tilt.KV 	-0.55004593	-0.54935462	0.00059256285	
S00011.iliopsoas-pelvis_tilt.C0 	0.33492654	0.33525654	0.0012354129	
S00100.iliopsoas.C0             	0.33361583	0.33352842	0.00069356981	
S00100.glut_max.C0              	-0.024128356	-0.024700588	0.00049624676	
S11000.iliopsoas.KL             	0.56229708	0.56279903	0.00058252708	
S11000.iliopsoas.L0             	0.39199214	0.39271885	0.00064356255	
S11000.iliopsoas-pelvis_tilt.P0 	-0.044933816	-0.044898862	0.00050441555	
S11000.iliopsoas-pelvis_tilt.KP 	0.01196527	0.011344452	0.0028752024	
S11000.iliopsoas-pelvis_tilt.KV 	0.1426646	0.14282957	0.00059974253	
S11000.iliopsoas-hamstrings.KL  	-8.2423061	-8.2233325	0.021575879	
S11000.iliopsoas-hamstrings.L0  	1.1650138	1.1637465	0.00047735892	
S11000.hamstrings.KF            	0.57748211	0.57745626	0.00048267599	
S11000.glut_max.KF              	0.6211438	0.62087511	0.00052407108	
