pelvis_tilt.offset              	0.025180562	0.024980764	0.00026763774	
hip_flexion_r.offset            	0.068954419	0.068762544	0.00024678445	
knee_angle_r.offset             	0.00039579006	0.00052400336	0.00028136772	
ankle_angle_r.offset            	-0.055323587	-0.055506247	0.00036151499	
hip_flexion_l.offset            	-0.0069275955	-0.0064033969	0.00052085174	
knee_angle_l.offset             	0.062951391	0.062839154	0.00040023111	
ankle_angle_l.offset            	0.18658423	0.18590593	0.00037055717	
stance_load_threshold           	0.14934453	0.14931887	0.00041498358	
S00111.tib_ant.KL               	1.2565777	1.2627471	0.006760291	
S00111.tib_ant.L0               	0.76128251	0.76018196	0.00075109411	
S00111.tib_ant.KS               	0.000173	0.00016595216	0.0002352303	
S11000.tib_ant.KL               	1.2253713	1.2194762	0.0038616534	
S11000.tib_ant.L0               	0.74231017	0.74304443	0.00057404411	
S11000.tib_ant.KS               	0.035628952	0.035641148	0.00035029153	
S11111.tib_ant-soleus.KF        	-0.11390955	-0.11379935	0.00061885549	
S00111.soleus-tib_ant.KS        	-0.80888339	-0.81210325	0.0073137078	
S11000.soleus-tib_ant.KS        	-3.2358691	-3.2285492	0.0091335705	
S00111.gastroc-tib_ant.KS       	-0.32630728	-0.32614012	0.0058502934	
S11000.gastroc-tib_ant.KS       	-1.7375131	-1.7334264	0.0075238713	
S00111.tib_ant-gastroc.KS       	-0.00395169	-0.003684509	0.04654232	
S11000.tib_ant-gastroc.KS       	-0.00331551	-0.0035122159	0.04549054	
S00111.tib_ant-soleus.KS        	-0.00346517	-0.0032907566	0.047778075	
S11000.tib_ant-soleus.KS        	-0.0034666	-0.0033729137	0.045748475	
S00111.gastroc.L0               	0.81225693	0.81292329	0.0030604036	
S00111.gastroc.KS               	0.17739288	0.17570626	0.0030040892	
S00111.soleus.L0                	0.91939494	0.91997029	0.0017616253	
S00111.soleus.KS                	0.16520068	0.1636138	0.0042412431	
S11000.gastroc.KL               	0.00837043	0.0088947032	0.0046454935	
S11000.gastroc.L0               	0.5441774	0.54341375	0.0030792423	
S11000.gastroc.KF               	-1.8649051	-1.8718776	0.0075826955	
S11000.gastroc.KS               	0.27058159	0.26814125	0.0062728833	
S11000.soleus.KL                	0.8031756	0.81923367	0.012404787	
S11000.soleus.L0                	0.87860227	0.87845724	0.0029852436	
S11000.soleus.KF                	-0.88613046	-0.88179983	0.011540317	
S11000.soleus.KS                	0.1022613	0.10696933	0.0088301937	
S00011.vasti.KF                 	0.82031343	0.82169396	0.0016134502	
S00011.vasti.C0                 	0.080847427	0.080402315	0.00033106014	
S00011.vasti-knee_angle.pos_max 	-0.29469132	-0.29556088	0.00058011473	
S00011.hamstrings-pelvis_tilt.KP	0.70423664	0.70016075	0.0063486387	
S00011.hamstrings-pelvis_tilt.KV	0.56888246	0.56888973	0.00032535041	
S00011.hamstrings-pelvis_tilt.C0	0.026635336	0.026518683	0.00064589485	
S00011.glut_max-pelvis_tilt.KP  	1.5201705	1.5283241	0.0051682759	
S00011.glut_max-pelvis_tilt.KV  	0.31739247	0.31695182	0.00033519385	
S00011.glut_max-pelvis_tilt.C0  	0.15543822	0.15572641	0.00055200433	
S00011.iliopsoas-pelvis_tilt.KP 	-3.5120959	-3.514979	0.0089295473	
S00011.iliopsoas-pelvis_tilt.KV 	-0.54895614	-0.54951937	0.00041940279	
S00011.iliopsoas-pelvis_tilt.C0 	0.33390228	0.33395608	0.00087329506	
S00100.iliopsoas.C0             	0.33479696	0.33441378	0.00048908903	
S00100.glut_max.C0              	-0.02588599	-0.025443906	0.00034771721	
S11000.iliopsoas.KL             	0.56282904	0.56326127	0.00041203097	
S11000.iliopsoas.L0             	0.392365	0.3917984	0.00046478909	
S11000.iliopsoas-pelvis_tilt.P0 	-0.045015831	-0.044861562	0.00035832939	
S11000.iliopsoas-pelvis_tilt.KP 	0.01135255	0.011449269	0.0018817765	
S11000.iliopsoas-pelvis_tilt.KV 	0.14128877	0.14122478	0.00042947983	
S11000.iliopsoas-hamstrings.KL  	-8.2082098	-8.1919029	0.015268411	
S11000.iliopsoas-hamstrings.L0  	1.1650351	1.164475	0.00034515759	
S11000.hamstrings.KF            	0.57786904	0.57758513	0.0003474568	
S11000.glut_max.KF              	0.61898031	0.61919271	0.0003745598	
