pelvis_tilt.offset              	0.025602501	0.025726589	0.00024340511	
hip_flexion_r.offset            	0.068902524	0.068858888	0.00022007122	
knee_angle_r.offset             	0.00010306109	0.00023229481	0.00025039713	
ankle_angle_r.offset            	-0.054937167	-0.055207781	0.00032168276	
hip_flexion_l.offset            	-0.0060263364	-0.0069005644	0.00046171129	
knee_angle_l.offset             	0.062901084	0.063229476	0.00035826869	
ankle_angle_l.offset            	0.18622504	0.18596229	0.00032947144	
stance_load_threshold           	0.14804311	0.14889591	0.00036950484	
S00111.tib_ant.KL               	1.2583864	1.2539597	0.0060003176	
S00111.tib_ant.L0               	0.76004218	0.76049103	0.00067091717	
S00111.tib_ant.KS               	0.000173	0.00016520976	0.00020472826	
S11000.tib_ant.KL               	1.2201935	1.2217216	0.0034126718	
S11000.tib_ant.L0               	0.74205651	0.74280081	0.00051248123	
S11000.tib_ant.KS               	0.034767676	0.035402785	0.00031161049	
S11111.tib_ant-soleus.KF        	-0.11471393	-0.11479672	0.00054948927	
S00111.soleus-tib_ant.KS        	-0.80888339	-0.81022388	0.0063962596	
S11000.soleus-tib_ant.KS        	-3.2258121	-3.2314509	0.0080667611	
S00111.gastroc-tib_ant.KS       	-0.32221478	-0.32619707	0.005131122	
S11000.gastroc-tib_ant.KS       	-1.7360936	-1.7328941	0.0067090845	
S00111.tib_ant-gastroc.KS       	-0.00357534	-0.0037996715	0.040506097	
S11000.tib_ant-gastroc.KS       	-0.00366451	-0.0035752828	0.039590724	
S00111.tib_ant-soleus.KS        	-0.00346517	-0.0032710602	0.041581578	
S11000.tib_ant-soleus.KS        	-0.0034666	-0.003224755	0.039815205	
S00111.gastroc.L0               	0.81268221	0.81542366	0.0027127837	
S00111.gastroc.KS               	0.17500969	0.17621106	0.0026431033	
S00111.soleus.L0                	0.91941363	0.9198624	0.0015435368	
S00111.soleus.KS                	0.16520068	0.16443612	0.0037053643	
S11000.gastroc.KL               	0.0090261262	0.0086092073	0.0040438805	
S11000.gastroc.L0               	0.54220706	0.54358784	0.0027394839	
S11000.gastroc.KF               	-1.86469	-1.8691645	0.0067283326	
S11000.gastroc.KS               	0.26204735	0.26312497	0.0055536264	
S11000.soleus.KL                	0.80500626	0.81216957	0.011042089	
S11000.soleus.L0                	0.87405355	0.8755177	0.002654574	
S11000.soleus.KF                	-0.87582233	-0.88066443	0.010231899	
S11000.soleus.KS                	0.11302564	0.10847413	0.0077288161	
S00011.vasti.KF                 	0.81988843	0.82187165	0.0014366902	
S00011.vasti.C0                 	0.080808126	0.080560702	0.00029321317	
S00011.vasti-knee_angle.pos_max 	-0.29515779	-0.29472233	0.00051928453	
S00011.hamstrings-pelvis_tilt.KP	0.68742473	0.69974731	0.0056759849	
S00011.hamstrings-pelvis_tilt.KV	0.56845285	0.56872602	0.0002882444	
S00011.hamstrings-pelvis_tilt.C0	0.02514159	0.025634274	0.00057082599	
S00011.glut_max-pelvis_tilt.KP  	1.5255464	1.5279845	0.0045869453	
S00011.glut_max-pelvis_tilt.KV  	0.31710384	0.31734001	0.00029777667	
S00011.glut_max-pelvis_tilt.C0  	0.15465276	0.15546849	0.0004911238	
S00011.iliopsoas-pelvis_tilt.KP 	-3.5041764	-3.5137204	0.0079295959	
S00011.iliopsoas-pelvis_tilt.KV 	-0.5494577	-0.5494831	0.00037250709	
S00011.iliopsoas-pelvis_tilt.C0 	0.33333077	0.33328325	0.00077786045	
S00100.iliopsoas.C0             	0.33498982	0.33453474	0.00043487881	
S00100.glut_max.C0              	-0.025133708	-0.025447078	0.00030828225	
S11000.iliopsoas.KL             	0.56199963	0.5629068	0.00036591572	
S11000.iliopsoas.L0             	0.39046411	0.39129649	0.00041325048	
S11000.iliopsoas-pelvis_tilt.P0 	-0.045246564	-0.045262996	0.00031867746	
S11000.iliopsoas-pelvis_tilt.KP 	0.01082572	0.011072862	0.0016408084	
S11000.iliopsoas-pelvis_tilt.KV 	0.14121002	0.1412055	0.00038289904	
S11000.iliopsoas-hamstrings.KL  	-8.205802	-8.1956323	0.013530707	
S11000.iliopsoas-hamstrings.L0  	1.1646091	1.1647747	0.00030747485	
S11000.hamstrings.KF            	0.57747273	0.57740254	0.00030849619	
S11000.glut_max.KF              	0.61966552	0.61935268	0.00033480675	
