pelvis_tilt.offset              	0.026026607	0.026025697	4.7116794e-05	
hip_flexion_r.offset            	0.069196079	0.069169128	4.3128024e-05	
knee_angle_r.offset             	0.00072210309	0.00064873042	4.7883142e-05	
ankle_angle_r.offset            	-0.055178704	-0.055089072	6.0307431e-05	
hip_flexion_l.offset            	-0.0078113203	-0.0078011833	8.9812399e-05	
knee_angle_l.offset             	0.063860619	0.063904272	7.3244083e-05	
ankle_angle_l.offset            	0.18588691	0.18596619	6.1675742e-05	
stance_load_threshold           	0.14928875	0.14926367	6.8810552e-05	
S00111.tib_ant.KL               	1.2477787	1.2487308	0.0011192132	
S00111.tib_ant.L0               	0.75970294	0.75943389	0.0001292674	
S00111.tib_ant.KS               	0.00015652	0.00016034107	2.8498128e-05	
S11000.tib_ant.KL               	1.2192944	1.2187373	0.00064057202	
S11000.tib_ant.L0               	0.74320938	0.74321738	9.6828145e-05	
S11000.tib_ant.KS               	0.035942793	0.03600126	6.1771063e-05	
S11111.tib_ant-soleus.KF        	-0.11447046	-0.11443956	0.00010422135	
S00111.soleus-tib_ant.KS        	-0.81107946	-0.81010416	0.0010257133	
S11000.soleus-tib_ant.KS        	-3.2260601	-3.2274294	0.0015110952	
S00111.gastroc-tib_ant.KS       	-0.32281085	-0.32473448	0.00085861293	
S11000.gastroc-tib_ant.KS       	-1.7330397	-1.7335405	0.0012262882	
S00111.tib_ant-gastroc.KS       	-0.00357534	-0.0037447169	0.0055911784	
S11000.tib_ant-gastroc.KS       	-0.00366451	-0.003502215	0.0054647249	
S00111.tib_ant-soleus.KS        	-0.00346517	-0.0033827084	0.0057394383	
S11000.tib_ant-soleus.KS        	-0.0034666	-0.0032724358	0.0054956464	
S00111.gastroc.L0               	0.81141385	0.81140787	0.00053006659	
S00111.gastroc.KS               	0.17642887	0.17715512	0.0004319116	
S00111.soleus.L0                	0.92009565	0.91991581	0.00025071118	
S00111.soleus.KS                	0.16407827	0.16438127	0.00058980786	
S11000.gastroc.KL               	0.008565715	0.0088312121	0.00058645812	
S11000.gastroc.L0               	0.54407998	0.54425332	0.00051195933	
S11000.gastroc.KF               	-1.8636777	-1.8647571	0.0012523564	
S11000.gastroc.KS               	0.26621938	0.26637516	0.0010454067	
S11000.soleus.KL                	0.80603847	0.80566289	0.0021423407	
S11000.soleus.L0                	0.8804038	0.88069345	0.00050480338	
S11000.soleus.KF                	-0.87426154	-0.87491788	0.0018453425	
S11000.soleus.KS                	0.10468835	0.10519471	0.0013251156	
S00011.vasti.KF                 	0.82565417	0.82595848	0.00027805878	
S00011.vasti.C0                 	0.081396933	0.081220884	5.409693e-05	
S00011.vasti-knee_angle.pos_max 	-0.29310462	-0.29320835	0.00010133605	
S00011.hamstrings-pelvis_tilt.KP	0.69003816	0.69098929	0.0010735626	
S00011.hamstrings-pelvis_tilt.KV	0.56874123	0.56864074	5.3727603e-05	
S00011.hamstrings-pelvis_tilt.C0	0.025569503	0.025557572	0.00010606591	
S00011.glut_max-pelvis_tilt.KP  	1.5124531	1.5126889	0.00092878515	
S00011.glut_max-pelvis_tilt.KV  	0.31769086	0.31762702	5.6255229e-05	
S00011.glut_max-pelvis_tilt.C0  	0.15410494	0.15410781	9.507335e-05	
S00011.iliopsoas-pelvis_tilt.KP 	-3.521866	-3.5221549	0.0014936217	
S00011.iliopsoas-pelvis_tilt.KV 	-0.54981994	-0.54975345	6.9324052e-05	
S00011.iliopsoas-pelvis_tilt.C0 	0.33371463	0.33353692	0.00014553109	
S00100.iliopsoas.C0             	0.33489603	0.33489562	8.3203904e-05	
S00100.glut_max.C0              	-0.024753337	-0.024715388	5.8928646e-05	
S11000.iliopsoas.KL             	0.56360526	0.56352038	7.0464714e-05	
S11000.iliopsoas.L0             	0.39358189	0.39352168	8.9861968e-05	
S11000.iliopsoas-pelvis_tilt.P0 	-0.045858935	-0.045810674	6.0163226e-05	
S11000.iliopsoas-pelvis_tilt.KP 	0.01082572	0.011248286	0.00026917098	
S11000.iliopsoas-pelvis_tilt.KV 	0.13949225	0.13938597	7.92347e-05	
S11000.iliopsoas-hamstrings.KL  	-8.168468	-8.1698698	0.0025821198	
S11000.iliopsoas-hamstrings.L0  	1.1663014	1.1663183	6.2096084e-05	
S11000.hamstrings.KF            	0.57867094	0.57865972	6.2864077e-05	
S11000.glut_max.KF              	0.61907844	0.61899921	6.3391457e-05	
