pelvis_tilt.offset              	0.026212217	0.026190815	1.8759436e-05	
hip_flexion_r.offset            	0.069235996	0.069238519	1.7679433e-05	
knee_angle_r.offset             	0.00060048518	0.0005821448	1.950096e-05	
ankle_angle_r.offset            	-0.055384679	-0.055380573	2.4695262e-05	
hip_flexion_l.offset            	-0.0077577075	-0.0077344506	3.8154182e-05	
knee_angle_l.offset             	0.063991432	0.063963466	2.9087248e-05	
ankle_angle_l.offset            	0.18596944	0.18598009	2.4981318e-05	
stance_load_threshold           	0.14899261	0.14899569	2.7339091e-05	
S00111.tib_ant.KL               	1.2429363	1.2429664	0.0004647429	
S00111.tib_ant.L0               	0.75977499	0.75972624	5.260183e-05	
S00111.tib_ant.KS               	0.00015669463	0.00016681884	8.3075731e-06	
S11000.tib_ant.KL               	1.2182112	1.218521	0.00025112042	
S11000.tib_ant.L0               	0.74375019	0.74378896	4.0103122e-05	
S11000.tib_ant.KS               	0.035861257	0.035854457	2.5077005e-05	
S11111.tib_ant-soleus.KF        	-0.11474805	-0.11465672	4.0875218e-05	
S00111.soleus-tib_ant.KS        	-0.81161455	-0.81184466	0.00038854658	
S11000.soleus-tib_ant.KS        	-3.230196	-3.2296366	0.00059329253	
S00111.gastroc-tib_ant.KS       	-0.3228321	-0.32295958	0.00033058283	
S11000.gastroc-tib_ant.KS       	-1.7322324	-1.7319466	0.00049158996	
S00111.tib_ant-gastroc.KS       	-0.00357534	-0.00375012	0.0014943156	
S11000.tib_ant-gastroc.KS       	-0.0034063646	-0.0035301125	0.0014600812	
S00111.tib_ant-soleus.KS        	-0.00346517	-0.0033500838	0.0015330344	
S11000.tib_ant-soleus.KS        	-0.0034666	-0.0032386582	0.0014680536	
S00111.gastroc.L0               	0.81246386	0.81224049	0.00021310489	
S00111.gastroc.KS               	0.17669774	0.176616	0.00016117466	
S00111.soleus.L0                	0.91987056	0.91985125	9.6910252e-05	
S00111.soleus.KS                	0.16431539	0.16442184	0.00022056984	
S11000.gastroc.KL               	0.0085098371	0.0086447729	0.00020132859	
S11000.gastroc.L0               	0.5434147	0.54311081	0.00020170067	
S11000.gastroc.KF               	-1.8629905	-1.8629301	0.00051681542	
S11000.gastroc.KS               	0.26697874	0.26690816	0.00041314251	
S11000.soleus.KL                	0.80850477	0.80834574	0.00084846054	
S11000.soleus.L0                	0.87857487	0.8787248	0.00019525963	
S11000.soleus.KF                	-0.87943113	-0.88060336	0.00074853488	
S11000.soleus.KS                	0.10379697	0.10384654	0.00052558075	
S00011.vasti.KF                 	0.82590866	0.82602504	0.00010973993	
S00011.vasti.C0                 	0.081354293	0.081349858	2.0851116e-05	
S00011.vasti-knee_angle.pos_max 	-0.29334505	-0.29332094	4.0267374e-05	
S00011.hamstrings-pelvis_tilt.KP	0.68587038	0.68663946	0.0004315096	
S00011.hamstrings-pelvis_tilt.KV	0.56882982	0.56880498	2.1863168e-05	
S00011.hamstrings-pelvis_tilt.C0	0.025957187	0.025915323	4.1928317e-05	
S00011.glut_max-pelvis_tilt.KP  	1.5074308	1.5074448	0.00039125818	
S00011.glut_max-pelvis_tilt.KV  	0.31789355	0.31788647	2.3061174e-05	
S00011.glut_max-pelvis_tilt.C0  	0.15389092	0.15388692	3.7087121e-05	
S00011.iliopsoas-pelvis_tilt.KP 	-3.5278581	-3.5275849	0.00063776326	
S00011.iliopsoas-pelvis_tilt.KV 	-0.55013828	-0.55011365	2.7882389e-05	
S00011.iliopsoas-pelvis_tilt.C0 	0.3331422	0.33308392	5.8463703e-05	
S00100.iliopsoas.C0             	0.33461065	0.33456106	3.3618906e-05	
S00100.glut_max.C0              	-0.024832854	-0.024858287	2.3776606e-05	
S11000.iliopsoas.KL             	0.5635346	0.56352751	2.9694439e-05	
S11000.iliopsoas.L0             	0.39411051	0.3941521	3.8674894e-05	
S11000.iliopsoas-pelvis_tilt.P0 	-0.045778544	-0.045738524	2.4566608e-05	
S11000.iliopsoas-pelvis_tilt.KP 	0.011281539	0.011228825	0.00010748248	
S11000.iliopsoas-pelvis_tilt.KV 	0.139256	0.13925396	3.1898097e-05	
S11000.iliopsoas-hamstrings.KL  	-8.1743221	-8.1741341	0.0010698041	
S11000.iliopsoas-hamstrings.L0  	1.1665372	1.1665314	2.4638772e-05	
S11000.hamstrings.KF            	0.5789464	0.57896363	2.557058e-05	
S11000.glut_max.KF              	0.61865676	0.61868676	2.5788383e-05	
