pelvis_tilt.offset              	0.026201703	0.026206593	6.5275096e-06	
hip_flexion_r.offset            	0.069245703	0.069239935	6.5867455e-06	
knee_angle_r.offset             	0.00055110358	0.00055210098	6.8152433e-06	
ankle_angle_r.offset            	-0.055405314	-0.055398389	8.3348957e-06	
hip_flexion_l.offset            	-0.0076978633	-0.0077002451	1.3143487e-05	
knee_angle_l.offset             	0.063985387	0.063981361	9.7644057e-06	
ankle_angle_l.offset            	0.18606418	0.18608885	8.9769463e-06	
stance_load_threshold           	0.14901252	0.14901266	9.218344e-06	
S00111.tib_ant.KL               	1.2432095	1.2433661	0.00015691391	
S00111.tib_ant.L0               	0.75990127	0.75990678	1.7933512e-05	
S00111.tib_ant.KS               	0.0001640683	0.00016253647	2.5650762e-06	
S11000.tib_ant.KL               	1.2183356	1.2182197	8.6189878e-05	
S11000.tib_ant.L0               	0.74387296	0.74386047	1.4286179e-05	
S11000.tib_ant.KS               	0.035933079	0.035927575	8.7127733e-06	
S11111.tib_ant-soleus.KF        	-0.11472092	-0.11472156	1.4307845e-05	
S00111.soleus-tib_ant.KS        	-0.81218824	-0.81228175	0.00013563452	
S11000.soleus-tib_ant.KS        	-3.2304033	-3.2301734	0.00020694627	
S00111.gastroc-tib_ant.KS       	-0.32382143	-0.32386621	0.00011366558	
S11000.gastroc-tib_ant.KS       	-1.7332449	-1.7329991	0.00017125648	
S00111.tib_ant-gastroc.KS       	-0.0039386761	-0.00374873	0.00035795407	
S11000.tib_ant-gastroc.KS       	-0.0036334121	-0.0035074495	0.00034941622	
S00111.tib_ant-soleus.KS        	-0.0031556372	-0.0032817892	0.00036557814	
S11000.tib_ant-soleus.KS        	-0.0032111026	-0.0033317005	0.00035034873	
S00111.gastroc.L0               	0.81231832	0.81227127	7.3418318e-05	
S00111.gastroc.KS               	0.17729267	0.17726933	5.407088e-05	
S00111.soleus.L0                	0.91989968	0.91990083	3.2722875e-05	
S00111.soleus.KS                	0.16510899	0.16499143	7.4277636e-05	
S11000.gastroc.KL               	0.0085130023	0.0085581949	6.6908876e-05	
S11000.gastroc.L0               	0.54305761	0.54307628	6.8612798e-05	
S11000.gastroc.KF               	-1.8646978	-1.8647016	0.00018132689	
S11000.gastroc.KS               	0.26822389	0.2683082	0.00015091887	
S11000.soleus.KL                	0.80963978	0.80964794	0.00029009535	
S11000.soleus.L0                	0.87881814	0.87876107	6.8304928e-05	
S11000.soleus.KF                	-0.87897513	-0.87892426	0.00026581926	
S11000.soleus.KS                	0.10423762	0.10424556	0.00018140413	
S00011.vasti.KF                 	0.82587136	0.82585264	3.7169069e-05	
S00011.vasti.C0                 	0.081358723	0.081362424	7.2149955e-06	
S00011.vasti-knee_angle.pos_max 	-0.29322623	-0.29323999	1.3673086e-05	
S00011.hamstrings-pelvis_tilt.KP	0.68778443	0.68769578	0.00015213956	
S00011.hamstrings-pelvis_tilt.KV	0.56877547	0.56877981	7.4570147e-06	
S00011.hamstrings-pelvis_tilt.C0	0.02592338	0.025885081	1.4651025e-05	
S00011.glut_max-pelvis_tilt.KP  	1.5070235	1.5070472	0.00013458216	
S00011.glut_max-pelvis_tilt.KV  	0.31784913	0.31786382	8.0617412e-06	
S00011.glut_max-pelvis_tilt.C0  	0.15380025	0.15380213	1.2888661e-05	
S00011.iliopsoas-pelvis_tilt.KP 	-3.527659	-3.5275251	0.00021948334	
S00011.iliopsoas-pelvis_tilt.KV 	-0.55012687	-0.55011934	9.6339173e-06	
S00011.iliopsoas-pelvis_tilt.C0 	0.33329943	0.33330164	2.0274989e-05	
S00100.iliopsoas.C0             	0.33464047	0.33464628	1.1621447e-05	
S00100.glut_max.C0              	-0.024871664	-0.024871959	8.0455149e-06	
S11000.iliopsoas.KL             	0.56353826	0.56353663	1.0623618e-05	
S11000.iliopsoas.L0             	0.39427224	0.39427652	1.3346421e-05	
S11000.iliopsoas-pelvis_tilt.P0 	-0.045717327	-0.045706344	8.4292775e-06	
S11000.iliopsoas-pelvis_tilt.KP 	0.011187631	0.011165573	3.632783e-05	
S11000.iliopsoas-pelvis_tilt.KV 	0.13929868	0.13930117	1.0848749e-05	
S11000.iliopsoas-hamstrings.KL  	-8.1764741	-8.1762114	0.00037740926	
S11000.iliopsoas-hamstrings.L0  	1.1666229	1.1666184	8.6583758e-06	
S11000.hamstrings.KF            	0.57892996	0.57893285	8.9129723e-06	
S11000.glut_max.KF              	0.61872195	0.61872204	8.9494082e-06	
