pelvis_tilt.offset              	0.022516168	0.021084283	0.001527321	
hip_flexion_r.offset            	0.070098847	0.069099297	0.0014410427	
knee_angle_r.offset             	0.0025604787	0.00065531005	0.0015770817	
ankle_angle_r.offset            	-0.056001824	-0.057100583	0.002062249	
hip_flexion_l.offset            	-0.0049231192	-0.0060856785	0.0029220769	
knee_angle_l.offset             	0.057765042	0.057102479	0.0022513077	
ankle_angle_l.offset            	0.18879597	0.18787425	0.0021562998	
stance_load_threshold           	0.1522353	0.15226376	0.0023692114	
S00111.tib_ant.KL               	1.2039671	1.2494767	0.039346151	
S00111.tib_ant.L0               	0.76133622	0.76402355	0.0042195746	
S00111.tib_ant.KS               	0.00015652	0.00016476071	0.0017141138	
S11000.tib_ant.KL               	1.1820199	1.1983649	0.022367107	
S11000.tib_ant.L0               	0.73743077	0.73850055	0.0032603111	
S11000.tib_ant.KS               	0.034319813	0.035488918	0.00209065	
S11111.tib_ant-soleus.KF        	-0.10744934	-0.11087729	0.003550756	
S00111.soleus-tib_ant.KS        	-0.80888339	-0.8514562	0.045378514	
S11000.soleus-tib_ant.KS        	-3.2569786	-3.2734366	0.052100029	
S00111.gastroc-tib_ant.KS       	-0.35557966	-0.3386473	0.039621545	
S11000.gastroc-tib_ant.KS       	-1.6924247	-1.6848188	0.04355431	
S00111.tib_ant-gastroc.KS       	-0.00357534	-0.0037635176	0.33919172	
S11000.tib_ant-gastroc.KS       	-0.00331551	-0.0034900056	0.33152662	
S00111.tib_ant-soleus.KS        	-0.00313515	-0.0033001616	0.34819783	
S11000.tib_ant-soleus.KS        	-0.0034666	-0.0033015246	0.33340645	
S00111.gastroc.L0               	0.83812654	0.83881242	0.017260095	
S00111.gastroc.KS               	0.16253082	0.1689456	0.019577859	
S00111.soleus.L0                	0.96592446	0.96778415	0.0098995521	
S00111.soleus.KS                	0.14946728	0.15733398	0.028616807	
S11000.gastroc.KL               	0.00837043	0.0088109813	0.033830741	
S11000.gastroc.L0               	0.50796039	0.52370651	0.018200852	
S11000.gastroc.KF               	-1.8547944	-1.8163202	0.042789853	
S11000.gastroc.KS               	0.25231886	0.2655988	0.040031543	
S11000.soleus.KL                	0.84260236	0.80247844	0.076726913	
S11000.soleus.L0                	0.86773487	0.89856048	0.016712757	
S11000.soleus.KF                	-0.92602541	-0.91319461	0.071250876	
S11000.soleus.KS                	0.11302564	0.10764347	0.062813787	
S00011.vasti.KF                 	0.81227894	0.8199773	0.0093468068	
S00011.vasti.C0                 	0.086327389	0.084129782	0.0021171556	
S00011.vasti-knee_angle.pos_max 	-0.3013495	-0.30540968	0.0032295921	
S00011.hamstrings-pelvis_tilt.KP	0.7356796	0.70631301	0.03734017	
S00011.hamstrings-pelvis_tilt.KV	0.56719784	0.5667698	0.0018830359	
S00011.hamstrings-pelvis_tilt.C0	0.02778807	0.02646483	0.0041567953	
S00011.glut_max-pelvis_tilt.KP  	1.500496	1.4940513	0.030549599	
S00011.glut_max-pelvis_tilt.KV  	0.31745349	0.31400002	0.001909932	
S00011.glut_max-pelvis_tilt.C0  	0.15817561	0.15962183	0.0032183616	
S00011.iliopsoas-pelvis_tilt.KP 	-3.628987	-3.4930323	0.051472472	
S00011.iliopsoas-pelvis_tilt.KV 	-0.54674739	-0.5435024	0.0023456263	
S00011.iliopsoas-pelvis_tilt.C0 	0.32880511	0.33180903	0.0050553976	
S00100.iliopsoas.C0             	0.33597685	0.33785909	0.002772448	
S00100.glut_max.C0              	-0.025849403	-0.02465332	0.0021516828	
S11000.iliopsoas.KL             	0.55783321	0.56097945	0.0023702562	
S11000.iliopsoas.L0             	0.39127826	0.3909029	0.0026351428	
S11000.iliopsoas-pelvis_tilt.P0 	-0.045194445	-0.044207911	0.0021281677	
S11000.iliopsoas-pelvis_tilt.KP 	0.01082572	0.0113955	0.013618409	
S11000.iliopsoas-pelvis_tilt.KV 	0.14171286	0.14503447	0.0024410051	
S11000.iliopsoas-hamstrings.KL  	-8.3251754	-8.2549252	0.08638148	
S11000.iliopsoas-hamstrings.L0  	1.1640834	1.1659051	0.0019749648	
S11000.hamstrings.KF            	0.57417083	0.57509984	0.0018961592	
S11000.glut_max.KF              	0.62218216	0.62126484	0.0021540614	
