pelvis_tilt.offset              	0.022890583	0.021574689	0.001390151	
hip_flexion_r.offset            	0.070936037	0.069375168	0.0013108791	
knee_angle_r.offset             	-0.002389647	0.0014766785	0.0014395577	
ankle_angle_r.offset            	-0.052941965	-0.056669651	0.0018770778	
hip_flexion_l.offset            	-0.0080109156	-0.0056342643	0.0026610927	
knee_angle_l.offset             	0.058657751	0.058521647	0.0020481924	
ankle_angle_l.offset            	0.18325948	0.18778541	0.0019602011	
stance_load_threshold           	0.15288279	0.15325971	0.0021509085	
S00111.tib_ant.KL               	1.2856632	1.2341542	0.035787635	
S00111.tib_ant.L0               	0.76591885	0.76590208	0.0038369021	
S00111.tib_ant.KS               	0.000173	0.00016903472	0.0015526871	
S11000.tib_ant.KL               	1.2022759	1.1949628	0.020352061	
S11000.tib_ant.L0               	0.74089091	0.73996508	0.0029644075	
S11000.tib_ant.KS               	0.03726336	0.035024909	0.0018981221	
S11111.tib_ant-soleus.KF        	-0.1138368	-0.11218974	0.0032337703	
S00111.soleus-tib_ant.KS        	-0.81355292	-0.85082456	0.041221829	
S11000.soleus-tib_ant.KS        	-3.25323	-3.2775186	0.047409908	
S00111.gastroc-tib_ant.KS       	-0.35557966	-0.33789135	0.035920692	
S11000.gastroc-tib_ant.KS       	-1.713001	-1.6996085	0.039588923	
S00111.tib_ant-gastroc.KS       	-0.00357534	-0.00383486	0.30724828	
S11000.tib_ant-gastroc.KS       	-0.00331551	-0.0033723457	0.30030504	
S00111.tib_ant-soleus.KS        	-0.00346517	-0.0032769758	0.31540624	
S11000.tib_ant-soleus.KS        	-0.0034666	-0.0033369203	0.30200784	
S00111.gastroc.L0               	0.81137518	0.83454128	0.015684584	
S00111.gastroc.KS               	0.16823574	0.1698742	0.017748028	
S00111.soleus.L0                	0.94896335	0.95755685	0.0090159795	
S00111.soleus.KS                	0.16520068	0.15432332	0.025932411	
S11000.gastroc.KL               	0.00925153	0.0087902574	0.030644755	
S11000.gastroc.L0               	0.51605709	0.52157278	0.016545253	
S11000.gastroc.KF               	-1.8399577	-1.8385722	0.038969228	
S11000.gastroc.KS               	0.25617799	0.26467672	0.036282082	
S11000.soleus.KL                	0.78173266	0.79824613	0.069583762	
S11000.soleus.L0                	0.8709915	0.89112417	0.01531885	
S11000.soleus.KF                	-0.89286375	-0.90602408	0.064640445	
S11000.soleus.KS                	0.11302564	0.10815694	0.056900536	
S00011.vasti.KF                 	0.80495427	0.8163566	0.0084994404	
S00011.vasti.C0                 	0.084307748	0.085601348	0.0019249445	
S00011.vasti-knee_angle.pos_max 	-0.30157684	-0.30264581	0.002938415	
S00011.hamstrings-pelvis_tilt.KP	0.70154183	0.70690853	0.033894198	
S00011.hamstrings-pelvis_tilt.KV	0.56492924	0.56709992	0.0017147586	
S00011.hamstrings-pelvis_tilt.C0	0.025210875	0.026459461	0.0037672051	
S00011.glut_max-pelvis_tilt.KP  	1.4580372	1.5099789	0.027807991	
S00011.glut_max-pelvis_tilt.KV  	0.31849316	0.31576961	0.0017390164	
S00011.glut_max-pelvis_tilt.C0  	0.15726335	0.1591775	0.0029281642	
S00011.iliopsoas-pelvis_tilt.KP 	-3.5542159	-3.5466192	0.046950494	
S00011.iliopsoas-pelvis_tilt.KV 	-0.54239672	-0.54387497	0.0021332549	
S00011.iliopsoas-pelvis_tilt.C0 	0.33443673	0.33072527	0.0045963981	
S00100.iliopsoas.C0             	0.33463712	0.33625782	0.002521951	
S00100.glut_max.C0              	-0.025529367	-0.024561722	0.0019511743	
S11000.iliopsoas.KL             	0.55975685	0.55947732	0.0021579999	
S11000.iliopsoas.L0             	0.3988409	0.39387528	0.0024009023	
S11000.iliopsoas-pelvis_tilt.P0 	-0.04558597	-0.043686003	0.0019333054	
S11000.iliopsoas-pelvis_tilt.KP 	0.01196527	0.011403497	0.012336016	
S11000.iliopsoas-pelvis_tilt.KV 	0.14528621	0.14380504	0.0022219502	
S11000.iliopsoas-hamstrings.KL  	-8.3794426	-8.3581728	0.078748077	
S11000.iliopsoas-hamstrings.L0  	1.165029	1.1648644	0.0017943115	
S11000.hamstrings.KF            	0.57324113	0.57533065	0.0017246801	
S11000.glut_max.KF              	0.62436097	0.62027526	0.001955881	
