pelvis_tilt.offset              	0.024687115	0.021761547	0.0013319324	
hip_flexion_r.offset            	0.070723244	0.069893696	0.0012575434	
knee_angle_r.offset             	0.00015115506	0.00099138902	0.0013884427	
ankle_angle_r.offset            	-0.057668857	-0.057192155	0.0018066007	
hip_flexion_l.offset            	-0.002128746	-0.0055228384	0.0025536639	
knee_angle_l.offset             	0.059536931	0.056603908	0.0019663165	
ankle_angle_l.offset            	0.18531112	0.18708451	0.001882383	
stance_load_threshold           	0.15244971	0.15224862	0.0020604669	
S00111.tib_ant.KL               	1.2440138	1.2490879	0.034397324	
S00111.tib_ant.L0               	0.75687449	0.76286582	0.0036833633	
S00111.tib_ant.KS               	0.000173	0.00016715227	0.0014786271	
S11000.tib_ant.KL               	1.2029676	1.196899	0.019511725	
S11000.tib_ant.L0               	0.74289501	0.73986374	0.0028409653	
S11000.tib_ant.KS               	0.034681156	0.035468188	0.0018163549	
S11111.tib_ant-soleus.KF        	-0.11120283	-0.11147938	0.0030976569	
S00111.soleus-tib_ant.KS        	-0.81043455	-0.84646283	0.039419477	
S11000.soleus-tib_ant.KS        	-3.2607528	-3.228626	0.045559946	
S00111.gastroc-tib_ant.KS       	-0.35557966	-0.34516311	0.034260807	
S11000.gastroc-tib_ant.KS       	-1.6633036	-1.7065547	0.037980788	
S00111.tib_ant-gastroc.KS       	-0.00395169	-0.0037225869	0.29259308	
S11000.tib_ant-gastroc.KS       	-0.00331551	-0.0034384954	0.28598102	
S00111.tib_ant-soleus.KS        	-0.00313515	-0.0032756864	0.30036192	
S11000.tib_ant-soleus.KS        	-0.00313645	-0.0032971098	0.2876026	
S00111.gastroc.L0               	0.8165435	0.82396667	0.015074589	
S00111.gastroc.KS               	0.17739288	0.16735149	0.016926367	
S00111.soleus.L0                	0.95167154	0.94570666	0.0086743365	
S00111.soleus.KS                	0.16520068	0.15659105	0.0247113	
S11000.gastroc.KL               	0.00925153	0.008795057	0.029183103	
S11000.gastroc.L0               	0.52815507	0.52507263	0.015877538	
S11000.gastroc.KF               	-1.7706368	-1.7972662	0.037478214	
S11000.gastroc.KS               	0.26390965	0.26821016	0.034580038	
S11000.soleus.KL                	0.77158855	0.79800016	0.066389984	
S11000.soleus.L0                	0.88358739	0.89701338	0.014697095	
S11000.soleus.KF                	-0.86753488	-0.91026541	0.061727606	
S11000.soleus.KS                	0.1022613	0.10955262	0.054190541	
S00011.vasti.KF                 	0.80778269	0.81618781	0.0081524394	
S00011.vasti.C0                 	0.085410076	0.085234878	0.0018412066	
S00011.vasti-knee_angle.pos_max 	-0.30131491	-0.30397611	0.0028221657	
S00011.hamstrings-pelvis_tilt.KP	0.74162866	0.70376607	0.032416455	
S00011.hamstrings-pelvis_tilt.KV	0.56761333	0.56649711	0.0016471046	
S00011.hamstrings-pelvis_tilt.C0	0.02778807	0.025736139	0.0035909662	
S00011.glut_max-pelvis_tilt.KP  	1.4970238	1.5128206	0.026733994	
S00011.glut_max-pelvis_tilt.KV  	0.31927273	0.31709873	0.0016780309	
S00011.glut_max-pelvis_tilt.C0  	0.16219811	0.15889076	0.0028056707	
S00011.iliopsoas-pelvis_tilt.KP 	-3.611409	-3.544449	0.045133401	
S00011.iliopsoas-pelvis_tilt.KV 	-0.53780499	-0.54251179	0.0020455821	
S00011.iliopsoas-pelvis_tilt.C0 	0.33137766	0.33184506	0.0044022469	
S00100.iliopsoas.C0             	0.33751108	0.3368749	0.0024231502	
S00100.glut_max.C0              	-0.024706008	-0.024969729	0.0018610787	
S11000.iliopsoas.KL             	0.56117866	0.55856137	0.0020772207	
S11000.iliopsoas.L0             	0.38796086	0.39293896	0.0023139496	
S11000.iliopsoas-pelvis_tilt.P0 	-0.044387556	-0.045331059	0.0018501537	
S11000.iliopsoas-pelvis_tilt.KP 	0.01082572	0.011546117	0.011747805	
S11000.iliopsoas-pelvis_tilt.KV 	0.14913598	0.14605096	0.0021304901	
S11000.iliopsoas-hamstrings.KL  	-8.4514362	-8.4058407	0.07574342	
S11000.iliopsoas-hamstrings.L0  	1.1645278	1.1639457	0.0017228451	
S11000.hamstrings.KF            	0.57167375	0.5730302	0.0016581527	
S11000.glut_max.KF              	0.62219665	0.62114273	0.0018806533	
