pelvis_tilt.offset              	0.023409181	0.023406855	1.8043741e-06	
hip_flexion_r.offset            	0.069589296	0.069593049	1.7874988e-06	
knee_angle_r.offset             	0.0022725685	0.0022730387	1.8539997e-06	
ankle_angle_r.offset            	-0.056813777	-0.056815129	2.706811e-06	
hip_flexion_l.offset            	-0.0008434556	-0.00084291405	3.9512176e-06	
knee_angle_l.offset             	0.061209011	0.061202155	2.8835359e-06	
ankle_angle_l.offset            	0.18651805	0.18651513	2.5903651e-06	
stance_load_threshold           	0.14832755	0.14833232	3.0479853e-06	
S00111.tib_ant.KL               	1.2717076	1.2717535	4.7327441e-05	
S00111.tib_ant.L0               	0.76496203	0.7649616	4.9103786e-06	
S00111.tib_ant.KS               	0.00015857306	0.00016017084	9.7821012e-07	
S11000.tib_ant.KL               	1.1837176	1.1836602	2.7598396e-05	
S11000.tib_ant.L0               	0.73754688	0.73755061	4.1406245e-06	
S11000.tib_ant.KS               	0.036284301	0.03628601	2.4405573e-06	
S11111.tib_ant-soleus.KF        	-0.11525404	-0.11525062	4.3307024e-06	
S00111.soleus-tib_ant.KS        	-0.83320501	-0.83326003	5.5159268e-05	
S11000.soleus-tib_ant.KS        	-3.2039965	-3.2039227	6.3214654e-05	
S00111.gastroc-tib_ant.KS       	-0.35160488	-0.35164587	3.7022566e-05	
S11000.gastroc-tib_ant.KS       	-1.7217461	-1.7216668	5.7969757e-05	
S00111.tib_ant-gastroc.KS       	-0.0037878557	-0.0037908177	0.00011687282	
S11000.tib_ant-gastroc.KS       	-0.0034221334	-0.0035221973	0.00011387701	
S00111.tib_ant-soleus.KS        	-0.0032369672	-0.003280649	0.00011756326	
S11000.tib_ant-soleus.KS        	-0.0033110523	-0.0033535387	0.00011326479	
S00111.gastroc.L0               	0.81024459	0.81023842	2.0720846e-05	
S00111.gastroc.KS               	0.17472686	0.17474599	1.8721486e-05	
S00111.soleus.L0                	0.92714294	0.92713186	1.3828749e-05	
S00111.soleus.KS                	0.15949198	0.15953682	3.1690361e-05	
S11000.gastroc.KL               	0.0091450893	0.0091213813	2.4054148e-05	
S11000.gastroc.L0               	0.50650667	0.50649322	2.346155e-05	
S11000.gastroc.KF               	-1.7466657	-1.7465683	5.3043983e-05	
S11000.gastroc.KS               	0.26820602	0.26818384	4.6616039e-05	
S11000.soleus.KL                	0.8217258	0.8217924	9.0561784e-05	
S11000.soleus.L0                	0.86918971	0.86919314	2.0941967e-05	
S11000.soleus.KF                	-0.91428789	-0.91425492	8.6817074e-05	
S11000.soleus.KS                	0.1087111	0.10872032	6.3726735e-05	
S00011.vasti.KF                 	0.80946807	0.80947662	1.1752117e-05	
S00011.vasti.C0                 	0.083156645	0.083155077	2.2977302e-06	
S00011.vasti-knee_angle.pos_max 	-0.30588816	-0.30588658	4.216585e-06	
S00011.hamstrings-pelvis_tilt.KP	0.73834548	0.73832194	4.3833811e-05	
S00011.hamstrings-pelvis_tilt.KV	0.56242533	0.56242397	2.4417666e-06	
S00011.hamstrings-pelvis_tilt.C0	0.026704566	0.026703368	4.6229109e-06	
S00011.glut_max-pelvis_tilt.KP  	1.5216912	1.5216936	3.6577814e-05	
S00011.glut_max-pelvis_tilt.KV  	0.3177977	0.31779895	2.50225e-06	
S00011.glut_max-pelvis_tilt.C0  	0.15725028	0.15725399	4.4840439e-06	
S00011.iliopsoas-pelvis_tilt.KP 	-3.6181893	-3.6182705	6.5586666e-05	
S00011.iliopsoas-pelvis_tilt.KV 	-0.54190533	-0.54190591	3.0619164e-06	
S00011.iliopsoas-pelvis_tilt.C0 	0.34099673	0.3409794	6.5092997e-06	
S00100.iliopsoas.C0             	0.33587726	0.33587418	3.6131735e-06	
S00100.glut_max.C0              	-0.023957138	-0.023955345	2.4980212e-06	
S11000.iliopsoas.KL             	0.55757062	0.55756909	2.9071953e-06	
S11000.iliopsoas.L0             	0.39202155	0.39202721	3.4292702e-06	
S11000.iliopsoas-pelvis_tilt.P0 	-0.044959279	-0.044955331	2.4800948e-06	
S11000.iliopsoas-pelvis_tilt.KP 	0.011218499	0.011224057	1.1837396e-05	
S11000.iliopsoas-pelvis_tilt.KV 	0.1417723	0.14177035	2.8637061e-06	
S11000.iliopsoas-hamstrings.KL  	-8.3668229	-8.3667892	0.00011158222	
S11000.iliopsoas-hamstrings.L0  	1.1615546	1.1615529	2.5590587e-06	
S11000.hamstrings.KF            	0.57265414	0.57265387	2.5506593e-06	
S11000.glut_max.KF              	0.62672741	0.62672627	2.8036118e-06	
