pelvis_tilt.offset              	-0.0033889217	-0.0014418559	0.0022555618	
hip_flexion_r.offset            	0.050754597	0.052480213	0.0020330519	
knee_angle_r.offset             	-0.027203966	-0.022784492	0.0023657026	
ankle_angle_r.offset            	-0.060864445	-0.061484388	0.0027026327	
hip_flexion_l.offset            	-0.0066213035	-0.0040515622	0.0038702338	
knee_angle_l.offset             	0.066110711	0.066985912	0.0030305283	
ankle_angle_l.offset            	0.18814151	0.19068961	0.0029659449	
stance_load_threshold           	0.14465057	0.14654086	0.0030952878	
S00111.tib_ant.KL               	1.2608008	1.2520735	0.049668664	
S00111.tib_ant.L0               	0.74164307	0.74795034	0.0057522157	
S00111.tib_ant.KS               	0.000173	0.00016906032	0.0019517455	
S11000.tib_ant.KL               	1.1384466	1.1553819	0.027944104	
S11000.tib_ant.L0               	0.77542558	0.77404175	0.0046084496	
S11000.tib_ant.KS               	0.03371447	0.035051401	0.0025105491	
S11111.tib_ant-soleus.KF        	-0.11211756	-0.11211994	0.0045021697	
S00111.soleus-tib_ant.KS        	-0.88037828	-0.86058604	0.05410367	
S11000.soleus-tib_ant.KS        	-3.1755474	-3.1613162	0.067185506	
S00111.gastroc-tib_ant.KS       	-0.32171493	-0.34231958	0.045993524	
S11000.gastroc-tib_ant.KS       	-1.7106139	-1.7584152	0.054209587	
S00111.tib_ant-gastroc.KS       	-0.00395169	-0.0037831292	0.38621345	
S11000.tib_ant-gastroc.KS       	-0.00366451	-0.0034684332	0.37748574	
S00111.tib_ant-soleus.KS        	-0.00313515	-0.0033355084	0.39646806	
S11000.tib_ant-soleus.KS        	-0.0034666	-0.0033491493	0.37962617	
S00111.gastroc.KL               	0.07523758	0.079664223	0.048326258	
S00111.gastroc.L0               	0.88075304	0.84323422	0.02246973	
S00111.gastroc.KF               	1.3942819	1.3967578	0.0029685081	
S00111.soleus.KL                	3.832601	3.8515106	0.050933197	
S00111.soleus.L0                	1.0161734	1.0106213	0.012607778	
S00111.soleus.KF                	0.22705483	0.23526314	0.0041954043	
S11000.gastroc.KL               	0.00837043	0.0087936995	0.038521614	
S11000.gastroc.L0               	0.54270927	0.52754054	0.02290579	
S11000.gastroc.KF               	-1.8430876	-1.8552189	0.054648883	
S11000.soleus.KL                	0.81938482	0.80447974	0.089844719	
S11000.soleus.L0                	0.88695811	0.87573952	0.021892633	
S11000.soleus.KF                	-0.90664315	-0.90936884	0.084153748	
S00011.vasti.KF                 	0.86097617	0.85936682	0.011880004	
S00011.vasti.C0                 	0.086345096	0.087116595	0.0026591796	
S00011.vasti-knee_angle.pos_max 	-0.31403849	-0.30506562	0.004296469	
S00011.hamstrings-pelvis_tilt.KP	0.68750154	0.70415843	0.045297982	
S00011.hamstrings-pelvis_tilt.KV	0.56106344	0.56378462	0.002497378	
S00011.hamstrings-pelvis_tilt.C0	0.02514159	0.026856988	0.0047865959	
S00011.glut_max-pelvis_tilt.KP  	1.5493443	1.5110069	0.03929141	
S00011.glut_max-pelvis_tilt.KV  	0.31667749	0.31675796	0.0025386706	
S00011.glut_max-pelvis_tilt.C0  	0.15836991	0.15588811	0.0042059103	
S00011.iliopsoas-pelvis_tilt.KP 	-3.4594582	-3.4249848	0.067149351	
S00011.iliopsoas-pelvis_tilt.KV 	-0.54962322	-0.55099526	0.0031447288	
S00011.iliopsoas-pelvis_tilt.C0 	0.31968048	0.32042875	0.0064729569	
S00100.iliopsoas.C0             	0.33783401	0.33835886	0.0036946755	
S00100.glut_max.C0              	-0.02588599	-0.024784913	0.0025290941	
S11000.iliopsoas.KL             	0.56045051	0.56165292	0.0031891082	
S11000.iliopsoas.L0             	0.41044805	0.40897116	0.0035433301	
S11000.iliopsoas-pelvis_tilt.P0 	-0.042320095	-0.043330963	0.0025955454	
S11000.iliopsoas-pelvis_tilt.KP 	0.01196527	0.01111699	0.015510028	
S11000.iliopsoas-pelvis_tilt.KV 	0.13985939	0.14026238	0.0031535492	
S11000.iliopsoas-hamstrings.KL  	-8.0360639	-8.0973994	0.11434869	
S11000.iliopsoas-hamstrings.L0  	1.1494786	1.1488285	0.002739479	
S11000.hamstrings.KF            	0.56056254	0.56221528	0.0026085411	
S11000.glut_max.KF              	0.6148899	0.61612453	0.0028550491	
