pelvis_tilt.offset              	-0.0049821004	-0.0053368058	0.00023611499	
hip_flexion_r.offset            	0.032879841	0.033021922	0.00020949213	
knee_angle_r.offset             	-0.045345982	-0.045255388	0.00028741536	
ankle_angle_r.offset            	-0.069275179	-0.069166423	0.00022727189	
hip_flexion_l.offset            	-0.0093459104	-0.0093204591	0.00032744135	
knee_angle_l.offset             	0.062184377	0.062891827	0.00027183475	
ankle_angle_l.offset            	0.18988981	0.18943282	0.00024942727	
stance_load_threshold           	0.14933779	0.14925451	0.00025804766	
S00111.tib_ant.KL               	1.2979676	1.2936712	0.0041453854	
S00111.tib_ant.L0               	0.72847708	0.72882995	0.00046595327	
S00111.tib_ant.KS               	0.000173	0.00016198382	7.6298826e-05	
S11000.tib_ant.KL               	1.1935344	1.1884059	0.0024838739	
S11000.tib_ant.L0               	0.77424303	0.77471104	0.00030508237	
S11000.tib_ant.KS               	0.034941985	0.034824705	0.00019236688	
S11111.tib_ant-soleus.KF        	-0.11055892	-0.11035105	0.00036177006	
S00111.soleus-tib_ant.KS        	-0.80888339	-0.81244091	0.003536776	
S11000.soleus-tib_ant.KS        	-3.117546	-3.1260812	0.0057444212	
S00111.gastroc-tib_ant.KS       	-0.32171493	-0.32313965	0.002088658	
S11000.gastroc-tib_ant.KS       	-1.7095501	-1.7089057	0.0036020831	
S00111.tib_ant-gastroc.KS       	-0.00395169	-0.0038113186	0.015009445	
S11000.tib_ant-gastroc.KS       	-0.00366451	-0.0035041513	0.014670123	
S00111.tib_ant-soleus.KS        	-0.00346517	-0.0032214017	0.015407623	
S11000.tib_ant-soleus.KS        	-0.00313645	-0.0033356927	0.014753163	
S00111.gastroc.KL               	0.078790625	0.078739977	0.002660168	
S00111.gastroc.L0               	0.79727659	0.8000068	0.0018570538	
S00111.gastroc.KF               	1.3985528	1.3984936	0.0002567469	
S00111.soleus.KL                	3.8997762	3.9036052	0.0041007084	
S00111.soleus.L0                	0.93979168	0.94174704	0.001178249	
S00111.soleus.KF                	0.22754093	0.22792373	0.00033965471	
S11000.gastroc.KL               	0.00925153	0.0088634532	0.0015516353	
S11000.gastroc.L0               	0.53076839	0.52812706	0.001917092	
S11000.gastroc.KF               	-1.7283794	-1.7432118	0.0045955819	
S11000.soleus.KL                	0.79054809	0.79240677	0.0066712133	
S11000.soleus.L0                	0.87221592	0.87419486	0.0018337639	
S11000.soleus.KF                	-0.91585693	-0.91243558	0.0062989176	
S00011.vasti.KF                 	0.855362	0.85472219	0.00082148502	
S00011.vasti.C0                 	0.085624904	0.085533341	0.00022062601	
S00011.vasti-knee_angle.pos_max 	-0.29416839	-0.29402018	0.00035929068	
S00011.hamstrings-pelvis_tilt.KP	0.7013241	0.7026379	0.003492039	
S00011.hamstrings-pelvis_tilt.KV	0.5636824	0.56355806	0.00021286247	
S00011.hamstrings-pelvis_tilt.C0	0.027503545	0.026753728	0.00032826308	
S00011.glut_max-pelvis_tilt.KP  	1.5402061	1.5413252	0.0032361197	
S00011.glut_max-pelvis_tilt.KV  	0.32220241	0.32203407	0.00021455798	
S00011.glut_max-pelvis_tilt.C0  	0.15429835	0.15469683	0.0003421604	
S00011.iliopsoas-pelvis_tilt.KP 	-3.6441637	-3.6446196	0.00559184	
S00011.iliopsoas-pelvis_tilt.KV 	-0.54689594	-0.54666767	0.00026676792	
S00011.iliopsoas-pelvis_tilt.C0 	0.32082734	0.32135007	0.0005804524	
S00100.iliopsoas.C0             	0.33224253	0.33159663	0.0003195282	
S00100.glut_max.C0              	-0.02377157	-0.023735613	0.00018488211	
S11000.iliopsoas.KL             	0.57519408	0.57519075	0.0003164773	
S11000.iliopsoas.L0             	0.39142867	0.39187988	0.00042513373	
S11000.iliopsoas-pelvis_tilt.P0 	-0.045390529	-0.045223376	0.00019760069	
S11000.iliopsoas-pelvis_tilt.KP 	0.011220382	0.011442491	0.00072524757	
S11000.iliopsoas-pelvis_tilt.KV 	0.14282574	0.143321	0.00026485368	
S11000.iliopsoas-hamstrings.KL  	-8.3244037	-8.30546	0.0098590619	
S11000.iliopsoas-hamstrings.L0  	1.1484974	1.1481722	0.0003059495	
S11000.hamstrings.KF            	0.54781573	0.54810975	0.00024284023	
S11000.glut_max.KF              	0.61724317	0.61714959	0.00024126672	
