pelvis_tilt.offset              	-0.0040825907	-0.0040007927	0.000174308	
hip_flexion_r.offset            	0.032976177	0.032846202	0.00014723683	
knee_angle_r.offset             	-0.044406165	-0.04454266	0.00020419963	
ankle_angle_r.offset            	-0.069122362	-0.069160503	0.00016508784	
hip_flexion_l.offset            	-0.0099891465	-0.0100187	0.00023504249	
knee_angle_l.offset             	0.061030748	0.061018274	0.00020377265	
ankle_angle_l.offset            	0.18899447	0.18924862	0.00017989974	
stance_load_threshold           	0.15099818	0.15069146	0.00019161657	
S00111.tib_ant.KL               	1.3073878	1.3068015	0.0029686845	
S00111.tib_ant.L0               	0.72935791	0.72943283	0.00034043732	
S00111.tib_ant.KS               	0.00015652	0.00016393238	4.5759008e-05	
S11000.tib_ant.KL               	1.2047859	1.2002554	0.0018064585	
S11000.tib_ant.L0               	0.77504153	0.77504222	0.00021121703	
S11000.tib_ant.KS               	0.033960718	0.033961508	0.00013893793	
S11111.tib_ant-soleus.KF        	-0.11057722	-0.11094055	0.00026396346	
S00111.soleus-tib_ant.KS        	-0.8184554	-0.81512488	0.0024930748	
S11000.soleus-tib_ant.KS        	-3.1261892	-3.1190526	0.0040605559	
S00111.gastroc-tib_ant.KS       	-0.32171493	-0.32217593	0.0013207863	
S11000.gastroc-tib_ant.KS       	-1.7151386	-1.7173518	0.0025022477	
S00111.tib_ant-gastroc.KS       	-0.00395169	-0.0037895998	0.0089773473	
S11000.tib_ant-gastroc.KS       	-0.00331551	-0.0034855466	0.0087743583	
S00111.tib_ant-soleus.KS        	-0.00346517	-0.0033553543	0.0092154028	
S11000.tib_ant-soleus.KS        	-0.00313645	-0.0034040891	0.0088239961	
S00111.gastroc.KL               	0.079531386	0.079591492	0.0018130414	
S00111.gastroc.L0               	0.79885059	0.79785087	0.0012681202	
S00111.gastroc.KF               	1.4005671	1.4004335	0.00019493523	
S00111.soleus.KL                	3.8899495	3.8895692	0.0030278277	
S00111.soleus.L0                	0.93546313	0.93538389	0.00086576261	
S00111.soleus.KF                	0.22693571	0.22653102	0.00024699433	
S11000.gastroc.KL               	0.00925153	0.0090130278	0.00094251054	
S11000.gastroc.L0               	0.52524236	0.5259431	0.001379041	
S11000.gastroc.KF               	-1.7682374	-1.7643132	0.0033457691	
S11000.soleus.KL                	0.78889019	0.78614286	0.0048136898	
S11000.soleus.L0                	0.86557972	0.86558401	0.0013508606	
S11000.soleus.KF                	-0.91442354	-0.91857173	0.0045706772	
S00011.vasti.KF                 	0.85248847	0.8528677	0.0005919569	
S00011.vasti.C0                 	0.084468299	0.084372478	0.00016795521	
S00011.vasti-knee_angle.pos_max 	-0.29460071	-0.29475792	0.00025495786	
S00011.hamstrings-pelvis_tilt.KP	0.71738365	0.71891778	0.0025056521	
S00011.hamstrings-pelvis_tilt.KV	0.56372686	0.56375204	0.00015343717	
S00011.hamstrings-pelvis_tilt.C0	0.027530076	0.027566333	0.00023575426	
S00011.glut_max-pelvis_tilt.KP  	1.5389891	1.5350134	0.0023081759	
S00011.glut_max-pelvis_tilt.KV  	0.32106345	0.32120512	0.00015721373	
S00011.glut_max-pelvis_tilt.C0  	0.15458674	0.15499985	0.00024800824	
S00011.iliopsoas-pelvis_tilt.KP 	-3.6556294	-3.652693	0.0040378873	
S00011.iliopsoas-pelvis_tilt.KV 	-0.54631349	-0.54646967	0.00019292632	
S00011.iliopsoas-pelvis_tilt.C0 	0.31547315	0.31601037	0.00044756899	
S00100.iliopsoas.C0             	0.33185465	0.33165456	0.00023466587	
S00100.glut_max.C0              	-0.024035933	-0.024045643	0.00013252553	
S11000.iliopsoas.KL             	0.57890891	0.57916355	0.00026243554	
S11000.iliopsoas.L0             	0.38500857	0.38526527	0.0003835903	
S11000.iliopsoas-pelvis_tilt.P0 	-0.044811978	-0.044549435	0.00014389138	
S11000.iliopsoas-pelvis_tilt.KP 	0.011945147	0.011689608	0.00046675115	
S11000.iliopsoas-pelvis_tilt.KV 	0.1421103	0.14222496	0.00019452049	
S11000.iliopsoas-hamstrings.KL  	-8.3365295	-8.3334985	0.0070556644	
S11000.iliopsoas-hamstrings.L0  	1.1492615	1.1492202	0.00022339394	
S11000.hamstrings.KF            	0.54790359	0.54782092	0.00017133175	
S11000.glut_max.KF              	0.61739691	0.61728851	0.00017260946	
