pelvis_tilt.offset              	-0.0038158362	-0.0039113355	0.00015883919	
hip_flexion_r.offset            	0.032519674	0.032651823	0.00013457935	
knee_angle_r.offset             	-0.044556615	-0.044553393	0.00018559656	
ankle_angle_r.offset            	-0.069455174	-0.069074971	0.00015010041	
hip_flexion_l.offset            	-0.010125575	-0.010115243	0.00021388642	
knee_angle_l.offset             	0.060861173	0.061056849	0.00018554904	
ankle_angle_l.offset            	0.18895199	0.18908398	0.00016373527	
stance_load_threshold           	0.15052755	0.15069272	0.00017493381	
S00111.tib_ant.KL               	1.3089989	1.3083028	0.0027050941	
S00111.tib_ant.L0               	0.72983963	0.72934748	0.00031021099	
S00111.tib_ant.KS               	0.00015652	0.0001628495	4.126112e-05	
S11000.tib_ant.KL               	1.2012247	1.2004272	0.0016475119	
S11000.tib_ant.L0               	0.7751126	0.77513365	0.00019213872	
S11000.tib_ant.KS               	0.034019376	0.034034639	0.00012618313	
S11111.tib_ant-soleus.KF        	-0.11023165	-0.11069889	0.00024127184	
S00111.soleus-tib_ant.KS        	-0.81513407	-0.81727539	0.0022740105	
S11000.soleus-tib_ant.KS        	-3.1215164	-3.121099	0.00372059	
S00111.gastroc-tib_ant.KS       	-0.32171493	-0.32207401	0.0011940151	
S11000.gastroc-tib_ant.KS       	-1.716338	-1.7154238	0.002278571	
S00111.tib_ant-gastroc.KS       	-0.00395169	-0.0037837006	0.0080925393	
S11000.tib_ant-gastroc.KS       	-0.00331551	-0.0034383255	0.007909554	
S00111.tib_ant-soleus.KS        	-0.00346517	-0.0033010337	0.0083071216	
S11000.tib_ant-soleus.KS        	-0.0034666	-0.0032939301	0.0079542956	
S00111.gastroc.KL               	0.079873628	0.079650539	0.0016471687	
S00111.gastroc.L0               	0.79749457	0.79869597	0.0011526592	
S00111.gastroc.KF               	1.4007317	1.4005895	0.0001787745	
S00111.soleus.KL                	3.8893125	3.8892921	0.0027473222	
S00111.soleus.L0                	0.93423774	0.93502859	0.00079004516	
S00111.soleus.KF                	0.2264223	0.2263359	0.00022507172	
S11000.gastroc.KL               	0.00925153	0.008712474	0.00085121503	
S11000.gastroc.L0               	0.52392547	0.52483213	0.0012613861	
S11000.gastroc.KF               	-1.7672304	-1.7632741	0.0030429578	
S11000.soleus.KL                	0.77988671	0.78373914	0.0043862521	
S11000.soleus.L0                	0.86723123	0.86555983	0.0012379429	
S11000.soleus.KF                	-0.91896072	-0.9151347	0.0041532538	
S00011.vasti.KF                 	0.8526769	0.85312387	0.00053947502	
S00011.vasti.C0                 	0.084313613	0.084374745	0.00015292961	
S00011.vasti-knee_angle.pos_max 	-0.2942863	-0.29472197	0.00023203919	
S00011.hamstrings-pelvis_tilt.KP	0.72133708	0.71996624	0.0022886804	
S00011.hamstrings-pelvis_tilt.KV	0.56357521	0.56382521	0.0001396813	
S00011.hamstrings-pelvis_tilt.C0	0.027688747	0.027610012	0.00021391204	
S00011.glut_max-pelvis_tilt.KP  	1.5371942	1.5367539	0.0021091703	
S00011.glut_max-pelvis_tilt.KV  	0.32107484	0.32117394	0.00014362799	
S00011.glut_max-pelvis_tilt.C0  	0.15509421	0.15488256	0.00022573705	
S00011.iliopsoas-pelvis_tilt.KP 	-3.6534342	-3.6515684	0.0036720433	
S00011.iliopsoas-pelvis_tilt.KV 	-0.54636107	-0.54644222	0.000175851	
S00011.iliopsoas-pelvis_tilt.C0 	0.31558372	0.31589345	0.00040847929	
S00100.iliopsoas.C0             	0.33158373	0.33147527	0.00021396439	
S00100.glut_max.C0              	-0.02400303	-0.024081301	0.00012088742	
S11000.iliopsoas.KL             	0.57925833	0.57914957	0.00024092225	
S11000.iliopsoas.L0             	0.38448561	0.38517766	0.00035179963	
S11000.iliopsoas-pelvis_tilt.P0 	-0.044770382	-0.044657377	0.00013129772	
S11000.iliopsoas-pelvis_tilt.KP 	0.01196527	0.011622485	0.00042352075	
S11000.iliopsoas-pelvis_tilt.KV 	0.1421148	0.14226164	0.00017727955	
S11000.iliopsoas-hamstrings.KL  	-8.3407075	-8.3352482	0.0064078216	
S11000.iliopsoas-hamstrings.L0  	1.1494955	1.1492115	0.00020374964	
S11000.hamstrings.KF            	0.54789187	0.54778724	0.00015624596	
S11000.glut_max.KF              	0.61694938	0.61723231	0.00015803194	
