pelvis_tilt.offset              	-0.0034226658	-0.0035977599	0.00010216036	
hip_flexion_r.offset            	0.032523812	0.032440152	8.7373409e-05	
knee_angle_r.offset             	-0.044416905	-0.044737025	0.00011944688	
ankle_angle_r.offset            	-0.06931662	-0.069197632	9.7136473e-05	
hip_flexion_l.offset            	-0.010207848	-0.010115525	0.00013850136	
knee_angle_l.offset             	0.06053056	0.060618543	0.00012324147	
ankle_angle_l.offset            	0.18939989	0.18914674	0.00010409921	
stance_load_threshold           	0.15102728	0.15082184	0.00011303443	
S00111.tib_ant.KL               	1.3069079	1.3077511	0.0017405465	
S00111.tib_ant.L0               	0.72961032	0.72964063	0.00019894716	
S00111.tib_ant.KS               	0.00015971785	0.00016753178	2.3249802e-05	
S11000.tib_ant.KL               	1.2117953	1.2088185	0.0011154349	
S11000.tib_ant.L0               	0.77529988	0.7752693	0.00012267607	
S11000.tib_ant.KS               	0.033928087	0.033883674	8.0585198e-05	
S11111.tib_ant-soleus.KF        	-0.11088988	-0.11097426	0.00015412055	
S00111.soleus-tib_ant.KS        	-0.819176	-0.8176828	0.001462063	
S11000.soleus-tib_ant.KS        	-3.1141614	-3.1131413	0.0024054306	
S00111.gastroc-tib_ant.KS       	-0.32171493	-0.32192986	0.0007002339	
S11000.gastroc-tib_ant.KS       	-1.7218879	-1.718805	0.0014633559	
S00111.tib_ant-gastroc.KS       	-0.00395169	-0.0037453849	0.0045168151	
S11000.tib_ant-gastroc.KS       	-0.00366451	-0.0034736333	0.004414635	
S00111.tib_ant-soleus.KS        	-0.00346517	-0.0033145722	0.00463643	
S11000.tib_ant-soleus.KS        	-0.0034666	-0.003270132	0.0044395179	
S00111.gastroc.KL               	0.081682599	0.081957598	0.0010616524	
S00111.gastroc.L0               	0.79717748	0.79773988	0.00073539923	
S00111.gastroc.KF               	1.4010327	1.4008433	0.00011721326	
S00111.soleus.KL                	3.8823858	3.8823682	0.0017546172	
S00111.soleus.L0                	0.93210904	0.9328026	0.00052193853	
S00111.soleus.KF                	0.22705253	0.22693013	0.00014617364	
S11000.gastroc.KL               	0.0086560543	0.0088245568	0.00049764698	
S11000.gastroc.L0               	0.52188026	0.52222575	0.0008186831	
S11000.gastroc.KF               	-1.7599429	-1.7591962	0.0019802458	
S11000.soleus.KL                	0.78693903	0.78661301	0.0028229326	
S11000.soleus.L0                	0.86321717	0.86272319	0.00081473174	
S11000.soleus.KF                	-0.91133423	-0.91214342	0.002696019	
S00011.vasti.KF                 	0.85289277	0.85342662	0.00034766185	
S00011.vasti.C0                 	0.083391764	0.083665099	0.00010580822	
S00011.vasti-knee_angle.pos_max 	-0.29419984	-0.29453695	0.0001481122	
S00011.hamstrings-pelvis_tilt.KP	0.72431905	0.72409194	0.0014780104	
S00011.hamstrings-pelvis_tilt.KV	0.5636637	0.56355045	9.0403101e-05	
S00011.hamstrings-pelvis_tilt.C0	0.027671207	0.027610381	0.00013335366	
S00011.glut_max-pelvis_tilt.KP  	1.5314697	1.530585	0.0013849087	
S00011.glut_max-pelvis_tilt.KV  	0.3206052	0.32069692	9.3788332e-05	
S00011.glut_max-pelvis_tilt.C0  	0.15585277	0.15564817	0.00014723524	
S00011.iliopsoas-pelvis_tilt.KP 	-3.6525981	-3.6553717	0.0023538017	
S00011.iliopsoas-pelvis_tilt.KV 	-0.54566734	-0.54591883	0.00011626073	
S00011.iliopsoas-pelvis_tilt.C0 	0.31525571	0.31542547	0.00025420372	
S00100.iliopsoas.C0             	0.33146792	0.33141347	0.0001369691	
S00100.glut_max.C0              	-0.024121168	-0.02406386	7.6864998e-05	
S11000.iliopsoas.KL             	0.58012308	0.5800476	0.00016372177	
S11000.iliopsoas.L0             	0.38245721	0.38298125	0.00025053486	
S11000.iliopsoas-pelvis_tilt.P0 	-0.0446446	-0.044645872	8.4060548e-05	
S11000.iliopsoas-pelvis_tilt.KP 	0.011668708	0.0115809	0.00026442325	
S11000.iliopsoas-pelvis_tilt.KV 	0.14164474	0.1417269	0.000116295	
S11000.iliopsoas-hamstrings.KL  	-8.3413559	-8.3364815	0.0041184014	
S11000.iliopsoas-hamstrings.L0  	1.1499337	1.1497823	0.00013114667	
S11000.hamstrings.KF            	0.54800691	0.54790181	9.8654253e-05	
S11000.glut_max.KF              	0.61659699	0.61658634	0.00010463497	
