pelvis_tilt.offset              	0.021622352	0.021631611	0.0009621776	
hip_flexion_r.offset            	0.071804304	0.071236269	0.00090951775	
knee_angle_r.offset             	-0.00045176266	-0.00074496029	0.00099561392	
ankle_angle_r.offset            	-0.059319036	-0.058681987	0.0012944394	
hip_flexion_l.offset            	-0.007637453	-0.0077199363	0.0018462755	
knee_angle_l.offset             	0.057050137	0.05732966	0.0014106073	
ankle_angle_l.offset            	0.18473882	0.18681961	0.0013554668	
stance_load_threshold           	0.15439147	0.15454021	0.001492131	
S00111.tib_ant.KL               	1.2839458	1.2582958	0.024684187	
S00111.tib_ant.L0               	0.7640376	0.76426667	0.0026394626	
S00111.tib_ant.KS               	0.00015652	0.00016773561	0.0010509982	
S11000.tib_ant.KL               	1.1958837	1.1812413	0.014063666	
S11000.tib_ant.L0               	0.73876405	0.73596912	0.0020553152	
S11000.tib_ant.KS               	0.035389693	0.034716014	0.0013006208	
S11111.tib_ant-soleus.KF        	-0.11075838	-0.11193433	0.0022282528	
S00111.soleus-tib_ant.KS        	-0.87410366	-0.87963217	0.02824803	
S00111.gastroc-tib_ant.KS       	-0.34856623	-0.33802966	0.024414821	
S00111.tib_ant-gastroc.KS       	-0.00357534	-0.0037210907	0.20797305	
S11000.tib_ant-gastroc.KS       	-0.00331551	-0.0035096507	0.20327325	
S00111.tib_ant-soleus.KS        	-0.00346517	-0.0033342824	0.21349509	
S11000.tib_ant-soleus.KS        	-0.00313645	-0.0032924703	0.20442585	
S00111.gastroc.KL               	0.07523758	0.079185032	0.026003239	
S00111.gastroc.L0               	0.84908941	0.84694161	0.01086618	
S00111.gastroc.KF               	1.4087161	1.4107689	0.0013850005	
S00111.gastroc.KS               	0.17380993	0.17252372	0.012061845	
S00111.soleus.KL                	4.0004865	3.9828777	0.024460279	
S00111.soleus.L0                	0.96407588	0.96246582	0.0061987759	
S00111.soleus.KF                	0.22539959	0.22501649	0.0020122024	
S00111.soleus.KS                	0.14997153	0.16081049	0.017598778	
S11000.gastroc.KL               	0.00925153	0.0088206892	0.020743259	
S11000.gastroc.L0               	0.49752118	0.51333818	0.01136614	
S11000.gastroc.KF               	-1.8467399	-1.8099034	0.026942654	
S11000.gastroc.KS               	0.27771442	0.26282169	0.02464017	
S11000.soleus.KL                	0.84112181	0.82181713	0.047472519	
S11000.soleus.L0                	0.89429457	0.88936791	0.010509131	
S11000.soleus.KF                	-0.86753488	-0.90671713	0.044166797	
S11000.soleus.KS                	0.11302564	0.10689441	0.038528721	
S00011.vasti.KF                 	0.82531768	0.81861522	0.0058604153	
S00011.vasti.C0                 	0.08407542	0.083573753	0.0013156189	
S00011.vasti-knee_angle.pos_max 	-0.31158795	-0.30929448	0.0020470699	
S00011.hamstrings-pelvis_tilt.KP	0.70768311	0.6995827	0.023250154	
S00011.hamstrings-pelvis_tilt.KV	0.5669435	0.56655347	0.0011855771	
S00011.hamstrings-pelvis_tilt.C0	0.02778807	0.026256573	0.0025581733	
S00011.glut_max-pelvis_tilt.KP  	1.5485218	1.5256671	0.019279572	
S00011.glut_max-pelvis_tilt.KV  	0.31297363	0.31424892	0.0012055154	
S00011.glut_max-pelvis_tilt.C0  	0.16297509	0.16242032	0.0020439447	
S00011.iliopsoas-pelvis_tilt.KP 	-3.477755	-3.4813641	0.032474223	
S00011.iliopsoas-pelvis_tilt.KV 	-0.54483844	-0.54370087	0.0014760496	
S00011.iliopsoas-pelvis_tilt.C0 	0.33009207	0.33217542	0.0031939028	
S00100.iliopsoas.C0             	0.33547744	0.33488191	0.0017510068	
S00100.glut_max.C0              	-0.02588599	-0.024341121	0.0013338077	
S11000.iliopsoas.KL             	0.56350419	0.56083216	0.0014930846	
S11000.iliopsoas.L0             	0.39078351	0.39176817	0.0016560418	
S11000.iliopsoas-pelvis_tilt.P0 	-0.043850356	-0.043550529	0.0013282148	
S11000.iliopsoas-pelvis_tilt.KP 	0.01196527	0.011382538	0.0083507262	
S11000.iliopsoas-pelvis_tilt.KV 	0.14863087	0.14397351	0.0015382513	
S11000.iliopsoas-hamstrings.KL  	-8.3080036	-8.2699517	0.05416212	
S11000.iliopsoas-hamstrings.L0  	1.1677927	1.1679927	0.0012384752	
S11000.hamstrings.KF            	0.57691197	0.57652695	0.0011888169	
S11000.glut_max.KF              	0.62015882	0.61813825	0.0013640986	
