pelvis_tilt.offset              	0.023465251	0.023518729	6.3619337e-05	
hip_flexion_r.offset            	0.070087706	0.070115412	5.7918992e-05	
knee_angle_r.offset             	-0.0012040922	-0.0011921885	6.4749293e-05	
ankle_angle_r.offset            	-0.060808573	-0.060939459	8.7000535e-05	
hip_flexion_l.offset            	-0.0049514938	-0.0048739177	0.00012202768	
knee_angle_l.offset             	0.059039506	0.05906172	9.1259727e-05	
ankle_angle_l.offset            	0.18602085	0.18613181	9.055043e-05	
stance_load_threshold           	0.15780541	0.15791601	9.9436344e-05	
S00111.tib_ant.KL               	1.2795471	1.2779618	0.001586597	
S00111.tib_ant.L0               	0.76168689	0.76171832	0.00017305232	
S00111.tib_ant.KS               	0.000173	0.00016817676	4.7765899e-05	
S11000.tib_ant.KL               	1.1869307	1.1877826	0.0008877245	
S11000.tib_ant.L0               	0.73403905	0.73414378	0.000135762	
S11000.tib_ant.KS               	0.034386827	0.034261515	8.3818132e-05	
S11111.tib_ant-soleus.KF        	-0.11106465	-0.11092097	0.00014244899	
S00111.soleus-tib_ant.KS        	-0.87973592	-0.87952335	0.0017818979	
S00111.gastroc-tib_ant.KS       	-0.32369033	-0.32330106	0.0013006143	
S00111.tib_ant-gastroc.KS       	-0.00357534	-0.0038134835	0.0094345217	
S11000.tib_ant-gastroc.KS       	-0.00366451	-0.0034411929	0.0092213001	
S00111.tib_ant-soleus.KS        	-0.00346517	-0.0032846765	0.0096849455	
S11000.tib_ant-soleus.KS        	-0.00313645	-0.003257276	0.0092735558	
S00111.gastroc.KL               	0.079286846	0.078976943	0.0013852307	
S00111.gastroc.L0               	0.85487802	0.85382068	0.00068751146	
S00111.gastroc.KF               	1.4112837	1.4112182	8.8758842e-05	
S00111.gastroc.KS               	0.16133773	0.16160899	0.00067191522	
S00111.soleus.KL                	4.0015455	4.0028722	0.0015628957	
S00111.soleus.L0                	0.96587712	0.96592984	0.00037681909	
S00111.soleus.KF                	0.22582937	0.22594077	0.00013138118	
S00111.soleus.KS                	0.16188463	0.16131344	0.0010263719	
S11000.gastroc.KL               	0.00837043	0.0087844408	0.00095220813	
S11000.gastroc.L0               	0.50825063	0.50849988	0.00071982986	
S11000.gastroc.KF               	-1.8135513	-1.8115563	0.0017393645	
S11000.gastroc.KS               	0.25634098	0.25660398	0.0014482988	
S11000.soleus.KL                	0.80634701	0.80659219	0.0029345992	
S11000.soleus.L0                	0.8836602	0.88319196	0.00066692773	
S11000.soleus.KF                	-0.94002055	-0.93354583	0.0027624919	
S11000.soleus.KS                	0.11074627	0.11004232	0.0020229341	
S00011.vasti.KF                 	0.83483053	0.8352178	0.00038943388	
S00011.vasti.C0                 	0.08306918	0.083065377	8.2679286e-05	
S00011.vasti-knee_angle.pos_max 	-0.31284494	-0.31291538	0.00013566411	
S00011.hamstrings-pelvis_tilt.KP	0.70461949	0.70388105	0.0015035581	
S00011.hamstrings-pelvis_tilt.KV	0.56611047	0.56630923	7.6276468e-05	
S00011.hamstrings-pelvis_tilt.C0	0.026235833	0.026495382	0.00015354928	
S00011.glut_max-pelvis_tilt.KP  	1.5381178	1.5400767	0.0012472383	
S00011.glut_max-pelvis_tilt.KV  	0.31198343	0.31188948	7.9442513e-05	
S00011.glut_max-pelvis_tilt.C0  	0.16111579	0.16100664	0.00012996612	
S00011.iliopsoas-pelvis_tilt.KP 	-3.5231207	-3.5220639	0.0021792511	
S00011.iliopsoas-pelvis_tilt.KV 	-0.54397991	-0.54383582	9.3956966e-05	
S00011.iliopsoas-pelvis_tilt.C0 	0.32608286	0.32594413	0.00021444254	
S00100.iliopsoas.C0             	0.33912381	0.33912701	0.00011666145	
S00100.glut_max.C0              	-0.024047664	-0.024207184	8.6348207e-05	
S11000.iliopsoas.KL             	0.56009474	0.56015004	9.4397798e-05	
S11000.iliopsoas.L0             	0.391674	0.39150688	0.00010786553	
S11000.iliopsoas-pelvis_tilt.P0 	-0.044792552	-0.044854957	8.559682e-05	
S11000.iliopsoas-pelvis_tilt.KP 	0.011475512	0.011251431	0.00040826484	
S11000.iliopsoas-pelvis_tilt.KV 	0.14575995	0.14581918	0.00010020162	
S11000.iliopsoas-hamstrings.KL  	-8.2349117	-8.2313152	0.0035341635	
S11000.iliopsoas-hamstrings.L0  	1.1663185	1.1662789	7.9418809e-05	
S11000.hamstrings.KF            	0.57843755	0.57847523	7.7575897e-05	
S11000.glut_max.KF              	0.61387942	0.6139445	9.2827493e-05	
