pelvis_tilt.offset              	0.023179696	0.022776967	0.001384001	
hip_flexion_r.offset            	0.069249815	0.070678158	0.0013052387	
knee_angle_r.offset             	-0.0010400328	0.0014568321	0.00142678	
ankle_angle_r.offset            	-0.057730174	-0.057821163	0.0018666347	
hip_flexion_l.offset            	-0.0021975586	-0.0057227131	0.0026408579	
knee_angle_l.offset             	0.055646775	0.05720957	0.0020370751	
ankle_angle_l.offset            	0.18791103	0.18608845	0.0019506379	
stance_load_threshold           	0.15416164	0.15365639	0.0021444533	
S00111.tib_ant.KL               	1.2929665	1.2527373	0.035652512	
S00111.tib_ant.L0               	0.76885747	0.76895144	0.0038325404	
S00111.tib_ant.KS               	0.00015652	0.00016188062	0.0015408789	
S11000.tib_ant.KL               	1.2302958	1.2106111	0.020226387	
S11000.tib_ant.L0               	0.73469338	0.73870147	0.0029546452	
S11000.tib_ant.KS               	0.03371447	0.03431083	0.0018849741	
S11111.tib_ant-soleus.KF        	-0.10927507	-0.1094917	0.0032182602	
S00111.soleus-tib_ant.KS        	-0.86232912	-0.852235	0.040935131	
S11000.soleus-tib_ant.KS        	-3.3111248	-3.3025263	0.047212747	
S00111.gastroc-tib_ant.KS       	-0.35557966	-0.33797813	0.035662014	
S11000.gastroc-tib_ant.KS       	-1.7078221	-1.7457357	0.039435643	
S00111.tib_ant-gastroc.KS       	-0.00357534	-0.003726525	0.30491164	
S11000.tib_ant-gastroc.KS       	-0.00331551	-0.0035066707	0.29802121	
S00111.tib_ant-soleus.KS        	-0.00346517	-0.0033327348	0.31300756	
S11000.tib_ant-soleus.KS        	-0.00313645	-0.0033456946	0.29971106	
S00111.gastroc.KL               	0.080644358	0.078039744	0.038111081	
S00111.gastroc.L0               	0.84336684	0.83539207	0.015608567	
S00111.gastroc.KF               	1.4101196	1.4112007	0.0019916162	
S00111.soleus.KL                	4.0287052	4.0052832	0.035011527	
S00111.soleus.L0                	0.97120234	0.96373136	0.0090072889	
S00111.soleus.KF                	0.23050797	0.22806636	0.0028805015	
S11000.gastroc.KL               	0.00925153	0.0090253225	0.030411717	
S11000.gastroc.L0               	0.50116172	0.51951294	0.016446065	
S11000.gastroc.KF               	-1.7907804	-1.8004702	0.038748468	
S11000.soleus.KL                	0.76235452	0.80714553	0.069097325	
S11000.soleus.L0                	0.88717226	0.89020983	0.015093541	
S11000.soleus.KF                	-0.86753488	-0.91140898	0.064177976	
S00011.vasti.KF                 	0.84458608	0.83695765	0.0085053876	
S00011.vasti.C0                 	0.083583872	0.085317118	0.0019131137	
S00011.vasti-knee_angle.pos_max 	-0.31210918	-0.3060571	0.0029242935	
S00011.hamstrings-pelvis_tilt.KP	0.69298583	0.70051706	0.033709912	
S00011.hamstrings-pelvis_tilt.KV	0.56736622	0.56684204	0.0017067732	
S00011.hamstrings-pelvis_tilt.C0	0.02514159	0.026907364	0.0037391818	
S00011.glut_max-pelvis_tilt.KP  	1.4415171	1.4832806	0.027674671	
S00011.glut_max-pelvis_tilt.KV  	0.31300481	0.31356354	0.001732755	
S00011.glut_max-pelvis_tilt.C0  	0.15164074	0.15619121	0.0029172836	
S00011.iliopsoas-pelvis_tilt.KP 	-3.5160365	-3.490168	0.046835999	
S00011.iliopsoas-pelvis_tilt.KV 	-0.5472984	-0.54578324	0.0021210315	
S00011.iliopsoas-pelvis_tilt.C0 	0.33586809	0.33107182	0.0045843442	
S00100.iliopsoas.C0             	0.33127229	0.33616573	0.0025101754	
S00100.glut_max.C0              	-0.024888297	-0.024484906	0.0019381396	
S11000.iliopsoas.KL             	0.5634722	0.56168288	0.0021464664	
S11000.iliopsoas.L0             	0.39386801	0.39281551	0.0023945764	
S11000.iliopsoas-pelvis_tilt.P0 	-0.046042287	-0.043611983	0.0019211771	
S11000.iliopsoas-pelvis_tilt.KP 	0.011307925	0.011424693	0.012242287	
S11000.iliopsoas-pelvis_tilt.KV 	0.14779334	0.14342106	0.002209152	
S11000.iliopsoas-hamstrings.KL  	-8.3167016	-8.3207752	0.078348147	
S11000.iliopsoas-hamstrings.L0  	1.1658769	1.1662724	0.0017884138	
S11000.hamstrings.KF            	0.5742231	0.57521564	0.0017221128	
S11000.glut_max.KF              	0.6175147	0.61984548	0.0019480257	
