pelvis_tilt.offset              	0.024635862	0.024792746	0.001583156	
hip_flexion_r.offset            	0.073727042	0.072129928	0.0014804459	
knee_angle_r.offset             	0.0060984477	0.0048409494	0.0016291989	
ankle_angle_r.offset            	-0.058179361	-0.055734707	0.0020855761	
hip_flexion_l.offset            	-0.0013919699	-0.0097121729	0.0029745247	
knee_angle_l.offset             	0.048191524	0.053281483	0.0023124837	
ankle_angle_l.offset            	0.1837381	0.18420502	0.0022058292	
stance_load_threshold           	0.15556333	0.15609907	0.002431679	
S00111.tib_ant.KL               	1.3119505	1.2907811	0.039911205	
S00111.tib_ant.L0               	0.76644595	0.76381449	0.0043207073	
S00111.tib_ant.KS               	0.00015652	0.00016366746	0.0016808569	
S11000.tib_ant.KL               	1.2134721	1.2320829	0.022841994	
S11000.tib_ant.L0               	0.73158607	0.73150447	0.0033391344	
S11000.tib_ant.KS               	0.03726336	0.036057859	0.0020931279	
S11111.tib_ant-soleus.KF        	-0.1139005	-0.10943279	0.0035978475	
S00111.soleus-tib_ant.KS        	-0.83426168	-0.87286421	0.045293717	
S11000.soleus-tib_ant.KS        	-3.2431612	-3.255099	0.053394746	
S00111.gastroc-tib_ant.KS       	-0.35557966	-0.33240185	0.039104366	
S11000.gastroc-tib_ant.KS       	-1.6097068	-1.6667483	0.044048807	
S00111.tib_ant-gastroc.KS       	-0.00357534	-0.0037100544	0.33261041	
S11000.tib_ant-gastroc.KS       	-0.00366451	-0.0035415892	0.32509404	
S00111.tib_ant-soleus.KS        	-0.00313515	-0.0033634007	0.34144177	
S11000.tib_ant-soleus.KS        	-0.00313645	-0.0032712486	0.32693739	
S00111.gastroc.KL               	0.08315732	0.078999376	0.041587653	
S00111.gastroc.L0               	0.81959098	0.80941964	0.017535589	
S00111.gastroc.KF               	1.4106374	1.4102496	0.0022357409	
S00111.soleus.KL                	3.862544	3.9269378	0.039934065	
S00111.soleus.L0                	0.94471302	0.95028708	0.010196381	
S00111.soleus.KF                	0.22229593	0.22322298	0.0032557375	
S11000.gastroc.KL               	0.00925153	0.0087391555	0.0331746	
S11000.gastroc.L0               	0.5127206	0.52465703	0.018432219	
S11000.gastroc.KF               	-1.8061706	-1.7589985	0.043480622	
S11000.soleus.KL                	0.84260236	0.80053163	0.075897343	
S11000.soleus.L0                	0.86011188	0.88433728	0.017046592	
S11000.soleus.KF                	-0.92258932	-0.9120629	0.070753857	
S00011.vasti.KF                 	0.85717976	0.85567551	0.0097224076	
S00011.vasti.C0                 	0.087647554	0.086407414	0.0021399965	
S00011.vasti-knee_angle.pos_max 	-0.31460168	-0.31589019	0.0033308509	
S00011.hamstrings-pelvis_tilt.KP	0.67099736	0.71527276	0.037307492	
S00011.hamstrings-pelvis_tilt.KV	0.56899905	0.56723289	0.0019171865	
S00011.hamstrings-pelvis_tilt.C0	0.02778807	0.026105707	0.0040923439	
S00011.glut_max-pelvis_tilt.KP  	1.554785	1.5140958	0.031022711	
S00011.glut_max-pelvis_tilt.KV  	0.31420179	0.31006271	0.0019688807	
S00011.glut_max-pelvis_tilt.C0  	0.16510862	0.15985917	0.0032839162	
S00011.iliopsoas-pelvis_tilt.KP 	-3.5649563	-3.5842968	0.052809572	
S00011.iliopsoas-pelvis_tilt.KV 	-0.54518728	-0.54920787	0.0023975814	
S00011.iliopsoas-pelvis_tilt.C0 	0.33632333	0.33230342	0.0051899239	
S00100.iliopsoas.C0             	0.3361563	0.33646223	0.002841238	
S00100.glut_max.C0              	-0.02588599	-0.024830582	0.0021317467	
S11000.iliopsoas.KL             	0.56532316	0.56555014	0.0024311308	
S11000.iliopsoas.L0             	0.3956098	0.39200092	0.0027065037	
S11000.iliopsoas-pelvis_tilt.P0 	-0.04199752	-0.044483837	0.0021353042	
S11000.iliopsoas-pelvis_tilt.KP 	0.01082572	0.011505121	0.013355326	
S11000.iliopsoas-pelvis_tilt.KV 	0.14187524	0.14473158	0.0024818759	
S11000.iliopsoas-hamstrings.KL  	-8.3896598	-8.3250769	0.088022466	
S11000.iliopsoas-hamstrings.L0  	1.1672504	1.1689047	0.0020050392	
S11000.hamstrings.KF            	0.57516426	0.57360603	0.0019389659	
S11000.glut_max.KF              	0.6170555	0.61791559	0.0021973557	
