pelvis_tilt.offset              	0.027606864	0.026752244	0.0014650432	
hip_flexion_r.offset            	0.071400169	0.072985518	0.0013660833	
knee_angle_r.offset             	0.0084033916	0.0065057929	0.0015080291	
ankle_angle_r.offset            	-0.054867395	-0.054370197	0.0019126219	
hip_flexion_l.offset            	-0.011494633	-0.012171591	0.0027764368	
knee_angle_l.offset             	0.051432612	0.052473747	0.0021489275	
ankle_angle_l.offset            	0.18493694	0.18543307	0.0020345875	
stance_load_threshold           	0.15619754	0.15670302	0.0022345807	
S00111.tib_ant.KL               	1.2493945	1.2921214	0.036526146	
S00111.tib_ant.L0               	0.75287946	0.76075243	0.0039794004	
S00111.tib_ant.KS               	0.00015652	0.00016943564	0.0015237829	
S11000.tib_ant.KL               	1.2318106	1.2320081	0.020965027	
S11000.tib_ant.L0               	0.72998807	0.72982088	0.0030779305	
S11000.tib_ant.KS               	0.035364472	0.035298478	0.0019096002	
S11111.tib_ant-soleus.KF        	-0.10970823	-0.11085785	0.0032991243	
S00111.soleus-tib_ant.KS        	-0.84326573	-0.86534522	0.041339839	
S11000.soleus-tib_ant.KS        	-3.2824643	-3.2620313	0.049139895	
S00111.gastroc-tib_ant.KS       	-0.33381644	-0.34325633	0.035533433	
S11000.gastroc-tib_ant.KS       	-1.6285598	-1.6174439	0.040441708	
S00111.tib_ant-gastroc.KS       	-0.00395169	-0.0037604561	0.30152825	
S11000.tib_ant-gastroc.KS       	-0.00331551	-0.0035691478	0.29471427	
S00111.tib_ant-soleus.KS        	-0.00346517	-0.0032913413	0.30953432	
S11000.tib_ant-soleus.KS        	-0.00313645	-0.0033206207	0.29638536	
S00111.gastroc.KL               	0.08315732	0.079553983	0.0377071	
S00111.gastroc.L0               	0.81645149	0.80293786	0.016051051	
S00111.gastroc.KF               	1.409544	1.4107504	0.0020549991	
S00111.soleus.KL                	3.9067034	3.9186818	0.036887645	
S00111.soleus.L0                	0.94007969	0.94533974	0.0093920095	
S00111.soleus.KF                	0.22008159	0.22052446	0.0030030262	
S11000.gastroc.KL               	0.00837043	0.0087834427	0.030074548	
S11000.gastroc.L0               	0.52384396	0.52408258	0.01690876	
S11000.gastroc.KF               	-1.7659388	-1.7548813	0.039830816	
S11000.soleus.KL                	0.84260236	0.77880364	0.069037209	
S11000.soleus.L0                	0.88461752	0.87114294	0.015698679	
S11000.soleus.KF                	-0.86753488	-0.91412116	0.06437565	
S00011.vasti.KF                 	0.86097617	0.85896913	0.0089114435	
S00011.vasti.C0                 	0.086555229	0.086544306	0.0019579836	
S00011.vasti-knee_angle.pos_max 	-0.31788529	-0.3160593	0.0030861126	
S00011.hamstrings-pelvis_tilt.KP	0.72003876	0.71105318	0.034051237	
S00011.hamstrings-pelvis_tilt.KV	0.56815262	0.56780619	0.0017672371	
S00011.hamstrings-pelvis_tilt.C0	0.02778807	0.025835166	0.0037163953	
S00011.glut_max-pelvis_tilt.KP  	1.5101974	1.5173618	0.028537787	
S00011.glut_max-pelvis_tilt.KV  	0.30828093	0.30948559	0.0018253949	
S00011.glut_max-pelvis_tilt.C0  	0.15960116	0.15784248	0.0030318442	
S00011.iliopsoas-pelvis_tilt.KP 	-3.5141674	-3.5704286	0.048546371	
S00011.iliopsoas-pelvis_tilt.KV 	-0.54605449	-0.55062651	0.0022298737	
S00011.iliopsoas-pelvis_tilt.C0 	0.33883095	0.3320638	0.0047799546	
S00100.iliopsoas.C0             	0.33441782	0.33585521	0.0026109214	
S00100.glut_max.C0              	-0.024174446	-0.025112721	0.0019390895	
S11000.iliopsoas.KL             	0.5710114	0.56707497	0.0022422429	
S11000.iliopsoas.L0             	0.39281632	0.39302638	0.0024953364	
S11000.iliopsoas-pelvis_tilt.P0 	-0.04199752	-0.044405901	0.0019517371	
S11000.iliopsoas-pelvis_tilt.KP 	0.01082572	0.011330376	0.012107651	
S11000.iliopsoas-pelvis_tilt.KV 	0.14723472	0.14518387	0.0022875071	
S11000.iliopsoas-hamstrings.KL  	-8.342694	-8.328123	0.080740574	
S11000.iliopsoas-hamstrings.L0  	1.1693721	1.1679402	0.0018452388	
S11000.hamstrings.KF            	0.57271374	0.57254277	0.001796964	
S11000.glut_max.KF              	0.61561574	0.61915746	0.0020165058	
