pelvis_tilt.offset              	0.026490742	0.027482281	0.0014305888	
hip_flexion_r.offset            	0.072091	0.072420979	0.0013329178	
knee_angle_r.offset             	0.0055527684	0.0073227522	0.0014729785	
ankle_angle_r.offset            	-0.053686448	-0.054434744	0.0018655293	
hip_flexion_l.offset            	-0.010154265	-0.012290436	0.0027081005	
knee_angle_l.offset             	0.053401274	0.052594249	0.0020940463	
ankle_angle_l.offset            	0.1832142	0.18577517	0.0019835056	
stance_load_threshold           	0.15492705	0.15562361	0.0021841376	
S00111.tib_ant.KL               	1.3119505	1.2778235	0.035589049	
S00111.tib_ant.L0               	0.75829769	0.76031457	0.0038837975	
S00111.tib_ant.KS               	0.000173	0.00016158687	0.0014822298	
S11000.tib_ant.KL               	1.2245633	1.2363308	0.020435923	
S11000.tib_ant.L0               	0.73036301	0.73029766	0.0030013207	
S11000.tib_ant.KS               	0.035733839	0.035744542	0.0018596407	
S11111.tib_ant-soleus.KF        	-0.10974132	-0.11184668	0.0032130298	
S00111.soleus-tib_ant.KS        	-0.88684288	-0.85219839	0.040264566	
S11000.soleus-tib_ant.KS        	-3.2697285	-3.2665518	0.047917363	
S00111.gastroc-tib_ant.KS       	-0.3379323	-0.3437324	0.03457856	
S11000.gastroc-tib_ant.KS       	-1.6320712	-1.6183844	0.039395208	
S00111.tib_ant-gastroc.KS       	-0.00395169	-0.0039066014	0.29330563	
S11000.tib_ant-gastroc.KS       	-0.00366451	-0.0034873549	0.28667746	
S00111.tib_ant-soleus.KS        	-0.00313515	-0.0032377797	0.30109338	
S11000.tib_ant-soleus.KS        	-0.00313645	-0.0032784227	0.28830299	
S00111.gastroc.KL               	0.08315732	0.079866936	0.036679831	
S00111.gastroc.L0               	0.82351763	0.80860827	0.01563778	
S00111.gastroc.KF               	1.4119774	1.4110873	0.0020040395	
S00111.soleus.KL                	3.9474401	3.9170194	0.03597935	
S00111.soleus.L0                	0.94066567	0.94237653	0.0091593931	
S00111.soleus.KF                	0.22365774	0.22093443	0.0029264357	
S11000.gastroc.KL               	0.00837043	0.0088456148	0.029254437	
S11000.gastroc.L0               	0.52439868	0.5222382	0.016468045	
S11000.gastroc.KF               	-1.7902693	-1.7603109	0.038779071	
S11000.soleus.KL                	0.83183802	0.79135319	0.067198807	
S11000.soleus.L0                	0.88694311	0.87959033	0.015304196	
S11000.soleus.KF                	-0.94350996	-0.89243608	0.062689532	
S00011.vasti.KF                 	0.85012011	0.85595343	0.0086879328	
S00011.vasti.C0                 	0.088209565	0.086441751	0.0019079986	
S00011.vasti-knee_angle.pos_max 	-0.31675002	-0.31725618	0.003010159	
S00011.hamstrings-pelvis_tilt.KP	0.71425739	0.7089565	0.033156832	
S00011.hamstrings-pelvis_tilt.KV	0.56659005	0.5676151	0.001722327	
S00011.hamstrings-pelvis_tilt.C0	0.02514159	0.026835011	0.0036165412	
S00011.glut_max-pelvis_tilt.KP  	1.5094087	1.5181753	0.027817227	
S00011.glut_max-pelvis_tilt.KV  	0.30966676	0.3091812	0.0017809192	
S00011.glut_max-pelvis_tilt.C0  	0.15718885	0.15739083	0.0029627813	
S00011.iliopsoas-pelvis_tilt.KP 	-3.6300826	-3.5661549	0.047360835	
S00011.iliopsoas-pelvis_tilt.KV 	-0.55109977	-0.54943008	0.0021796588	
S00011.iliopsoas-pelvis_tilt.C0 	0.33537746	0.33393727	0.0046622494	
S00100.iliopsoas.C0             	0.33121241	0.33559278	0.0025489078	
S00100.glut_max.C0              	-0.02588599	-0.024741771	0.0018870903	
S11000.iliopsoas.KL             	0.56539157	0.56688341	0.0021899834	
S11000.iliopsoas.L0             	0.38966249	0.39291554	0.0024313751	
S11000.iliopsoas-pelvis_tilt.P0 	-0.044252769	-0.043649398	0.0019011232	
S11000.iliopsoas-pelvis_tilt.KP 	0.01082572	0.011101125	0.01177754	
S11000.iliopsoas-pelvis_tilt.KV 	0.14446216	0.14571395	0.002230091	
S11000.iliopsoas-hamstrings.KL  	-8.3433275	-8.3217667	0.078680232	
S11000.iliopsoas-hamstrings.L0  	1.1686214	1.167922	0.0017998178	
S11000.hamstrings.KF            	0.57197902	0.57237773	0.0017501419	
S11000.glut_max.KF              	0.61816209	0.61816076	0.0019687322	
