pelvis_tilt.offset              	0.027849216	0.028115306	0.0013100827	
hip_flexion_r.offset            	0.074196341	0.073467158	0.001219264	
knee_angle_r.offset             	0.0042795368	0.0050545427	0.001349215	
ankle_angle_r.offset            	-0.055003238	-0.053862211	0.0017082234	
hip_flexion_l.offset            	-0.018891978	-0.016188565	0.0024916488	
knee_angle_l.offset             	0.056004022	0.055813234	0.0019122738	
ankle_angle_l.offset            	0.18594582	0.18475179	0.0018023571	
stance_load_threshold           	0.15457863	0.15470953	0.001993568	
S00111.tib_ant.KL               	1.3119505	1.2774985	0.032252769	
S00111.tib_ant.L0               	0.75252921	0.75598004	0.0035619062	
S00111.tib_ant.KS               	0.000173	0.00016527132	0.0013304535	
S11000.tib_ant.KL               	1.2278077	1.2260776	0.018550956	
S11000.tib_ant.L0               	0.72674635	0.72782305	0.0027405563	
S11000.tib_ant.KS               	0.03377814	0.034611884	0.0016813617	
S11111.tib_ant-soleus.KF        	-0.10953896	-0.10973327	0.0029227378	
S00111.soleus-tib_ant.KS        	-0.839845	-0.85699295	0.036424658	
S11000.soleus-tib_ant.KS        	-3.3572743	-3.2810906	0.043668986	
S00111.gastroc-tib_ant.KS       	-0.32824864	-0.33543037	0.031135261	
S11000.gastroc-tib_ant.KS       	-1.6253588	-1.6122427	0.03560447	
S00111.tib_ant-gastroc.KS       	-0.00357534	-0.003829622	0.26327176	
S11000.tib_ant-gastroc.KS       	-0.00331551	-0.003511497	0.25732231	
S00111.tib_ant-soleus.KS        	-0.00346517	-0.0032962537	0.27026206	
S11000.tib_ant-soleus.KS        	-0.0034666	-0.0033067753	0.25878138	
S00111.gastroc.KL               	0.08315732	0.077690647	0.032929733	
S00111.gastroc.L0               	0.8094513	0.80323333	0.014188708	
S00111.gastroc.KF               	1.4100485	1.411938	0.0018231254	
S00111.soleus.KL                	3.9532438	3.9263624	0.032847999	
S00111.soleus.L0                	0.93921631	0.94385401	0.008340698	
S00111.soleus.KF                	0.22613046	0.22370814	0.0026612886	
S11000.gastroc.KL               	0.00925153	0.0089289947	0.02625896	
S11000.gastroc.L0               	0.50063462	0.51895846	0.014979143	
S11000.gastroc.KF               	-1.8138506	-1.7664437	0.035428036	
S11000.soleus.KL                	0.76235452	0.81345741	0.060604381	
S11000.soleus.L0                	0.89311217	0.8886556	0.013911724	
S11000.soleus.KF                	-0.86753488	-0.89854119	0.056615614	
S00011.vasti.KF                 	0.86060733	0.85577235	0.0078741348	
S00011.vasti.C0                 	0.087589574	0.086687628	0.0017262206	
S00011.vasti-knee_angle.pos_max 	-0.32068016	-0.31771643	0.0027556325	
S00011.hamstrings-pelvis_tilt.KP	0.72721325	0.71020405	0.030035622	
S00011.hamstrings-pelvis_tilt.KV	0.56446519	0.56757163	0.0015637808	
S00011.hamstrings-pelvis_tilt.C0	0.02778807	0.026450821	0.0032529163	
S00011.glut_max-pelvis_tilt.KP  	1.5351072	1.5074848	0.02530554	
S00011.glut_max-pelvis_tilt.KV  	0.31010352	0.31060085	0.0016277584	
S00011.glut_max-pelvis_tilt.C0  	0.15942924	0.15806032	0.0026934829	
S00011.iliopsoas-pelvis_tilt.KP 	-3.5223356	-3.5718627	0.043074926	
S00011.iliopsoas-pelvis_tilt.KV 	-0.55180538	-0.54789835	0.0019850991	
S00011.iliopsoas-pelvis_tilt.C0 	0.3416257	0.34335528	0.0042853183	
S00100.iliopsoas.C0             	0.33402304	0.33396077	0.0023249175	
S00100.glut_max.C0              	-0.023731124	-0.02451823	0.0017016844	
S11000.iliopsoas.KL             	0.5644264	0.56607701	0.0020004717	
S11000.iliopsoas.L0             	0.39164943	0.3924236	0.0022115913	
S11000.iliopsoas-pelvis_tilt.P0 	-0.04641831	-0.044389089	0.0017245873	
S11000.iliopsoas-pelvis_tilt.KP 	0.010854543	0.011633719	0.010571997	
S11000.iliopsoas-pelvis_tilt.KV 	0.14596617	0.14867814	0.0020336411	
S11000.iliopsoas-hamstrings.KL  	-8.2457685	-8.2631929	0.071909702	
S11000.iliopsoas-hamstrings.L0  	1.1659599	1.1667027	0.0016421897	
S11000.hamstrings.KF            	0.57245302	0.57276627	0.0015985771	
S11000.glut_max.KF              	0.61689833	0.61812435	0.0017984685	
