pelvis_tilt.offset              	0.034039614	0.033974504	0.00044732401	
hip_flexion_r.offset            	0.07306924	0.072959858	0.00037576342	
knee_angle_r.offset             	-0.00071365792	-0.0015002037	0.00044996739	
ankle_angle_r.offset            	-0.057485849	-0.057383149	0.00053274678	
hip_flexion_l.offset            	-0.01926737	-0.020538891	0.00079633928	
knee_angle_l.offset             	0.058425129	0.058184368	0.00059750525	
ankle_angle_l.offset            	0.18233397	0.18291226	0.00056452871	
stance_load_threshold           	0.15346459	0.15376969	0.00060837738	
S00111.tib_ant.KL               	1.2860112	1.3001588	0.01002718	
S00111.tib_ant.L0               	0.75321094	0.75251518	0.0011305961	
S00111.tib_ant.KS               	0.00015652	0.00016236551	0.00035419658	
S11000.tib_ant.KL               	1.2477619	1.2423272	0.0056980072	
S11000.tib_ant.L0               	0.72808309	0.72742939	0.00085078913	
S11000.tib_ant.KS               	0.036781846	0.035917243	0.00050946008	
S11111.tib_ant-soleus.KF        	-0.11044624	-0.10942974	0.0009005271	
S00111.soleus-tib_ant.KS        	-0.86391398	-0.87517391	0.010739799	
S11000.soleus-tib_ant.KS        	-3.3600343	-3.3450405	0.013792063	
S00111.gastroc-tib_ant.KS       	-0.34588877	-0.34508326	0.0090443554	
S11000.gastroc-tib_ant.KS       	-1.6234816	-1.6119782	0.010161989	
S00111.tib_ant-gastroc.KS       	-0.00395169	-0.0036802597	0.070086518	
S11000.tib_ant-gastroc.KS       	-0.00366451	-0.0034469858	0.068502689	
S00111.tib_ant-soleus.KS        	-0.00346517	-0.0032830946	0.071947423	
S11000.tib_ant-soleus.KS        	-0.0034666	-0.0033994666	0.068891111	
S00111.gastroc.KL               	0.080466705	0.078514574	0.0088564016	
S00111.gastroc.L0               	0.81639914	0.81447328	0.0044389872	
S00111.gastroc.KF               	1.4107404	1.4101035	0.00057112955	
S00111.soleus.KL                	3.9044803	3.9160546	0.01022488	
S00111.soleus.L0                	0.94455023	0.94540903	0.0025966096	
S00111.soleus.KF                	0.22050566	0.22128071	0.00083925885	
S11000.gastroc.KL               	0.00925153	0.0086795064	0.0069922595	
S11000.gastroc.L0               	0.53953744	0.53399231	0.0046657526	
S11000.gastroc.KF               	-1.849461	-1.8495675	0.01121569	
S11000.soleus.KL                	0.78558737	0.78306179	0.017756564	
S11000.soleus.L0                	0.9434885	0.94114988	0.0044519521	
S11000.soleus.KF                	-0.91293599	-0.9045175	0.016862734	
S00011.vasti.KF                 	0.86097617	0.85621663	0.0023103965	
S00011.vasti.C0                 	0.086585109	0.086697927	0.00052342008	
S00011.vasti-knee_angle.pos_max 	-0.31687721	-0.31677897	0.00086940054	
S00011.hamstrings-pelvis_tilt.KP	0.6859249	0.68794094	0.0091396386	
S00011.hamstrings-pelvis_tilt.KV	0.56619528	0.56639969	0.00048984301	
S00011.hamstrings-pelvis_tilt.C0	0.027108526	0.026539185	0.0009229347	
S00011.glut_max-pelvis_tilt.KP  	1.5084649	1.4989709	0.0079955466	
S00011.glut_max-pelvis_tilt.KV  	0.30872053	0.30839785	0.00050721497	
S00011.glut_max-pelvis_tilt.C0  	0.1528995	0.15301562	0.00084237353	
S00011.iliopsoas-pelvis_tilt.KP 	-3.5658351	-3.5400225	0.013464951	
S00011.iliopsoas-pelvis_tilt.KV 	-0.54926936	-0.54864448	0.00060654446	
S00011.iliopsoas-pelvis_tilt.C0 	0.34729036	0.34788388	0.0012876825	
S00100.iliopsoas.C0             	0.33535581	0.3349356	0.00073213511	
S00100.glut_max.C0              	-0.025154587	-0.02461847	0.00050179028	
S11000.iliopsoas.KL             	0.56608925	0.56660336	0.00062266102	
S11000.iliopsoas.L0             	0.39247656	0.39289342	0.00067829989	
S11000.iliopsoas-pelvis_tilt.P0 	-0.042551194	-0.042757469	0.00052560604	
S11000.iliopsoas-pelvis_tilt.KP 	0.011332378	0.01148564	0.0028210411	
S11000.iliopsoas-pelvis_tilt.KV 	0.14271182	0.14258559	0.00064407395	
S11000.iliopsoas-hamstrings.KL  	-8.1653662	-8.1471317	0.02279323	
S11000.iliopsoas-hamstrings.L0  	1.1708912	1.1700058	0.0005218707	
S11000.hamstrings.KF            	0.56868219	0.56835005	0.00050711721	
S11000.glut_max.KF              	0.61630291	0.61620769	0.00055413583	
