pelvis_tilt.offset              	0.034998608	0.034248982	0.00042739505	
hip_flexion_r.offset            	0.073231427	0.073080785	0.0003577239	
knee_angle_r.offset             	-0.0017816457	-0.0014720664	0.00042936828	
ankle_angle_r.offset            	-0.057465567	-0.05753545	0.00050693976	
hip_flexion_l.offset            	-0.020724336	-0.020701212	0.00075935436	
knee_angle_l.offset             	0.057858877	0.058034772	0.00056977443	
ankle_angle_l.offset            	0.18173364	0.18282367	0.00053813403	
stance_load_threshold           	0.15389069	0.15394503	0.00058018454	
S00111.tib_ant.KL               	1.3012218	1.2981155	0.0095510098	
S00111.tib_ant.L0               	0.75325084	0.75253162	0.0010767669	
S00111.tib_ant.KS               	0.00015652	0.00016315074	0.00033594116	
S11000.tib_ant.KL               	1.242025	1.2424235	0.0054242592	
S11000.tib_ant.L0               	0.72715655	0.72741663	0.00081149461	
S11000.tib_ant.KS               	0.035608866	0.036017962	0.00048590458	
S11111.tib_ant-soleus.KF        	-0.10852766	-0.10950942	0.00085749872	
S00111.soleus-tib_ant.KS        	-0.8658125	-0.87580033	0.010227482	
S11000.soleus-tib_ant.KS        	-3.3457606	-3.3449175	0.0131569	
S00111.gastroc-tib_ant.KS       	-0.35557966	-0.34610592	0.0086090259	
S11000.gastroc-tib_ant.KS       	-1.6108658	-1.6173862	0.0096812606	
S00111.tib_ant-gastroc.KS       	-0.00395169	-0.0037590726	0.066474065	
S11000.tib_ant-gastroc.KS       	-0.00331551	-0.003483741	0.064971871	
S00111.tib_ant-soleus.KS        	-0.00313515	-0.0032835767	0.068239052	
S11000.tib_ant-soleus.KS        	-0.0034666	-0.0032200941	0.065340272	
S00111.gastroc.KL               	0.07523758	0.078501723	0.0084070797	
S00111.gastroc.L0               	0.81336148	0.81379428	0.0042348693	
S00111.gastroc.KF               	1.4102594	1.4106647	0.00054552952	
S00111.soleus.KL                	3.9073424	3.9116204	0.0097523503	
S00111.soleus.L0                	0.94476959	0.9463921	0.0024735494	
S00111.soleus.KF                	0.22073449	0.22118106	0.00079864166	
S11000.gastroc.KL               	0.00925153	0.0088569589	0.0066320027	
S11000.gastroc.L0               	0.53582708	0.53620067	0.0044601368	
S11000.gastroc.KF               	-1.8464032	-1.8533283	0.010700455	
S11000.soleus.KL                	0.76674209	0.78280125	0.016934122	
S11000.soleus.L0                	0.93954646	0.9396238	0.0042444138	
S11000.soleus.KF                	-0.88852335	-0.9093152	0.016073092	
S00011.vasti.KF                 	0.86096113	0.85806665	0.0022054413	
S00011.vasti.C0                 	0.086912385	0.086524817	0.0004991221	
S00011.vasti-knee_angle.pos_max 	-0.31696041	-0.3164019	0.00082865344	
S00011.hamstrings-pelvis_tilt.KP	0.68771086	0.68389941	0.0087189978	
S00011.hamstrings-pelvis_tilt.KV	0.56617885	0.56637615	0.00046686193	
S00011.hamstrings-pelvis_tilt.C0	0.026069336	0.026350329	0.00087905721	
S00011.glut_max-pelvis_tilt.KP  	1.5014132	1.50406	0.0076155067	
S00011.glut_max-pelvis_tilt.KV  	0.30838568	0.3087245	0.00048349407	
S00011.glut_max-pelvis_tilt.C0  	0.15214452	0.15346605	0.00080114329	
S00011.iliopsoas-pelvis_tilt.KP 	-3.55193	-3.5447141	0.012846196	
S00011.iliopsoas-pelvis_tilt.KV 	-0.54906367	-0.54864456	0.00057861663	
S00011.iliopsoas-pelvis_tilt.C0 	0.34820003	0.34711913	0.0012246224	
S00100.iliopsoas.C0             	0.33629724	0.33518927	0.00069860702	
S00100.glut_max.C0              	-0.02547578	-0.025219058	0.00047920331	
S11000.iliopsoas.KL             	0.56656751	0.56660338	0.00059231906	
S11000.iliopsoas.L0             	0.39312178	0.39266645	0.00064771539	
S11000.iliopsoas-pelvis_tilt.P0 	-0.042679285	-0.042895798	0.00050114042	
S11000.iliopsoas-pelvis_tilt.KP 	0.01196527	0.011402883	0.0026761007	
S11000.iliopsoas-pelvis_tilt.KV 	0.14250072	0.14276552	0.00061474648	
S11000.iliopsoas-hamstrings.KL  	-8.1487268	-8.1656852	0.021773128	
S11000.iliopsoas-hamstrings.L0  	1.1690566	1.1700778	0.00049706533	
S11000.hamstrings.KF            	0.56871625	0.56840712	0.00048327118	
S11000.glut_max.KF              	0.61614456	0.6162049	0.00052928545	
