pelvis_tilt.offset              	0.035005079	0.034647784	0.00039206062	
hip_flexion_r.offset            	0.071953993	0.072770376	0.00032370447	
knee_angle_r.offset             	-0.0025944387	-0.0020487859	0.00039294634	
ankle_angle_r.offset            	-0.056973673	-0.057159508	0.00045731475	
hip_flexion_l.offset            	-0.020542073	-0.020701421	0.00068545491	
knee_angle_l.offset             	0.05760381	0.057528364	0.00051657179	
ankle_angle_l.offset            	0.18350004	0.18294187	0.00048671614	
stance_load_threshold           	0.15354172	0.15420056	0.00052295628	
S00111.tib_ant.KL               	1.2960995	1.2951537	0.008628755	
S00111.tib_ant.L0               	0.75303453	0.75241383	0.00097374852	
S00111.tib_ant.KS               	0.00017129715	0.00016525949	0.00029994073	
S11000.tib_ant.KL               	1.2485448	1.2460502	0.0049117643	
S11000.tib_ant.L0               	0.728199	0.72711993	0.00073386106	
S11000.tib_ant.KS               	0.036606651	0.0362125	0.00044214388	
S11111.tib_ant-soleus.KF        	-0.10873552	-0.1085054	0.00077524509	
S00111.soleus-tib_ant.KS        	-0.87879221	-0.87359966	0.0092429496	
S11000.soleus-tib_ant.KS        	-3.3461172	-3.3497907	0.011922997	
S00111.gastroc-tib_ant.KS       	-0.34758502	-0.34434606	0.0077536836	
S11000.gastroc-tib_ant.KS       	-1.6270892	-1.6186515	0.0087491476	
S00111.tib_ant-gastroc.KS       	-0.00357534	-0.0037919498	0.059350032	
S11000.tib_ant-gastroc.KS       	-0.00366451	-0.0033990957	0.058008827	
S00111.tib_ant-soleus.KS        	-0.00346517	-0.0032127634	0.060925863	
S11000.tib_ant-soleus.KS        	-0.00313645	-0.0033779538	0.058337745	
S00111.gastroc.KL               	0.081371504	0.079979998	0.0075240953	
S00111.gastroc.L0               	0.81124411	0.81558441	0.0038288542	
S00111.gastroc.KF               	1.4102393	1.4100774	0.00049155146	
S00111.soleus.KL                	3.919052	3.9123209	0.0088156973	
S00111.soleus.L0                	0.94818833	0.94535462	0.0022389484	
S00111.soleus.KF                	0.22054894	0.22116237	0.0007217241	
S11000.gastroc.KL               	0.00837043	0.008562735	0.0059216527	
S11000.gastroc.L0               	0.53775343	0.53653764	0.0040347632	
S11000.gastroc.KF               	-1.8628138	-1.8531752	0.0097314359	
S11000.soleus.KL                	0.77831362	0.78693561	0.015319685	
S11000.soleus.L0                	0.93980754	0.93541569	0.0038393554	
S11000.soleus.KF                	-0.88412021	-0.89483783	0.014511702	
S00011.vasti.KF                 	0.86017036	0.85722241	0.0019891444	
S00011.vasti.C0                 	0.087013318	0.086672904	0.00045013162	
S00011.vasti-knee_angle.pos_max 	-0.31668874	-0.31656748	0.00074921882	
S00011.hamstrings-pelvis_tilt.KP	0.6895826	0.68423909	0.0078936888	
S00011.hamstrings-pelvis_tilt.KV	0.56665546	0.56600741	0.00042225471	
S00011.hamstrings-pelvis_tilt.C0	0.02595786	0.026240876	0.00079181272	
S00011.glut_max-pelvis_tilt.KP  	1.4976487	1.5050972	0.0068936904	
S00011.glut_max-pelvis_tilt.KV  	0.30880485	0.30848671	0.00043844762	
S00011.glut_max-pelvis_tilt.C0  	0.1525135	0.15293348	0.00072294566	
S00011.iliopsoas-pelvis_tilt.KP 	-3.5397649	-3.5350993	0.011579087	
S00011.iliopsoas-pelvis_tilt.KV 	-0.54830539	-0.54865338	0.00052362046	
S00011.iliopsoas-pelvis_tilt.C0 	0.34839948	0.34765433	0.0011025856	
S00100.iliopsoas.C0             	0.33683532	0.3359589	0.00063406367	
S00100.glut_max.C0              	-0.025032423	-0.024857732	0.00043394486	
S11000.iliopsoas.KL             	0.56738821	0.56652395	0.00053517675	
S11000.iliopsoas.L0             	0.39182824	0.39251208	0.00058593388	
S11000.iliopsoas-pelvis_tilt.P0 	-0.043364993	-0.043127649	0.00045335366	
S11000.iliopsoas-pelvis_tilt.KP 	0.01196527	0.01138728	0.002390819	
S11000.iliopsoas-pelvis_tilt.KV 	0.14257905	0.14285503	0.00055592774	
S11000.iliopsoas-hamstrings.KL  	-8.1592824	-8.1559401	0.019742918	
S11000.iliopsoas-hamstrings.L0  	1.1695388	1.1697918	0.00044994569	
S11000.hamstrings.KF            	0.56932662	0.56884623	0.00043858665	
S11000.glut_max.KF              	0.61700257	0.61623778	0.00048013672	
