pelvis_tilt.offset              	0.035011181	0.035600449	0.00035768105	
hip_flexion_r.offset            	0.071652265	0.071495496	0.0002973684	
knee_angle_r.offset             	-0.0022137528	-0.0021838517	0.00036041158	
ankle_angle_r.offset            	-0.057134574	-0.057206958	0.00041022847	
hip_flexion_l.offset            	-0.018801162	-0.01959465	0.00061773217	
knee_angle_l.offset             	0.056605146	0.057013699	0.00046591164	
ankle_angle_l.offset            	0.18363457	0.18341809	0.00043566998	
stance_load_threshold           	0.15476962	0.15379509	0.00047044348	
S00111.tib_ant.KL               	1.2922694	1.291697	0.0077626632	
S00111.tib_ant.L0               	0.7520046	0.75276219	0.00087479263	
S00111.tib_ant.KS               	0.000173	0.00016735226	0.00026014336	
S11000.tib_ant.KL               	1.2449961	1.2445373	0.0044461423	
S11000.tib_ant.L0               	0.7275126	0.72739	0.00065936423	
S11000.tib_ant.KS               	0.036153557	0.036135174	0.00039767299	
S11111.tib_ant-soleus.KF        	-0.10882372	-0.10883256	0.00069543192	
S00111.soleus-tib_ant.KS        	-0.8888578	-0.88405338	0.0082148083	
S11000.soleus-tib_ant.KS        	-3.348297	-3.3401386	0.010719522	
S00111.gastroc-tib_ant.KS       	-0.35557966	-0.35187029	0.0069186906	
S11000.gastroc-tib_ant.KS       	-1.6165823	-1.614155	0.0078256391	
S00111.tib_ant-gastroc.KS       	-0.00395169	-0.003793466	0.051473103	
S11000.tib_ant-gastroc.KS       	-0.00331551	-0.0034946531	0.0503099	
S00111.tib_ant-soleus.KS        	-0.00346517	-0.0033117059	0.052839782	
S11000.tib_ant-soleus.KS        	-0.0034666	-0.0032222748	0.050595162	
S00111.gastroc.KL               	0.07739224	0.078414938	0.006586991	
S00111.gastroc.L0               	0.82297577	0.81971544	0.0034594179	
S00111.gastroc.KF               	1.4101832	1.410418	0.00044364907	
S00111.soleus.KL                	3.9224118	3.9138374	0.0079327011	
S00111.soleus.L0                	0.94597844	0.94474369	0.0020193757	
S00111.soleus.KF                	0.21942033	0.22017588	0.00064757297	
S11000.gastroc.KL               	0.00837043	0.008796874	0.0051371025	
S11000.gastroc.L0               	0.54026818	0.54303875	0.0036431077	
S11000.gastroc.KF               	-1.8580809	-1.8587566	0.0087864339	
S11000.soleus.KL                	0.79596098	0.8000405	0.013750907	
S11000.soleus.L0                	0.93707564	0.93798146	0.0034538883	
S11000.soleus.KF                	-0.88449987	-0.89906158	0.013104258	
S00011.vasti.KF                 	0.85982691	0.85919921	0.0017797473	
S00011.vasti.C0                 	0.08833627	0.087925164	0.00040808946	
S00011.vasti-knee_angle.pos_max 	-0.31705124	-0.3173721	0.00067666253	
S00011.hamstrings-pelvis_tilt.KP	0.69172499	0.6942702	0.0071054855	
S00011.hamstrings-pelvis_tilt.KV	0.56619852	0.56590188	0.00038052834	
S00011.hamstrings-pelvis_tilt.C0	0.026071536	0.026420561	0.00070879389	
S00011.glut_max-pelvis_tilt.KP  	1.5105559	1.510081	0.0062305298	
S00011.glut_max-pelvis_tilt.KV  	0.3085338	0.30774059	0.00039779298	
S00011.glut_max-pelvis_tilt.C0  	0.15171848	0.15201069	0.00064961209	
S00011.iliopsoas-pelvis_tilt.KP 	-3.5213088	-3.5394584	0.010512783	
S00011.iliopsoas-pelvis_tilt.KV 	-0.54833474	-0.54861547	0.00047212636	
S00011.iliopsoas-pelvis_tilt.C0 	0.34817582	0.34621977	0.00098916261	
S00100.iliopsoas.C0             	0.33636947	0.33592618	0.00057462426	
S00100.glut_max.C0              	-0.02342065	-0.023816133	0.00039145111	
S11000.iliopsoas.KL             	0.56585236	0.56605464	0.0004807413	
S11000.iliopsoas.L0             	0.39351244	0.39243523	0.00053164979	
S11000.iliopsoas-pelvis_tilt.P0 	-0.04360049	-0.043203539	0.00040824813	
S11000.iliopsoas-pelvis_tilt.KP 	0.01196527	0.011466487	0.0020783511	
S11000.iliopsoas-pelvis_tilt.KV 	0.14198322	0.14262176	0.00050031998	
S11000.iliopsoas-hamstrings.KL  	-8.1830137	-8.1666416	0.017745317	
S11000.iliopsoas-hamstrings.L0  	1.1691124	1.1697505	0.00040491417	
S11000.hamstrings.KF            	0.56877193	0.5690191	0.00039352832	
S11000.glut_max.KF              	0.61652291	0.61665982	0.00043491251	
