pelvis_tilt.offset              	0.021726112	0.021359959	0.0013462872	
hip_flexion_r.offset            	0.068751916	0.068603669	0.00126857	
knee_angle_r.offset             	0.00071826846	-0.0005999243	0.0013876229	
ankle_angle_r.offset            	-0.055954226	-0.056231991	0.0018172305	
hip_flexion_l.offset            	-0.0081925563	-0.0071252847	0.0025737411	
knee_angle_l.offset             	0.05556103	0.056299511	0.0019937348	
ankle_angle_l.offset            	0.19021716	0.18883611	0.0018953291	
stance_load_threshold           	0.15035631	0.15089122	0.0020918393	
S00111.tib_ant.KL               	1.2560783	1.2431146	0.034607524	
S00111.tib_ant.L0               	0.75640564	0.7622875	0.0037141179	
S00111.tib_ant.KS               	0.000173	0.0001659408	0.0015005253	
S11000.tib_ant.KL               	1.1766562	1.1958049	0.019645428	
S11000.tib_ant.L0               	0.73952335	0.73853363	0.0028666885	
S11000.tib_ant.KS               	0.03726336	0.035484191	0.0018346628	
S11111.tib_ant-soleus.KF        	-0.11159292	-0.11327301	0.0031237933	
S00111.soleus-tib_ant.KS        	-0.89402901	-0.8766588	0.039827436	
S11000.soleus-tib_ant.KS        	-3.2124028	-3.251956	0.045836117	
S00111.gastroc-tib_ant.KS       	-0.32171493	-0.34091657	0.034711968	
S11000.gastroc-tib_ant.KS       	-1.6923396	-1.6788285	0.038356031	
S00111.tib_ant-gastroc.KS       	-0.00357534	-0.0038542734	0.29692644	
S11000.tib_ant-gastroc.KS       	-0.00366451	-0.0034345331	0.29021645	
S00111.tib_ant-soleus.KS        	-0.00313515	-0.003220124	0.30481033	
S11000.tib_ant-soleus.KS        	-0.0034666	-0.0032366275	0.29186205	
S00111.gastroc.KL               	0.08315732	0.079251931	0.037112324	
S00111.gastroc.L0               	0.8331951	0.83035082	0.01518934	
S00111.gastroc.KF               	1.4170933	1.4098599	0.0019334603	
S00111.soleus.KL                	4.0434239	4.0244945	0.033830861	
S00111.soleus.L0                	0.97917022	0.97861834	0.0087139945	
S00111.soleus.KF                	0.22444511	0.22735692	0.002799429	
S11000.gastroc.KL               	0.00925153	0.0088300755	0.029615258	
S11000.gastroc.L0               	0.52306383	0.52057981	0.015984621	
S11000.gastroc.KF               	-1.8459231	-1.8177104	0.037648203	
S11000.gastroc.KS               	0.25231886	0.2701352	0.035057111	
S11000.soleus.KL                	0.76235452	0.79179209	0.067246331	
S11000.soleus.L0                	0.90310736	0.89781071	0.014671589	
S11000.soleus.KF                	-0.95885434	-0.90435712	0.06246321	
S11000.soleus.KS                	0.11302564	0.10667524	0.054989375	
S00011.vasti.KF                 	0.81479267	0.80883724	0.0082282728	
S00011.vasti.C0                 	0.082613797	0.083816419	0.0018593135	
S00011.vasti-knee_angle.pos_max 	-0.30016269	-0.30602606	0.0028439394	
S00011.hamstrings-pelvis_tilt.KP	0.69836882	0.70471161	0.032775472	
S00011.hamstrings-pelvis_tilt.KV	0.56592183	0.56589728	0.0016556438	
S00011.hamstrings-pelvis_tilt.C0	0.02514159	0.026074025	0.0036405487	
S00011.glut_max-pelvis_tilt.KP  	1.5062844	1.5052635	0.026808351	
S00011.glut_max-pelvis_tilt.KV  	0.31508842	0.3139458	0.0016822713	
S00011.glut_max-pelvis_tilt.C0  	0.15996887	0.1605848	0.0028324239	
S00011.iliopsoas-pelvis_tilt.KP 	-3.4874169	-3.51838	0.045227088	
S00011.iliopsoas-pelvis_tilt.KV 	-0.54454833	-0.54310139	0.0020618539	
S00011.iliopsoas-pelvis_tilt.C0 	0.33309669	0.32962226	0.0044513052	
S00100.iliopsoas.C0             	0.33929708	0.33809206	0.0024374225	
S00100.glut_max.C0              	-0.02342065	-0.02445021	0.001885461	
S11000.iliopsoas.KL             	0.55790454	0.55961016	0.0020846755	
S11000.iliopsoas.L0             	0.39063418	0.3908524	0.0023146104	
S11000.iliopsoas-pelvis_tilt.P0 	-0.043556101	-0.044554933	0.0018687464	
S11000.iliopsoas-pelvis_tilt.KP 	0.01196527	0.011324754	0.011921584	
S11000.iliopsoas-pelvis_tilt.KV 	0.14836485	0.14548973	0.0021495154	
S11000.iliopsoas-hamstrings.KL  	-8.2491778	-8.2620185	0.075901741	
S11000.iliopsoas-hamstrings.L0  	1.16625	1.1663846	0.0017351426	
S11000.hamstrings.KF            	0.57373189	0.57518473	0.0016664173	
S11000.glut_max.KF              	0.62204371	0.62077629	0.0018900421	
