pelvis_tilt.offset              	0.024581708	0.023919997	0.00052852795	
hip_flexion_r.offset            	0.068039469	0.067639029	0.00049036921	
knee_angle_r.offset             	0.0048997644	0.0052401992	0.00056555604	
ankle_angle_r.offset            	-0.055848474	-0.056017207	0.00069715324	
hip_flexion_l.offset            	0.0038598928	0.0029902467	0.0010117317	
knee_angle_l.offset             	0.058520667	0.059422523	0.00077664065	
ankle_angle_l.offset            	0.18875968	0.18945706	0.00073968954	
stance_load_threshold           	0.15334497	0.15346522	0.00081493568	
S00111.tib_ant.KL               	1.2335891	1.2366961	0.013255935	
S00111.tib_ant.L0               	0.77644429	0.77540581	0.0014554912	
S00111.tib_ant.KS               	0.00015652	0.00016421791	0.00050926125	
S11000.tib_ant.KL               	1.1873993	1.1821319	0.0077163554	
S11000.tib_ant.L0               	0.74024668	0.74017108	0.0011110777	
S11000.tib_ant.KS               	0.035848746	0.035773502	0.00069024182	
S11111.tib_ant-soleus.KF        	-0.10981657	-0.10902883	0.0012015327	
S00111.soleus-tib_ant.KS        	-0.8376702	-0.85646009	0.014999549	
S11000.soleus-tib_ant.KS        	-3.3477195	-3.3553883	0.018087537	
S00111.gastroc-tib_ant.KS       	-0.32171493	-0.32507479	0.011916515	
S11000.gastroc-tib_ant.KS       	-1.6851935	-1.6764158	0.014904885	
S00111.tib_ant-gastroc.KS       	-0.00395169	-0.003743301	0.10077211	
S11000.tib_ant-gastroc.KS       	-0.00366451	-0.0034790978	0.098494849	
S00111.tib_ant-soleus.KS        	-0.00313515	-0.0032817113	0.10344778	
S11000.tib_ant-soleus.KS        	-0.0034666	-0.0033012175	0.099053336	
S00111.gastroc.KL               	0.080847469	0.079892644	0.012654003	
S00111.gastroc.L0               	0.82087248	0.82707383	0.0059050855	
S00111.gastroc.KF               	1.4088373	1.4091701	0.00075863579	
S00111.soleus.KL                	4.0860094	4.0959326	0.013645121	
S00111.soleus.L0                	0.9674596	0.96880139	0.0034676665	
S00111.soleus.KF                	0.22227013	0.22206368	0.0011190797	
S11000.gastroc.KL               	0.00837043	0.0089779446	0.010051949	
S11000.gastroc.L0               	0.52141514	0.52178332	0.006165509	
S11000.gastroc.KF               	-1.8526563	-1.8804264	0.014702578	
S11000.soleus.KL                	0.78468354	0.78412244	0.024482133	
S11000.soleus.L0                	0.91030067	0.91568829	0.0057526939	
S11000.soleus.KF                	-0.9534592	-0.93916113	0.022993182	
S00011.vasti.KF                 	0.85547668	0.84886423	0.0033183196	
S00011.vasti.C0                 	0.083706812	0.084240829	0.00070476138	
S00011.vasti-knee_angle.pos_max 	-0.30925011	-0.31016103	0.0011293941	
S00011.hamstrings-pelvis_tilt.KP	0.70761528	0.68393896	0.012345593	
S00011.hamstrings-pelvis_tilt.KV	0.56672388	0.56669954	0.00064850223	
S00011.hamstrings-pelvis_tilt.C0	0.027105795	0.026503806	0.0012806788	
S00011.glut_max-pelvis_tilt.KP  	1.4608782	1.4531825	0.010527694	
S00011.glut_max-pelvis_tilt.KV  	0.30878161	0.3083693	0.00066972285	
S00011.glut_max-pelvis_tilt.C0  	0.16061654	0.15794547	0.001102987	
S00011.iliopsoas-pelvis_tilt.KP 	-3.443696	-3.430039	0.017791828	
S00011.iliopsoas-pelvis_tilt.KV 	-0.54563763	-0.54566787	0.00081306518	
S00011.iliopsoas-pelvis_tilt.C0 	0.33570612	0.33478962	0.0017695054	
S00100.iliopsoas.C0             	0.34316711	0.34281231	0.00097896425	
S00100.glut_max.C0              	-0.024139691	-0.024568166	0.00068679424	
S11000.iliopsoas.KL             	0.55987969	0.56031025	0.00082625553	
S11000.iliopsoas.L0             	0.38867014	0.389688	0.00091226898	
S11000.iliopsoas-pelvis_tilt.P0 	-0.044747885	-0.045252088	0.00070909161	
S11000.iliopsoas-pelvis_tilt.KP 	0.01196527	0.011379502	0.0040498802	
S11000.iliopsoas-pelvis_tilt.KV 	0.14537719	0.1464077	0.00084548879	
S11000.iliopsoas-hamstrings.KL  	-8.1269438	-8.1414995	0.030616548	
S11000.iliopsoas-hamstrings.L0  	1.1724234	1.1723567	0.00068855723	
S11000.hamstrings.KF            	0.57588385	0.57652372	0.0006463069	
S11000.glut_max.KF              	0.62034231	0.62118404	0.00073946089	
