pelvis_tilt.offset              	0.023983396	0.023806611	0.0012880397	
hip_flexion_r.offset            	0.069875639	0.067980851	0.0012090268	
knee_angle_r.offset             	0.0021405548	0.00024548618	0.0013249275	
ankle_angle_r.offset            	-0.056744668	-0.056880942	0.0017298305	
hip_flexion_l.offset            	0.00051989058	-0.0036183616	0.0024638822	
knee_angle_l.offset             	0.060523005	0.059501232	0.0018959376	
ankle_angle_l.offset            	0.18497101	0.18740811	0.0018144132	
stance_load_threshold           	0.15204216	0.15327095	0.0019899046	
S00111.tib_ant.KL               	1.282953	1.2479758	0.03299541	
S00111.tib_ant.L0               	0.76326876	0.7673604	0.0035527186	
S00111.tib_ant.KS               	0.00015652	0.00016158635	0.0014237012	
S11000.tib_ant.KL               	1.1674688	1.1776983	0.018780787	
S11000.tib_ant.L0               	0.73810588	0.74007975	0.0027391452	
S11000.tib_ant.KS               	0.03726336	0.035930839	0.0017479079	
S11111.tib_ant-soleus.KF        	-0.1065516	-0.10899774	0.0029858147	
S00111.soleus-tib_ant.KS        	-0.82612937	-0.86259971	0.037906294	
S11000.soleus-tib_ant.KS        	-3.2120923	-3.2145137	0.043894872	
S00111.gastroc-tib_ant.KS       	-0.32171493	-0.33826011	0.032971775	
S11000.gastroc-tib_ant.KS       	-1.7665263	-1.7543158	0.036535502	
S00111.tib_ant-gastroc.KS       	-0.00357534	-0.0037513921	0.28172427	
S11000.tib_ant-gastroc.KS       	-0.00366451	-0.003533622	0.27535783	
S00111.tib_ant-soleus.KS        	-0.00313515	-0.0034055042	0.28920453	
S11000.tib_ant-soleus.KS        	-0.0034666	-0.0033160509	0.27691917	
S00111.gastroc.KL               	0.07523758	0.079838606	0.035215417	
S00111.gastroc.L0               	0.83448173	0.84160414	0.014555959	
S00111.gastroc.KF               	1.4096804	1.4097795	0.0018508542	
S00111.gastroc.KS               	0.17133321	0.16704488	0.016292214	
S00111.soleus.KL                	3.9874815	4.0369965	0.032379522	
S00111.soleus.L0                	0.96714261	0.96364967	0.0083394831	
S00111.soleus.KF                	0.22403892	0.22489718	0.0026928373	
S00111.soleus.KS                	0.16014316	0.15680161	0.023793367	
S11000.gastroc.KL               	0.0091634952	0.0087536878	0.028099055	
S11000.gastroc.L0               	0.50262692	0.51377095	0.015271009	
S11000.gastroc.KF               	-1.8066595	-1.7888337	0.035999752	
S11000.soleus.KL                	0.76235452	0.78919945	0.063880715	
S11000.soleus.L0                	0.91719697	0.90540905	0.014024925	
S11000.soleus.KF                	-0.87655964	-0.93566438	0.059419729	
S00011.vasti.KF                 	0.82764956	0.82157563	0.0078364917	
S00011.vasti.C0                 	0.08349431	0.083366306	0.001771666	
S00011.vasti-knee_angle.pos_max 	-0.30154784	-0.30356728	0.002718751	
S00011.hamstrings-pelvis_tilt.KP	0.67099736	0.68537585	0.031198655	
S00011.hamstrings-pelvis_tilt.KV	0.56625219	0.56664277	0.0015849008	
S00011.hamstrings-pelvis_tilt.C0	0.02778807	0.025695815	0.0034571242	
S00011.glut_max-pelvis_tilt.KP  	1.5517057	1.5062356	0.025666073	
S00011.glut_max-pelvis_tilt.KV  	0.3134978	0.31399413	0.00160892	
S00011.glut_max-pelvis_tilt.C0  	0.15828553	0.16046333	0.0026984221	
S00011.iliopsoas-pelvis_tilt.KP 	-3.4456596	-3.4416211	0.043318904	
S00011.iliopsoas-pelvis_tilt.KV 	-0.54120468	-0.54273382	0.0019680687	
S00011.iliopsoas-pelvis_tilt.C0 	0.34093072	0.33579474	0.0042426819	
S00100.iliopsoas.C0             	0.33980695	0.33680212	0.0023328746	
S00100.glut_max.C0              	-0.024003625	-0.025046776	0.0017920878	
S11000.iliopsoas.KL             	0.55880458	0.56080666	0.0019931578	
S11000.iliopsoas.L0             	0.38588781	0.38695582	0.0022187585	
S11000.iliopsoas-pelvis_tilt.P0 	-0.04641831	-0.045259084	0.0017809462	
S11000.iliopsoas-pelvis_tilt.KP 	0.01196527	0.011797473	0.011311461	
S11000.iliopsoas-pelvis_tilt.KV 	0.15075241	0.14624492	0.002061074	
S11000.iliopsoas-hamstrings.KL  	-8.2507269	-8.2275928	0.072601342	
S11000.iliopsoas-hamstrings.L0  	1.1677935	1.1665974	0.0016582582	
S11000.hamstrings.KF            	0.5780441	0.57582197	0.0015904052	
S11000.glut_max.KF              	0.6204463	0.62099087	0.0018106323	
