pelvis_tilt.offset              	0.025095328	0.025159782	8.6637314e-05	
hip_flexion_r.offset            	0.069738498	0.069706328	8.1678689e-05	
knee_angle_r.offset             	0.00043714931	0.00047837138	8.8465575e-05	
ankle_angle_r.offset            	-0.056219829	-0.056212565	0.00012176401	
hip_flexion_l.offset            	-0.0066910431	-0.0068104489	0.00017046901	
knee_angle_l.offset             	0.056544237	0.056604426	0.00012807655	
ankle_angle_l.offset            	0.18708125	0.18676372	0.00011998782	
stance_load_threshold           	0.14999863	0.15015724	0.00013575264	
S00111.tib_ant.KL               	1.2626887	1.2622857	0.00219848	
S00111.tib_ant.L0               	0.76082821	0.76081832	0.00023719692	
S00111.tib_ant.KS               	0.000173	0.00016743668	6.3272442e-05	
S11000.tib_ant.KL               	1.1930971	1.1932044	0.0012321582	
S11000.tib_ant.L0               	0.74297498	0.74287268	0.00017983336	
S11000.tib_ant.KS               	0.035564387	0.035640916	0.00011592703	
S11111.tib_ant-soleus.KF        	-0.11050287	-0.11048274	0.00020370248	
S00111.soleus-tib_ant.KS        	-0.85810657	-0.85350388	0.0025080952	
S11000.soleus-tib_ant.KS        	-3.1677323	-3.1622308	0.0030078939	
S00111.gastroc-tib_ant.KS       	-0.34100884	-0.33998045	0.0018385543	
S11000.gastroc-tib_ant.KS       	-1.7690597	-1.7653329	0.0021411509	
S00111.tib_ant-gastroc.KS       	-0.00395169	-0.0038065345	0.012505856	
S11000.tib_ant-gastroc.KS       	-0.00331551	-0.0035004304	0.012223223	
S00111.tib_ant-soleus.KS        	-0.00313515	-0.0033006565	0.012837852	
S11000.tib_ant-soleus.KS        	-0.00313645	-0.0032795418	0.012292511	
S00111.gastroc.KL               	0.075848896	0.077732733	0.0017633167	
S00111.gastroc.L0               	0.8278415	0.82873316	0.00097455327	
S00111.gastroc.KF               	1.4069745	1.4069381	0.00012540877	
S00111.gastroc.KS               	0.16876945	0.16917318	0.0009351231	
S00111.soleus.KL                	4.1060798	4.1044129	0.0022386	
S00111.soleus.L0                	0.97076783	0.97232369	0.00053368916	
S00111.soleus.KF                	0.22528443	0.22540622	0.00018362965	
S00111.soleus.KS                	0.16007008	0.16045411	0.0013526708	
S11000.gastroc.KL               	0.00837043	0.0088425964	0.0012569749	
S11000.gastroc.L0               	0.51476008	0.51239823	0.0010077892	
S11000.gastroc.KF               	-1.8105267	-1.8094757	0.0024190651	
S11000.soleus.KL                	0.8248809	0.82304987	0.0040602906	
S11000.soleus.L0                	0.91502083	0.91421133	0.00093749686	
S11000.soleus.KF                	-0.8973096	-0.89676305	0.0038343543	
S00011.vasti.KF                 	0.83283175	0.8331147	0.00051700958	
S00011.vasti.C0                 	0.081510572	0.081529506	0.00011407591	
S00011.vasti-knee_angle.pos_max 	-0.29448169	-0.29445174	0.00018931722	
S00011.hamstrings-pelvis_tilt.KP	0.68929457	0.68982726	0.0020279861	
S00011.hamstrings-pelvis_tilt.KV	0.56728355	0.56741834	0.00010794531	
S00011.hamstrings-pelvis_tilt.C0	0.027226219	0.027309684	0.00020324718	
S00011.glut_max-pelvis_tilt.KP  	1.4370193	1.4344664	0.0018155362	
S00011.glut_max-pelvis_tilt.KV  	0.31106277	0.31094895	0.00010954416	
S00011.glut_max-pelvis_tilt.C0  	0.1632961	0.16346733	0.00018193934	
S00011.iliopsoas-pelvis_tilt.KP 	-3.4150703	-3.4126725	0.0029811397	
S00011.iliopsoas-pelvis_tilt.KV 	-0.54353315	-0.54348015	0.00013769277	
S00011.iliopsoas-pelvis_tilt.C0 	0.33178017	0.33145217	0.00027851073	
S00100.iliopsoas.C0             	0.34806249	0.34804924	0.00016380847	
S00100.glut_max.C0              	-0.025274881	-0.02546607	0.00010945579	
S11000.iliopsoas.KL             	0.56553242	0.56571452	0.00013724684	
S11000.iliopsoas.L0             	0.38277041	0.38268635	0.00015388187	
S11000.iliopsoas-pelvis_tilt.P0 	-0.042752204	-0.042850796	0.0001181441	
S11000.iliopsoas-pelvis_tilt.KP 	0.011214019	0.011336079	0.00052785541	
S11000.iliopsoas-pelvis_tilt.KV 	0.14746362	0.14745766	0.00013793427	
S11000.iliopsoas-hamstrings.KL  	-8.3479781	-8.3486355	0.0050001988	
S11000.iliopsoas-hamstrings.L0  	1.1651405	1.1651609	0.00011267498	
S11000.hamstrings.KF            	0.57701438	0.57696524	0.00010740798	
S11000.glut_max.KF              	0.62467299	0.62456207	0.0001227582	
