pelvis_tilt.offset              	-0.0014530052	-0.0032381241	0.0035227105	
hip_flexion_r.offset            	0.045524719	0.050974204	0.0032493641	
knee_angle_r.offset             	-0.026154529	-0.022304435	0.0036413669	
ankle_angle_r.offset            	-0.046771068	-0.050720954	0.0043862317	
hip_flexion_l.offset            	-0.015060351	-0.022192523	0.0062619817	
knee_angle_l.offset             	0.060258595	0.059792003	0.0047440735	
ankle_angle_l.offset            	0.18604626	0.18680301	0.0044724458	
stance_load_threshold           	0.14875396	0.15187749	0.0049665674	
S00111.tib_ant.KL               	1.3019705	1.2525727	0.079720974	
S00111.tib_ant.L0               	0.72750403	0.7319222	0.0090991852	
S00111.tib_ant.KS               	0.000173	0.00016484963	0.0033064625	
S11000.tib_ant.KL               	1.2019345	1.1675109	0.046584239	
S11000.tib_ant.L0               	0.77542558	0.77448387	0.0074552722	
S11000.tib_ant.KS               	0.036687603	0.035344617	0.0041392236	
S11111.tib_ant-soleus.KF        	-0.1097078	-0.10982146	0.0072137063	
S00111.soleus-tib_ant.KS        	-0.80888339	-0.8305548	0.089860648	
S11000.soleus-tib_ant.KS        	-3.1873523	-3.2276021	0.11018502	
S00111.gastroc-tib_ant.KS       	-0.32544673	-0.34026134	0.077012375	
S11000.gastroc-tib_ant.KS       	-1.7690597	-1.7544049	0.089029325	
S00111.tib_ant-gastroc.KS       	-0.00357534	-0.0037826157	0.65428738	
S11000.tib_ant-gastroc.KS       	-0.00331551	-0.0034644174	0.6395017	
S00111.tib_ant-soleus.KS        	-0.00346517	-0.0033032195	0.6716598	
S11000.tib_ant-soleus.KS        	-0.0034666	-0.0032595361	0.64312782	
S00111.gastroc.KL               	0.08315732	0.079045069	0.081821893	
S00111.gastroc.L0               	0.88075304	0.84926071	0.035704289	
S00111.gastroc.KF               	1.4249209	1.4187419	0.0046399508	
S00111.soleus.KL                	4.0982576	4.2086938	0.082157977	
S00111.soleus.L0                	0.99568347	0.98928532	0.020915117	
S00111.soleus.KF                	0.2169356	0.22343965	0.00665708	
S11000.gastroc.KL               	0.00837043	0.0089408407	0.065258831	
S11000.gastroc.L0               	0.49752118	0.52020966	0.036779912	
S11000.gastroc.KF               	-1.8641074	-1.807534	0.087886353	
S11000.soleus.KL                	0.80080014	0.81421069	0.14982794	
S11000.soleus.L0                	0.90420645	0.90232179	0.035235683	
S11000.soleus.KF                	-0.86753488	-0.91580422	0.13989361	
S00011.vasti.KF                 	0.86097617	0.85558211	0.019444884	
S00011.vasti.C0                 	0.086257009	0.082341	0.0043386166	
S00011.vasti-knee_angle.pos_max 	-0.31009734	-0.31382266	0.0067813983	
S00011.hamstrings-pelvis_tilt.KP	0.72161805	0.70555266	0.074016422	
S00011.hamstrings-pelvis_tilt.KV	0.59096926	0.58660743	0.004215535	
S00011.hamstrings-pelvis_tilt.C0	0.02514159	0.026082298	0.0080580763	
S00011.glut_max-pelvis_tilt.KP  	1.5499199	1.4907197	0.06319829	
S00011.glut_max-pelvis_tilt.KV  	0.32455495	0.31669489	0.0040170359	
S00011.glut_max-pelvis_tilt.C0  	0.16147324	0.16064472	0.0066880812	
S00011.iliopsoas-pelvis_tilt.KP 	-3.6099143	-3.5112185	0.108106	
S00011.iliopsoas-pelvis_tilt.KV 	-0.5355822	-0.53924782	0.0049703001	
S00011.iliopsoas-pelvis_tilt.C0 	0.3295872	0.32762049	0.010428956	
S00100.iliopsoas.C0             	0.34010455	0.34835361	0.0058912074	
S00100.glut_max.C0              	-0.02588599	-0.02480932	0.0042112683	
S11000.iliopsoas.KL             	0.57292717	0.57724255	0.0051117905	
S11000.iliopsoas.L0             	0.37926241	0.37527118	0.005653461	
S11000.iliopsoas-pelvis_tilt.P0 	-0.04641831	-0.045020784	0.004239708	
S11000.iliopsoas-pelvis_tilt.KP 	0.01196527	0.011318463	0.026272063	
S11000.iliopsoas-pelvis_tilt.KV 	0.13778275	0.14360515	0.0051063369	
S11000.iliopsoas-hamstrings.KL  	-7.8572785	-8.0191874	0.18198642	
S11000.iliopsoas-hamstrings.L0  	1.1522725	1.1526258	0.0043095495	
S11000.hamstrings.KF            	0.55192185	0.55376236	0.0043016692	
S11000.glut_max.KF              	0.62566667	0.61990299	0.004571996	
