pelvis_tilt.offset              	-0.0089638423	-0.0092564107	0.00075354421	
hip_flexion_r.offset            	0.036685191	0.037041591	0.00071983531	
knee_angle_r.offset             	-0.030349963	-0.030560258	0.00078848555	
ankle_angle_r.offset            	-0.041207977	-0.042002635	0.00088323926	
hip_flexion_l.offset            	-0.028168357	-0.028952096	0.0012752896	
knee_angle_l.offset             	0.05765779	0.058754833	0.00093640769	
ankle_angle_l.offset            	0.20172356	0.20191752	0.00090628567	
stance_load_threshold           	0.14852216	0.1503632	0.00098757861	
S00111.tib_ant.KL               	1.209362	1.2240458	0.015329877	
S00111.tib_ant.L0               	0.73530192	0.73224814	0.0018056105	
S00111.tib_ant.KS               	0.00015652	0.00016171858	0.00058365995	
S11000.tib_ant.KL               	1.2284268	1.2089389	0.0092008685	
S11000.tib_ant.L0               	0.77540072	0.77420831	0.0013948454	
S11000.tib_ant.KS               	0.036020894	0.0358358	0.0007758214	
S11111.tib_ant-soleus.KF        	-0.11060124	-0.10791507	0.0013915019	
S00111.soleus-tib_ant.KS        	-0.84231398	-0.82826843	0.016841097	
S11000.soleus-tib_ant.KS        	-3.2363872	-3.2595832	0.021844197	
S00111.gastroc-tib_ant.KS       	-0.32171493	-0.32631804	0.01382693	
S11000.gastroc-tib_ant.KS       	-1.7075459	-1.7026141	0.016931797	
S00111.tib_ant-gastroc.KS       	-0.00357534	-0.0038071313	0.11549468	
S11000.tib_ant-gastroc.KS       	-0.00331551	-0.0034559835	0.11288471	
S00111.tib_ant-soleus.KS        	-0.00346517	-0.0032448718	0.11856125	
S11000.tib_ant-soleus.KS        	-0.0034666	-0.0032923908	0.11352479	
S00111.gastroc.KL               	0.08315732	0.078675643	0.014474073	
S00111.gastroc.L0               	0.82562138	0.82314196	0.0070120436	
S00111.gastroc.KF               	1.4238037	1.4221455	0.00093211571	
S00111.soleus.KL                	4.2149458	4.1959349	0.01629788	
S00111.soleus.L0                	0.94297102	0.94692831	0.0041429175	
S00111.soleus.KF                	0.22882565	0.22841134	0.0013100563	
S11000.gastroc.KL               	0.00837043	0.0088153702	0.011520004	
S11000.gastroc.L0               	0.52532304	0.52551709	0.0070409247	
S11000.gastroc.KF               	-1.8089735	-1.7981755	0.016954446	
S11000.soleus.KL                	0.83294267	0.82375314	0.027408329	
S11000.soleus.L0                	0.87428588	0.8758676	0.0068709484	
S11000.soleus.KF                	-0.92381996	-0.92776072	0.025895129	
S00011.vasti.KF                 	0.85986709	0.8565791	0.0036141946	
S00011.vasti.C0                 	0.087123651	0.087401986	0.00082017838	
S00011.vasti-knee_angle.pos_max 	-0.31262172	-0.31398945	0.001356132	
S00011.hamstrings-pelvis_tilt.KP	0.68686698	0.70066917	0.013884567	
S00011.hamstrings-pelvis_tilt.KV	0.59256806	0.59257925	0.00086782087	
S00011.hamstrings-pelvis_tilt.C0	0.025736122	0.026489927	0.0014469032	
S00011.glut_max-pelvis_tilt.KP  	1.5084195	1.4964886	0.012533047	
S00011.glut_max-pelvis_tilt.KV  	0.31486424	0.31482581	0.00079307377	
S00011.glut_max-pelvis_tilt.C0  	0.16506188	0.16395555	0.001303133	
S00011.iliopsoas-pelvis_tilt.KP 	-3.5335144	-3.5400315	0.021586733	
S00011.iliopsoas-pelvis_tilt.KV 	-0.53932309	-0.53976431	0.00099601831	
S00011.iliopsoas-pelvis_tilt.C0 	0.32999188	0.33186236	0.002069842	
S00100.iliopsoas.C0             	0.34446799	0.34518704	0.0011649212	
S00100.glut_max.C0              	-0.02588599	-0.024777107	0.0007732517	
S11000.iliopsoas.KL             	0.57999992	0.57831207	0.001029834	
S11000.iliopsoas.L0             	0.37258895	0.37215888	0.0010835903	
S11000.iliopsoas-pelvis_tilt.P0 	-0.043597691	-0.043514996	0.00080424045	
S11000.iliopsoas-pelvis_tilt.KP 	0.01196527	0.011237158	0.004639752	
S11000.iliopsoas-pelvis_tilt.KV 	0.14015053	0.13976651	0.00099871898	
S11000.iliopsoas-hamstrings.KL  	-8.1269677	-8.0711093	0.036328238	
S11000.iliopsoas-hamstrings.L0  	1.1488221	1.1495179	0.00086412538	
S11000.hamstrings.KF            	0.55082097	0.55115312	0.00088746326	
S11000.glut_max.KF              	0.62380313	0.62251146	0.00092205001	
