pelvis_tilt.offset              	-0.0085988938	-0.0088330789	0.00023625932	
hip_flexion_r.offset            	0.036424573	0.036163734	0.00022432967	
knee_angle_r.offset             	-0.029193382	-0.029648651	0.00025035727	
ankle_angle_r.offset            	-0.04364032	-0.043195047	0.00027996647	
hip_flexion_l.offset            	-0.028422839	-0.028324831	0.00041197813	
knee_angle_l.offset             	0.05940148	0.059332835	0.00030134494	
ankle_angle_l.offset            	0.20150349	0.20163449	0.00028749937	
stance_load_threshold           	0.15349946	0.15338241	0.00031282343	
S00111.tib_ant.KL               	1.2254383	1.2256306	0.0048620935	
S00111.tib_ant.L0               	0.73213649	0.73224641	0.00058715089	
S00111.tib_ant.KS               	0.000173	0.0001639197	0.00014858459	
S11000.tib_ant.KL               	1.2197702	1.2184658	0.0028972879	
S11000.tib_ant.L0               	0.77232927	0.77322408	0.00043283422	
S11000.tib_ant.KS               	0.034465724	0.034063653	0.00024319468	
S11111.tib_ant-soleus.KF        	-0.11120923	-0.11126983	0.00044367272	
S00111.soleus-tib_ant.KS        	-0.82378033	-0.8230841	0.0051205104	
S11000.soleus-tib_ant.KS        	-3.3045421	-3.3044362	0.0069075904	
S00111.gastroc-tib_ant.KS       	-0.32218619	-0.3225592	0.0036637738	
S11000.gastroc-tib_ant.KS       	-1.7192506	-1.7177103	0.0047952632	
S00111.tib_ant-gastroc.KS       	-0.00395169	-0.0037055283	0.0293948	
S11000.tib_ant-gastroc.KS       	-0.00366451	-0.0034934758	0.028730521	
S00111.tib_ant-soleus.KS        	-0.00346517	-0.0032543354	0.030175254	
S11000.tib_ant-soleus.KS        	-0.00313645	-0.0033349485	0.028893421	
S00111.gastroc.KL               	0.08315732	0.079169562	0.0038829061	
S00111.gastroc.L0               	0.81765168	0.81318635	0.0022521078	
S00111.gastroc.KF               	1.4221839	1.4225489	0.00029939735	
S00111.soleus.KL                	4.2097677	4.213963	0.0051800894	
S00111.soleus.L0                	0.94891756	0.94625849	0.0012745757	
S00111.soleus.KF                	0.22871813	0.22865188	0.0004142073	
S11000.gastroc.KL               	0.00837043	0.0087924079	0.0029370462	
S11000.gastroc.L0               	0.53536368	0.52860771	0.0021939616	
S11000.gastroc.KF               	-1.8556353	-1.8633692	0.0056272063	
S11000.soleus.KL                	0.81481669	0.80335879	0.0084439276	
S11000.soleus.L0                	0.86294574	0.86293248	0.0021628534	
S11000.soleus.KF                	-0.94868884	-0.9421482	0.0080715339	
S00011.vasti.KF                 	0.8583839	0.85800256	0.0011213983	
S00011.vasti.C0                 	0.084360862	0.08454084	0.0002618455	
S00011.vasti-knee_angle.pos_max 	-0.310758	-0.31174565	0.00043301769	
S00011.hamstrings-pelvis_tilt.KP	0.71728729	0.71658491	0.0044445661	
S00011.hamstrings-pelvis_tilt.KV	0.59155535	0.59130967	0.00027758236	
S00011.hamstrings-pelvis_tilt.C0	0.026843083	0.026916845	0.00043053808	
S00011.glut_max-pelvis_tilt.KP  	1.530686	1.5255633	0.0040405604	
S00011.glut_max-pelvis_tilt.KV  	0.31602339	0.31573224	0.00025215597	
S00011.glut_max-pelvis_tilt.C0  	0.16410507	0.16442119	0.00040947061	
S00011.iliopsoas-pelvis_tilt.KP 	-3.5532823	-3.5564557	0.0067687787	
S00011.iliopsoas-pelvis_tilt.KV 	-0.5408825	-0.54066732	0.00031332318	
S00011.iliopsoas-pelvis_tilt.C0 	0.32500057	0.32513209	0.00067182872	
S00100.iliopsoas.C0             	0.34362636	0.34366814	0.00037523367	
S00100.glut_max.C0              	-0.025306714	-0.025578371	0.00024060239	
S11000.iliopsoas.KL             	0.57982332	0.579858	0.00032521243	
S11000.iliopsoas.L0             	0.37169719	0.3715496	0.00031607488	
S11000.iliopsoas-pelvis_tilt.P0 	-0.042883339	-0.043305966	0.00025390464	
S11000.iliopsoas-pelvis_tilt.KP 	0.011346877	0.011601925	0.0011984508	
S11000.iliopsoas-pelvis_tilt.KV 	0.13959075	0.13897704	0.00031757984	
S11000.iliopsoas-hamstrings.KL  	-8.104549	-8.1112807	0.011567491	
S11000.iliopsoas-hamstrings.L0  	1.1489567	1.1491683	0.00028872401	
S11000.hamstrings.KF            	0.55131728	0.55105226	0.00028225826	
S11000.glut_max.KF              	0.62288654	0.62313593	0.00029958105	
