pelvis_tilt.offset              	-0.0085113429	-0.0087421505	0.000222969	
hip_flexion_r.offset            	0.036166203	0.036116776	0.00021189538	
knee_angle_r.offset             	-0.029755344	-0.029593803	0.00023683854	
ankle_angle_r.offset            	-0.043495033	-0.043320356	0.00026389568	
hip_flexion_l.offset            	-0.028965955	-0.028697142	0.00038810452	
knee_angle_l.offset             	0.059806436	0.059542619	0.00028448851	
ankle_angle_l.offset            	0.20121541	0.20147363	0.00027004736	
stance_load_threshold           	0.15338834	0.15344681	0.00029453114	
S00111.tib_ant.KL               	1.2202648	1.2240421	0.004587157	
S00111.tib_ant.L0               	0.7317218	0.73253339	0.00055365049	
S00111.tib_ant.KS               	0.000173	0.00016268273	0.00013897207	
S11000.tib_ant.KL               	1.2259454	1.2186878	0.0027271357	
S11000.tib_ant.L0               	0.7730534	0.7732391	0.0004094744	
S11000.tib_ant.KS               	0.033924894	0.034314758	0.00022901092	
S11111.tib_ant-soleus.KF        	-0.11144779	-0.11125472	0.00041767959	
S00111.soleus-tib_ant.KS        	-0.82144667	-0.82576757	0.0048224671	
S11000.soleus-tib_ant.KS        	-3.3001241	-3.2969491	0.0065305549	
S00111.gastroc-tib_ant.KS       	-0.32171493	-0.32279545	0.0034317687	
S11000.gastroc-tib_ant.KS       	-1.7228505	-1.7188691	0.0044964873	
S00111.tib_ant-gastroc.KS       	-0.00357534	-0.0037110156	0.027492453	
S11000.tib_ant-gastroc.KS       	-0.00331551	-0.003380997	0.026871162	
S00111.tib_ant-soleus.KS        	-0.00313515	-0.0033613071	0.028222394	
S11000.tib_ant-soleus.KS        	-0.00313645	-0.0033180524	0.027023519	
S00111.gastroc.KL               	0.079214939	0.07880004	0.0036445756	
S00111.gastroc.L0               	0.81532818	0.81416787	0.0021249595	
S00111.gastroc.KF               	1.422167	1.4223437	0.00028184648	
S00111.soleus.KL                	4.217664	4.2111876	0.0048747032	
S00111.soleus.L0                	0.94665239	0.94716349	0.0012027294	
S00111.soleus.KF                	0.22812204	0.2286422	0.00038994586	
S11000.gastroc.KL               	0.00837043	0.008928431	0.0027474244	
S11000.gastroc.L0               	0.52959604	0.52964376	0.0020750719	
S11000.gastroc.KF               	-1.8655438	-1.8668015	0.0052993384	
S11000.soleus.KL                	0.82258506	0.80883991	0.007997991	
S11000.soleus.L0                	0.86326241	0.86451763	0.0020530446	
S11000.soleus.KF                	-0.94701671	-0.93873161	0.0075785854	
S00011.vasti.KF                 	0.85758237	0.85828925	0.0010573429	
S00011.vasti.C0                 	0.083972585	0.084382823	0.00024650085	
S00011.vasti-knee_angle.pos_max 	-0.31157951	-0.31173436	0.00040870435	
S00011.hamstrings-pelvis_tilt.KP	0.71252901	0.71741485	0.0041933599	
S00011.hamstrings-pelvis_tilt.KV	0.59118411	0.59127883	0.00026105991	
S00011.hamstrings-pelvis_tilt.C0	0.026911511	0.027015807	0.00040599873	
S00011.glut_max-pelvis_tilt.KP  	1.5259762	1.5259783	0.0038067713	
S00011.glut_max-pelvis_tilt.KV  	0.31550153	0.31571183	0.00023722885	
S00011.glut_max-pelvis_tilt.C0  	0.16403762	0.16419066	0.00038556043	
S00011.iliopsoas-pelvis_tilt.KP 	-3.5601079	-3.5563852	0.0063875866	
S00011.iliopsoas-pelvis_tilt.KV 	-0.54083496	-0.54077221	0.00029489685	
S00011.iliopsoas-pelvis_tilt.C0 	0.32427089	0.32492274	0.000635098	
S00100.iliopsoas.C0             	0.34348274	0.34372232	0.00035287167	
S00100.glut_max.C0              	-0.02533084	-0.025509379	0.00022653672	
S11000.iliopsoas.KL             	0.57937761	0.57976436	0.00030701344	
S11000.iliopsoas.L0             	0.37226614	0.37164237	0.00029759208	
S11000.iliopsoas-pelvis_tilt.P0 	-0.043142616	-0.04315154	0.00023934498	
S11000.iliopsoas-pelvis_tilt.KP 	0.011939938	0.011517044	0.0011222573	
S11000.iliopsoas-pelvis_tilt.KV 	0.13915689	0.13894244	0.00029923237	
S11000.iliopsoas-hamstrings.KL  	-8.0999709	-8.1152065	0.010908827	
S11000.iliopsoas-hamstrings.L0  	1.1489586	1.1491207	0.00027386763	
S11000.hamstrings.KF            	0.551605	0.5511037	0.00026609138	
S11000.glut_max.KF              	0.6231214	0.62305437	0.00028275719	
