pelvis_tilt.offset              	-0.0083902318	-0.0088206776	0.00020550202	
hip_flexion_r.offset            	0.036242249	0.035996783	0.00019432778	
knee_angle_r.offset             	-0.029495248	-0.029701724	0.00021757379	
ankle_angle_r.offset            	-0.043165609	-0.043190286	0.00024324815	
hip_flexion_l.offset            	-0.028458232	-0.028656129	0.00035827396	
knee_angle_l.offset             	0.059968517	0.059893342	0.00026204604	
ankle_angle_l.offset            	0.20155879	0.20145848	0.00024741453	
stance_load_threshold           	0.15332292	0.15368494	0.00027126086	
S00111.tib_ant.KL               	1.2194558	1.2254643	0.0042084525	
S00111.tib_ant.L0               	0.73155239	0.73197115	0.00051146384	
S00111.tib_ant.KS               	0.00015652	0.00016354801	0.0001265587	
S11000.tib_ant.KL               	1.2188626	1.2201069	0.0025203549	
S11000.tib_ant.L0               	0.7734946	0.77322194	0.00037748482	
S11000.tib_ant.KS               	0.034194703	0.034239656	0.00021064613	
S11111.tib_ant-soleus.KF        	-0.1111211	-0.11137246	0.00038391959	
S00111.soleus-tib_ant.KS        	-0.83175497	-0.82292232	0.0044375418	
S11000.soleus-tib_ant.KS        	-3.295292	-3.2964518	0.0060067192	
S00111.gastroc-tib_ant.KS       	-0.32171493	-0.32425631	0.0031369588	
S11000.gastroc-tib_ant.KS       	-1.7171084	-1.7178472	0.0041130317	
S00111.tib_ant-gastroc.KS       	-0.00357534	-0.0037116036	0.025035746	
S11000.tib_ant-gastroc.KS       	-0.00366451	-0.0034886996	0.024469972	
S00111.tib_ant-soleus.KS        	-0.00346517	-0.0032926088	0.025700457	
S11000.tib_ant-soleus.KS        	-0.00313645	-0.003292184	0.024608713	
S00111.gastroc.KL               	0.07523758	0.078152193	0.0033407751	
S00111.gastroc.L0               	0.81662429	0.81329142	0.001954268	
S00111.gastroc.KF               	1.4219909	1.4223258	0.00025999098	
S00111.soleus.KL                	4.2082664	4.2130932	0.0044787038	
S00111.soleus.L0                	0.949795	0.94716774	0.0011069704	
S00111.soleus.KF                	0.22790176	0.22855539	0.00035867867	
S11000.gastroc.KL               	0.00837043	0.0088033352	0.0025026079	
S11000.gastroc.L0               	0.52998906	0.53134159	0.0019246224	
S11000.gastroc.KF               	-1.8642707	-1.8688175	0.0048861875	
S11000.soleus.KL                	0.82016051	0.8136089	0.0074111866	
S11000.soleus.L0                	0.86293896	0.86317066	0.0018892962	
S11000.soleus.KF                	-0.94591533	-0.93722228	0.0069702697	
S00011.vasti.KF                 	0.85930779	0.85796539	0.00097465915	
S00011.vasti.C0                 	0.084909356	0.08442133	0.00022773623	
S00011.vasti-knee_angle.pos_max 	-0.31206573	-0.31148952	0.00037541026	
S00011.hamstrings-pelvis_tilt.KP	0.71408	0.71773227	0.003854792	
S00011.hamstrings-pelvis_tilt.KV	0.59128514	0.59122845	0.00023945567	
S00011.hamstrings-pelvis_tilt.C0	0.027213965	0.026869598	0.00037367359	
S00011.glut_max-pelvis_tilt.KP  	1.5266837	1.5264107	0.0035057354	
S00011.glut_max-pelvis_tilt.KV  	0.31573389	0.31569948	0.00021746781	
S00011.glut_max-pelvis_tilt.C0  	0.16433765	0.16391731	0.00035615748	
S00011.iliopsoas-pelvis_tilt.KP 	-3.5566807	-3.5596381	0.0058577674	
S00011.iliopsoas-pelvis_tilt.KV 	-0.54040818	-0.54066986	0.00027086907	
S00011.iliopsoas-pelvis_tilt.C0 	0.3236003	0.32470157	0.00058594504	
S00100.iliopsoas.C0             	0.34322656	0.34362109	0.00032525278	
S00100.glut_max.C0              	-0.025641904	-0.025617661	0.00020825942	
S11000.iliopsoas.KL             	0.57946221	0.5797585	0.00028327762	
S11000.iliopsoas.L0             	0.3720464	0.37175269	0.00027348706	
S11000.iliopsoas-pelvis_tilt.P0 	-0.043478891	-0.043133666	0.0002201374	
S11000.iliopsoas-pelvis_tilt.KP 	0.01082572	0.01156106	0.0010240521	
S11000.iliopsoas-pelvis_tilt.KV 	0.13847085	0.1385867	0.00027637008	
S11000.iliopsoas-hamstrings.KL  	-8.1217993	-8.1082613	0.01003964	
S11000.iliopsoas-hamstrings.L0  	1.1490109	1.1491428	0.00025288179	
S11000.hamstrings.KF            	0.5516413	0.55129088	0.00024512185	
S11000.glut_max.KF              	0.62304504	0.62311066	0.00026081235	
