pelvis_tilt.offset              	-0.0079524546	-0.0080684561	8.9936362e-05	
hip_flexion_r.offset            	0.036822016	0.036742327	8.6722103e-05	
knee_angle_r.offset             	-0.029527255	-0.029626598	9.2535083e-05	
ankle_angle_r.offset            	-0.044011365	-0.043791798	0.00010505312	
hip_flexion_l.offset            	-0.028620136	-0.028697306	0.00015320793	
knee_angle_l.offset             	0.059828152	0.059894326	0.00011139216	
ankle_angle_l.offset            	0.20118252	0.20123547	0.00010374396	
stance_load_threshold           	0.15407708	0.15396069	0.00011533909	
S00111.tib_ant.KL               	1.2154989	1.2162254	0.0018279611	
S00111.tib_ant.L0               	0.73306412	0.73289613	0.00022062533	
S00111.tib_ant.KS               	0.00015652	0.00016732702	4.6937572e-05	
S11000.tib_ant.KL               	1.2156507	1.2176185	0.0010692622	
S11000.tib_ant.L0               	0.77267148	0.77268912	0.00016247208	
S11000.tib_ant.KS               	0.034340446	0.034403636	9.0276609e-05	
S11111.tib_ant-soleus.KF        	-0.11106324	-0.11117539	0.00016431811	
S00111.soleus-tib_ant.KS        	-0.8264579	-0.8245344	0.0018894621	
S11000.soleus-tib_ant.KS        	-3.2994342	-3.2992423	0.0025420851	
S00111.gastroc-tib_ant.KS       	-0.32171493	-0.32281976	0.0012322603	
S11000.gastroc-tib_ant.KS       	-1.7262851	-1.7244621	0.0016505241	
S00111.tib_ant-gastroc.KS       	-0.00357534	-0.0037297245	0.0092635833	
S11000.tib_ant-gastroc.KS       	-0.00331551	-0.0035127669	0.0090541997	
S00111.tib_ant-soleus.KS        	-0.00313515	-0.0032640811	0.0095094558	
S11000.tib_ant-soleus.KS        	-0.0034666	-0.0033848367	0.0091055106	
S00111.gastroc.KL               	0.07973708	0.079407481	0.001359227	
S00111.gastroc.L0               	0.81586956	0.81679939	0.00083040026	
S00111.gastroc.KF               	1.4225868	1.4226338	0.00011049788	
S00111.soleus.KL                	4.2094512	4.2037523	0.0019140939	
S00111.soleus.L0                	0.9496827	0.94930199	0.00046792675	
S00111.soleus.KF                	0.22768862	0.22765196	0.00015482565	
S11000.gastroc.KL               	0.00837043	0.0089706058	0.00093939535	
S11000.gastroc.L0               	0.53389421	0.53393731	0.00082574649	
S11000.gastroc.KF               	-1.8746285	-1.8734589	0.00206305	
S11000.soleus.KL                	0.81656702	0.81940685	0.0032360699	
S11000.soleus.L0                	0.86110794	0.86126212	0.00082403297	
S11000.soleus.KF                	-0.92704017	-0.92813014	0.0029827762	
S00011.vasti.KF                 	0.85843422	0.85835832	0.00041399864	
S00011.vasti.C0                 	0.084182117	0.08429433	9.7764614e-05	
S00011.vasti-knee_angle.pos_max 	-0.31127738	-0.31144778	0.00016140441	
S00011.hamstrings-pelvis_tilt.KP	0.71976402	0.72024495	0.0016499958	
S00011.hamstrings-pelvis_tilt.KV	0.59084225	0.59082651	0.00010293843	
S00011.hamstrings-pelvis_tilt.C0	0.026699057	0.026731235	0.00015873284	
S00011.glut_max-pelvis_tilt.KP  	1.5308316	1.5286169	0.0015016686	
S00011.glut_max-pelvis_tilt.KV  	0.31550985	0.31558294	9.3016385e-05	
S00011.glut_max-pelvis_tilt.C0  	0.16393447	0.16375499	0.0001509667	
S00011.iliopsoas-pelvis_tilt.KP 	-3.5581276	-3.5603452	0.0024801143	
S00011.iliopsoas-pelvis_tilt.KV 	-0.54095794	-0.54098077	0.00011540033	
S00011.iliopsoas-pelvis_tilt.C0 	0.3246382	0.32486304	0.00024936652	
S00100.iliopsoas.C0             	0.34359534	0.34366538	0.00013835709	
S00100.glut_max.C0              	-0.025677198	-0.025603313	8.7996287e-05	
S11000.iliopsoas.KL             	0.57977966	0.57979047	0.00011999099	
S11000.iliopsoas.L0             	0.37153112	0.37165854	0.00011705028	
S11000.iliopsoas-pelvis_tilt.P0 	-0.043558053	-0.043440243	9.4497467e-05	
S11000.iliopsoas-pelvis_tilt.KP 	0.011723061	0.011465689	0.00040518966	
S11000.iliopsoas-pelvis_tilt.KV 	0.13851552	0.1386571	0.00011691451	
S11000.iliopsoas-hamstrings.KL  	-8.0887733	-8.0920699	0.0042643479	
S11000.iliopsoas-hamstrings.L0  	1.1493576	1.1492087	0.00010856968	
S11000.hamstrings.KF            	0.55190205	0.55183559	0.00010653813	
S11000.glut_max.KF              	0.62289921	0.62288439	0.00011035045	
