pelvis_tilt.offset              	-0.0079344372	-0.0080204106	9.098139e-05	
hip_flexion_r.offset            	0.036791058	0.036764433	8.761044e-05	
knee_angle_r.offset             	-0.02963405	-0.029579695	9.3201085e-05	
ankle_angle_r.offset            	-0.043739599	-0.04380619	0.00010595184	
hip_flexion_l.offset            	-0.028653707	-0.028563692	0.00015414584	
knee_angle_l.offset             	0.059785193	0.059845921	0.00011196731	
ankle_angle_l.offset            	0.20120256	0.20117517	0.00010449062	
stance_load_threshold           	0.15408021	0.15393281	0.0001161036	
S00111.tib_ant.KL               	1.2134761	1.2155425	0.0018380567	
S00111.tib_ant.L0               	0.73293036	0.73284892	0.00022184493	
S00111.tib_ant.KS               	0.00017230844	0.00016215947	4.7010255e-05	
S11000.tib_ant.KL               	1.2165554	1.2174649	0.0010762088	
S11000.tib_ant.L0               	0.77247197	0.77257491	0.00016358575	
S11000.tib_ant.KS               	0.034488572	0.034409811	9.0686417e-05	
S11111.tib_ant-soleus.KF        	-0.11113939	-0.11114673	0.00016552246	
S00111.soleus-tib_ant.KS        	-0.82322645	-0.82447557	0.0019037917	
S11000.soleus-tib_ant.KS        	-3.2968744	-3.2975198	0.0025618851	
S00111.gastroc-tib_ant.KS       	-0.32344183	-0.32273908	0.001237692	
S11000.gastroc-tib_ant.KS       	-1.7246091	-1.7250855	0.0016591194	
S00111.tib_ant-gastroc.KS       	-0.00357534	-0.0037009738	0.0092765686	
S11000.tib_ant-gastroc.KS       	-0.00331551	-0.0034841714	0.0090668877	
S00111.tib_ant-soleus.KS        	-0.00313515	-0.0033350952	0.0095227773	
S11000.tib_ant-soleus.KS        	-0.00313645	-0.0032849351	0.0091182678	
S00111.gastroc.KL               	0.080263533	0.079750045	0.00136675	
S00111.gastroc.L0               	0.81715376	0.81654382	0.00083884989	
S00111.gastroc.KF               	1.4227545	1.4226024	0.00011138389	
S00111.soleus.KL                	4.2060826	4.2066155	0.0019399314	
S00111.soleus.L0                	0.9501472	0.9494522	0.00047177751	
S00111.soleus.KF                	0.22750926	0.22768962	0.00015560377	
S11000.gastroc.KL               	0.00837043	0.0086943066	0.00094165469	
S11000.gastroc.L0               	0.53369927	0.53420419	0.00083244689	
S11000.gastroc.KF               	-1.8772532	-1.8743374	0.002074158	
S11000.soleus.KL                	0.81956904	0.81828189	0.0032677389	
S11000.soleus.L0                	0.86070323	0.8614492	0.00083288836	
S11000.soleus.KF                	-0.93009748	-0.92700517	0.003002878	
S00011.vasti.KF                 	0.85841036	0.85852203	0.00041702047	
S00011.vasti.C0                 	0.084219809	0.084272025	9.8334284e-05	
S00011.vasti-knee_angle.pos_max 	-0.31145265	-0.3112907	0.0001628116	
S00011.hamstrings-pelvis_tilt.KP	0.72232183	0.71972089	0.001657806	
S00011.hamstrings-pelvis_tilt.KV	0.59088664	0.59084955	0.00010361445	
S00011.hamstrings-pelvis_tilt.C0	0.026615712	0.026735789	0.00015950319	
S00011.glut_max-pelvis_tilt.KP  	1.5289272	1.5292455	0.0015097693	
S00011.glut_max-pelvis_tilt.KV  	0.31561603	0.3155602	9.3652756e-05	
S00011.glut_max-pelvis_tilt.C0  	0.163352	0.16380064	0.00015181236	
S00011.iliopsoas-pelvis_tilt.KP 	-3.5640153	-3.5595344	0.0024979708	
S00011.iliopsoas-pelvis_tilt.KV 	-0.54081888	-0.54094603	0.00011643693	
S00011.iliopsoas-pelvis_tilt.C0 	0.32487928	0.32480109	0.00025209071	
S00100.iliopsoas.C0             	0.34347352	0.34363853	0.00013908068	
S00100.glut_max.C0              	-0.025536791	-0.025616475	8.8657283e-05	
S11000.iliopsoas.KL             	0.57988965	0.57984402	0.00012061055	
S11000.iliopsoas.L0             	0.37177312	0.37166836	0.0001176138	
S11000.iliopsoas-pelvis_tilt.P0 	-0.043421563	-0.043394357	9.5052932e-05	
S11000.iliopsoas-pelvis_tilt.KP 	0.01196527	0.011374458	0.00040738158	
S11000.iliopsoas-pelvis_tilt.KV 	0.13863143	0.13856788	0.00011770453	
S11000.iliopsoas-hamstrings.KL  	-8.0960732	-8.0913214	0.004298481	
S11000.iliopsoas-hamstrings.L0  	1.1491575	1.1492004	0.00010955464	
S11000.hamstrings.KF            	0.55185433	0.55178679	0.00010715253	
S11000.glut_max.KF              	0.62279393	0.62284848	0.0001116303	
