pelvis_tilt.offset              	-0.0076600602	-0.0076618931	9.9262693e-05	
hip_flexion_r.offset            	0.037167054	0.037103488	9.4472507e-05	
knee_angle_r.offset             	-0.029758763	-0.029679826	9.7101764e-05	
ankle_angle_r.offset            	-0.043851895	-0.043761326	0.00011021849	
hip_flexion_l.offset            	-0.028547444	-0.028668877	0.00016214363	
knee_angle_l.offset             	0.05987647	0.05994389	0.00011636564	
ankle_angle_l.offset            	0.2012129	0.20125109	0.00010801192	
stance_load_threshold           	0.15383617	0.15395046	0.00012113788	
S00111.tib_ant.KL               	1.2083431	1.2123639	0.0019218689	
S00111.tib_ant.L0               	0.73331607	0.7329991	0.00023034205	
S00111.tib_ant.KS               	0.00015652	0.0001659338	4.7194899e-05	
S11000.tib_ant.KL               	1.2180948	1.2175623	0.0011258936	
S11000.tib_ant.L0               	0.77244007	0.77252135	0.00017067336	
S11000.tib_ant.KS               	0.034658706	0.034602347	9.5311989e-05	
S11111.tib_ant-soleus.KF        	-0.11086342	-0.11083476	0.00017291434	
S00111.soleus-tib_ant.KS        	-0.82032377	-0.81967747	0.0020249125	
S11000.soleus-tib_ant.KS        	-3.2966814	-3.2945486	0.002672587	
S00111.gastroc-tib_ant.KS       	-0.32322801	-0.32290362	0.0012626407	
S11000.gastroc-tib_ant.KS       	-1.7265399	-1.7267798	0.0017059424	
S00111.tib_ant-gastroc.KS       	-0.00395169	-0.0038516146	0.0093028384	
S11000.tib_ant-gastroc.KS       	-0.00366451	-0.0034738973	0.0090925523	
S00111.tib_ant-soleus.KS        	-0.00313515	-0.0033025219	0.0095497081	
S11000.tib_ant-soleus.KS        	-0.00313645	-0.0032616061	0.0091440609	
S00111.gastroc.KL               	0.080775636	0.078086051	0.0014218733	
S00111.gastroc.L0               	0.81770133	0.81698393	0.00087315005	
S00111.gastroc.KF               	1.4223086	1.4223696	0.00011743703	
S00111.soleus.KL                	4.2015156	4.2019507	0.0020153129	
S00111.soleus.L0                	0.95058283	0.95049162	0.00049455338	
S00111.soleus.KF                	0.22748042	0.22751276	0.00016081549	
S11000.gastroc.KL               	0.0089940447	0.0086593931	0.00095065295	
S11000.gastroc.L0               	0.53367049	0.53379779	0.00087145177	
S11000.gastroc.KF               	-1.8715464	-1.8706718	0.0021676285	
S11000.soleus.KL                	0.8187055	0.81987391	0.003429815	
S11000.soleus.L0                	0.86026059	0.86066583	0.00086929509	
S11000.soleus.KF                	-0.91981767	-0.92446548	0.0031648746	
S00011.vasti.KF                 	0.8582191	0.85843397	0.00043069035	
S00011.vasti.C0                 	0.084033552	0.084101806	0.00010259387	
S00011.vasti-knee_angle.pos_max 	-0.31107743	-0.31113413	0.00016884263	
S00011.hamstrings-pelvis_tilt.KP	0.72046378	0.72139787	0.0017252068	
S00011.hamstrings-pelvis_tilt.KV	0.590638	0.59074983	0.00010780041	
S00011.hamstrings-pelvis_tilt.C0	0.026919833	0.0267595	0.00016601783	
S00011.glut_max-pelvis_tilt.KP  	1.52603	1.5279311	0.0015749507	
S00011.glut_max-pelvis_tilt.KV  	0.31549243	0.31542725	9.7063015e-05	
S00011.glut_max-pelvis_tilt.C0  	0.16378924	0.16378793	0.00015802511	
S00011.iliopsoas-pelvis_tilt.KP 	-3.5617954	-3.5608381	0.0026142354	
S00011.iliopsoas-pelvis_tilt.KV 	-0.54089824	-0.54078157	0.00012193755	
S00011.iliopsoas-pelvis_tilt.C0 	0.32536184	0.32541635	0.00026690457	
S00100.iliopsoas.C0             	0.34353616	0.343605	0.00014455321	
S00100.glut_max.C0              	-0.025706087	-0.025747774	9.2537501e-05	
S11000.iliopsoas.KL             	0.57978265	0.57981892	0.00012557298	
S11000.iliopsoas.L0             	0.37189115	0.37174768	0.00012242601	
S11000.iliopsoas-pelvis_tilt.P0 	-0.04334334	-0.043497873	9.9078907e-05	
S11000.iliopsoas-pelvis_tilt.KP 	0.01196527	0.011700674	0.00041875743	
S11000.iliopsoas-pelvis_tilt.KV 	0.13831031	0.13834688	0.00012401228	
S11000.iliopsoas-hamstrings.KL  	-8.0848237	-8.0845472	0.0045290275	
S11000.iliopsoas-hamstrings.L0  	1.1494916	1.1494383	0.00011466437	
S11000.hamstrings.KF            	0.55203654	0.55203919	0.00011095434	
S11000.glut_max.KF              	0.62276549	0.62278146	0.00011669896	
