pelvis_tilt.offset              	-0.0074837486	-0.0075662294	7.7448668e-05	
hip_flexion_r.offset            	0.037320605	0.037163645	7.3880286e-05	
knee_angle_r.offset             	-0.029731128	-0.029766551	7.3942335e-05	
ankle_angle_r.offset            	-0.04355636	-0.043687022	8.3701607e-05	
hip_flexion_l.offset            	-0.028663818	-0.02872918	0.00012265976	
knee_angle_l.offset             	0.059847042	0.059863214	8.7689862e-05	
ankle_angle_l.offset            	0.20139407	0.20132957	8.13441e-05	
stance_load_threshold           	0.1539426	0.15399049	9.2018538e-05	
S00111.tib_ant.KL               	1.2135632	1.2111948	0.0014651887	
S00111.tib_ant.L0               	0.73296521	0.73308269	0.00017470167	
S00111.tib_ant.KS               	0.00015652	0.00016833766	3.470321e-05	
S11000.tib_ant.KL               	1.2176653	1.2186768	0.0008510607	
S11000.tib_ant.L0               	0.77256564	0.77259489	0.0001291677	
S11000.tib_ant.KS               	0.034661073	0.03457111	7.2395155e-05	
S11111.tib_ant-soleus.KF        	-0.11076046	-0.11080954	0.00013126521	
S00111.soleus-tib_ant.KS        	-0.82162936	-0.8208459	0.0015652625	
S11000.soleus-tib_ant.KS        	-3.2855091	-3.2896685	0.002043921	
S00111.gastroc-tib_ant.KS       	-0.32349779	-0.32335552	0.00094385752	
S11000.gastroc-tib_ant.KS       	-1.7286651	-1.7273649	0.0012833892	
S00111.tib_ant-gastroc.KS       	-0.00357534	-0.003816574	0.0068329077	
S11000.tib_ant-gastroc.KS       	-0.00331551	-0.0035076373	0.0066784545	
S00111.tib_ant-soleus.KS        	-0.00346517	-0.0033736746	0.0070141988	
S11000.tib_ant-soleus.KS        	-0.00313645	-0.0032743912	0.0067162642	
S00111.gastroc.KL               	0.078394619	0.077936056	0.001080487	
S00111.gastroc.L0               	0.81590034	0.81680995	0.00066118004	
S00111.gastroc.KF               	1.4224712	1.4224882	8.902256e-05	
S00111.soleus.KL                	4.2003169	4.20209	0.0015230509	
S00111.soleus.L0                	0.95103502	0.95074189	0.00037779598	
S00111.soleus.KF                	0.22750055	0.22753439	0.00012195978	
S11000.gastroc.KL               	0.00925153	0.0088490381	0.00070253364	
S11000.gastroc.L0               	0.53526239	0.53364481	0.00066244434	
S11000.gastroc.KF               	-1.8694594	-1.8694592	0.0016454414	
S11000.soleus.KL                	0.81826871	0.81897679	0.0025896462	
S11000.soleus.L0                	0.86195231	0.86059781	0.00065871963	
S11000.soleus.KF                	-0.92033457	-0.92327482	0.0024069693	
S00011.vasti.KF                 	0.85875132	0.85898779	0.00032771645	
S00011.vasti.C0                 	0.083968044	0.084082237	7.8247764e-05	
S00011.vasti-knee_angle.pos_max 	-0.31089507	-0.31112802	0.00012766042	
S00011.hamstrings-pelvis_tilt.KP	0.72475262	0.72470144	0.0013213053	
S00011.hamstrings-pelvis_tilt.KV	0.59078954	0.59070719	8.1738142e-05	
S00011.hamstrings-pelvis_tilt.C0	0.026575621	0.026838556	0.00012608209	
S00011.glut_max-pelvis_tilt.KP  	1.5284451	1.5295162	0.001194579	
S00011.glut_max-pelvis_tilt.KV  	0.31535638	0.31535669	7.4246796e-05	
S00011.glut_max-pelvis_tilt.C0  	0.16385285	0.16378193	0.00011914709	
S00011.iliopsoas-pelvis_tilt.KP 	-3.5568117	-3.556989	0.0019760806	
S00011.iliopsoas-pelvis_tilt.KV 	-0.54054765	-0.54077378	9.2886336e-05	
S00011.iliopsoas-pelvis_tilt.C0 	0.32598063	0.32549018	0.00020429547	
S00100.iliopsoas.C0             	0.3437678	0.34375771	0.00010926991	
S00100.glut_max.C0              	-0.02571526	-0.025656774	6.9965758e-05	
S11000.iliopsoas.KL             	0.57994531	0.58005939	9.5959705e-05	
S11000.iliopsoas.L0             	0.37163883	0.3715824	9.2900475e-05	
S11000.iliopsoas-pelvis_tilt.P0 	-0.043503011	-0.043416945	7.4977799e-05	
S11000.iliopsoas-pelvis_tilt.KP 	0.01162349	0.011729209	0.00031406729	
S11000.iliopsoas-pelvis_tilt.KV 	0.13816727	0.13821312	9.4172423e-05	
S11000.iliopsoas-hamstrings.KL  	-8.0825809	-8.0827903	0.0034549911	
S11000.iliopsoas-hamstrings.L0  	1.1494419	1.1495057	8.7787012e-05	
S11000.hamstrings.KF            	0.55212835	0.55205918	8.4326328e-05	
S11000.glut_max.KF              	0.62266835	0.62274165	8.8308232e-05	
