pelvis_tilt.offset              	0.031172823	0.031183387	1.0744049e-05	
hip_flexion_r.offset            	0.079860619	0.079865999	1.174633e-05	
knee_angle_r.offset             	-0.0076356433	-0.0076354912	1.1174262e-05	
ankle_angle_r.offset            	-0.061578528	-0.061555711	1.4308143e-05	
hip_flexion_l.offset            	-0.001598424	-0.0015826233	2.0296729e-05	
knee_angle_l.offset             	0.060434239	0.060420007	1.5802409e-05	
ankle_angle_l.offset            	0.19319064	0.19318401	1.5500605e-05	
stance_load_threshold           	0.14911839	0.14907588	1.7417198e-05	
S00111.tib_ant.KL               	1.2615285	1.2612711	0.00026632894	
S00111.tib_ant.L0               	0.73509818	0.73506735	3.2478966e-05	
S00111.tib_ant.KS               	0.00016870138	0.00016469393	4.629152e-06	
S11000.tib_ant.KL               	1.2574445	1.2573814	0.00013629931	
S11000.tib_ant.L0               	0.71608841	0.71613901	2.7497578e-05	
S11000.tib_ant.KS               	0.036217566	0.036230257	1.3427084e-05	
S11111.tib_ant-soleus.KF        	-0.10986935	-0.10986658	2.3885836e-05	
S00111.soleus-tib_ant.KS        	-0.89385155	-0.89370818	0.00016573254	
S11000.soleus-tib_ant.KS        	-3.3550888	-3.3548534	0.00034579777	
S00111.gastroc-tib_ant.KS       	-0.35540877	-0.35513951	0.00021622346	
S11000.gastroc-tib_ant.KS       	-1.7362864	-1.7361002	0.00027021514	
S00111.tib_ant-gastroc.KS       	-0.00395169	-0.0036937507	0.00080671765	
S11000.tib_ant-gastroc.KS       	-0.00331551	-0.0034460683	0.00078799662	
S00111.tib_ant-soleus.KS        	-0.003140702	-0.0032644059	0.00082708557	
S11000.tib_ant-soleus.KS        	-0.0034666	-0.0033264684	0.00079226552	
S00111.gastroc.KL               	0.077352283	0.077390539	0.00019458282	
S00111.gastroc.L0               	0.83932153	0.83925272	0.00012080915	
S00111.gastroc.KF               	1.4145972	1.4145724	1.481712e-05	
S00111.soleus.KL                	3.8787549	3.8787447	0.00026966384	
S00111.soleus.L0                	0.91963814	0.91967033	6.3047069e-05	
S00111.soleus.KF                	0.22661475	0.22661993	2.2295796e-05	
S11000.gastroc.KL               	0.008515968	0.008599419	0.00010888792	
S11000.gastroc.L0               	0.51187083	0.5117411	0.00012274594	
S11000.gastroc.KF               	-1.8011722	-1.8010179	0.00029708742	
S11000.soleus.KL                	0.81948423	0.81924504	0.00047085952	
S11000.soleus.L0                	0.89129407	0.89123281	0.00011208871	
S11000.soleus.KF                	-0.90428365	-0.90456449	0.00044488484	
S00011.vasti.KF                 	0.85400282	0.85391372	6.9165559e-05	
S00011.vasti.C0                 	0.082431493	0.08245296	1.2130738e-05	
S00011.vasti-knee_angle.pos_max 	-0.3076639	-0.30769342	2.283136e-05	
S00011.hamstrings-pelvis_tilt.KP	0.69131481	0.69118162	0.000238317	
S00011.hamstrings-pelvis_tilt.KV	0.56597587	0.56598348	1.3913779e-05	
S00011.hamstrings-pelvis_tilt.C0	0.027131645	0.027105169	2.3023835e-05	
S00011.glut_max-pelvis_tilt.KP  	1.4793934	1.4792021	0.00021313672	
S00011.glut_max-pelvis_tilt.KV  	0.31199624	0.31200601	1.3594133e-05	
S00011.glut_max-pelvis_tilt.C0  	0.15377843	0.15377376	2.1166077e-05	
S00011.iliopsoas-pelvis_tilt.KP 	-3.5930904	-3.5928433	0.00035402098	
S00011.iliopsoas-pelvis_tilt.KV 	-0.53662731	-0.53664259	1.6301034e-05	
S00011.iliopsoas-pelvis_tilt.C0 	0.33749407	0.33753549	3.5193855e-05	
S00100.iliopsoas.C0             	0.333698	0.33371413	2.018686e-05	
S00100.glut_max.C0              	-0.025329136	-0.025324893	1.3006029e-05	
S11000.iliopsoas.KL             	0.55150377	0.55146971	1.675272e-05	
S11000.iliopsoas.L0             	0.40297727	0.40299445	1.9267534e-05	
S11000.iliopsoas-pelvis_tilt.P0 	-0.043826141	-0.043809409	1.4275512e-05	
S11000.iliopsoas-pelvis_tilt.KP 	0.011010174	0.011079783	5.6311978e-05	
S11000.iliopsoas-pelvis_tilt.KV 	0.1496724	0.14966688	1.6404234e-05	
S11000.iliopsoas-hamstrings.KL  	-8.3287317	-8.3279536	0.00064642301	
S11000.iliopsoas-hamstrings.L0  	1.1512579	1.1512364	1.4818269e-05	
S11000.hamstrings.KF            	0.57271824	0.57272254	1.3732044e-05	
S11000.glut_max.KF              	0.61197128	0.61198451	1.612516e-05	
