pelvis_tilt.offset              	0.021248106	0.021375968	0.0013582725	
hip_flexion_r.offset            	0.069194722	0.069144903	0.0012802888	
knee_angle_r.offset             	0.00075635784	0.0014830964	0.0014032286	
ankle_angle_r.offset            	-0.056901571	-0.057557951	0.0018339537	
hip_flexion_l.offset            	-0.0050266231	-0.0038558012	0.0026040797	
knee_angle_l.offset             	0.056991241	0.057926009	0.0020012832	
ankle_angle_l.offset            	0.1856439	0.18841106	0.0019146708	
stance_load_threshold           	0.15193932	0.15324718	0.0021046479	
S00111.tib_ant.KL               	1.2626415	1.2475187	0.034916521	
S00111.tib_ant.L0               	0.7620372	0.76490678	0.0037474747	
S00111.tib_ant.KS               	0.000173	0.00016318586	0.0015167577	
S11000.tib_ant.KL               	1.2208643	1.2107863	0.01986261	
S11000.tib_ant.L0               	0.73993469	0.73876688	0.0029053026	
S11000.tib_ant.KS               	0.03382215	0.034840888	0.0018538193	
S11111.tib_ant-soleus.KF        	-0.10981085	-0.11021779	0.0031529891	
S00111.soleus-tib_ant.KS        	-0.89402901	-0.84370376	0.040267488	
S11000.soleus-tib_ant.KS        	-3.2635819	-3.2844364	0.046322325	
S00111.gastroc-tib_ant.KS       	-0.32303318	-0.3323917	0.035087997	
S11000.gastroc-tib_ant.KS       	-1.6474922	-1.6684888	0.038769186	
S00111.tib_ant-gastroc.KS       	-0.00357534	-0.003779825	0.30013854	
S11000.tib_ant-gastroc.KS       	-0.00331551	-0.0035226992	0.29335596	
S00111.tib_ant-soleus.KS        	-0.00313515	-0.003249762	0.30810772	
S11000.tib_ant-soleus.KS        	-0.00313645	-0.0033290197	0.29501936	
S00111.gastroc.L0               	0.85785323	0.84290146	0.015303241	
S00111.gastroc.KS               	0.17739288	0.17131418	0.017339912	
S00111.soleus.L0                	0.96950674	0.9629588	0.0088105168	
S00111.soleus.KS                	0.14946728	0.15649219	0.025330806	
S11000.gastroc.KL               	0.00837043	0.0088397982	0.029935633	
S11000.gastroc.L0               	0.50078836	0.52264214	0.016169671	
S11000.gastroc.KF               	-1.8352262	-1.8080454	0.038047946	
S11000.gastroc.KS               	0.27887874	0.25723284	0.035436994	
S11000.soleus.KL                	0.82014869	0.79324431	0.067961983	
S11000.soleus.L0                	0.87838221	0.88208579	0.014898192	
S11000.soleus.KF                	-0.95885434	-0.90003686	0.063135963	
S11000.soleus.KS                	0.11302564	0.1071367	0.055583826	
S00011.vasti.KF                 	0.81339299	0.81868925	0.0083093966	
S00011.vasti.C0                 	0.084762747	0.085699772	0.0018788599	
S00011.vasti-knee_angle.pos_max 	-0.30739235	-0.30624665	0.0028720883	
S00011.hamstrings-pelvis_tilt.KP	0.71071863	0.71291126	0.03311922	
S00011.hamstrings-pelvis_tilt.KV	0.56744152	0.56800997	0.0016726677	
S00011.hamstrings-pelvis_tilt.C0	0.02778807	0.026187541	0.0036799197	
S00011.glut_max-pelvis_tilt.KP  	1.5328394	1.498207	0.027197996	
S00011.glut_max-pelvis_tilt.KV  	0.31551817	0.314126	0.0016963255	
S00011.glut_max-pelvis_tilt.C0  	0.16041478	0.15989193	0.0028625365	
S00011.iliopsoas-pelvis_tilt.KP 	-3.5074324	-3.5032305	0.045764946	
S00011.iliopsoas-pelvis_tilt.KV 	-0.54686446	-0.54414138	0.0020816038	
S00011.iliopsoas-pelvis_tilt.C0 	0.33240889	0.33321576	0.0044955553	
S00100.iliopsoas.C0             	0.33966773	0.3370029	0.0024600986	
S00100.glut_max.C0              	-0.02516556	-0.024769869	0.0019060717	
S11000.iliopsoas.KL             	0.56496176	0.56006539	0.0021051015	
S11000.iliopsoas.L0             	0.39044474	0.39320405	0.002345737	
S11000.iliopsoas-pelvis_tilt.P0 	-0.043204433	-0.042740092	0.0018879695	
S11000.iliopsoas-pelvis_tilt.KP 	0.01082572	0.011654094	0.012050602	
S11000.iliopsoas-pelvis_tilt.KV 	0.14250343	0.14267552	0.0021723577	
S11000.iliopsoas-hamstrings.KL  	-8.3180182	-8.2690412	0.07688796	
S11000.iliopsoas-hamstrings.L0  	1.1654042	1.1651571	0.0017551331	
S11000.hamstrings.KF            	0.57385897	0.57377039	0.0016840328	
S11000.glut_max.KF              	0.62126622	0.62002742	0.0019116957	
