pelvis_tilt.offset              	0.020225218	0.021421089	0.00083324197	
hip_flexion_r.offset            	0.068906221	0.070027612	0.00078696088	
knee_angle_r.offset             	0.00029645125	0.0023922334	0.00087272463	
ankle_angle_r.offset            	-0.057527039	-0.057612344	0.0011304346	
hip_flexion_l.offset            	-0.00175286	-0.0040700009	0.0016025312	
knee_angle_l.offset             	0.058827426	0.057566211	0.0012341745	
ankle_angle_l.offset            	0.18965643	0.18784626	0.0011751522	
stance_load_threshold           	0.15404822	0.15397059	0.0013009719	
S00111.tib_ant.KL               	1.2920259	1.2656974	0.02149302	
S00111.tib_ant.L0               	0.76315756	0.76236694	0.0023234399	
S00111.tib_ant.KS               	0.000173	0.00016335764	0.00091156565	
S11000.tib_ant.KL               	1.205649	1.2192057	0.012203329	
S11000.tib_ant.L0               	0.73852797	0.73799269	0.0017928305	
S11000.tib_ant.KS               	0.035797886	0.0349696	0.0011340506	
S11111.tib_ant-soleus.KF        	-0.10861511	-0.11184643	0.0019487162	
S00111.soleus-tib_ant.KS        	-0.823652	-0.82809672	0.024549119	
S11000.soleus-tib_ant.KS        	-3.3172245	-3.31935	0.028806763	
S00111.gastroc-tib_ant.KS       	-0.32171493	-0.3306313	0.021208643	
S11000.gastroc-tib_ant.KS       	-1.6412551	-1.65073	0.023749871	
S00111.tib_ant-gastroc.KS       	-0.00395169	-0.0038252622	0.18038187	
S11000.tib_ant-gastroc.KS       	-0.00366451	-0.0034485767	0.17630557	
S00111.tib_ant-soleus.KS        	-0.00346517	-0.0033001035	0.18517131	
S11000.tib_ant-soleus.KS        	-0.00313645	-0.0032964656	0.17730526	
S00111.gastroc.L0               	0.83509559	0.83559928	0.0094813682	
S00111.gastroc.KS               	0.17381667	0.16740003	0.01049133	
S00111.soleus.L0                	0.97175928	0.96094753	0.0054627031	
S00111.soleus.KS                	0.14946728	0.15599267	0.015272973	
S11000.gastroc.KL               	0.00925153	0.0089069266	0.017991383	
S11000.gastroc.L0               	0.52160622	0.52109268	0.0099837934	
S11000.gastroc.KF               	-1.8390765	-1.8231223	0.023517143	
S11000.gastroc.KS               	0.2602671	0.26623439	0.021403512	
S11000.soleus.KL                	0.83043131	0.79925579	0.041213042	
S11000.soleus.L0                	0.89190545	0.888726	0.0091974989	
S11000.soleus.KF                	-0.95885434	-0.92730829	0.038448224	
S11000.soleus.KS                	0.1022613	0.10840394	0.033419421	
S00011.vasti.KF                 	0.82709248	0.82137176	0.0051152642	
S00011.vasti.C0                 	0.083487216	0.08458407	0.0011496742	
S00011.vasti-knee_angle.pos_max 	-0.30828958	-0.30944898	0.0017717677	
S00011.hamstrings-pelvis_tilt.KP	0.69511198	0.70262204	0.020223613	
S00011.hamstrings-pelvis_tilt.KV	0.56873449	0.56891527	0.0010281378	
S00011.hamstrings-pelvis_tilt.C0	0.02514159	0.025583483	0.0022201311	
S00011.glut_max-pelvis_tilt.KP  	1.4894568	1.5003453	0.01672815	
S00011.glut_max-pelvis_tilt.KV  	0.31243643	0.31375563	0.0010473029	
S00011.glut_max-pelvis_tilt.C0  	0.15989687	0.15919537	0.0017651706	
S00011.iliopsoas-pelvis_tilt.KP 	-3.5164291	-3.5340457	0.028361959	
S00011.iliopsoas-pelvis_tilt.KV 	-0.54738196	-0.54516894	0.0012856137	
S00011.iliopsoas-pelvis_tilt.C0 	0.34040249	0.33738084	0.002770825	
S00100.iliopsoas.C0             	0.33812943	0.33647302	0.0015232994	
S00100.glut_max.C0              	-0.024888913	-0.024885472	0.0011573255	
S11000.iliopsoas.KL             	0.56214308	0.56185815	0.0012998502	
S11000.iliopsoas.L0             	0.38927988	0.39191083	0.0014473743	
S11000.iliopsoas-pelvis_tilt.P0 	-0.044091168	-0.044579751	0.0011541307	
S11000.iliopsoas-pelvis_tilt.KP 	0.01196527	0.011346245	0.0072431296	
S11000.iliopsoas-pelvis_tilt.KV 	0.14214631	0.1431615	0.0013470992	
S11000.iliopsoas-hamstrings.KL  	-8.2697748	-8.2785229	0.047492306	
S11000.iliopsoas-hamstrings.L0  	1.1671234	1.1649895	0.0010774132	
S11000.hamstrings.KF            	0.57134003	0.57338683	0.0010382202	
S11000.glut_max.KF              	0.61797704	0.61845572	0.0011822882	
