pelvis_tilt.offset              	0.025331312	0.024772577	0.00062210736	
hip_flexion_r.offset            	0.071466586	0.07185286	0.00057726081	
knee_angle_r.offset             	0.0040272459	0.0031478856	0.00063842447	
ankle_angle_r.offset            	-0.057353265	-0.057692418	0.00081978137	
hip_flexion_l.offset            	-0.00022644077	0.00038748083	0.0011957725	
knee_angle_l.offset             	0.057089226	0.057691417	0.00088866892	
ankle_angle_l.offset            	0.18595937	0.18552895	0.00085616352	
stance_load_threshold           	0.15316442	0.15264608	0.00094554092	
S00111.tib_ant.KL               	1.2256344	1.2495053	0.015614632	
S00111.tib_ant.L0               	0.76249591	0.76351794	0.0016780952	
S00111.tib_ant.KS               	0.000173	0.00016528957	0.0006212747	
S11000.tib_ant.KL               	1.2386132	1.2310728	0.0089663234	
S11000.tib_ant.L0               	0.74017092	0.73857709	0.001307074	
S11000.tib_ant.KS               	0.036966931	0.036005223	0.00081150093	
S11111.tib_ant-soleus.KF        	-0.11300362	-0.11334831	0.0014128771	
S00111.soleus-tib_ant.KS        	-0.85818101	-0.8352103	0.017688305	
S11000.soleus-tib_ant.KS        	-3.3960566	-3.3778191	0.021096808	
S00111.gastroc-tib_ant.KS       	-0.32171493	-0.32831556	0.014738496	
S11000.gastroc-tib_ant.KS       	-1.63802	-1.6521044	0.017285642	
S00111.tib_ant-gastroc.KS       	-0.00395169	-0.0038543822	0.12293754	
S11000.tib_ant-gastroc.KS       	-0.00366451	-0.0035678364	0.12015938	
S00111.tib_ant-soleus.KS        	-0.00313515	-0.0033487449	0.12620173	
S11000.tib_ant-soleus.KS        	-0.00313645	-0.0033708972	0.1208407	
S00111.gastroc.L0               	0.82867074	0.83247667	0.0069035163	
S00111.gastroc.KS               	0.17317629	0.17405232	0.0073440221	
S00111.soleus.L0                	0.95644775	0.95840051	0.0039975437	
S00111.soleus.KS                	0.14946728	0.15681857	0.010605752	
S11000.gastroc.KL               	0.00925153	0.0086250926	0.012262709	
S11000.gastroc.L0               	0.52227744	0.51486119	0.0072733048	
S11000.gastroc.KF               	-1.7582319	-1.7783626	0.017391248	
S11000.gastroc.KS               	0.25231886	0.27290291	0.014919611	
S11000.soleus.KL                	0.82628565	0.80066996	0.02920923	
S11000.soleus.L0                	0.86835979	0.87251511	0.0067133048	
S11000.soleus.KF                	-0.9072317	-0.92836195	0.027425949	
S11000.soleus.KS                	0.1022613	0.10697801	0.02283526	
S00011.vasti.KF                 	0.81410242	0.81016339	0.003776908	
S00011.vasti.C0                 	0.083234972	0.082996885	0.0008235496	
S00011.vasti-knee_angle.pos_max 	-0.31065206	-0.3091819	0.0012869406	
S00011.hamstrings-pelvis_tilt.KP	0.74162866	0.7296518	0.014570117	
S00011.hamstrings-pelvis_tilt.KV	0.57144961	0.5714163	0.00075507115	
S00011.hamstrings-pelvis_tilt.C0	0.025854278	0.026294201	0.0015458173	
S00011.glut_max-pelvis_tilt.KP  	1.48711	1.4952354	0.012179347	
S00011.glut_max-pelvis_tilt.KV  	0.31318208	0.3114214	0.0007694207	
S00011.glut_max-pelvis_tilt.C0  	0.15752639	0.15843024	0.0012801135	
S00011.iliopsoas-pelvis_tilt.KP 	-3.5734185	-3.5834616	0.020708309	
S00011.iliopsoas-pelvis_tilt.KV 	-0.54570438	-0.54562407	0.00093281244	
S00011.iliopsoas-pelvis_tilt.C0 	0.34074459	0.34163833	0.0020495904	
S00100.iliopsoas.C0             	0.33953977	0.33863687	0.0011114751	
S00100.glut_max.C0              	-0.024927922	-0.024213307	0.00082018213	
S11000.iliopsoas.KL             	0.5635214	0.56412729	0.00095349447	
S11000.iliopsoas.L0             	0.39285023	0.39233151	0.0010500197	
S11000.iliopsoas-pelvis_tilt.P0 	-0.044602103	-0.045253405	0.00083302124	
S11000.iliopsoas-pelvis_tilt.KP 	0.01082572	0.011327421	0.004939438	
S11000.iliopsoas-pelvis_tilt.KV 	0.13980905	0.14122212	0.00098010099	
S11000.iliopsoas-hamstrings.KL  	-8.2935728	-8.3036887	0.03441381	
S11000.iliopsoas-hamstrings.L0  	1.1633832	1.1638766	0.00078069096	
S11000.hamstrings.KF            	0.57220214	0.57197257	0.00075906662	
S11000.glut_max.KF              	0.61942694	0.61976561	0.00085770189	
