pelvis_tilt.offset              	0.025684168	0.025638208	2.7823853e-05	
hip_flexion_r.offset            	0.07255401	0.072563826	2.5173742e-05	
knee_angle_r.offset             	0.0035300906	0.0035535108	2.6776905e-05	
ankle_angle_r.offset            	-0.058394001	-0.058395133	3.4811451e-05	
hip_flexion_l.offset            	-0.00061164692	-0.00062067086	4.9640409e-05	
knee_angle_l.offset             	0.059946824	0.059956071	3.8721758e-05	
ankle_angle_l.offset            	0.18579548	0.18582582	3.5957322e-05	
stance_load_threshold           	0.15145461	0.15139602	4.1024814e-05	
S00111.tib_ant.KL               	1.2707934	1.2715713	0.00070025794	
S00111.tib_ant.L0               	0.76136323	0.7613717	7.0902902e-05	
S00111.tib_ant.KS               	0.00015652	0.00016735427	1.7716821e-05	
S11000.tib_ant.KL               	1.2323428	1.2322878	0.000392261	
S11000.tib_ant.L0               	0.74209699	0.74206252	5.7957976e-05	
S11000.tib_ant.KS               	0.036603656	0.036650079	3.4018536e-05	
S11111.tib_ant-soleus.KF        	-0.11505426	-0.11503441	6.2071e-05	
S00111.soleus-tib_ant.KS        	-0.84865399	-0.84845802	0.00074633089	
S11000.soleus-tib_ant.KS        	-3.3912409	-3.3905299	0.0009089356	
S00111.gastroc-tib_ant.KS       	-0.32769563	-0.32735044	0.00054327786	
S11000.gastroc-tib_ant.KS       	-1.6444256	-1.6437297	0.00074289393	
S00111.tib_ant-gastroc.KS       	-0.00395169	-0.0036540631	0.0034684344	
S11000.tib_ant-gastroc.KS       	-0.00331551	-0.0035007407	0.0033900208	
S00111.tib_ant-soleus.KS        	-0.00346517	-0.0032206374	0.0035604099	
S11000.tib_ant-soleus.KS        	-0.00313645	-0.0034086669	0.0034091798	
S00111.gastroc.L0               	0.82409809	0.82377829	0.00029372213	
S00111.gastroc.KS               	0.17605388	0.17586654	0.00027062582	
S00111.soleus.L0                	0.95745326	0.95749785	0.00016964242	
S00111.soleus.KS                	0.15988125	0.15981818	0.0004173174	
S11000.gastroc.KL               	0.0086155225	0.0090492986	0.00036416585	
S11000.gastroc.L0               	0.50701771	0.50704406	0.00032247036	
S11000.gastroc.KF               	-1.7505139	-1.7495905	0.00075362033	
S11000.gastroc.KS               	0.25681206	0.25759736	0.00060337122	
S11000.soleus.KL                	0.78275108	0.78318178	0.0012210748	
S11000.soleus.L0                	0.88116115	0.88120202	0.00028720301	
S11000.soleus.KF                	-0.87950144	-0.87851772	0.0011376742	
S11000.soleus.KS                	0.11148699	0.10992304	0.00083045606	
S00011.vasti.KF                 	0.80965434	0.80954357	0.00016099936	
S00011.vasti.C0                 	0.084273624	0.084267205	3.3369454e-05	
S00011.vasti-knee_angle.pos_max 	-0.30966202	-0.30956568	5.5387487e-05	
S00011.hamstrings-pelvis_tilt.KP	0.73469768	0.73468086	0.00059369547	
S00011.hamstrings-pelvis_tilt.KV	0.57039755	0.57040485	3.2460085e-05	
S00011.hamstrings-pelvis_tilt.C0	0.026679748	0.02678876	6.210791e-05	
S00011.glut_max-pelvis_tilt.KP  	1.4683991	1.4680775	0.00053157126	
S00011.glut_max-pelvis_tilt.KV  	0.31115716	0.31119837	3.3561148e-05	
S00011.glut_max-pelvis_tilt.C0  	0.15357962	0.15361424	5.8029244e-05	
S00011.iliopsoas-pelvis_tilt.KP 	-3.5741764	-3.5744028	0.00088823864	
S00011.iliopsoas-pelvis_tilt.KV 	-0.54368483	-0.54371989	4.0059675e-05	
S00011.iliopsoas-pelvis_tilt.C0 	0.34474209	0.34476612	9.0879437e-05	
S00100.iliopsoas.C0             	0.33700846	0.33694229	4.7978037e-05	
S00100.glut_max.C0              	-0.024896737	-0.024873603	3.5885282e-05	
S11000.iliopsoas.KL             	0.56274647	0.5627563	3.9933955e-05	
S11000.iliopsoas.L0             	0.39063475	0.39063329	4.5402103e-05	
S11000.iliopsoas-pelvis_tilt.P0 	-0.045511038	-0.045534212	3.4951011e-05	
S11000.iliopsoas-pelvis_tilt.KP 	0.011212407	0.011397801	0.00016615425	
S11000.iliopsoas-pelvis_tilt.KV 	0.13873503	0.13873294	4.434018e-05	
S11000.iliopsoas-hamstrings.KL  	-8.2724881	-8.2752451	0.0014643024	
S11000.iliopsoas-hamstrings.L0  	1.1654519	1.1654905	3.3617058e-05	
S11000.hamstrings.KF            	0.57292406	0.57291403	3.2791166e-05	
S11000.glut_max.KF              	0.61909366	0.6191096	3.8738174e-05	
