pelvis_tilt.offset              	0.020345266	0.021229415	0.0012410791	
hip_flexion_r.offset            	0.068867872	0.069063879	0.0011726445	
knee_angle_r.offset             	0.0027440294	0.00042947642	0.0012832283	
ankle_angle_r.offset            	-0.058452866	-0.056751488	0.0016760797	
hip_flexion_l.offset            	-0.0055370464	-0.0037961773	0.0023807979	
knee_angle_l.offset             	0.058184777	0.057906316	0.0018323365	
ankle_angle_l.offset            	0.18785602	0.18745086	0.0017509066	
stance_load_threshold           	0.15294487	0.15168552	0.0019217262	
S00111.tib_ant.KL               	1.2277791	1.2384812	0.031903776	
S00111.tib_ant.L0               	0.76692756	0.7653577	0.0034401784	
S00111.tib_ant.KS               	0.00015652	0.00016334595	0.0013834278	
S11000.tib_ant.KL               	1.2011169	1.1935446	0.018178358	
S11000.tib_ant.L0               	0.73729352	0.73667514	0.0026526238	
S11000.tib_ant.KS               	0.036761284	0.035846351	0.0016943318	
S11111.tib_ant-soleus.KF        	-0.11160025	-0.1103778	0.0028805166	
S00111.soleus-tib_ant.KS        	-0.84210512	-0.85158476	0.03676241	
S11000.soleus-tib_ant.KS        	-3.3692022	-3.2500301	0.042468842	
S00111.gastroc-tib_ant.KS       	-0.33082429	-0.33724045	0.032015529	
S11000.gastroc-tib_ant.KS       	-1.6538031	-1.6950215	0.035372107	
S00111.tib_ant-gastroc.KS       	-0.00357534	-0.0037657903	0.27375496	
S11000.tib_ant-gastroc.KS       	-0.00331551	-0.003492873	0.26756861	
S00111.tib_ant-soleus.KS        	-0.00313515	-0.0031805816	0.28102362	
S11000.tib_ant-soleus.KS        	-0.0034666	-0.0033252641	0.26908579	
S00111.gastroc.L0               	0.82814976	0.83952721	0.014014504	
S00111.gastroc.KS               	0.17398612	0.17187564	0.015819057	
S00111.soleus.L0                	0.94545584	0.95665192	0.0080699687	
S00111.soleus.KS                	0.14946728	0.15820721	0.023111172	
S11000.gastroc.KL               	0.00925153	0.0085581838	0.027304173	
S11000.gastroc.L0               	0.50545523	0.52239264	0.014786951	
S11000.gastroc.KF               	-1.7858072	-1.8065065	0.034772932	
S11000.gastroc.KS               	0.27887874	0.2629188	0.03233229	
S11000.soleus.KL                	0.8243063	0.81318415	0.062046253	
S11000.soleus.L0                	0.89407296	0.89262146	0.013596964	
S11000.soleus.KF                	-0.87170468	-0.93171172	0.05764805	
S11000.soleus.KS                	0.1022613	0.10563371	0.050699256	
S00011.vasti.KF                 	0.82205185	0.81552191	0.0076032717	
S00011.vasti.C0                 	0.080699121	0.082231399	0.0017194577	
S00011.vasti-knee_angle.pos_max 	-0.30352534	-0.30470269	0.0026214471	
S00011.hamstrings-pelvis_tilt.KP	0.72946888	0.70479714	0.030242715	
S00011.hamstrings-pelvis_tilt.KV	0.56739979	0.56814519	0.0015310026	
S00011.hamstrings-pelvis_tilt.C0	0.02778807	0.026474928	0.0033571634	
S00011.glut_max-pelvis_tilt.KP  	1.5133115	1.4897283	0.024843537	
S00011.glut_max-pelvis_tilt.KV  	0.31264536	0.31417124	0.0015520233	
S00011.glut_max-pelvis_tilt.C0  	0.15619788	0.15728842	0.0026175055	
S00011.iliopsoas-pelvis_tilt.KP 	-3.566644	-3.5172414	0.041780828	
S00011.iliopsoas-pelvis_tilt.KV 	-0.54394838	-0.54315221	0.0019025254	
S00011.iliopsoas-pelvis_tilt.C0 	0.33485023	0.33232251	0.0040986249	
S00100.iliopsoas.C0             	0.33859982	0.33918893	0.0022593863	
S00100.glut_max.C0              	-0.024296412	-0.024783333	0.0017395504	
S11000.iliopsoas.KL             	0.55964205	0.56229906	0.0019293424	
S11000.iliopsoas.L0             	0.39069376	0.39063847	0.0021411537	
S11000.iliopsoas-pelvis_tilt.P0 	-0.043196625	-0.044403114	0.0017273594	
S11000.iliopsoas-pelvis_tilt.KP 	0.01082572	0.011538824	0.010991335	
S11000.iliopsoas-pelvis_tilt.KV 	0.1409901	0.14437107	0.0019838401	
S11000.iliopsoas-hamstrings.KL  	-8.3053146	-8.3266261	0.070665061	
S11000.iliopsoas-hamstrings.L0  	1.1662756	1.1655201	0.0016061858	
S11000.hamstrings.KF            	0.57311983	0.57389584	0.0015391188	
S11000.glut_max.KF              	0.620495	0.62148389	0.0017528527	
