pelvis_tilt.offset              	0.021696478	0.021643813	0.0011279722	
hip_flexion_r.offset            	0.069480842	0.069259947	0.0010656735	
knee_angle_r.offset             	0.00087584476	0.0014092792	0.0011718571	
ankle_angle_r.offset            	-0.055600239	-0.057109186	0.0015243597	
hip_flexion_l.offset            	-0.0030667772	-0.0049951249	0.0021675242	
knee_angle_l.offset             	0.057300811	0.058055459	0.0016637912	
ankle_angle_l.offset            	0.18664819	0.18801016	0.0015929556	
stance_load_threshold           	0.1536908	0.15168658	0.0017503384	
S00111.tib_ant.KL               	1.2145484	1.2332054	0.029039864	
S00111.tib_ant.L0               	0.76684996	0.76613652	0.0031310702	
S00111.tib_ant.KS               	0.000173	0.00016009176	0.0012523633	
S11000.tib_ant.KL               	1.2479039	1.1969317	0.016518985	
S11000.tib_ant.L0               	0.73610442	0.73628888	0.0024149415	
S11000.tib_ant.KS               	0.034284352	0.036784365	0.0015369026	
S11111.tib_ant-soleus.KF        	-0.106391	-0.10984655	0.0026187719	
S00111.soleus-tib_ant.KS        	-0.84246783	-0.84244569	0.033378585	
S11000.soleus-tib_ant.KS        	-3.2767763	-3.2547723	0.038711575	
S00111.gastroc-tib_ant.KS       	-0.32171493	-0.33145843	0.029011236	
S11000.gastroc-tib_ant.KS       	-1.6169244	-1.6575122	0.032189613	
S00111.tib_ant-gastroc.KS       	-0.00357534	-0.0037618619	0.24781966	
S11000.tib_ant-gastroc.KS       	-0.00331551	-0.0033951669	0.2422194	
S00111.tib_ant-soleus.KS        	-0.00313515	-0.0033304764	0.25439969	
S11000.tib_ant-soleus.KS        	-0.00313645	-0.003302812	0.24359283	
S00111.gastroc.L0               	0.80033439	0.82720042	0.012767052	
S00111.gastroc.KS               	0.16049832	0.16755951	0.014338184	
S00111.soleus.L0                	0.95644926	0.95712857	0.0073523398	
S00111.soleus.KS                	0.14946728	0.15927851	0.020938783	
S11000.gastroc.KL               	0.00925153	0.008878888	0.024717449	
S11000.gastroc.L0               	0.52607163	0.51936635	0.013446466	
S11000.gastroc.KF               	-1.763267	-1.8004144	0.031593407	
S11000.gastroc.KS               	0.27887874	0.26509122	0.029290775	
S11000.soleus.KL                	0.80261429	0.80683162	0.056264184	
S11000.soleus.L0                	0.91112273	0.89263429	0.012355583	
S11000.soleus.KF                	-0.86753488	-0.90318706	0.052313652	
S11000.soleus.KS                	0.11302564	0.10794875	0.04589863	
S00011.vasti.KF                 	0.80547061	0.81789015	0.0069094622	
S00011.vasti.C0                 	0.081482339	0.08212087	0.0015628908	
S00011.vasti-knee_angle.pos_max 	-0.30623105	-0.30586951	0.0023857577	
S00011.hamstrings-pelvis_tilt.KP	0.7013712	0.70451112	0.027484698	
S00011.hamstrings-pelvis_tilt.KV	0.56865351	0.5689871	0.0013926428	
S00011.hamstrings-pelvis_tilt.C0	0.02514159	0.026947297	0.0030409597	
S00011.glut_max-pelvis_tilt.KP  	1.5128577	1.4876252	0.022628125	
S00011.glut_max-pelvis_tilt.KV  	0.31497044	0.31422297	0.0014117982	
S00011.glut_max-pelvis_tilt.C0  	0.15451299	0.15791419	0.0023741807	
S00011.iliopsoas-pelvis_tilt.KP 	-3.5000392	-3.5045386	0.0380001	
S00011.iliopsoas-pelvis_tilt.KV 	-0.54162134	-0.54228779	0.0017283939	
S00011.iliopsoas-pelvis_tilt.C0 	0.32941183	0.33174967	0.0037252933	
S00100.iliopsoas.C0             	0.33748024	0.33712552	0.0020623745	
S00100.glut_max.C0              	-0.02588599	-0.024678001	0.0015774096	
S11000.iliopsoas.KL             	0.56152808	0.56191741	0.0017568377	
S11000.iliopsoas.L0             	0.38907119	0.39005204	0.0019522139	
S11000.iliopsoas-pelvis_tilt.P0 	-0.046178387	-0.044544803	0.001568862	
S11000.iliopsoas-pelvis_tilt.KP 	0.01082572	0.011258185	0.0099501685	
S11000.iliopsoas-pelvis_tilt.KV 	0.1446267	0.14259288	0.0018088288	
S11000.iliopsoas-hamstrings.KL  	-8.3404814	-8.3170612	0.06424854	
S11000.iliopsoas-hamstrings.L0  	1.164868	1.1658424	0.0014600808	
S11000.hamstrings.KF            	0.573544	0.57454815	0.0013968405	
S11000.glut_max.KF              	0.62349678	0.62160099	0.0015935902	
