pelvis_tilt.offset              	0.024392001	0.024156718	0.00039402892	
hip_flexion_r.offset            	0.069410734	0.069396493	0.00037170934	
knee_angle_r.offset             	0.0041414792	0.0042432729	0.0004167757	
ankle_angle_r.offset            	-0.058865358	-0.058631142	0.00053366471	
hip_flexion_l.offset            	-0.0013097696	-0.0032511727	0.00077278583	
knee_angle_l.offset             	0.058456769	0.05740806	0.00057763561	
ankle_angle_l.offset            	0.1886172	0.1885	0.00054874209	
stance_load_threshold           	0.14906168	0.14812251	0.00062137965	
S00111.tib_ant.KL               	1.2555338	1.2603184	0.010149959	
S00111.tib_ant.L0               	0.76527426	0.76698439	0.0011065154	
S00111.tib_ant.KS               	0.000173	0.00016819385	0.0003906169	
S11000.tib_ant.KL               	1.199247	1.2053336	0.0058123697	
S11000.tib_ant.L0               	0.7297942	0.7301823	0.00086427438	
S11000.tib_ant.KS               	0.036511857	0.03657613	0.00053212911	
S11111.tib_ant-soleus.KF        	-0.11157102	-0.11151161	0.00091637762	
S00111.soleus-tib_ant.KS        	-0.83601672	-0.84048068	0.011412306	
S11000.soleus-tib_ant.KS        	-3.2280792	-3.2415602	0.013387384	
S00111.gastroc-tib_ant.KS       	-0.32304206	-0.32786091	0.0093104861	
S11000.gastroc-tib_ant.KS       	-1.6571304	-1.647983	0.011192938	
S00111.tib_ant-gastroc.KS       	-0.00395169	-0.0037876638	0.077294361	
S11000.tib_ant-gastroc.KS       	-0.00366451	-0.0034567909	0.075547651	
S00111.tib_ant-soleus.KS        	-0.00313515	-0.0033329754	0.079346652	
S11000.tib_ant-soleus.KS        	-0.0034666	-0.0032453427	0.07597602	
S00111.gastroc.L0               	0.80725864	0.8085644	0.0044732712	
S00111.gastroc.KS               	0.17062182	0.17596749	0.0046167784	
S00111.soleus.L0                	0.95740052	0.95629466	0.0025461714	
S00111.soleus.KS                	0.15873736	0.15994727	0.0067591938	
S11000.gastroc.KL               	0.00925153	0.0089081443	0.0077104399	
S11000.gastroc.L0               	0.52254366	0.52924318	0.0046650802	
S11000.gastroc.KF               	-1.8276723	-1.8258949	0.011136261	
S11000.gastroc.KS               	0.27887874	0.26051843	0.0095548264	
S11000.soleus.KL                	0.78278578	0.79605219	0.018812323	
S11000.soleus.L0                	0.8940154	0.89168443	0.004373572	
S11000.soleus.KF                	-0.9005959	-0.93250176	0.017711012	
S11000.soleus.KS                	0.1022613	0.10777742	0.014396292	
S00011.vasti.KF                 	0.83016309	0.82624234	0.0024118163	
S00011.vasti.C0                 	0.08116373	0.080891379	0.00052398995	
S00011.vasti-knee_angle.pos_max 	-0.30359664	-0.30583504	0.0008311045	
S00011.hamstrings-pelvis_tilt.KP	0.71152477	0.70420723	0.0094331298	
S00011.hamstrings-pelvis_tilt.KV	0.57076431	0.57046549	0.00049512737	
S00011.hamstrings-pelvis_tilt.C0	0.027363151	0.026736435	0.00098617237	
S00011.glut_max-pelvis_tilt.KP  	1.5009204	1.516959	0.0078348113	
S00011.glut_max-pelvis_tilt.KV  	0.31432767	0.31449654	0.00049614556	
S00011.glut_max-pelvis_tilt.C0  	0.16076437	0.16164061	0.00084354553	
S00011.iliopsoas-pelvis_tilt.KP 	-3.4232238	-3.4164698	0.013519991	
S00011.iliopsoas-pelvis_tilt.KV 	-0.53869721	-0.53962378	0.00060850254	
S00011.iliopsoas-pelvis_tilt.C0 	0.33659436	0.33609291	0.0013178393	
S00100.iliopsoas.C0             	0.33795486	0.33767272	0.00073084324	
S00100.glut_max.C0              	-0.024886171	-0.024374227	0.00052720344	
S11000.iliopsoas.KL             	0.55740263	0.55810451	0.00061329375	
S11000.iliopsoas.L0             	0.38515529	0.38673352	0.00069012071	
S11000.iliopsoas-pelvis_tilt.P0 	-0.044175516	-0.043995425	0.00053589357	
S11000.iliopsoas-pelvis_tilt.KP 	0.01196527	0.011357728	0.003107711	
S11000.iliopsoas-pelvis_tilt.KV 	0.13924815	0.13911694	0.0006343908	
S11000.iliopsoas-hamstrings.KL  	-8.2415479	-8.2712268	0.022784824	
S11000.iliopsoas-hamstrings.L0  	1.168229	1.1678879	0.00051415854	
S11000.hamstrings.KF            	0.57252053	0.57256465	0.00048911651	
S11000.glut_max.KF              	0.62335216	0.62298053	0.00055913449	
