pelvis_tilt.offset              	0.024089574	0.024298246	0.00030314282	
hip_flexion_r.offset            	0.069409668	0.069470629	0.00028753506	
knee_angle_r.offset             	0.0041184347	0.0040050442	0.00032512126	
ankle_angle_r.offset            	-0.058030817	-0.058206174	0.00041280553	
hip_flexion_l.offset            	-0.003295327	-0.00326045	0.0005948941	
knee_angle_l.offset             	0.056797724	0.057310411	0.00044525417	
ankle_angle_l.offset            	0.18952384	0.18880587	0.00042419916	
stance_load_threshold           	0.14802762	0.14783627	0.00048199552	
S00111.tib_ant.KL               	1.2565207	1.2679327	0.0079092071	
S00111.tib_ant.L0               	0.76743736	0.76732657	0.00086099521	
S00111.tib_ant.KS               	0.000173	0.00016668941	0.00028967713	
S11000.tib_ant.KL               	1.2051909	1.2051601	0.0044956039	
S11000.tib_ant.L0               	0.72856935	0.72855361	0.0007005854	
S11000.tib_ant.KS               	0.03726336	0.036765136	0.00040758117	
S11111.tib_ant-soleus.KF        	-0.11255737	-0.11257989	0.00070786526	
S00111.soleus-tib_ant.KS        	-0.81827268	-0.82443776	0.0088695579	
S11000.soleus-tib_ant.KS        	-3.2217257	-3.2296893	0.010339617	
S00111.gastroc-tib_ant.KS       	-0.32364206	-0.32700321	0.0070065861	
S11000.gastroc-tib_ant.KS       	-1.6295737	-1.6313097	0.0086840403	
S00111.tib_ant-gastroc.KS       	-0.00395169	-0.0037079021	0.057319287	
S11000.tib_ant-gastroc.KS       	-0.00366451	-0.0034976503	0.056023975	
S00111.tib_ant-soleus.KS        	-0.00346517	-0.0034060515	0.058841201	
S11000.tib_ant-soleus.KS        	-0.0034666	-0.0033404909	0.056341638	
S00111.gastroc.L0               	0.81171588	0.81025266	0.0034744164	
S00111.gastroc.KS               	0.1727403	0.17512171	0.0034681328	
S00111.soleus.L0                	0.96053627	0.96087634	0.0019638127	
S00111.soleus.KS                	0.15908529	0.15716735	0.005152302	
S11000.gastroc.KL               	0.00837043	0.0087032438	0.0057188108	
S11000.gastroc.L0               	0.52322283	0.52637402	0.0036390051	
S11000.gastroc.KF               	-1.8488282	-1.8360058	0.0085786472	
S11000.gastroc.KS               	0.2700473	0.26993859	0.0073037874	
S11000.soleus.KL                	0.79520635	0.79612967	0.014504665	
S11000.soleus.L0                	0.88618861	0.89079033	0.0033877508	
S11000.soleus.KF                	-0.92292399	-0.91999592	0.01368368	
S11000.soleus.KS                	0.1022613	0.10899037	0.010741484	
S00011.vasti.KF                 	0.83140199	0.83097896	0.0018737695	
S00011.vasti.C0                 	0.08047629	0.080276482	0.00040083948	
S00011.vasti-knee_angle.pos_max 	-0.30459647	-0.30373331	0.00064850613	
S00011.hamstrings-pelvis_tilt.KP	0.68333717	0.69099793	0.0073100243	
S00011.hamstrings-pelvis_tilt.KV	0.57072316	0.57052883	0.00038518407	
S00011.hamstrings-pelvis_tilt.C0	0.026307683	0.026765911	0.00075671542	
S00011.glut_max-pelvis_tilt.KP  	1.5122495	1.5161352	0.0060776871	
S00011.glut_max-pelvis_tilt.KV  	0.31475025	0.31510132	0.00038597913	
S00011.glut_max-pelvis_tilt.C0  	0.15904087	0.1595886	0.00065508573	
S00011.iliopsoas-pelvis_tilt.KP 	-3.4074061	-3.4012605	0.010449871	
S00011.iliopsoas-pelvis_tilt.KV 	-0.54085957	-0.54043011	0.00047436785	
S00011.iliopsoas-pelvis_tilt.C0 	0.33703148	0.3383561	0.0010100345	
S00100.iliopsoas.C0             	0.33804777	0.33766491	0.00056574955	
S00100.glut_max.C0              	-0.024772608	-0.024233331	0.00040892349	
S11000.iliopsoas.KL             	0.55873711	0.55816535	0.00047593051	
S11000.iliopsoas.L0             	0.38641906	0.38696794	0.00053914817	
S11000.iliopsoas-pelvis_tilt.P0 	-0.044095592	-0.044213796	0.00041567154	
S11000.iliopsoas-pelvis_tilt.KP 	0.011583876	0.011269146	0.0023086332	
S11000.iliopsoas-pelvis_tilt.KV 	0.13881785	0.13845899	0.00048754427	
S11000.iliopsoas-hamstrings.KL  	-8.2419964	-8.2742153	0.017707	
S11000.iliopsoas-hamstrings.L0  	1.1676931	1.1680044	0.00039887412	
S11000.hamstrings.KF            	0.57316397	0.57318026	0.00037682706	
S11000.glut_max.KF              	0.62373633	0.6234789	0.0004314975	
