pelvis_tilt.offset              	0.024596624	0.024376284	0.00016407138	
hip_flexion_r.offset            	0.069673456	0.069671024	0.00015364589	
knee_angle_r.offset             	0.0039484142	0.0038918789	0.00017603416	
ankle_angle_r.offset            	-0.058236407	-0.058406318	0.00022224766	
hip_flexion_l.offset            	-0.0028788089	-0.0032445644	0.00032029221	
knee_angle_l.offset             	0.05747564	0.057408265	0.00024015224	
ankle_angle_l.offset            	0.18834289	0.18867319	0.00022976121	
stance_load_threshold           	0.14852802	0.14827581	0.00026002727	
S00111.tib_ant.KL               	1.2607744	1.2642451	0.0042726616	
S00111.tib_ant.L0               	0.768253	0.76829425	0.00046561113	
S00111.tib_ant.KS               	0.00015652	0.00015926118	0.0001478351	
S11000.tib_ant.KL               	1.2075675	1.2081259	0.0024078042	
S11000.tib_ant.L0               	0.73019056	0.72956091	0.00037732374	
S11000.tib_ant.KS               	0.036823019	0.036632568	0.00021750134	
S11111.tib_ant-soleus.KF        	-0.11276927	-0.11221779	0.0003756759	
S00111.soleus-tib_ant.KS        	-0.82151233	-0.82885744	0.0047447826	
S11000.soleus-tib_ant.KS        	-3.2186909	-3.2238713	0.0055870601	
S00111.gastroc-tib_ant.KS       	-0.32971378	-0.3282897	0.0036609872	
S11000.gastroc-tib_ant.KS       	-1.6384158	-1.6372735	0.0046717854	
S00111.tib_ant-gastroc.KS       	-0.00395169	-0.0037395689	0.029249781	
S11000.tib_ant-gastroc.KS       	-0.00331551	-0.0036044768	0.028588785	
S00111.tib_ant-soleus.KS        	-0.00346517	-0.0032572466	0.030026393	
S11000.tib_ant-soleus.KS        	-0.00313645	-0.0033193485	0.028750882	
S00111.gastroc.L0               	0.80707173	0.80835187	0.0018947914	
S00111.gastroc.KS               	0.17739288	0.17648811	0.0018177192	
S00111.soleus.L0                	0.96123698	0.96069037	0.0010540853	
S00111.soleus.KS                	0.15753027	0.15677894	0.0027454088	
S11000.gastroc.KL               	0.00837043	0.0088184198	0.0029204159	
S11000.gastroc.L0               	0.52492181	0.5259689	0.0019693749	
S11000.gastroc.KF               	-1.8548273	-1.8477333	0.0046501099	
S11000.gastroc.KS               	0.26482812	0.26463958	0.0039233039	
S11000.soleus.KL                	0.77162717	0.777132	0.0077879577	
S11000.soleus.L0                	0.88464797	0.88768463	0.0018351505	
S11000.soleus.KF                	-0.91156309	-0.92648396	0.0073746329	
S11000.soleus.KS                	0.10737786	0.10948216	0.005583084	
S00011.vasti.KF                 	0.83041903	0.82986561	0.0010085667	
S00011.vasti.C0                 	0.081007043	0.080853185	0.00021343096	
S00011.vasti-knee_angle.pos_max 	-0.30498258	-0.30500477	0.000352874	
S00011.hamstrings-pelvis_tilt.KP	0.67906877	0.68360624	0.0039552165	
S00011.hamstrings-pelvis_tilt.KV	0.5709471	0.57122592	0.00020760799	
S00011.hamstrings-pelvis_tilt.C0	0.02514159	0.025770797	0.00040430204	
S00011.glut_max-pelvis_tilt.KP  	1.5128351	1.5153394	0.003277168	
S00011.glut_max-pelvis_tilt.KV  	0.31588045	0.31551399	0.00020828796	
S00011.glut_max-pelvis_tilt.C0  	0.15891547	0.15917487	0.00035275536	
S00011.iliopsoas-pelvis_tilt.KP 	-3.4019234	-3.3950297	0.0057229184	
S00011.iliopsoas-pelvis_tilt.KV 	-0.54114952	-0.54113692	0.00025832434	
S00011.iliopsoas-pelvis_tilt.C0 	0.33766896	0.33804101	0.00054740029	
S00100.iliopsoas.C0             	0.33703827	0.33758474	0.00030260565	
S00100.glut_max.C0              	-0.023840651	-0.023707441	0.00021995733	
S11000.iliopsoas.KL             	0.55872617	0.55859733	0.00025611438	
S11000.iliopsoas.L0             	0.38756211	0.38718038	0.00028821494	
S11000.iliopsoas-pelvis_tilt.P0 	-0.044706246	-0.044719631	0.00022683389	
S11000.iliopsoas-pelvis_tilt.KP 	0.01196527	0.011531733	0.0011849253	
S11000.iliopsoas-pelvis_tilt.KV 	0.1385882	0.1381904	0.00026043499	
S11000.iliopsoas-hamstrings.KL  	-8.2686286	-8.2696951	0.0094545866	
S11000.iliopsoas-hamstrings.L0  	1.1684742	1.1683559	0.00021450068	
S11000.hamstrings.KF            	0.57315945	0.57295863	0.00020388488	
S11000.glut_max.KF              	0.62332948	0.62358255	0.00023395622	
