pelvis_tilt.offset              	0.019400794	0.019602927	0.0010824561	
hip_flexion_r.offset            	0.066968559	0.067282241	0.0010089793	
knee_angle_r.offset             	0.00054189828	0.00021252513	0.0011072061	
ankle_angle_r.offset            	-0.055471271	-0.058324258	0.0014457607	
hip_flexion_l.offset            	-0.0070777891	-0.0076916231	0.00206162	
knee_angle_l.offset             	0.062189738	0.059686775	0.0015781797	
ankle_angle_l.offset            	0.18996722	0.18856585	0.0015341901	
stance_load_threshold           	0.15405527	0.15459644	0.0016727125	
S00111.tib_ant.KL               	1.2809579	1.25794	0.027695863	
S00111.tib_ant.L0               	0.76059227	0.76430073	0.0030054482	
S00111.tib_ant.KS               	0.00015652	0.00016168151	0.0011506696	
S11000.tib_ant.KL               	1.1626732	1.1772621	0.015771322	
S11000.tib_ant.L0               	0.74063894	0.74315269	0.0022965284	
S11000.tib_ant.KS               	0.036746325	0.036864965	0.0014388254	
S11111.tib_ant-soleus.KF        	-0.10582381	-0.10949475	0.0024905784	
S00111.soleus-tib_ant.KS        	-0.89402901	-0.84164499	0.031369403	
S11000.soleus-tib_ant.KS        	-3.349718	-3.3121243	0.036637722	
S00111.gastroc-tib_ant.KS       	-0.32220109	-0.32875249	0.026835156	
S11000.gastroc-tib_ant.KS       	-1.6751106	-1.6576504	0.030767616	
S00111.tib_ant-gastroc.KS       	-0.00395169	-0.0038121585	0.22769603	
S11000.tib_ant-gastroc.KS       	-0.00331551	-0.0035506095	0.22255052	
S00111.tib_ant-soleus.KS        	-0.00313515	-0.0032520211	0.23374174	
S11000.tib_ant-soleus.KS        	-0.0034666	-0.0033443107	0.22381244	
S00111.gastroc.L0               	0.80963229	0.81355314	0.012055266	
S00111.gastroc.KF               	1.4133762	1.4126677	0.0015573832	
S00111.gastroc.KS               	0.17739288	0.17247067	0.013270716	
S00111.soleus.L0                	1.0161734	1.0134624	0.0072423627	
S00111.soleus.KF                	0.23129782	0.23168842	0.0022553013	
S00111.soleus.KS                	0.16520068	0.1564542	0.019295944	
S11000.gastroc.KL               	0.00837043	0.0085976824	0.022710564	
S11000.gastroc.L0               	0.54513934	0.52853648	0.012755929	
S11000.gastroc.KF               	-1.8425074	-1.8289315	0.029943221	
S11000.gastroc.KS               	0.25231886	0.26248962	0.027053651	
S11000.soleus.KL                	0.81906313	0.79529072	0.052132116	
S11000.soleus.L0                	0.90536203	0.90624426	0.011787269	
S11000.soleus.KF                	-0.95885434	-0.9154418	0.048710356	
S11000.soleus.KS                	0.1022613	0.10845711	0.042189975	
S00011.vasti.KF                 	0.80755451	0.81314715	0.0065483886	
S00011.vasti.C0                 	0.0835241	0.081432551	0.0014777082	
S00011.vasti-knee_angle.pos_max 	-0.30990016	-0.31336455	0.0022773061	
S00011.hamstrings-pelvis_tilt.KP	0.68448649	0.69468299	0.025769698	
S00011.hamstrings-pelvis_tilt.KV	0.57143146	0.56919229	0.0013334528	
S00011.hamstrings-pelvis_tilt.C0	0.02617171	0.026368611	0.0028081077	
S00011.glut_max-pelvis_tilt.KP  	1.489941	1.4791224	0.021422516	
S00011.glut_max-pelvis_tilt.KV  	0.31590477	0.31236343	0.0013582334	
S00011.glut_max-pelvis_tilt.C0  	0.15344485	0.15495694	0.0022767103	
S00011.iliopsoas-pelvis_tilt.KP 	-3.5421271	-3.5134856	0.036264135	
S00011.iliopsoas-pelvis_tilt.KV 	-0.54425943	-0.54442145	0.0016428167	
S00011.iliopsoas-pelvis_tilt.C0 	0.33430193	0.33474302	0.0035610826	
S00100.iliopsoas.C0             	0.33592613	0.33711769	0.0019437441	
S00100.glut_max.C0              	-0.024429275	-0.024984738	0.001466642	
S11000.iliopsoas.KL             	0.56178616	0.56169428	0.0016715408	
S11000.iliopsoas.L0             	0.3821795	0.38673247	0.0018640502	
S11000.iliopsoas-pelvis_tilt.P0 	-0.043248897	-0.045019483	0.0014755624	
S11000.iliopsoas-pelvis_tilt.KP 	0.01082572	0.011661815	0.0091431285	
S11000.iliopsoas-pelvis_tilt.KV 	0.15088489	0.14849812	0.0017283784	
S11000.iliopsoas-hamstrings.KL  	-8.2040293	-8.2494871	0.061116608	
S11000.iliopsoas-hamstrings.L0  	1.1703992	1.1691467	0.0013907717	
S11000.hamstrings.KF            	0.57549678	0.57446822	0.0013253605	
S11000.glut_max.KF              	0.62521181	0.62391113	0.0015115883	
