pelvis_tilt.offset              	0.019822596	0.019869022	0.00010698737	
hip_flexion_r.offset            	0.06719571	0.067168924	0.00010024703	
knee_angle_r.offset             	-0.00013710842	-0.00015479338	0.00011037489	
ankle_angle_r.offset            	-0.056759735	-0.056683227	0.00014035551	
hip_flexion_l.offset            	-0.0052620882	-0.0051439676	0.00020190744	
knee_angle_l.offset             	0.060908657	0.060764809	0.00016180838	
ankle_angle_l.offset            	0.19091964	0.19064115	0.00015405416	
stance_load_threshold           	0.15308388	0.15304693	0.0001629785	
S00111.tib_ant.KL               	1.2781933	1.28319	0.0026497987	
S00111.tib_ant.L0               	0.76212069	0.76262455	0.0002930666	
S00111.tib_ant.KS               	0.00015652	0.00016855258	8.0417638e-05	
S11000.tib_ant.KL               	1.1690014	1.1700325	0.0015497885	
S11000.tib_ant.L0               	0.73466399	0.73412826	0.00022677596	
S11000.tib_ant.KS               	0.034476441	0.034551901	0.00014040121	
S11111.tib_ant-soleus.KF        	-0.11293414	-0.11333125	0.00024120883	
S00111.soleus-tib_ant.KS        	-0.8434613	-0.84647174	0.0030501415	
S11000.soleus-tib_ant.KS        	-3.3601682	-3.3584216	0.0037520083	
S00111.gastroc-tib_ant.KS       	-0.33305018	-0.33414727	0.0022290498	
S11000.gastroc-tib_ant.KS       	-1.6320718	-1.6364562	0.0030628231	
S00111.tib_ant-gastroc.KS       	-0.00357534	-0.0038180095	0.015902238	
S11000.tib_ant-gastroc.KS       	-0.00331551	-0.0035182376	0.01554286	
S00111.tib_ant-soleus.KS        	-0.00313515	-0.0032708424	0.01632443	
S11000.tib_ant-soleus.KS        	-0.0034666	-0.0033176527	0.015630981	
S00111.gastroc.L0               	0.80379954	0.80333886	0.0011124109	
S00111.gastroc.KF               	1.4142384	1.4140579	0.00015490994	
S00111.gastroc.KS               	0.17510696	0.17541068	0.0011438301	
S00111.soleus.L0                	1.0105824	1.0097059	0.00067392267	
S00111.soleus.KF                	0.23230768	0.23199822	0.00022459521	
S00111.soleus.KS                	0.15920686	0.16130395	0.0016972267	
S11000.gastroc.KL               	0.00837043	0.0087651916	0.0015935588	
S11000.gastroc.L0               	0.52431714	0.524125	0.0012346587	
S11000.gastroc.KF               	-1.857319	-1.8567424	0.0029639215	
S11000.gastroc.KS               	0.25746653	0.25532096	0.0023812364	
S11000.soleus.KL                	0.78602964	0.7851845	0.0047939343	
S11000.soleus.L0                	0.93007936	0.92890781	0.0011750517	
S11000.soleus.KF                	-0.90183417	-0.90735391	0.0046151841	
S11000.soleus.KS                	0.10515858	0.10589101	0.003225911	
S00011.vasti.KF                 	0.82934587	0.82931144	0.00064968898	
S00011.vasti.C0                 	0.08024984	0.080331401	0.00014753397	
S00011.vasti-knee_angle.pos_max 	-0.31544232	-0.3154483	0.00022934035	
S00011.hamstrings-pelvis_tilt.KP	0.71141719	0.7118952	0.0025402965	
S00011.hamstrings-pelvis_tilt.KV	0.57067264	0.57089925	0.00013608092	
S00011.hamstrings-pelvis_tilt.C0	0.02743388	0.027324372	0.00024765415	
S00011.glut_max-pelvis_tilt.KP  	1.5163782	1.5141235	0.0021326573	
S00011.glut_max-pelvis_tilt.KV  	0.31421002	0.31434862	0.00013146647	
S00011.glut_max-pelvis_tilt.C0  	0.1537966	0.15370869	0.00022605318	
S00011.iliopsoas-pelvis_tilt.KP 	-3.5391153	-3.5459013	0.0035975073	
S00011.iliopsoas-pelvis_tilt.KV 	-0.5430873	-0.54295093	0.00016543648	
S00011.iliopsoas-pelvis_tilt.C0 	0.33218825	0.33249296	0.00034924731	
S00100.iliopsoas.C0             	0.33658703	0.33674332	0.00019138561	
S00100.glut_max.C0              	-0.024034667	-0.024040749	0.00013774994	
S11000.iliopsoas.KL             	0.55917992	0.55905361	0.00016814775	
S11000.iliopsoas.L0             	0.37609299	0.37576994	0.00020040725	
S11000.iliopsoas-pelvis_tilt.P0 	-0.044944659	-0.044867566	0.00014505955	
S11000.iliopsoas-pelvis_tilt.KP 	0.011492656	0.011225024	0.00066114548	
S11000.iliopsoas-pelvis_tilt.KV 	0.15157246	0.15150633	0.00017219585	
S11000.iliopsoas-hamstrings.KL  	-8.1924821	-8.1978927	0.006168649	
S11000.iliopsoas-hamstrings.L0  	1.168908	1.1687793	0.00013933893	
S11000.hamstrings.KF            	0.57138586	0.57136414	0.00013398761	
S11000.glut_max.KF              	0.62557143	0.62541989	0.00015439451	
