pelvis_tilt.offset              	0.020282883	0.020249988	2.8937219e-05	
hip_flexion_r.offset            	0.067239997	0.067195671	2.5602567e-05	
knee_angle_r.offset             	-9.7209158e-05	-8.8694625e-05	2.7803783e-05	
ankle_angle_r.offset            	-0.056297042	-0.05629564	3.5944013e-05	
hip_flexion_l.offset            	-0.0047374063	-0.0047553907	5.2272204e-05	
knee_angle_l.offset             	0.060222573	0.060285929	4.1180073e-05	
ankle_angle_l.offset            	0.19086256	0.19085012	3.9775811e-05	
stance_load_threshold           	0.15321842	0.15329477	4.1565975e-05	
S00111.tib_ant.KL               	1.2861065	1.2856425	0.00067758406	
S00111.tib_ant.L0               	0.76252044	0.76262571	7.2915013e-05	
S00111.tib_ant.KS               	0.00015948654	0.00016375268	1.509166e-05	
S11000.tib_ant.KL               	1.1670313	1.1669875	0.00039676794	
S11000.tib_ant.L0               	0.73422964	0.73422509	5.8336153e-05	
S11000.tib_ant.KS               	0.034687875	0.03473624	3.5670825e-05	
S11111.tib_ant-soleus.KF        	-0.11320367	-0.11321086	6.0926869e-05	
S00111.soleus-tib_ant.KS        	-0.84642712	-0.84708476	0.0007822858	
S11000.soleus-tib_ant.KS        	-3.3470723	-3.3477294	0.00093229032	
S00111.gastroc-tib_ant.KS       	-0.33759821	-0.33709153	0.00054945434	
S11000.gastroc-tib_ant.KS       	-1.6327679	-1.6327882	0.00077134091	
S00111.tib_ant-gastroc.KS       	-0.00395169	-0.0037546027	0.0029148889	
S11000.tib_ant-gastroc.KS       	-0.00331551	-0.0035470522	0.0028488785	
S00111.tib_ant-soleus.KS        	-0.00346517	-0.0032164594	0.002991944	
S11000.tib_ant-soleus.KS        	-0.0034666	-0.0032762458	0.0028649495	
S00111.gastroc.L0               	0.80417046	0.80442203	0.00028130543	
S00111.gastroc.KF               	1.4135378	1.413544	4.0758057e-05	
S00111.gastroc.KS               	0.17364134	0.17383102	0.00029168627	
S00111.soleus.L0                	1.0102622	1.0102561	0.00016672642	
S00111.soleus.KF                	0.23197586	0.23198258	5.6405177e-05	
S00111.soleus.KS                	0.16264116	0.16285668	0.00043534793	
S11000.gastroc.KL               	0.00925153	0.0090126714	0.00032287	
S11000.gastroc.L0               	0.52635538	0.52636954	0.00032062145	
S11000.gastroc.KF               	-1.8605755	-1.8611823	0.00076129134	
S11000.gastroc.KS               	0.26168351	0.26226966	0.000612127	
S11000.soleus.KL                	0.80753941	0.80648674	0.0012555412	
S11000.soleus.L0                	0.92664013	0.92708411	0.0003041191	
S11000.soleus.KF                	-0.92153158	-0.91997899	0.0012007518	
S11000.soleus.KS                	0.10471488	0.10516057	0.00078738996	
S00011.vasti.KF                 	0.8300672	0.82998661	0.00016315863	
S00011.vasti.C0                 	0.07992329	0.079956825	3.5193186e-05	
S00011.vasti-knee_angle.pos_max 	-0.31487442	-0.31475928	5.944759e-05	
S00011.hamstrings-pelvis_tilt.KP	0.71082457	0.71135486	0.00065362059	
S00011.hamstrings-pelvis_tilt.KV	0.57077479	0.57077789	3.4637588e-05	
S00011.hamstrings-pelvis_tilt.C0	0.027656616	0.027700587	6.1613701e-05	
S00011.glut_max-pelvis_tilt.KP  	1.5099964	1.5100909	0.00054044777	
S00011.glut_max-pelvis_tilt.KV  	0.31378417	0.31378919	3.423779e-05	
S00011.glut_max-pelvis_tilt.C0  	0.15454922	0.15449237	5.7192927e-05	
S00011.iliopsoas-pelvis_tilt.KP 	-3.539742	-3.5406161	0.00091842011	
S00011.iliopsoas-pelvis_tilt.KV 	-0.54233255	-0.54237848	4.3929825e-05	
S00011.iliopsoas-pelvis_tilt.C0 	0.33135108	0.33139796	9.086997e-05	
S00100.iliopsoas.C0             	0.33667074	0.33674703	4.8187957e-05	
S00100.glut_max.C0              	-0.024132148	-0.024152006	3.5166138e-05	
S11000.iliopsoas.KL             	0.55940171	0.55937273	4.2850575e-05	
S11000.iliopsoas.L0             	0.37694192	0.37689582	5.4076215e-05	
S11000.iliopsoas-pelvis_tilt.P0 	-0.045242598	-0.045161353	3.6682993e-05	
S11000.iliopsoas-pelvis_tilt.KP 	0.011208525	0.011231787	0.0001546164	
S11000.iliopsoas-pelvis_tilt.KV 	0.15178766	0.15178283	4.4313532e-05	
S11000.iliopsoas-hamstrings.KL  	-8.2068647	-8.2069172	0.0016212555	
S11000.iliopsoas-hamstrings.L0  	1.1690767	1.1691093	3.6270294e-05	
S11000.hamstrings.KF            	0.57154354	0.57148133	3.4525123e-05	
S11000.glut_max.KF              	0.62505909	0.62513695	4.0194298e-05	
