pelvis_tilt.offset              	0.021027188	0.021414942	0.00090191236	
hip_flexion_r.offset            	0.06840859	0.068434305	0.00085054326	
knee_angle_r.offset             	-0.00025736149	0.00073079776	0.00093609164	
ankle_angle_r.offset            	-0.058824477	-0.056768752	0.001209663	
hip_flexion_l.offset            	-0.0057114671	-0.0031616869	0.0017213954	
knee_angle_l.offset             	0.059424911	0.060073194	0.0013333804	
ankle_angle_l.offset            	0.18568066	0.18750032	0.0012720913	
stance_load_threshold           	0.15845693	0.15431618	0.0014072265	
S00111.tib_ant.KL               	1.2797252	1.2921733	0.023156405	
S00111.tib_ant.L0               	0.7598066	0.76083305	0.0024859111	
S00111.tib_ant.KS               	0.000173	0.00016506562	0.00097836374	
S11000.tib_ant.KL               	1.20872	1.2304619	0.013245032	
S11000.tib_ant.L0               	0.73607659	0.73687018	0.0019176254	
S11000.tib_ant.KS               	0.03726336	0.035888036	0.0012167106	
S11111.tib_ant-soleus.KF        	-0.11158274	-0.11251969	0.002108525	
S00111.soleus-tib_ant.KS        	-0.85529211	-0.85800763	0.026488497	
S11000.soleus-tib_ant.KS        	-3.2930015	-3.2960411	0.030934669	
S00111.gastroc-tib_ant.KS       	-0.35557966	-0.35455206	0.022641281	
S11000.gastroc-tib_ant.KS       	-1.6946857	-1.6756255	0.025669714	
S00111.tib_ant-gastroc.KS       	-0.00395169	-0.0038139017	0.19359994	
S11000.tib_ant-gastroc.KS       	-0.00366451	-0.0035413387	0.18922494	
S00111.tib_ant-soleus.KS        	-0.00346517	-0.0032933196	0.19874034	
S11000.tib_ant-soleus.KS        	-0.0034666	-0.0033294951	0.19029789	
S00111.gastroc.KL               	0.083127688	0.077843576	0.024209415	
S00111.gastroc.L0               	0.85165947	0.85904235	0.010264905	
S00111.gastroc.KF               	1.4113141	1.4094762	0.0012989284	
S00111.soleus.KL                	4.0301728	4.0198201	0.022765894	
S00111.soleus.L0                	0.97223306	0.97676392	0.0058790564	
S00111.soleus.KF                	0.22864587	0.228492	0.0018786459	
S11000.gastroc.KL               	0.00925153	0.0088253604	0.019309773	
S11000.gastroc.L0               	0.52331563	0.52179054	0.01070081	
S11000.gastroc.KF               	-1.7749135	-1.807734	0.025153558	
S11000.soleus.KL                	0.79832157	0.81242982	0.044337338	
S11000.soleus.L0                	0.8926577	0.90857289	0.0098294085	
S11000.soleus.KF                	-0.86753488	-0.94405151	0.041222621	
S00011.vasti.KF                 	0.82442861	0.82819777	0.0055341017	
S00011.vasti.C0                 	0.082237194	0.084097986	0.0012384708	
S00011.vasti-knee_angle.pos_max 	-0.30502048	-0.30306689	0.0019167087	
S00011.hamstrings-pelvis_tilt.KP	0.72175186	0.72134886	0.021728767	
S00011.hamstrings-pelvis_tilt.KV	0.5649932	0.56558631	0.0011106313	
S00011.hamstrings-pelvis_tilt.C0	0.027203681	0.026863202	0.0023858313	
S00011.glut_max-pelvis_tilt.KP  	1.5316783	1.5187761	0.017909895	
S00011.glut_max-pelvis_tilt.KV  	0.3148616	0.31379904	0.0011275011	
S00011.glut_max-pelvis_tilt.C0  	0.15742267	0.15793653	0.0019031462	
S00011.iliopsoas-pelvis_tilt.KP 	-3.5334078	-3.5513943	0.030522193	
S00011.iliopsoas-pelvis_tilt.KV 	-0.54316974	-0.54330369	0.0013835573	
S00011.iliopsoas-pelvis_tilt.C0 	0.32777102	0.32808677	0.0029894465	
S00100.iliopsoas.C0             	0.34426176	0.34078202	0.0016478196	
S00100.glut_max.C0              	-0.02511135	-0.024662835	0.0012436874	
S11000.iliopsoas.KL             	0.56351083	0.56379895	0.0014053513	
S11000.iliopsoas.L0             	0.39184962	0.39051079	0.0015608172	
S11000.iliopsoas-pelvis_tilt.P0 	-0.045940399	-0.044383035	0.0012479959	
S11000.iliopsoas-pelvis_tilt.KP 	0.01196527	0.011587939	0.0077739389	
S11000.iliopsoas-pelvis_tilt.KV 	0.14666337	0.14759498	0.0014391479	
S11000.iliopsoas-hamstrings.KL  	-8.2574264	-8.2328713	0.05097194	
S11000.iliopsoas-hamstrings.L0  	1.1652881	1.1665857	0.0011628372	
S11000.hamstrings.KF            	0.57691238	0.57465101	0.0011243215	
S11000.glut_max.KF              	0.62202223	0.6212166	0.001266576	
