pelvis_tilt.offset              	0.022324261	0.021497288	0.0010607665	
hip_flexion_r.offset            	0.069095601	0.07037973	0.00099780315	
knee_angle_r.offset             	0.002081461	0.0012209938	0.0010879606	
ankle_angle_r.offset            	-0.058558421	-0.057605664	0.0014297425	
hip_flexion_l.offset            	-0.0099327787	-0.0086518489	0.0020313623	
knee_angle_l.offset             	0.059181849	0.058387026	0.0015628008	
ankle_angle_l.offset            	0.18704453	0.18656028	0.0014932372	
stance_load_threshold           	0.15049265	0.15063753	0.0016420371	
S00111.tib_ant.KL               	1.2505522	1.2580082	0.027376186	
S00111.tib_ant.L0               	0.76629858	0.76470662	0.0029269153	
S00111.tib_ant.KS               	0.000173	0.00016416714	0.0011658243	
S11000.tib_ant.KL               	1.1852309	1.1954085	0.015474585	
S11000.tib_ant.L0               	0.74020888	0.74214756	0.0022694313	
S11000.tib_ant.KS               	0.036374301	0.036534524	0.0014353599	
S11111.tib_ant-soleus.KF        	-0.10644373	-0.1087786	0.0024537554	
S11000.soleus-tib_ant.KS        	-3.1850337	-3.2149759	0.036611009	
S11000.gastroc-tib_ant.KS       	-1.7062842	-1.6625733	0.030289697	
S00111.tib_ant-gastroc.KS       	-0.00395169	-0.0038187062	0.2306951	
S11000.tib_ant-gastroc.KS       	-0.00331551	-0.0034853716	0.22548182	
S00111.tib_ant-soleus.KS        	-0.00346517	-0.0033084227	0.23682044	
S11000.tib_ant-soleus.KS        	-0.0034666	-0.0032183447	0.22676035	
S00111.gastroc.KL               	0.08315732	0.077815295	0.028841383	
S00111.gastroc.L0               	0.8405224	0.83201468	0.011925541	
S00111.gastroc.KF               	1.4117546	1.4114883	0.0015294331	
S00111.gastroc.KS               	0.17739288	0.17185138	0.013362964	
S00111.soleus.KL                	3.962214	3.9796659	0.026716422	
S00111.soleus.L0                	0.9696953	0.9771486	0.0068367595	
S00111.soleus.KF                	0.22649224	0.22949502	0.0022149926	
S00111.soleus.KS                	0.14946728	0.15780429	0.019501117	
S11000.gastroc.KL               	0.00925153	0.0087474623	0.023009486	
S11000.gastroc.L0               	0.5297948	0.52993096	0.012569748	
S11000.gastroc.KF               	-1.7773828	-1.8119177	0.029788389	
S11000.gastroc.KS               	0.26023345	0.26805326	0.027298922	
S11000.soleus.KL                	0.81563813	0.80565174	0.052490409	
S11000.soleus.L0                	0.91189992	0.90729532	0.011615654	
S11000.soleus.KF                	-0.8716516	-0.91463177	0.048862202	
S11000.soleus.KS                	0.11302564	0.10598755	0.042731719	
S00011.vasti.KF                 	0.80333284	0.80755154	0.0065340365	
S00011.vasti.C0                 	0.083329257	0.082050168	0.0014615228	
S00011.vasti-knee_angle.pos_max 	-0.30295476	-0.30307044	0.0022470751	
S00011.hamstrings-pelvis_tilt.KP	0.73080261	0.70567966	0.025683089	
S00011.hamstrings-pelvis_tilt.KV	0.56758578	0.56583061	0.0013033432	
S00011.hamstrings-pelvis_tilt.C0	0.02514159	0.026877954	0.0028345232	
S00011.glut_max-pelvis_tilt.KP  	1.4878639	1.4663008	0.021180812	
S00011.glut_max-pelvis_tilt.KV  	0.31370114	0.31455738	0.0013207636	
S00011.glut_max-pelvis_tilt.C0  	0.16235553	0.16321413	0.0022351502	
S00011.iliopsoas-pelvis_tilt.KP 	-3.4997242	-3.5017713	0.035551315	
S00011.iliopsoas-pelvis_tilt.KV 	-0.5415172	-0.54281051	0.0016229791	
S00011.iliopsoas-pelvis_tilt.C0 	0.33034046	0.32893158	0.0035070362	
S00100.iliopsoas.C0             	0.3391342	0.33874654	0.0019220524	
S00100.glut_max.C0              	-0.024344705	-0.024812865	0.0014713503	
S11000.iliopsoas.KL             	0.56416628	0.56124876	0.001642381	
S11000.iliopsoas.L0             	0.39254367	0.39385338	0.0018279446	
S11000.iliopsoas-pelvis_tilt.P0 	-0.04199752	-0.044129566	0.0014693743	
S11000.iliopsoas-pelvis_tilt.KP 	0.011631113	0.011419881	0.0092628244	
S11000.iliopsoas-pelvis_tilt.KV 	0.1447932	0.14592046	0.0016974019	
S11000.iliopsoas-hamstrings.KL  	-8.2683518	-8.1770598	0.059961686	
S11000.iliopsoas-hamstrings.L0  	1.1637635	1.1654349	0.0013664531	
S11000.hamstrings.KF            	0.57398631	0.57364967	0.0013175248	
S11000.glut_max.KF              	0.62386282	0.62279281	0.0014920838	
