pelvis_tilt.offset              	0.017129479	0.017170232	0.00048896131	
hip_flexion_r.offset            	0.068199037	0.068542227	0.0004598395	
knee_angle_r.offset             	0.00030889647	-7.8954309e-05	0.0004987232	
ankle_angle_r.offset            	-0.056669979	-0.056950987	0.00064941864	
hip_flexion_l.offset            	-0.015805167	-0.015921572	0.00095263761	
knee_angle_l.offset             	0.050059449	0.050815637	0.00072598784	
ankle_angle_l.offset            	0.19095482	0.19151204	0.00069211499	
stance_load_threshold           	0.15690845	0.15520095	0.00074922107	
S00111.tib_ant.KL               	1.2742956	1.2787834	0.0121042	
S00111.tib_ant.L0               	0.75218314	0.752004	0.0013085707	
S00111.tib_ant.KS               	0.00015652	0.00016469121	0.00048051107	
S11000.tib_ant.KL               	1.1523828	1.1550715	0.0071249993	
S11000.tib_ant.L0               	0.73717307	0.73790006	0.0010265175	
S11000.tib_ant.KS               	0.036087333	0.036046477	0.00063926428	
S11111.tib_ant-soleus.KF        	-0.11294796	-0.1111701	0.0011343147	
S00111.soleus-tib_ant.KS        	-0.83125755	-0.85581797	0.013784341	
S11000.soleus-tib_ant.KS        	-3.3370125	-3.3493845	0.016675823	
S00111.gastroc-tib_ant.KS       	-0.33457379	-0.33846908	0.011620891	
S11000.gastroc-tib_ant.KS       	-1.6591102	-1.6470335	0.013625254	
S00111.tib_ant-gastroc.KS       	-0.00357534	-0.0037468493	0.095083136	
S11000.tib_ant-gastroc.KS       	-0.00366451	-0.0035730473	0.092934433	
S00111.tib_ant-soleus.KS        	-0.00313515	-0.0032601469	0.097607748	
S11000.tib_ant-soleus.KS        	-0.00313645	-0.0033490833	0.093461391	
S00111.gastroc.KL               	0.08315732	0.08040953	0.011931591	
S00111.gastroc.L0               	0.83382448	0.85046451	0.0053893653	
S00111.gastroc.KS               	0.17463163	0.16966017	0.0057296695	
S00111.soleus.KL                	4.037226	4.0343271	0.012105847	
S00111.soleus.L0                	0.99060587	0.98596065	0.0031842554	
S00111.soleus.KS                	0.16085338	0.15443285	0.0082151449	
S11000.gastroc.KL               	0.00925153	0.0088217209	0.0094844198	
S11000.gastroc.L0               	0.52900915	0.52825579	0.0056100058	
S11000.gastroc.KF               	-1.7752527	-1.7588433	0.013651105	
S11000.gastroc.KS               	0.27887874	0.27342789	0.011570364	
S11000.soleus.KL                	0.76235452	0.80007699	0.022807016	
S11000.soleus.L0                	0.92568723	0.92822834	0.005330437	
S11000.soleus.KF                	-0.91560329	-0.91224629	0.021481638	
S11000.soleus.KS                	0.1022613	0.1083938	0.017670252	
S00011.vasti.KF                 	0.84944752	0.84988514	0.0029856117	
S00011.vasti.C0                 	0.082448879	0.082477658	0.00066112732	
S00011.vasti-knee_angle.pos_max 	-0.30705244	-0.30774864	0.0010276983	
S00011.hamstrings-pelvis_tilt.KP	0.69582976	0.69258988	0.011465407	
S00011.hamstrings-pelvis_tilt.KV	0.56975641	0.56932928	0.00060107014	
S00011.hamstrings-pelvis_tilt.C0	0.02731215	0.026694357	0.0012045459	
S00011.glut_max-pelvis_tilt.KP  	1.4915582	1.4931212	0.0096928193	
S00011.glut_max-pelvis_tilt.KV  	0.32008402	0.31949883	0.00061143938	
S00011.glut_max-pelvis_tilt.C0  	0.16342719	0.16294112	0.0010300846	
S00011.iliopsoas-pelvis_tilt.KP 	-3.4903609	-3.4901845	0.016348731	
S00011.iliopsoas-pelvis_tilt.KV 	-0.54003194	-0.53857953	0.00075367271	
S00011.iliopsoas-pelvis_tilt.C0 	0.34164339	0.34056427	0.0016053085	
S00100.iliopsoas.C0             	0.33896039	0.33717888	0.0008651977	
S00100.glut_max.C0              	-0.023694358	-0.02433897	0.00064181568	
S11000.iliopsoas.KL             	0.56288735	0.56302553	0.00075708435	
S11000.iliopsoas.L0             	0.39084288	0.38921018	0.00083384649	
S11000.iliopsoas-pelvis_tilt.P0 	-0.045211344	-0.045166743	0.00065587603	
S11000.iliopsoas-pelvis_tilt.KP 	0.01196527	0.011181205	0.0038209443	
S11000.iliopsoas-pelvis_tilt.KV 	0.14438061	0.1437919	0.00078009667	
S11000.iliopsoas-hamstrings.KL  	-8.2835199	-8.300714	0.027628003	
S11000.iliopsoas-hamstrings.L0  	1.1733029	1.173347	0.00064169487	
S11000.hamstrings.KF            	0.5746099	0.57468218	0.00059325253	
S11000.glut_max.KF              	0.62388747	0.62274041	0.00068757506	
