pelvis_tilt.offset              	0.019336569	0.020587748	0.001315106	
hip_flexion_r.offset            	0.069310551	0.069193998	0.0012409728	
knee_angle_r.offset             	0.0013842026	0.00072693771	0.0013591276	
ankle_angle_r.offset            	-0.056445499	-0.055905189	0.0017760667	
hip_flexion_l.offset            	-0.01162032	-0.0075596627	0.0025204299	
knee_angle_l.offset             	0.059446443	0.057298092	0.0019436445	
ankle_angle_l.offset            	0.18359451	0.18839323	0.001854103	
stance_load_threshold           	0.14725997	0.15288488	0.002040812	
S00111.tib_ant.KL               	1.2354266	1.2513239	0.033840947	
S00111.tib_ant.L0               	0.76251785	0.76254613	0.0036352835	
S00111.tib_ant.KS               	0.000173	0.00016566444	0.0014704707	
S11000.tib_ant.KL               	1.204573	1.1941589	0.019226205	
S11000.tib_ant.L0               	0.74093594	0.73813859	0.00281631	
S11000.tib_ant.KS               	0.037141528	0.036163386	0.0017972642	
S11111.tib_ant-soleus.KF        	-0.10853506	-0.1120591	0.0030574751	
S00111.soleus-tib_ant.KS        	-0.80888339	-0.84995233	0.039047591	
S11000.soleus-tib_ant.KS        	-3.28449	-3.2964741	0.044940382	
S00111.gastroc-tib_ant.KS       	-0.35557966	-0.34862142	0.034012942	
S11000.gastroc-tib_ant.KS       	-1.7285306	-1.6852081	0.03750138	
S00111.tib_ant-gastroc.KS       	-0.00357534	-0.0037870957	0.29097918	
S11000.tib_ant-gastroc.KS       	-0.00331551	-0.0035112744	0.28440359	
S00111.tib_ant-soleus.KS        	-0.00346517	-0.0032225276	0.29870516	
S11000.tib_ant-soleus.KS        	-0.00313645	-0.00325947	0.28601622	
S00111.gastroc.KL               	0.08315732	0.078459971	0.036368798	
S00111.gastroc.L0               	0.81816149	0.84238934	0.014862107	
S00111.gastroc.KF               	1.4092395	1.4109132	0.0018973523	
S00111.soleus.KL                	4.0545045	4.0142558	0.033167947	
S00111.soleus.L0                	0.95013675	0.96583687	0.008522122	
S00111.soleus.KF                	0.23380639	0.22920176	0.0027522728	
S11000.gastroc.KL               	0.00925153	0.0088958251	0.029022082	
S11000.gastroc.L0               	0.51809703	0.52458346	0.015680973	
S11000.gastroc.KF               	-1.8309579	-1.8301624	0.036905891	
S11000.gastroc.KS               	0.27887874	0.26202137	0.034360836	
S11000.soleus.KL                	0.7631955	0.78988131	0.065926669	
S11000.soleus.L0                	0.9083432	0.89609382	0.014371449	
S11000.soleus.KF                	-0.95885434	-0.91186773	0.061219327	
S11000.soleus.KS                	0.11302564	0.10845854	0.053887439	
S00011.vasti.KF                 	0.81254969	0.81620872	0.0080586481	
S00011.vasti.C0                 	0.083191887	0.083603683	0.0018217656	
S00011.vasti-knee_angle.pos_max 	-0.30620336	-0.30656602	0.0027963448	
S00011.hamstrings-pelvis_tilt.KP	0.70538257	0.70837313	0.032108992	
S00011.hamstrings-pelvis_tilt.KV	0.56786494	0.56721957	0.0016243821	
S00011.hamstrings-pelvis_tilt.C0	0.02778807	0.026638116	0.0035677531	
S00011.glut_max-pelvis_tilt.KP  	1.460679	1.4861151	0.026398783	
S00011.glut_max-pelvis_tilt.KV  	0.31684259	0.31498243	0.0016481591	
S00011.glut_max-pelvis_tilt.C0  	0.16035302	0.16205007	0.0027748478	
S00011.iliopsoas-pelvis_tilt.KP 	-3.4571813	-3.493435	0.04432456	
S00011.iliopsoas-pelvis_tilt.KV 	-0.5439732	-0.54305618	0.0020204488	
S00011.iliopsoas-pelvis_tilt.C0 	0.33767478	0.33270499	0.0043672513	
S00100.iliopsoas.C0             	0.33940741	0.3386807	0.0023892574	
S00100.glut_max.C0              	-0.023692557	-0.024487143	0.0018481215	
S11000.iliopsoas.KL             	0.56384581	0.56295839	0.0020480952	
S11000.iliopsoas.L0             	0.39263779	0.3898541	0.0022698411	
S11000.iliopsoas-pelvis_tilt.P0 	-0.045864794	-0.04492682	0.0018316247	
S11000.iliopsoas-pelvis_tilt.KP 	0.01082572	0.01135815	0.011682817	
S11000.iliopsoas-pelvis_tilt.KV 	0.14397348	0.14438669	0.0021068085	
S11000.iliopsoas-hamstrings.KL  	-8.3568758	-8.3188053	0.074604161	
S11000.iliopsoas-hamstrings.L0  	1.1661412	1.1672971	0.0017040567	
S11000.hamstrings.KF            	0.57234658	0.57566248	0.0016320287	
S11000.glut_max.KF              	0.6194053	0.62107524	0.001855297	
