pelvis_tilt.offset              	0.015195767	0.018806339	0.0011679138	
hip_flexion_r.offset            	0.068902716	0.067988605	0.0010872742	
knee_angle_r.offset             	0.0030845613	0.0024699661	0.0012047065	
ankle_angle_r.offset            	-0.052814773	-0.054588892	0.001563485	
hip_flexion_l.offset            	-0.0025612081	-0.0053162817	0.0022223505	
knee_angle_l.offset             	0.05977428	0.057998205	0.0017074886	
ankle_angle_l.offset            	0.1855288	0.1852368	0.0016414635	
stance_load_threshold           	0.15221251	0.15102042	0.0018076399	
S00111.tib_ant.KL               	1.281611	1.2770166	0.029716708	
S00111.tib_ant.L0               	0.75202644	0.75446527	0.0032233488	
S00111.tib_ant.KS               	0.00015652	0.0001653326	0.0012552251	
S11000.tib_ant.KL               	1.2255975	1.2232682	0.017083492	
S11000.tib_ant.L0               	0.73486646	0.73790499	0.0024783572	
S11000.tib_ant.KS               	0.036339232	0.035908952	0.0015594466	
S11111.tib_ant-soleus.KF        	-0.11200694	-0.10985735	0.0026786454	
S00111.soleus-tib_ant.KS        	-0.87544847	-0.8476275	0.034059976	
S11000.soleus-tib_ant.KS        	-3.2970011	-3.2737348	0.039449418	
S00111.gastroc-tib_ant.KS       	-0.34157569	-0.35371319	0.029116179	
S11000.gastroc-tib_ant.KS       	-1.7092533	-1.6884681	0.033244431	
S00111.tib_ant-gastroc.KS       	-0.00357534	-0.003771413	0.2483857	
S11000.tib_ant-gastroc.KS       	-0.00331551	-0.0035150728	0.24277264	
S00111.tib_ant-soleus.KS        	-0.00313515	-0.0032712268	0.25498075	
S11000.tib_ant-soleus.KS        	-0.00313645	-0.003239236	0.24414922	
S00111.gastroc.KL               	0.08315732	0.077719557	0.031061214	
S00111.gastroc.L0               	0.81869933	0.83409056	0.013048276	
S00111.gastroc.KF               	1.410946	1.4111075	0.0016765867	
S00111.soleus.KL                	4.0518062	4.0411112	0.029319032	
S00111.soleus.L0                	0.91939494	0.92623146	0.0077726592	
S00111.soleus.KF                	0.22181741	0.22426786	0.0024557052	
S11000.gastroc.KL               	0.00925153	0.0090650451	0.024774091	
S11000.gastroc.L0               	0.53557464	0.52057191	0.013723142	
S11000.gastroc.KF               	-1.837782	-1.8281262	0.032413249	
S11000.gastroc.KS               	0.27271237	0.26199306	0.029487223	
S11000.soleus.KL                	0.8240327	0.81825742	0.056871972	
S11000.soleus.L0                	0.85744991	0.88638976	0.012603898	
S11000.soleus.KF                	-0.89462787	-0.91359691	0.053070804	
S11000.soleus.KS                	0.1022613	0.10650773	0.046017201	
S00011.vasti.KF                 	0.79310671	0.80166314	0.00710367	
S00011.vasti.C0                 	0.082781457	0.08292966	0.0016025878	
S00011.vasti-knee_angle.pos_max 	-0.30942051	-0.30844146	0.002460423	
S00011.hamstrings-pelvis_tilt.KP	0.73593116	0.71204766	0.02799078	
S00011.hamstrings-pelvis_tilt.KV	0.56400462	0.5663022	0.0014313321	
S00011.hamstrings-pelvis_tilt.C0	0.027388011	0.026773904	0.0030586665	
S00011.glut_max-pelvis_tilt.KP  	1.5437185	1.5031659	0.023161145	
S00011.glut_max-pelvis_tilt.KV  	0.3177947	0.31466776	0.0014530944	
S00011.glut_max-pelvis_tilt.C0  	0.16616801	0.16529723	0.0024472441	
S00011.iliopsoas-pelvis_tilt.KP 	-3.4893456	-3.4715324	0.03882412	
S00011.iliopsoas-pelvis_tilt.KV 	-0.53795869	-0.5414623	0.0017818138	
S00011.iliopsoas-pelvis_tilt.C0 	0.33073177	0.33110756	0.003839971	
S00100.iliopsoas.C0             	0.33650809	0.33680174	0.002095183	
S00100.glut_max.C0              	-0.02588599	-0.024281203	0.0015944794	
S11000.iliopsoas.KL             	0.56396137	0.56332096	0.0017995941	
S11000.iliopsoas.L0             	0.38802532	0.38722843	0.0020155416	
S11000.iliopsoas-pelvis_tilt.P0 	-0.045219369	-0.04385545	0.001601922	
S11000.iliopsoas-pelvis_tilt.KP 	0.01082572	0.011361276	0.0099736931	
S11000.iliopsoas-pelvis_tilt.KV 	0.14468922	0.14137911	0.0018605813	
S11000.iliopsoas-hamstrings.KL  	-8.4101139	-8.361413	0.066106353	
S11000.iliopsoas-hamstrings.L0  	1.1630977	1.1646959	0.0015002147	
S11000.hamstrings.KF            	0.5744273	0.57487407	0.0014416256	
S11000.glut_max.KF              	0.61803167	0.61818378	0.0016399229	
