pelvis_tilt.offset              	0.020607521	0.020865457	0.00020432361	
hip_flexion_r.offset            	0.068186638	0.068126589	0.0002009367	
knee_angle_r.offset             	-0.0017832096	-0.0020601399	0.000225296	
ankle_angle_r.offset            	-0.057747913	-0.057622491	0.00028853363	
hip_flexion_l.offset            	-0.0070496249	-0.0074049064	0.00041663198	
knee_angle_l.offset             	0.060043287	0.059624026	0.0003102307	
ankle_angle_l.offset            	0.18722223	0.1868857	0.00029466159	
stance_load_threshold           	0.15611858	0.15665693	0.00033538851	
S00111.tib_ant.KL               	1.2562764	1.2583917	0.005479749	
S00111.tib_ant.L0               	0.74875825	0.74985109	0.00059774606	
S00111.tib_ant.KS               	0.000173	0.00016363402	0.00017980887	
S11000.tib_ant.KL               	1.2120296	1.2165313	0.0031313868	
S11000.tib_ant.L0               	0.73633659	0.73671698	0.00044963631	
S11000.tib_ant.KS               	0.034932672	0.034566865	0.00027794402	
S11111.tib_ant-soleus.KF        	-0.10647163	-0.10722914	0.00046404165	
S00111.soleus-tib_ant.KS        	-0.87875798	-0.88055228	0.005656896	
S11000.soleus-tib_ant.KS        	-3.2482064	-3.2433856	0.0073062541	
S00111.gastroc-tib_ant.KS       	-0.3233066	-0.33494696	0.0050176458	
S11000.gastroc-tib_ant.KS       	-1.6200188	-1.6280295	0.0060403824	
S00111.tib_ant-gastroc.KS       	-0.00357534	-0.003817654	0.035575259	
S11000.tib_ant-gastroc.KS       	-0.00366451	-0.0035169474	0.034771318	
S00111.tib_ant-soleus.KS        	-0.00313515	-0.0033189421	0.036519825	
S11000.tib_ant-soleus.KS        	-0.0034666	-0.0033611871	0.034968474	
S00111.gastroc.KL               	0.077831181	0.079400901	0.0046246922	
S00111.gastroc.L0               	0.83078584	0.83430111	0.0024140633	
S00111.gastroc.KF               	1.4079793	1.4078032	0.00030211661	
S00111.soleus.KL                	4.0930418	4.087669	0.0055642745	
S00111.soleus.L0                	0.95536505	0.95722885	0.0013508926	
S00111.soleus.KF                	0.22857496	0.22758225	0.0004424306	
S11000.gastroc.KL               	0.00925153	0.0088556014	0.0035522295	
S11000.gastroc.L0               	0.5081806	0.51116482	0.0025549879	
S11000.gastroc.KF               	-1.8144393	-1.8161777	0.0059257948	
S11000.soleus.KL                	0.7761354	0.7818072	0.009916804	
S11000.soleus.L0                	0.8967225	0.89446861	0.0022434761	
S11000.soleus.KF                	-0.92747267	-0.93828018	0.0092238526	
S00011.vasti.KF                 	0.83784237	0.83473726	0.0012749836	
S00011.vasti.C0                 	0.081822453	0.081910979	0.00028856167	
S00011.vasti-knee_angle.pos_max 	-0.30900452	-0.30857979	0.00045546122	
S00011.hamstrings-pelvis_tilt.KP	0.70522939	0.70759808	0.0050362506	
S00011.hamstrings-pelvis_tilt.KV	0.56540258	0.56557263	0.00025966914	
S00011.hamstrings-pelvis_tilt.C0	0.027645872	0.02677214	0.00051258389	
S00011.glut_max-pelvis_tilt.KP  	1.4940136	1.4928181	0.0043772496	
S00011.glut_max-pelvis_tilt.KV  	0.31147361	0.31159107	0.00026780545	
S00011.glut_max-pelvis_tilt.C0  	0.16537417	0.16562517	0.00044062076	
S00011.iliopsoas-pelvis_tilt.KP 	-3.5141408	-3.5156232	0.0071369993	
S00011.iliopsoas-pelvis_tilt.KV 	-0.54700965	-0.54715969	0.00032392023	
S00011.iliopsoas-pelvis_tilt.C0 	0.34085298	0.34155617	0.00071274173	
S00100.iliopsoas.C0             	0.33810994	0.3385176	0.00038690927	
S00100.glut_max.C0              	-0.02427237	-0.024427696	0.00027580683	
S11000.iliopsoas.KL             	0.55790275	0.55752118	0.00032200201	
S11000.iliopsoas.L0             	0.39781214	0.39729032	0.00036740964	
S11000.iliopsoas-pelvis_tilt.P0 	-0.044885623	-0.044721241	0.00028504858	
S11000.iliopsoas-pelvis_tilt.KP 	0.01082572	0.011147407	0.0014421228	
S11000.iliopsoas-pelvis_tilt.KV 	0.14359162	0.14347441	0.00033485919	
S11000.iliopsoas-hamstrings.KL  	-8.2521514	-8.2343234	0.011758797	
S11000.iliopsoas-hamstrings.L0  	1.164913	1.1648221	0.00027061944	
S11000.hamstrings.KF            	0.57434605	0.57440881	0.00025973029	
S11000.glut_max.KF              	0.62134216	0.62141176	0.00029934722	
