pelvis_tilt.offset              	0.032096824	0.031615949	0.00038659763	
hip_flexion_r.offset            	0.072272177	0.072675946	0.00033224104	
knee_angle_r.offset             	0.0010032711	0.00090993804	0.00036131286	
ankle_angle_r.offset            	-0.052938797	-0.052577592	0.00046945359	
hip_flexion_l.offset            	-0.0039732336	-0.0046295508	0.00066505946	
knee_angle_l.offset             	0.055596091	0.055886729	0.00050788588	
ankle_angle_l.offset            	0.18333552	0.1834369	0.0004891601	
stance_load_threshold           	0.15697324	0.15759445	0.0005403749	
S00111.tib_ant.KL               	1.2605423	1.2639988	0.0087951747	
S00111.tib_ant.L0               	0.75616435	0.75751682	0.00095522021	
S00111.tib_ant.KS               	0.000173	0.00016472351	0.00032500581	
S11000.tib_ant.KL               	1.2015304	1.2049376	0.0050750794	
S11000.tib_ant.L0               	0.72361309	0.72480315	0.00077286236	
S11000.tib_ant.KS               	0.035674099	0.035333266	0.00044963368	
S11111.tib_ant-soleus.KF        	-0.10970509	-0.10894915	0.00078901072	
S00111.soleus-tib_ant.KS        	-0.8620188	-0.85415564	0.0098137114	
S11000.soleus-tib_ant.KS        	-3.3243808	-3.3217068	0.011751985	
S00111.gastroc-tib_ant.KS       	-0.32424392	-0.32566007	0.0078057946	
S11000.gastroc-tib_ant.KS       	-1.6873719	-1.6728469	0.0096695665	
S00111.tib_ant-gastroc.KS       	-0.00395169	-0.0038030353	0.064310753	
S11000.tib_ant-gastroc.KS       	-0.00366451	-0.0035246243	0.062857448	
S00111.tib_ant-soleus.KS        	-0.00346517	-0.0032608891	0.066018304	
S11000.tib_ant-soleus.KS        	-0.00313645	-0.0033425849	0.06321386	
S00111.gastroc.L0               	0.83316747	0.83164019	0.003885462	
S00111.gastroc.KS               	0.17651643	0.17489085	0.0038769517	
S00111.soleus.L0                	0.94015082	0.93856429	0.0022915423	
S00111.soleus.KS                	0.15718196	0.15582143	0.0056878944	
S11000.gastroc.KL               	0.0086456099	0.0089242218	0.006415631	
S11000.gastroc.L0               	0.51862036	0.51595324	0.0040761438	
S11000.gastroc.KF               	-1.8113042	-1.800383	0.0097378238	
S11000.gastroc.KS               	0.26179615	0.26445293	0.0080867958	
S11000.soleus.KL                	0.78290344	0.78477253	0.015997716	
S11000.soleus.L0                	0.89382192	0.89736886	0.0037934436	
S11000.soleus.KF                	-0.95885434	-0.93974686	0.015169227	
S11000.soleus.KS                	0.1097114	0.10653	0.012001159	
S00011.vasti.KF                 	0.80454626	0.80466177	0.0021074624	
S00011.vasti.C0                 	0.085951457	0.085200838	0.00045612824	
S00011.vasti-knee_angle.pos_max 	-0.31904138	-0.31784524	0.00076865436	
S00011.hamstrings-pelvis_tilt.KP	0.72113837	0.712641	0.0080843308	
S00011.hamstrings-pelvis_tilt.KV	0.56750148	0.56678316	0.00041610734	
S00011.hamstrings-pelvis_tilt.C0	0.02778807	0.027127526	0.00083593217	
S00011.glut_max-pelvis_tilt.KP  	1.5358715	1.5291366	0.0068201941	
S00011.glut_max-pelvis_tilt.KV  	0.31290091	0.31275363	0.00043603453	
S00011.glut_max-pelvis_tilt.C0  	0.15576512	0.15716933	0.00073027494	
S00011.iliopsoas-pelvis_tilt.KP 	-3.6212966	-3.6026346	0.011747102	
S00011.iliopsoas-pelvis_tilt.KV 	-0.54922423	-0.54869629	0.00054031754	
S00011.iliopsoas-pelvis_tilt.C0 	0.33240375	0.33180065	0.0011305859	
S00100.iliopsoas.C0             	0.33698948	0.33717499	0.00063008411	
S00100.glut_max.C0              	-0.024286172	-0.024760883	0.00045368695	
S11000.iliopsoas.KL             	0.56155659	0.56184759	0.000530837	
S11000.iliopsoas.L0             	0.39478549	0.3942057	0.00059811703	
S11000.iliopsoas-pelvis_tilt.P0 	-0.045077935	-0.044595984	0.0004626975	
S11000.iliopsoas-pelvis_tilt.KP 	0.01196527	0.011411824	0.0025870529	
S11000.iliopsoas-pelvis_tilt.KV 	0.13821178	0.13881088	0.00055078859	
S11000.iliopsoas-hamstrings.KL  	-8.316855	-8.3130976	0.019797988	
S11000.iliopsoas-hamstrings.L0  	1.1646766	1.1649993	0.00043771466	
S11000.hamstrings.KF            	0.57146517	0.5717949	0.00043021137	
S11000.glut_max.KF              	0.62240013	0.62253309	0.00048825995	
