pelvis_tilt.offset              	0.030346495	0.03043268	0.00020523223	
hip_flexion_r.offset            	0.072527541	0.072503156	0.00017106098	
knee_angle_r.offset             	0.0021660432	0.0021248917	0.00019146626	
ankle_angle_r.offset            	-0.053628653	-0.053231793	0.00024494683	
hip_flexion_l.offset            	-0.0050729183	-0.0044872205	0.00035409524	
knee_angle_l.offset             	0.058722592	0.058713364	0.00027516713	
ankle_angle_l.offset            	0.18419767	0.18437741	0.00025420351	
stance_load_threshold           	0.15728838	0.15760802	0.00028135325	
S00111.tib_ant.KL               	1.2490386	1.2521631	0.0045717058	
S00111.tib_ant.L0               	0.7603823	0.76049062	0.00049727105	
S00111.tib_ant.KS               	0.00015652	0.00016519434	0.00014126455	
S11000.tib_ant.KL               	1.2086107	1.21346	0.0026496458	
S11000.tib_ant.L0               	0.72618903	0.72575275	0.00040420993	
S11000.tib_ant.KS               	0.034248912	0.034524515	0.0002345563	
S11111.tib_ant-soleus.KF        	-0.11032134	-0.11087286	0.00041190668	
S00111.soleus-tib_ant.KS        	-0.85871726	-0.86188061	0.0050279909	
S11000.soleus-tib_ant.KS        	-3.3313896	-3.3240184	0.006085948	
S00111.gastroc-tib_ant.KS       	-0.32228484	-0.32224566	0.0035266243	
S11000.gastroc-tib_ant.KS       	-1.6773274	-1.6703981	0.0051413857	
S00111.tib_ant-gastroc.KS       	-0.00395169	-0.0037738368	0.027944683	
S11000.tib_ant-gastroc.KS       	-0.00366451	-0.0034715552	0.02731317	
S00111.tib_ant-soleus.KS        	-0.00313515	-0.0033309457	0.028686622	
S11000.tib_ant-soleus.KS        	-0.0034666	-0.0033256113	0.027468028	
S00111.gastroc.L0               	0.82990046	0.83285246	0.0019878045	
S00111.gastroc.KS               	0.17739288	0.17619698	0.0017528134	
S00111.soleus.L0                	0.93796532	0.93958668	0.0011948735	
S00111.soleus.KS                	0.15695865	0.15777342	0.0027973812	
S11000.gastroc.KL               	0.00837043	0.0089312847	0.0027934118	
S11000.gastroc.L0               	0.50208174	0.50315845	0.0021478707	
S11000.gastroc.KF               	-1.8247596	-1.8215703	0.0049867026	
S11000.gastroc.KS               	0.27565951	0.27318347	0.0040777468	
S11000.soleus.KL                	0.76235452	0.77589475	0.0080257531	
S11000.soleus.L0                	0.90024788	0.90072392	0.0019677284	
S11000.soleus.KF                	-0.92948677	-0.92934849	0.0075345512	
S11000.soleus.KS                	0.11302564	0.10867347	0.0054819812	
S00011.vasti.KF                 	0.81436601	0.81370938	0.0011219872	
S00011.vasti.C0                 	0.083033071	0.083136006	0.00023571201	
S00011.vasti-knee_angle.pos_max 	-0.31775975	-0.31813335	0.00039238638	
S00011.hamstrings-pelvis_tilt.KP	0.71485746	0.71499792	0.0042112636	
S00011.hamstrings-pelvis_tilt.KV	0.5671414	0.56700262	0.00021421295	
S00011.hamstrings-pelvis_tilt.C0	0.026335004	0.026171766	0.00041865592	
S00011.glut_max-pelvis_tilt.KP  	1.5302744	1.5393261	0.0035371469	
S00011.glut_max-pelvis_tilt.KV  	0.31325763	0.31364602	0.00022927431	
S00011.glut_max-pelvis_tilt.C0  	0.1549954	0.15474851	0.00038125134	
S00011.iliopsoas-pelvis_tilt.KP 	-3.6008332	-3.607781	0.006118111	
S00011.iliopsoas-pelvis_tilt.KV 	-0.54800829	-0.5483559	0.00027628378	
S00011.iliopsoas-pelvis_tilt.C0 	0.33116304	0.33121144	0.0005862335	
S00100.iliopsoas.C0             	0.33901534	0.33864577	0.0003372506	
S00100.glut_max.C0              	-0.025279089	-0.024924801	0.00023299096	
S11000.iliopsoas.KL             	0.56173602	0.56157955	0.00027501281	
S11000.iliopsoas.L0             	0.39275189	0.39351457	0.0003129774	
S11000.iliopsoas-pelvis_tilt.P0 	-0.043224903	-0.043255083	0.00024378388	
S11000.iliopsoas-pelvis_tilt.KP 	0.01082572	0.011342437	0.0011439307	
S11000.iliopsoas-pelvis_tilt.KV 	0.14034502	0.13994177	0.00028940764	
S11000.iliopsoas-hamstrings.KL  	-8.3446683	-8.3358702	0.010094243	
S11000.iliopsoas-hamstrings.L0  	1.164064	1.1640897	0.00022492378	
S11000.hamstrings.KF            	0.57080176	0.57102025	0.00022138854	
S11000.glut_max.KF              	0.62312402	0.62328183	0.00025350901	
