pelvis_tilt.offset              	0.021964247	0.020227722	0.0014114785	
hip_flexion_r.offset            	0.070360547	0.069989914	0.0013276437	
knee_angle_r.offset             	0.0014670835	0.0014107438	0.0014591237	
ankle_angle_r.offset            	-0.056195223	-0.057378056	0.0019020273	
hip_flexion_l.offset            	-0.0097187362	-0.006712578	0.0026999739	
knee_angle_l.offset             	0.05470241	0.056138924	0.0020796276	
ankle_angle_l.offset            	0.18448668	0.18670422	0.0019878471	
stance_load_threshold           	0.15048028	0.15125095	0.0021868358	
S00111.tib_ant.KL               	1.2654912	1.268018	0.03624096	
S00111.tib_ant.L0               	0.74938148	0.75478092	0.0039092373	
S00111.tib_ant.KS               	0.000173	0.00015895495	0.0015699152	
S11000.tib_ant.KL               	1.1384466	1.1746137	0.020616059	
S11000.tib_ant.L0               	0.73829582	0.73865678	0.0030201087	
S11000.tib_ant.KS               	0.03726336	0.035706261	0.001920671	
S11111.tib_ant-soleus.KF        	-0.11513351	-0.11152213	0.0032788143	
S00111.soleus-tib_ant.KS        	-0.80888339	-0.86721691	0.041744473	
S11000.soleus-tib_ant.KS        	-3.1664112	-3.2026978	0.048269237	
S00111.gastroc-tib_ant.KS       	-0.34712159	-0.34016241	0.036336121	
S11000.gastroc-tib_ant.KS       	-1.6776909	-1.6833773	0.040158746	
S00111.tib_ant-gastroc.KS       	-0.00357534	-0.0037237295	0.3106574	
S11000.tib_ant-gastroc.KS       	-0.00366451	-0.0035303147	0.30363712	
S00111.tib_ant-soleus.KS        	-0.00313515	-0.0032952236	0.31890588	
S11000.tib_ant-soleus.KS        	-0.0034666	-0.0033289794	0.30535881	
S00111.gastroc.KL               	0.08315732	0.078120048	0.0388298	
S00111.gastroc.L0               	0.81247884	0.85173263	0.015887518	
S00111.gastroc.KS               	0.16049832	0.16353021	0.017952592	
S00111.soleus.KL                	4.0097185	3.9890882	0.035466228	
S00111.soleus.L0                	0.97558148	0.96476771	0.0091408888	
S00111.soleus.KS                	0.14946728	0.15422706	0.026224574	
S11000.gastroc.KL               	0.00837043	0.0087243427	0.030984792	
S11000.gastroc.L0               	0.52123118	0.52963135	0.016760344	
S11000.gastroc.KF               	-1.8360809	-1.7629588	0.039685139	
S11000.gastroc.KS               	0.25388365	0.27049209	0.036689051	
S11000.soleus.KL                	0.76235452	0.80622528	0.070403231	
S11000.soleus.L0                	0.8894355	0.89722824	0.015421769	
S11000.soleus.KF                	-0.91826106	-0.90350645	0.065405944	
S11000.soleus.KS                	0.10521331	0.10746063	0.057532831	
S00011.vasti.KF                 	0.84362202	0.83122813	0.008654779	
S00011.vasti.C0                 	0.086002829	0.084013732	0.001948309	
S00011.vasti-knee_angle.pos_max 	-0.30654084	-0.3045064	0.0029806383	
S00011.hamstrings-pelvis_tilt.KP	0.69741349	0.69119556	0.034318475	
S00011.hamstrings-pelvis_tilt.KV	0.56942907	0.56657377	0.0017340377	
S00011.hamstrings-pelvis_tilt.C0	0.02778807	0.026692706	0.0038097447	
S00011.glut_max-pelvis_tilt.KP  	1.5400424	1.4944469	0.028196874	
S00011.glut_max-pelvis_tilt.KV  	0.31045666	0.31323089	0.0017597831	
S00011.glut_max-pelvis_tilt.C0  	0.15362945	0.16181135	0.0029784865	
S00011.iliopsoas-pelvis_tilt.KP 	-3.4574979	-3.5384216	0.047463467	
S00011.iliopsoas-pelvis_tilt.KV 	-0.53879799	-0.53973172	0.0021774569	
S00011.iliopsoas-pelvis_tilt.C0 	0.33439629	0.3337933	0.0046804093	
S00100.iliopsoas.C0             	0.33361259	0.33646894	0.0025600262	
S00100.glut_max.C0              	-0.02342065	-0.024562443	0.001974477	
S11000.iliopsoas.KL             	0.56521872	0.56302259	0.0021943002	
S11000.iliopsoas.L0             	0.38974213	0.39480824	0.0024348826	
S11000.iliopsoas-pelvis_tilt.P0 	-0.04199752	-0.043035308	0.0019573648	
S11000.iliopsoas-pelvis_tilt.KP 	0.01196527	0.011056643	0.012472986	
S11000.iliopsoas-pelvis_tilt.KV 	0.14348581	0.14561913	0.0022616173	
S11000.iliopsoas-hamstrings.KL  	-8.3344095	-8.2623828	0.079531339	
S11000.iliopsoas-hamstrings.L0  	1.1645665	1.1655122	0.001819364	
S11000.hamstrings.KF            	0.57849157	0.57556243	0.0017487133	
S11000.glut_max.KF              	0.62293114	0.62280562	0.0019875033	
