pelvis_tilt.offset              	0.019613174	0.018455944	0.0008992382	
hip_flexion_r.offset            	0.069870316	0.070991905	0.00084548015	
knee_angle_r.offset             	0.0012322237	0.0010611665	0.0009217288	
ankle_angle_r.offset            	-0.057746957	-0.058533308	0.0012060987	
hip_flexion_l.offset            	-0.0079208837	-0.00700806	0.0017185977	
knee_angle_l.offset             	0.05205256	0.051033836	0.0013310475	
ankle_angle_l.offset            	0.18386489	0.18327196	0.0012655162	
stance_load_threshold           	0.15082324	0.15136794	0.0013870066	
S00111.tib_ant.KL               	1.2626315	1.2573316	0.022777174	
S00111.tib_ant.L0               	0.7516525	0.75120641	0.0024745061	
S00111.tib_ant.KS               	0.000173	0.00016448393	0.00094024628	
S11000.tib_ant.KL               	1.1583103	1.1607853	0.013017839	
S11000.tib_ant.L0               	0.73461635	0.73683999	0.0019216454	
S11000.tib_ant.KS               	0.033855143	0.035436816	0.0011865428	
S11111.tib_ant-soleus.KF        	-0.11101232	-0.11151828	0.0020560699	
S00111.soleus-tib_ant.KS        	-0.89402901	-0.87510068	0.025900634	
S11000.soleus-tib_ant.KS        	-3.2573906	-3.2721914	0.030646021	
S00111.gastroc-tib_ant.KS       	-0.32171493	-0.33904582	0.022020594	
S11000.gastroc-tib_ant.KS       	-1.7554301	-1.7307823	0.025443234	
S00111.tib_ant-gastroc.KS       	-0.00395169	-0.0037336467	0.18605705	
S11000.tib_ant-gastroc.KS       	-0.00331551	-0.003452455	0.18185251	
S00111.tib_ant-soleus.KS        	-0.00313515	-0.0033227521	0.19099718	
S11000.tib_ant-soleus.KS        	-0.00313645	-0.0033530538	0.18288365	
S00111.gastroc.KL               	0.07523758	0.080997633	0.023276537	
S00111.gastroc.L0               	0.83842861	0.84008596	0.010099598	
S00111.gastroc.KS               	0.16431443	0.16819767	0.010882535	
S00111.soleus.KL                	4.0140539	4.0192679	0.022393719	
S00111.soleus.L0                	0.96996468	0.97148407	0.0057692227	
S00111.soleus.KS                	0.15214804	0.15833514	0.015801722	
S11000.gastroc.KL               	0.00837043	0.0088860807	0.018557567	
S11000.gastroc.L0               	0.52590893	0.52562859	0.010545156	
S11000.gastroc.KF               	-1.7929127	-1.7648683	0.024876449	
S11000.gastroc.KS               	0.25231886	0.26349361	0.022158038	
S11000.soleus.KL                	0.78498724	0.79805222	0.042863903	
S11000.soleus.L0                	0.90083895	0.88614922	0.0097260822	
S11000.soleus.KF                	-0.87490504	-0.90955672	0.040075892	
S11000.soleus.KS                	0.1022613	0.10454955	0.034481501	
S00011.vasti.KF                 	0.84865546	0.84578195	0.005536942	
S00011.vasti.C0                 	0.081956499	0.081744258	0.0012303171	
S00011.vasti-knee_angle.pos_max 	-0.31213877	-0.30933024	0.0018800746	
S00011.hamstrings-pelvis_tilt.KP	0.67849746	0.70104388	0.021265007	
S00011.hamstrings-pelvis_tilt.KV	0.57392372	0.57205825	0.0011055922	
S00011.hamstrings-pelvis_tilt.C0	0.026396703	0.026578208	0.0023003189	
S00011.glut_max-pelvis_tilt.KP  	1.4835525	1.4501061	0.017985779	
S00011.glut_max-pelvis_tilt.KV  	0.31093442	0.31176235	0.001114856	
S00011.glut_max-pelvis_tilt.C0  	0.16269872	0.16139818	0.0018953938	
S00011.iliopsoas-pelvis_tilt.KP 	-3.5671569	-3.5679339	0.030418877	
S00011.iliopsoas-pelvis_tilt.KV 	-0.54254207	-0.54287623	0.0013849739	
S00011.iliopsoas-pelvis_tilt.C0 	0.32871407	0.33553311	0.0029600951	
S00100.iliopsoas.C0             	0.33127803	0.33279262	0.0016396178	
S00100.glut_max.C0              	-0.024840076	-0.024712504	0.0012036345	
S11000.iliopsoas.KL             	0.56517602	0.56417308	0.0013981427	
S11000.iliopsoas.L0             	0.39976472	0.39732438	0.0015591335	
S11000.iliopsoas-pelvis_tilt.P0 	-0.044408039	-0.044659792	0.0012161605	
S11000.iliopsoas-pelvis_tilt.KP 	0.01082572	0.011234089	0.0074715674	
S11000.iliopsoas-pelvis_tilt.KV 	0.14784313	0.14741173	0.0014433493	
S11000.iliopsoas-hamstrings.KL  	-8.2666748	-8.328839	0.050641856	
S11000.iliopsoas-hamstrings.L0  	1.1703423	1.1695462	0.0011576826	
S11000.hamstrings.KF            	0.58112843	0.58082255	0.0011335152	
S11000.glut_max.KF              	0.62425492	0.62451681	0.0012700189	
