pelvis_tilt.offset              	0.019528807	0.01919376	0.00053021012	
hip_flexion_r.offset            	0.069665831	0.069602338	0.00050819773	
knee_angle_r.offset             	-0.00099906959	0.00033901376	0.00054965648	
ankle_angle_r.offset            	-0.060526259	-0.060751583	0.00071745808	
hip_flexion_l.offset            	-0.0087801806	-0.0085541191	0.0010188274	
knee_angle_l.offset             	0.052976918	0.051860583	0.00079011917	
ankle_angle_l.offset            	0.18067702	0.18142279	0.00075011376	
stance_load_threshold           	0.14916324	0.1497235	0.00081874977	
S00111.tib_ant.KL               	1.2198877	1.238302	0.013560462	
S00111.tib_ant.L0               	0.7481322	0.74957027	0.0014499087	
S00111.tib_ant.KS               	0.000173	0.00016264863	0.00052708802	
S11000.tib_ant.KL               	1.1623997	1.1531482	0.0076486449	
S11000.tib_ant.L0               	0.73777783	0.73722424	0.0011482234	
S11000.tib_ant.KS               	0.036793848	0.03630983	0.0007039439	
S11111.tib_ant-soleus.KF        	-0.1064938	-0.10918845	0.0012371877	
S00111.soleus-tib_ant.KS        	-0.84681554	-0.84313132	0.015244214	
S11000.soleus-tib_ant.KS        	-3.2137608	-3.2269053	0.018191357	
S00111.gastroc-tib_ant.KS       	-0.35557966	-0.33640202	0.01272691	
S11000.gastroc-tib_ant.KS       	-1.7320914	-1.7438219	0.015116712	
S00111.tib_ant-gastroc.KS       	-0.00357534	-0.0037972594	0.1042999	
S11000.tib_ant-gastroc.KS       	-0.00331551	-0.0034800092	0.10194291	
S00111.tib_ant-soleus.KS        	-0.00313515	-0.0033401022	0.10706923	
S11000.tib_ant-soleus.KS        	-0.0034666	-0.0032910174	0.10252095	
S00111.gastroc.KL               	0.07523758	0.078098185	0.013084963	
S00111.gastroc.L0               	0.84470446	0.84147677	0.006017638	
S00111.gastroc.KS               	0.17739288	0.16960501	0.006283715	
S00111.soleus.KL                	4.0099516	3.9966714	0.013258937	
S00111.soleus.L0                	0.97476755	0.9721576	0.0034496617	
S00111.soleus.KS                	0.15942086	0.1578083	0.0090081766	
S11000.gastroc.KL               	0.00837043	0.0088559875	0.010403731	
S11000.gastroc.L0               	0.53921868	0.53511909	0.0062170912	
S11000.gastroc.KF               	-1.8466749	-1.8449551	0.01507534	
S11000.gastroc.KS               	0.25704411	0.26657127	0.012729833	
S11000.soleus.KL                	0.81244615	0.80002118	0.024936893	
S11000.soleus.L0                	0.90261534	0.89206242	0.0057401793	
S11000.soleus.KF                	-0.93721389	-0.93261533	0.023365434	
S11000.soleus.KS                	0.11302564	0.11000805	0.019376855	
S00011.vasti.KF                 	0.85138485	0.85573708	0.0032942586	
S00011.vasti.C0                 	0.081979456	0.082040162	0.00072286321	
S00011.vasti-knee_angle.pos_max 	-0.30873751	-0.31051393	0.0011197117	
S00011.hamstrings-pelvis_tilt.KP	0.71900869	0.71701361	0.01256982	
S00011.hamstrings-pelvis_tilt.KV	0.57119396	0.57146833	0.00065589895	
S00011.hamstrings-pelvis_tilt.C0	0.026667714	0.026236197	0.0013165123	
S00011.glut_max-pelvis_tilt.KP  	1.43255	1.4498306	0.010689545	
S00011.glut_max-pelvis_tilt.KV  	0.31252641	0.31267312	0.00066386009	
S00011.glut_max-pelvis_tilt.C0  	0.16006663	0.15981569	0.0011239637	
S00011.iliopsoas-pelvis_tilt.KP 	-3.6297815	-3.5959719	0.01802538	
S00011.iliopsoas-pelvis_tilt.KV 	-0.54189839	-0.54298178	0.00082751422	
S00011.iliopsoas-pelvis_tilt.C0 	0.33846423	0.34126711	0.0017670658	
S00100.iliopsoas.C0             	0.32970962	0.3310271	0.00098650361	
S00100.glut_max.C0              	-0.025579582	-0.02495466	0.00070076513	
S11000.iliopsoas.KL             	0.56218178	0.56376277	0.00083225532	
S11000.iliopsoas.L0             	0.39497284	0.39546054	0.00093026672	
S11000.iliopsoas-pelvis_tilt.P0 	-0.0427916	-0.044006552	0.00071915031	
S11000.iliopsoas-pelvis_tilt.KP 	0.01082572	0.011354791	0.0041910655	
S11000.iliopsoas-pelvis_tilt.KV 	0.14633691	0.14552841	0.00085618678	
S11000.iliopsoas-hamstrings.KL  	-8.3699049	-8.3910995	0.030138973	
S11000.iliopsoas-hamstrings.L0  	1.173227	1.1725536	0.00070389158	
S11000.hamstrings.KF            	0.58073583	0.58118581	0.00067172027	
S11000.glut_max.KF              	0.62570364	0.62489082	0.00075319812	
