pelvis_tilt.offset              	0.019158348	0.019272228	0.00029581539	
hip_flexion_r.offset            	0.070462749	0.070178034	0.00028376069	
knee_angle_r.offset             	0.00037705592	0.00046836415	0.00030896568	
ankle_angle_r.offset            	-0.061956418	-0.061664047	0.00040689303	
hip_flexion_l.offset            	-0.0093099207	-0.0085944236	0.00056976828	
knee_angle_l.offset             	0.050913449	0.050485413	0.00044773089	
ankle_angle_l.offset            	0.18333558	0.18281672	0.00041929771	
stance_load_threshold           	0.15080246	0.15108728	0.00045848983	
S00111.tib_ant.KL               	1.239076	1.2401078	0.0075424208	
S00111.tib_ant.L0               	0.75037722	0.74975042	0.00080241049	
S00111.tib_ant.KS               	0.000173	0.00016140901	0.00027776606	
S11000.tib_ant.KL               	1.1636785	1.1604249	0.0042831051	
S11000.tib_ant.L0               	0.73703282	0.73649756	0.00064213545	
S11000.tib_ant.KS               	0.036466041	0.03630812	0.00039086104	
S11111.tib_ant-soleus.KF        	-0.11138018	-0.11036079	0.00069416218	
S00111.soleus-tib_ant.KS        	-0.83373192	-0.8426936	0.008554546	
S11000.soleus-tib_ant.KS        	-3.2411049	-3.2355558	0.010139412	
S00111.gastroc-tib_ant.KS       	-0.3550636	-0.3474414	0.0069403697	
S11000.gastroc-tib_ant.KS       	-1.7477744	-1.7508785	0.0083951319	
S00111.tib_ant-gastroc.KS       	-0.00357534	-0.0038132711	0.054962566	
S11000.tib_ant-gastroc.KS       	-0.00331551	-0.0034680119	0.05372051	
S00111.tib_ant-soleus.KS        	-0.00313515	-0.003381253	0.056421905	
S11000.tib_ant-soleus.KS        	-0.0034666	-0.0032883801	0.054025114	
S00111.gastroc.KL               	0.08315732	0.079076094	0.0069507265	
S00111.gastroc.L0               	0.84700018	0.84221447	0.003371716	
S00111.gastroc.KS               	0.16480459	0.16763986	0.0034765959	
S00111.soleus.KL                	4.030983	4.0173567	0.0074799795	
S00111.soleus.L0                	0.97034366	0.96929632	0.0019227675	
S00111.soleus.KS                	0.16498864	0.16172731	0.0048955015	
S11000.gastroc.KL               	0.00925153	0.0089067372	0.0054834956	
S11000.gastroc.L0               	0.54279268	0.53701182	0.0034261794	
S11000.gastroc.KF               	-1.8584304	-1.8814302	0.0087174919	
S11000.gastroc.KS               	0.26424212	0.2657406	0.0070090354	
S11000.soleus.KL                	0.78593491	0.7831627	0.013792196	
S11000.soleus.L0                	0.89380258	0.89161666	0.0031894934	
S11000.soleus.KF                	-0.90921473	-0.92273754	0.012979866	
S11000.soleus.KS                	0.11302564	0.10749404	0.0102801	
S00011.vasti.KF                 	0.84999741	0.85354904	0.0018509562	
S00011.vasti.C0                 	0.082897313	0.082230278	0.00040193371	
S00011.vasti-knee_angle.pos_max 	-0.31008572	-0.31067654	0.00062515172	
S00011.hamstrings-pelvis_tilt.KP	0.70507318	0.71055778	0.0069727819	
S00011.hamstrings-pelvis_tilt.KV	0.57135479	0.57129921	0.00036443771	
S00011.hamstrings-pelvis_tilt.C0	0.026580168	0.026548891	0.00072299396	
S00011.glut_max-pelvis_tilt.KP  	1.4406501	1.4440278	0.0059822184	
S00011.glut_max-pelvis_tilt.KV  	0.31195359	0.31247727	0.00036990165	
S00011.glut_max-pelvis_tilt.C0  	0.15997136	0.16005674	0.00062675819	
S00011.iliopsoas-pelvis_tilt.KP 	-3.5894851	-3.5873637	0.010003454	
S00011.iliopsoas-pelvis_tilt.KV 	-0.54388798	-0.54387163	0.000461526	
S00011.iliopsoas-pelvis_tilt.C0 	0.34004296	0.3418153	0.00098675465	
S00100.iliopsoas.C0             	0.33017582	0.33051658	0.000551088	
S00100.glut_max.C0              	-0.02500969	-0.024862203	0.00039228391	
S11000.iliopsoas.KL             	0.56391356	0.56313042	0.00046844612	
S11000.iliopsoas.L0             	0.39547842	0.39540631	0.00052296674	
S11000.iliopsoas-pelvis_tilt.P0 	-0.043496422	-0.043450047	0.00040213329	
S11000.iliopsoas-pelvis_tilt.KP 	0.01082572	0.011564024	0.0022131663	
S11000.iliopsoas-pelvis_tilt.KV 	0.14627996	0.14631751	0.00048241865	
S11000.iliopsoas-hamstrings.KL  	-8.3709536	-8.3827411	0.016917421	
S11000.iliopsoas-hamstrings.L0  	1.1726094	1.173234	0.00039645734	
S11000.hamstrings.KF            	0.57876517	0.57995476	0.00037670508	
S11000.glut_max.KF              	0.62593063	0.62592609	0.00042392892	
