pelvis_tilt.offset              	0.019484837	0.019407265	0.00014812084	
hip_flexion_r.offset            	0.070365262	0.070502197	0.00014068794	
knee_angle_r.offset             	0.00057760143	0.0006376492	0.00015513265	
ankle_angle_r.offset            	-0.061496234	-0.061652342	0.00020169666	
hip_flexion_l.offset            	-0.0084840604	-0.008487187	0.00028300273	
knee_angle_l.offset             	0.050303777	0.049898303	0.00022047812	
ankle_angle_l.offset            	0.18325161	0.18306862	0.00020920178	
stance_load_threshold           	0.15054878	0.15026235	0.00022809076	
S00111.tib_ant.KL               	1.2497267	1.246883	0.0037540643	
S00111.tib_ant.L0               	0.74980504	0.75020969	0.00039181442	
S00111.tib_ant.KS               	0.00015652	0.00016431819	0.00012782004	
S11000.tib_ant.KL               	1.1580785	1.1612415	0.0021365032	
S11000.tib_ant.L0               	0.73680632	0.73696269	0.00031786546	
S11000.tib_ant.KS               	0.036754502	0.036500248	0.00018987252	
S11111.tib_ant-soleus.KF        	-0.109854	-0.11025344	0.00034301504	
S00111.soleus-tib_ant.KS        	-0.83501775	-0.83556996	0.0042585817	
S11000.soleus-tib_ant.KS        	-3.223543	-3.2264941	0.0051255109	
S00111.gastroc-tib_ant.KS       	-0.35025644	-0.34773089	0.0033818381	
S11000.gastroc-tib_ant.KS       	-1.7626903	-1.7650624	0.004148395	
S00111.tib_ant-gastroc.KS       	-0.00357534	-0.0038742548	0.02528833	
S11000.tib_ant-gastroc.KS       	-0.00331551	-0.0034320137	0.024716853	
S00111.tib_ant-soleus.KS        	-0.00313515	-0.003276866	0.025959756	
S11000.tib_ant-soleus.KS        	-0.00313645	-0.0032612208	0.024856996	
S00111.gastroc.KL               	0.07523758	0.077631719	0.0033009144	
S00111.gastroc.L0               	0.84330665	0.84152034	0.0016760457	
S00111.gastroc.KS               	0.17043222	0.16939994	0.0017147181	
S00111.soleus.KL                	4.0179846	4.0215827	0.0037395464	
S00111.soleus.L0                	0.96862489	0.96811331	0.00094331513	
S00111.soleus.KS                	0.16070469	0.16165511	0.0023975358	
S11000.gastroc.KL               	0.00925153	0.0086568544	0.0025256292	
S11000.gastroc.L0               	0.5356868	0.53653856	0.0016996643	
S11000.gastroc.KF               	-1.8943307	-1.8835079	0.0043721496	
S11000.gastroc.KS               	0.26600957	0.26608002	0.0034823047	
S11000.soleus.KL                	0.77817175	0.78074835	0.0068084905	
S11000.soleus.L0                	0.89843498	0.89877854	0.0016020919	
S11000.soleus.KF                	-0.89576172	-0.90305391	0.0064370356	
S11000.soleus.KS                	0.1122415	0.10894894	0.0048466578	
S00011.vasti.KF                 	0.85591849	0.85605155	0.00092933868	
S00011.vasti.C0                 	0.082243539	0.081865725	0.00019898588	
S00011.vasti-knee_angle.pos_max 	-0.31339625	-0.31292811	0.00031361739	
S00011.hamstrings-pelvis_tilt.KP	0.72144731	0.71295094	0.0034762564	
S00011.hamstrings-pelvis_tilt.KV	0.57143693	0.57195392	0.0001831509	
S00011.hamstrings-pelvis_tilt.C0	0.026443431	0.02665605	0.00035601745	
S00011.glut_max-pelvis_tilt.KP  	1.4455195	1.4465447	0.0029770665	
S00011.glut_max-pelvis_tilt.KV  	0.31218899	0.31215814	0.00018360328	
S00011.glut_max-pelvis_tilt.C0  	0.159813	0.15939735	0.00031345103	
S00011.iliopsoas-pelvis_tilt.KP 	-3.5772927	-3.56887	0.0050580943	
S00011.iliopsoas-pelvis_tilt.KV 	-0.54324417	-0.54334002	0.00022915901	
S00011.iliopsoas-pelvis_tilt.C0 	0.34260263	0.34348444	0.00049839678	
S00100.iliopsoas.C0             	0.32971399	0.33005545	0.00027483375	
S00100.glut_max.C0              	-0.025534791	-0.025395577	0.00019499525	
S11000.iliopsoas.KL             	0.56259298	0.5628149	0.00022983439	
S11000.iliopsoas.L0             	0.39595006	0.39588171	0.00026005777	
S11000.iliopsoas-pelvis_tilt.P0 	-0.043851205	-0.043963998	0.00020097779	
S11000.iliopsoas-pelvis_tilt.KP 	0.01082572	0.011245003	0.0010281925	
S11000.iliopsoas-pelvis_tilt.KV 	0.14645934	0.14609157	0.00023886315	
S11000.iliopsoas-hamstrings.KL  	-8.3718046	-8.3669648	0.0084474139	
S11000.iliopsoas-hamstrings.L0  	1.1732092	1.1733085	0.00019707162	
S11000.hamstrings.KF            	0.57989579	0.58006765	0.00018614342	
S11000.glut_max.KF              	0.62607025	0.62605733	0.00021004118	
