pelvis_tilt.offset              	0.019447416	0.019443103	5.4621151e-06	
hip_flexion_r.offset            	0.07055225	0.070546247	5.1485343e-06	
knee_angle_r.offset             	0.00092711526	0.0009299985	5.7497173e-06	
ankle_angle_r.offset            	-0.060951884	-0.060955618	7.8055502e-06	
hip_flexion_l.offset            	-0.0088306064	-0.0088214365	1.0740215e-05	
knee_angle_l.offset             	0.049722345	0.049719413	7.8543984e-06	
ankle_angle_l.offset            	0.18340667	0.18340138	7.6400154e-06	
stance_load_threshold           	0.15054764	0.15054602	8.2293007e-06	
S00111.tib_ant.KL               	1.2464154	1.2463895	0.00013462922	
S00111.tib_ant.L0               	0.74979214	0.74977197	1.4362405e-05	
S00111.tib_ant.KS               	0.00016350899	0.00016477892	2.6983796e-06	
S11000.tib_ant.KL               	1.1618778	1.1619069	8.0890171e-05	
S11000.tib_ant.L0               	0.73757072	0.73758285	1.1888268e-05	
S11000.tib_ant.KS               	0.036219879	0.036210366	6.9934814e-06	
S11111.tib_ant-soleus.KF        	-0.11142888	-0.11141464	1.2697763e-05	
S00111.soleus-tib_ant.KS        	-0.84884728	-0.84881925	0.00016266218	
S11000.soleus-tib_ant.KS        	-3.2197498	-3.2200305	0.00018111402	
S00111.gastroc-tib_ant.KS       	-0.3550128	-0.35495617	0.00011893825	
S11000.gastroc-tib_ant.KS       	-1.762516	-1.7622487	0.0001672007	
S00111.tib_ant-gastroc.KS       	-0.0038086935	-0.0036995579	0.00039700103	
S11000.tib_ant-gastroc.KS       	-0.0033524216	-0.0034801967	0.0003869422	
S00111.tib_ant-soleus.KS        	-0.0032196235	-0.0033152396	0.00040531466	
S11000.tib_ant-soleus.KS        	-0.0032612533	-0.0032910103	0.00038871746	
S00111.gastroc.KL               	0.080582515	0.080621451	0.00012356451	
S00111.gastroc.L0               	0.83862988	0.8386091	6.2492822e-05	
S00111.gastroc.KS               	0.16527946	0.16528857	6.4020031e-05	
S00111.soleus.KL                	4.0335839	4.0334027	0.00014183496	
S00111.soleus.L0                	0.96657053	0.96660581	3.5087097e-05	
S00111.soleus.KS                	0.1584114	0.15844119	8.8488285e-05	
S11000.gastroc.KL               	0.0086153353	0.0087988388	6.7099839e-05	
S11000.gastroc.L0               	0.53393536	0.53394054	6.2189673e-05	
S11000.gastroc.KF               	-1.8794912	-1.8791211	0.00016013518	
S11000.gastroc.KS               	0.25950447	0.25947385	0.00013093993	
S11000.soleus.KL                	0.7800781	0.78002093	0.00025228005	
S11000.soleus.L0                	0.89605271	0.89611545	6.0902333e-05	
S11000.soleus.KF                	-0.88179212	-0.88193412	0.00024556853	
S11000.soleus.KS                	0.10786653	0.10783717	0.00017138873	
S00011.vasti.KF                 	0.85628973	0.85632007	3.4899312e-05	
S00011.vasti.C0                 	0.081700987	0.081697528	7.5624221e-06	
S00011.vasti-knee_angle.pos_max 	-0.31324048	-0.31323081	1.2056774e-05	
S00011.hamstrings-pelvis_tilt.KP	0.71149302	0.71156852	0.00012825895	
S00011.hamstrings-pelvis_tilt.KV	0.57184794	0.57185088	7.1772998e-06	
S00011.hamstrings-pelvis_tilt.C0	0.026308052	0.026300683	1.3329655e-05	
S00011.glut_max-pelvis_tilt.KP  	1.4470577	1.446779	0.00011013617	
S00011.glut_max-pelvis_tilt.KV  	0.31262841	0.31263266	7.0383669e-06	
S00011.glut_max-pelvis_tilt.C0  	0.15980396	0.1598091	1.1472142e-05	
S00011.iliopsoas-pelvis_tilt.KP 	-3.5563835	-3.5564981	0.00018706023	
S00011.iliopsoas-pelvis_tilt.KV 	-0.54240106	-0.54240831	8.9268092e-06	
S00011.iliopsoas-pelvis_tilt.C0 	0.34426874	0.34425513	1.9207592e-05	
S00100.iliopsoas.C0             	0.33064096	0.33064088	1.03361e-05	
S00100.glut_max.C0              	-0.025280549	-0.025281714	7.6311172e-06	
S11000.iliopsoas.KL             	0.56206676	0.56206172	8.594816e-06	
S11000.iliopsoas.L0             	0.39617398	0.39618452	9.4409022e-06	
S11000.iliopsoas-pelvis_tilt.P0 	-0.043826528	-0.043832191	7.6192591e-06	
S11000.iliopsoas-pelvis_tilt.KP 	0.011046378	0.011049264	3.167355e-05	
S11000.iliopsoas-pelvis_tilt.KV 	0.14498309	0.14497159	9.1604726e-06	
S11000.iliopsoas-hamstrings.KL  	-8.3727104	-8.3727808	0.00030852183	
S11000.iliopsoas-hamstrings.L0  	1.1737778	1.1737688	7.3257576e-06	
S11000.hamstrings.KF            	0.57992924	0.57992676	6.977136e-06	
S11000.glut_max.KF              	0.62632595	0.62632815	7.7579627e-06	
