pelvis_tilt.offset              	0.021946026	0.022677757	0.0010693487	
hip_flexion_r.offset            	0.069335891	0.068452459	0.0010055684	
knee_angle_r.offset             	-0.002144229	-0.0010109063	0.0010992712	
ankle_angle_r.offset            	-0.054844519	-0.055850402	0.0014497828	
hip_flexion_l.offset            	0.00095979392	-0.0022110474	0.0020538623	
knee_angle_l.offset             	0.057505436	0.056198123	0.0015699802	
ankle_angle_l.offset            	0.19071557	0.18968888	0.0015171037	
stance_load_threshold           	0.15349425	0.15344338	0.0016552075	
S00111.tib_ant.KL               	1.1975676	1.2251714	0.027240856	
S00111.tib_ant.L0               	0.76021375	0.76066934	0.0029481679	
S00111.tib_ant.KS               	0.000173	0.00016756935	0.0011576411	
S11000.tib_ant.KL               	1.1896885	1.1878987	0.015566397	
S11000.tib_ant.L0               	0.74011088	0.74124067	0.0022907572	
S11000.tib_ant.KS               	0.03540746	0.035232237	0.0014345132	
S11111.tib_ant-soleus.KF        	-0.11057744	-0.10955022	0.0024670381	
S00111.soleus-tib_ant.KS        	-0.83186736	-0.84556249	0.031238969	
S11000.soleus-tib_ant.KS        	-3.2517597	-3.2689409	0.036049191	
S00111.gastroc-tib_ant.KS       	-0.35557966	-0.34062999	0.026942575	
S11000.gastroc-tib_ant.KS       	-1.7690597	-1.7645795	0.030107823	
S00111.tib_ant-gastroc.KS       	-0.00357534	-0.0037203991	0.22907562	
S11000.tib_ant-gastroc.KS       	-0.00331551	-0.0034220758	0.22389893	
S00111.tib_ant-soleus.KS        	-0.00313515	-0.0032743104	0.23515796	
S11000.tib_ant-soleus.KS        	-0.00313645	-0.0032387202	0.22516849	
S00111.gastroc.KL               	0.08315732	0.07942693	0.028644043	
S00111.gastroc.L0               	0.80666041	0.81574187	0.011978896	
S00111.gastroc.KF               	1.4053839	1.4054951	0.0015601218	
S00111.gastroc.KS               	0.17637604	0.17241418	0.013293849	
S00111.soleus.KL                	4.0580949	4.1008064	0.02710658	
S00111.soleus.L0                	0.97816412	0.9718244	0.0069288101	
S00111.soleus.KF                	0.22415106	0.22553838	0.0022388191	
S00111.soleus.KS                	0.16520068	0.15920611	0.019386343	
S11000.gastroc.KL               	0.00925153	0.0089792133	0.022848026	
S11000.gastroc.L0               	0.51833626	0.514839	0.012628739	
S11000.gastroc.KF               	-1.7865534	-1.7592885	0.030069006	
S11000.soleus.KL                	0.83502348	0.80541341	0.052296896	
S11000.soleus.L0                	0.90291794	0.90718311	0.011609038	
S11000.soleus.KF                	-0.87929395	-0.93093422	0.048695232	
S00011.vasti.KF                 	0.8273991	0.8246809	0.0065207596	
S00011.vasti.C0                 	0.083112589	0.082107061	0.0014658174	
S00011.vasti-knee_angle.pos_max 	-0.30814483	-0.30775373	0.0022431814	
S00011.hamstrings-pelvis_tilt.KP	0.69678471	0.70591859	0.025724518	
S00011.hamstrings-pelvis_tilt.KV	0.56580784	0.5666162	0.0013129453	
S00011.hamstrings-pelvis_tilt.C0	0.02778807	0.026417419	0.002819315	
S00011.glut_max-pelvis_tilt.KP  	1.5102631	1.4940536	0.021274314	
S00011.glut_max-pelvis_tilt.KV  	0.31575867	0.3154134	0.001334832	
S00011.glut_max-pelvis_tilt.C0  	0.15748547	0.15681964	0.0022512577	
S00011.iliopsoas-pelvis_tilt.KP 	-3.4740585	-3.4189005	0.035976879	
S00011.iliopsoas-pelvis_tilt.KV 	-0.54331978	-0.54360257	0.0016406482	
S00011.iliopsoas-pelvis_tilt.C0 	0.33888349	0.337089	0.0035417571	
S00100.iliopsoas.C0             	0.33671548	0.33672615	0.0019221208	
S00100.glut_max.C0              	-0.02342065	-0.024103915	0.0014677746	
S11000.iliopsoas.KL             	0.56501898	0.56279879	0.0016515198	
S11000.iliopsoas.L0             	0.39098984	0.39080761	0.0018376142	
S11000.iliopsoas-pelvis_tilt.P0 	-0.045586398	-0.044135063	0.0014666199	
S11000.iliopsoas-pelvis_tilt.KP 	0.01082572	0.011073777	0.0091981463	
S11000.iliopsoas-pelvis_tilt.KV 	0.1469316	0.14850176	0.0017077284	
S11000.iliopsoas-hamstrings.KL  	-8.2452953	-8.2032965	0.060237482	
S11000.iliopsoas-hamstrings.L0  	1.168044	1.1658215	0.0013655226	
S11000.hamstrings.KF            	0.57433968	0.57325656	0.0013214321	
S11000.glut_max.KF              	0.61788793	0.61863507	0.0015114281	
