pelvis_tilt.offset              	0.022404496	0.022610406	0.00055632965	
hip_flexion_r.offset            	0.070664193	0.071305981	0.00053796801	
knee_angle_r.offset             	-0.0039399177	-0.0026312335	0.00058821541	
ankle_angle_r.offset            	-0.057087422	-0.058286273	0.00076287167	
hip_flexion_l.offset            	-0.0011421338	-0.0024473587	0.0010954334	
knee_angle_l.offset             	0.054391776	0.055314534	0.00082352234	
ankle_angle_l.offset            	0.1928166	0.19236506	0.00080316413	
stance_load_threshold           	0.15254287	0.15334584	0.00086713872	
S00111.tib_ant.KL               	1.253283	1.2373837	0.014246204	
S00111.tib_ant.L0               	0.7604457	0.76235723	0.0015442082	
S00111.tib_ant.KS               	0.000173	0.0001669922	0.00055906696	
S11000.tib_ant.KL               	1.1983227	1.1932053	0.0082724179	
S11000.tib_ant.L0               	0.73947041	0.73937862	0.0011983561	
S11000.tib_ant.KS               	0.03429152	0.035102735	0.00073706069	
S11111.tib_ant-soleus.KF        	-0.10907615	-0.11090426	0.00129439	
S00111.soleus-tib_ant.KS        	-0.84389484	-0.829916	0.016209523	
S11000.soleus-tib_ant.KS        	-3.3220546	-3.3474639	0.019194788	
S00111.gastroc-tib_ant.KS       	-0.35303157	-0.33016711	0.013399684	
S11000.gastroc-tib_ant.KS       	-1.7484179	-1.7584622	0.015042539	
S00111.tib_ant-gastroc.KS       	-0.00357534	-0.0037158611	0.1106278	
S11000.tib_ant-gastroc.KS       	-0.00366451	-0.0034556183	0.10812782	
S00111.tib_ant-soleus.KS        	-0.00346517	-0.003329743	0.11356515	
S11000.tib_ant-soleus.KS        	-0.0034666	-0.0033286887	0.10874092	
S00111.gastroc.KL               	0.07523758	0.078015075	0.013878225	
S00111.gastroc.L0               	0.81009069	0.80759839	0.0062993304	
S00111.gastroc.KF               	1.4112539	1.4125844	0.00084576735	
S00111.gastroc.KS               	0.1724567	0.16563064	0.0066462485	
S00111.soleus.KL                	4.0236987	4.0223183	0.014398185	
S00111.soleus.L0                	0.97357083	0.97328862	0.0036042523	
S00111.soleus.KF                	0.22805186	0.2291133	0.0011757678	
S00111.soleus.KS                	0.16236134	0.15701154	0.0095598421	
S11000.gastroc.KL               	0.00837043	0.0086613261	0.011034923	
S11000.gastroc.L0               	0.53083384	0.54104996	0.0066340258	
S11000.gastroc.KF               	-1.8742641	-1.8333988	0.015929095	
S11000.soleus.KL                	0.83385606	0.81272266	0.026276448	
S11000.soleus.L0                	0.89011869	0.89579956	0.0061096076	
S11000.soleus.KF                	-0.87894159	-0.91472634	0.024850336	
S00011.vasti.KF                 	0.83530893	0.83455382	0.003441346	
S00011.vasti.C0                 	0.080565284	0.080580186	0.00074975231	
S00011.vasti-knee_angle.pos_max 	-0.30686154	-0.30779946	0.0011818086	
S00011.hamstrings-pelvis_tilt.KP	0.73209008	0.73339731	0.013361382	
S00011.hamstrings-pelvis_tilt.KV	0.56700691	0.56679021	0.00068537661	
S00011.hamstrings-pelvis_tilt.C0	0.02519013	0.02645479	0.0013953803	
S00011.glut_max-pelvis_tilt.KP  	1.4727876	1.4791523	0.011290979	
S00011.glut_max-pelvis_tilt.KV  	0.31355807	0.31433387	0.00070519365	
S00011.glut_max-pelvis_tilt.C0  	0.15702115	0.15788884	0.0011839479	
S00011.iliopsoas-pelvis_tilt.KP 	-3.449221	-3.4396314	0.019154619	
S00011.iliopsoas-pelvis_tilt.KV 	-0.54561067	-0.54683397	0.00086836705	
S00011.iliopsoas-pelvis_tilt.C0 	0.33607918	0.33669512	0.0018849859	
S00100.iliopsoas.C0             	0.3368544	0.33659824	0.0010213696	
S00100.glut_max.C0              	-0.024130257	-0.024677119	0.00074428305	
S11000.iliopsoas.KL             	0.55816193	0.55843438	0.00087401449	
S11000.iliopsoas.L0             	0.39161945	0.39162895	0.00096846015	
S11000.iliopsoas-pelvis_tilt.P0 	-0.043492162	-0.043485114	0.00074883774	
S11000.iliopsoas-pelvis_tilt.KP 	0.01082572	0.01132649	0.0044452778	
S11000.iliopsoas-pelvis_tilt.KV 	0.14990554	0.15000715	0.00090242855	
S11000.iliopsoas-hamstrings.KL  	-8.3156891	-8.2754805	0.031969561	
S11000.iliopsoas-hamstrings.L0  	1.1664238	1.1669357	0.00071346469	
S11000.hamstrings.KF            	0.5724672	0.57243446	0.00069273688	
S11000.glut_max.KF              	0.62063454	0.6189909	0.00079522198	
