pelvis_tilt.offset              	0.023695522	0.023694471	1.2224698e-05	
hip_flexion_r.offset            	0.07269268	0.072700945	1.2590706e-05	
knee_angle_r.offset             	-0.0016053849	-0.0016131257	1.2338042e-05	
ankle_angle_r.offset            	-0.058262472	-0.058270616	1.656894e-05	
hip_flexion_l.offset            	-0.0026773769	-0.0026832078	2.4544094e-05	
knee_angle_l.offset             	0.056163369	0.05614345	1.7742732e-05	
ankle_angle_l.offset            	0.19254186	0.1925476	1.7248672e-05	
stance_load_threshold           	0.15225388	0.15228609	1.9288165e-05	
S00111.tib_ant.KL               	1.2295165	1.2301356	0.00030318362	
S00111.tib_ant.L0               	0.76489013	0.76490007	3.2337898e-05	
S00111.tib_ant.KS               	0.00015769233	0.00016437546	6.1380314e-06	
S11000.tib_ant.KL               	1.2090401	1.2093791	0.00018014126	
S11000.tib_ant.L0               	0.73917597	0.73920548	2.5331937e-05	
S11000.tib_ant.KS               	0.035347735	0.03535195	1.4984558e-05	
S11111.tib_ant-soleus.KF        	-0.11352373	-0.11352747	2.9178991e-05	
S00111.soleus-tib_ant.KS        	-0.84852503	-0.8487525	0.00034226683	
S11000.soleus-tib_ant.KS        	-3.3237389	-3.3242296	0.00042575821	
S00111.gastroc-tib_ant.KS       	-0.33834604	-0.33825095	0.00024877473	
S11000.gastroc-tib_ant.KS       	-1.7523903	-1.7523091	0.00028971396	
S00111.tib_ant-gastroc.KS       	-0.00357534	-0.0037295865	0.00094809364	
S11000.tib_ant-gastroc.KS       	-0.00366451	-0.0035014188	0.0009259223	
S00111.tib_ant-soleus.KS        	-0.00346517	-0.0032820823	0.0009707296	
S11000.tib_ant-soleus.KS        	-0.0033345942	-0.003328639	0.00093019535	
S00111.gastroc.KL               	0.079207907	0.079675327	0.00025602635	
S00111.gastroc.L0               	0.815571	0.81550245	0.0001445281	
S00111.gastroc.KF               	1.4118692	1.4118901	1.7564694e-05	
S00111.gastroc.KS               	0.16496735	0.16497995	0.00012132753	
S00111.soleus.KL                	4.0087824	4.009267	0.00030709478	
S00111.soleus.L0                	0.97197351	0.97210193	7.2432524e-05	
S00111.soleus.KF                	0.22911046	0.22912204	2.5199555e-05	
S00111.soleus.KS                	0.15608449	0.15634594	0.00018991114	
S11000.gastroc.KL               	0.0084679618	0.0085080835	0.00014865263	
S11000.gastroc.L0               	0.54144958	0.54159509	0.00014034389	
S11000.gastroc.KF               	-1.8199996	-1.8201807	0.00036469129	
S11000.soleus.KL                	0.8308687	0.83137961	0.00052561616	
S11000.soleus.L0                	0.9178383	0.91791963	0.00013486154	
S11000.soleus.KF                	-0.90804208	-0.90831376	0.00052546852	
S00011.vasti.KF                 	0.83513689	0.8350513	7.3858264e-05	
S00011.vasti.C0                 	0.081393852	0.081397909	1.5149077e-05	
S00011.vasti-knee_angle.pos_max 	-0.30417946	-0.30418007	2.6138972e-05	
S00011.hamstrings-pelvis_tilt.KP	0.70421569	0.70393091	0.00028976264	
S00011.hamstrings-pelvis_tilt.KV	0.56764743	0.56764134	1.4760879e-05	
S00011.hamstrings-pelvis_tilt.C0	0.025590287	0.025630085	2.9577887e-05	
S00011.glut_max-pelvis_tilt.KP  	1.4748299	1.4748949	0.0002523029	
S00011.glut_max-pelvis_tilt.KV  	0.31500877	0.31500515	1.5030172e-05	
S00011.glut_max-pelvis_tilt.C0  	0.15559355	0.15558859	2.3751695e-05	
S00011.iliopsoas-pelvis_tilt.KP 	-3.4726196	-3.4720246	0.00043409438	
S00011.iliopsoas-pelvis_tilt.KV 	-0.5465161	-0.54650502	2.0482029e-05	
S00011.iliopsoas-pelvis_tilt.C0 	0.33608984	0.33609927	4.1792128e-05	
S00100.iliopsoas.C0             	0.33764686	0.33763622	2.2218576e-05	
S00100.glut_max.C0              	-0.025057344	-0.025052842	1.5909809e-05	
S11000.iliopsoas.KL             	0.55903511	0.55903259	1.8986772e-05	
S11000.iliopsoas.L0             	0.38838356	0.38839592	2.0967412e-05	
S11000.iliopsoas-pelvis_tilt.P0 	-0.04487727	-0.044891491	1.6627072e-05	
S11000.iliopsoas-pelvis_tilt.KP 	0.011168138	0.011195215	7.3708861e-05	
S11000.iliopsoas-pelvis_tilt.KV 	0.15084444	0.15082269	1.9047352e-05	
S11000.iliopsoas-hamstrings.KL  	-8.2513167	-8.2522693	0.00069985263	
S11000.iliopsoas-hamstrings.L0  	1.167798	1.1677684	1.5068275e-05	
S11000.hamstrings.KF            	0.572036	0.57204008	1.6491473e-05	
S11000.glut_max.KF              	0.61885305	0.61883997	1.7831485e-05	
