pelvis_tilt.offset              	0.022264854	0.022377039	0.00021189827	
hip_flexion_r.offset            	0.071344376	0.071169205	0.00019585508	
knee_angle_r.offset             	0.00083596127	0.00084132123	0.00021830827	
ankle_angle_r.offset            	-0.055874595	-0.056095038	0.00027929774	
hip_flexion_l.offset            	-0.0048804924	-0.0049938312	0.00039981861	
knee_angle_l.offset             	0.056516533	0.056294952	0.00030970324	
ankle_angle_l.offset            	0.18864942	0.18859083	0.00030010894	
stance_load_threshold           	0.15190398	0.15199235	0.00033181078	
S00111.tib_ant.KL               	1.2211748	1.2229988	0.0053210076	
S00111.tib_ant.L0               	0.76132922	0.76068146	0.00056826342	
S00111.tib_ant.KS               	0.00015652	0.00016829256	0.00018507576	
S11000.tib_ant.KL               	1.2354574	1.2331392	0.0030265056	
S11000.tib_ant.L0               	0.73074288	0.73141955	0.00045222845	
S11000.tib_ant.KS               	0.036303394	0.036765416	0.00027623963	
S11111.tib_ant-soleus.KF        	-0.1114887	-0.11126438	0.00047776643	
S00111.soleus-tib_ant.KS        	-0.87811406	-0.88093004	0.0058773583	
S11000.soleus-tib_ant.KS        	-3.2543427	-3.2521678	0.007260117	
S00111.gastroc-tib_ant.KS       	-0.35000435	-0.34922178	0.0047662379	
S11000.gastroc-tib_ant.KS       	-1.6603482	-1.6642281	0.0059461419	
S00111.tib_ant-gastroc.KS       	-0.00395169	-0.0037581131	0.036619213	
S11000.tib_ant-gastroc.KS       	-0.00331551	-0.0034948394	0.035791683	
S00111.tib_ant-soleus.KS        	-0.00346517	-0.0033843616	0.037591499	
S11000.tib_ant-soleus.KS        	-0.00313645	-0.0032757591	0.035994622	
S00111.gastroc.L0               	0.82496491	0.82518572	0.0023646104	
S00111.gastroc.KF               	1.4126267	1.4121525	0.0003038926	
S00111.gastroc.KS               	0.17465797	0.17453127	0.0023492363	
S00111.soleus.L0                	0.95326741	0.95163593	0.0013015139	
S00111.soleus.KF                	0.23305214	0.23316179	0.00044718833	
S00111.soleus.KS                	0.15544941	0.15286589	0.0034168559	
S11000.gastroc.KL               	0.00925153	0.0088483953	0.003655275	
S11000.gastroc.L0               	0.52666163	0.52672623	0.0024593902	
S11000.gastroc.KF               	-1.7961629	-1.7885541	0.0058114481	
S11000.gastroc.KS               	0.26474695	0.26001853	0.0048825371	
S11000.soleus.KL                	0.80187392	0.81636804	0.0097472867	
S11000.soleus.L0                	0.9096976	0.91098321	0.0022337367	
S11000.soleus.KF                	-0.89807666	-0.9073512	0.0090711203	
S11000.soleus.KS                	0.11302564	0.10961173	0.0069501228	
S00011.vasti.KF                 	0.8309266	0.83199441	0.001254353	
S00011.vasti.C0                 	0.081598177	0.081375726	0.00027498952	
S00011.vasti-knee_angle.pos_max 	-0.30606573	-0.30622639	0.00044724301	
S00011.hamstrings-pelvis_tilt.KP	0.68293448	0.68776647	0.0050170708	
S00011.hamstrings-pelvis_tilt.KV	0.56904529	0.56901396	0.00025589775	
S00011.hamstrings-pelvis_tilt.C0	0.025704874	0.026327687	0.00051105106	
S00011.glut_max-pelvis_tilt.KP  	1.4474946	1.4450765	0.0042193351	
S00011.glut_max-pelvis_tilt.KV  	0.31164725	0.31146928	0.0002651321	
S00011.glut_max-pelvis_tilt.C0  	0.16075752	0.16119105	0.00044508035	
S00011.iliopsoas-pelvis_tilt.KP 	-3.6504672	-3.6603307	0.0071401108	
S00011.iliopsoas-pelvis_tilt.KV 	-0.54008037	-0.54021642	0.00032368105	
S00011.iliopsoas-pelvis_tilt.C0 	0.34003806	0.33847638	0.00069791899	
S00100.iliopsoas.C0             	0.33951988	0.33918166	0.00037942522	
S00100.glut_max.C0              	-0.025265073	-0.025270409	0.0002765877	
S11000.iliopsoas.KL             	0.56163069	0.56176068	0.00032162445	
S11000.iliopsoas.L0             	0.3914716	0.39118949	0.00035747228	
S11000.iliopsoas-pelvis_tilt.P0 	-0.044826014	-0.044907574	0.00028522911	
S11000.iliopsoas-pelvis_tilt.KP 	0.011352242	0.01111604	0.001480538	
S11000.iliopsoas-pelvis_tilt.KV 	0.15035266	0.15045605	0.0003397631	
S11000.iliopsoas-hamstrings.KL  	-8.3539922	-8.345061	0.011997218	
S11000.iliopsoas-hamstrings.L0  	1.1671992	1.1672723	0.00026438455	
S11000.hamstrings.KF            	0.57646993	0.57662658	0.00025224433	
S11000.glut_max.KF              	0.6213574	0.62148168	0.00029465293	
