pelvis_tilt.offset              	0.022127015	0.022061594	0.0001640894	
hip_flexion_r.offset            	0.071372681	0.071154214	0.0001495242	
knee_angle_r.offset             	0.00065861483	0.00057384625	0.00016778745	
ankle_angle_r.offset            	-0.056146466	-0.056189898	0.00021330771	
hip_flexion_l.offset            	-0.0051333836	-0.0049867744	0.00030948193	
knee_angle_l.offset             	0.055951021	0.056076232	0.00023831416	
ankle_angle_l.offset            	0.18918138	0.18884342	0.0002306321	
stance_load_threshold           	0.15240759	0.15233779	0.00025395393	
S00111.tib_ant.KL               	1.2158509	1.2176997	0.0040890294	
S00111.tib_ant.L0               	0.76089977	0.76043065	0.00043729935	
S00111.tib_ant.KS               	0.00015652	0.000165156	0.0001370377	
S11000.tib_ant.KL               	1.2274138	1.2300388	0.0023300525	
S11000.tib_ant.L0               	0.73144757	0.73107781	0.00034728253	
S11000.tib_ant.KS               	0.036625324	0.036487374	0.00021184807	
S11111.tib_ant-soleus.KF        	-0.11174113	-0.11132244	0.00036487363	
S00111.soleus-tib_ant.KS        	-0.8804039	-0.88346111	0.0045229944	
S11000.soleus-tib_ant.KS        	-3.2522718	-3.2513213	0.0056072679	
S00111.gastroc-tib_ant.KS       	-0.34525481	-0.34381106	0.0036196035	
S11000.gastroc-tib_ant.KS       	-1.6520791	-1.6538502	0.0046321771	
S00111.tib_ant-gastroc.KS       	-0.00357534	-0.0038526499	0.027111543	
S11000.tib_ant-gastroc.KS       	-0.00366451	-0.0033853484	0.026498865	
S00111.tib_ant-soleus.KS        	-0.00313515	-0.0033257192	0.027831375	
S11000.tib_ant-soleus.KS        	-0.00313645	-0.0032690428	0.026649106	
S00111.gastroc.L0               	0.82335843	0.82283339	0.0018339154	
S00111.gastroc.KF               	1.4127363	1.4126487	0.00023385516	
S00111.gastroc.KS               	0.17227456	0.17216077	0.0017792867	
S00111.soleus.L0                	0.95056186	0.95166813	0.0010011665	
S00111.soleus.KF                	0.23254317	0.23279395	0.00034409775	
S00111.soleus.KS                	0.15209506	0.1523657	0.0025911062	
S11000.gastroc.KL               	0.00837043	0.0091027081	0.0027080032	
S11000.gastroc.L0               	0.5293783	0.5294278	0.001895209	
S11000.gastroc.KF               	-1.7770632	-1.7851787	0.0044703445	
S11000.gastroc.KS               	0.26571992	0.26521091	0.0037738323	
S11000.soleus.KL                	0.80508516	0.79829519	0.0075311687	
S11000.soleus.L0                	0.91238578	0.91108009	0.0017118694	
S11000.soleus.KF                	-0.90431053	-0.90950088	0.0069840306	
S11000.soleus.KS                	0.10612241	0.1072019	0.0052321014	
S00011.vasti.KF                 	0.83148883	0.83018708	0.00096453171	
S00011.vasti.C0                 	0.081901487	0.082089313	0.00021326196	
S00011.vasti-knee_angle.pos_max 	-0.30558332	-0.30607973	0.00034383028	
S00011.hamstrings-pelvis_tilt.KP	0.68144967	0.68276299	0.0038661146	
S00011.hamstrings-pelvis_tilt.KV	0.56910607	0.56893499	0.00019762527	
S00011.hamstrings-pelvis_tilt.C0	0.026629754	0.026804903	0.00039272878	
S00011.glut_max-pelvis_tilt.KP  	1.444201	1.4431651	0.003255944	
S00011.glut_max-pelvis_tilt.KV  	0.31141103	0.31147635	0.00020231937	
S00011.glut_max-pelvis_tilt.C0  	0.16068171	0.16118323	0.00034238317	
S00011.iliopsoas-pelvis_tilt.KP 	-3.6595021	-3.6561215	0.0054949115	
S00011.iliopsoas-pelvis_tilt.KV 	-0.54072245	-0.54069658	0.0002474538	
S00011.iliopsoas-pelvis_tilt.C0 	0.33813641	0.3387033	0.00054139801	
S00100.iliopsoas.C0             	0.33932661	0.33926234	0.00029088111	
S00100.glut_max.C0              	-0.025548282	-0.025613747	0.00021225861	
S11000.iliopsoas.KL             	0.56184586	0.56178839	0.00024553657	
S11000.iliopsoas.L0             	0.39049231	0.39073715	0.00028065171	
S11000.iliopsoas-pelvis_tilt.P0 	-0.045082701	-0.044906129	0.00022050924	
S11000.iliopsoas-pelvis_tilt.KP 	0.01196527	0.011428573	0.0011025297	
S11000.iliopsoas-pelvis_tilt.KV 	0.15020745	0.15060006	0.00026286535	
S11000.iliopsoas-hamstrings.KL  	-8.3358306	-8.3601885	0.0092549195	
S11000.iliopsoas-hamstrings.L0  	1.1670422	1.1671729	0.00020361222	
S11000.hamstrings.KF            	0.57635438	0.57639087	0.00019371898	
S11000.glut_max.KF              	0.62180551	0.6215675	0.0002280644	
