pelvis_tilt.offset              	0.02182798	0.021845361	0.00013475774	
hip_flexion_r.offset            	0.071223515	0.071040526	0.00012292704	
knee_angle_r.offset             	0.00079751903	0.00069367235	0.0001378544	
ankle_angle_r.offset            	-0.055849563	-0.056222973	0.00017417186	
hip_flexion_l.offset            	-0.0049160004	-0.0050692525	0.00025396305	
knee_angle_l.offset             	0.056080586	0.056063423	0.00019534504	
ankle_angle_l.offset            	0.18894781	0.18886074	0.00018810443	
stance_load_threshold           	0.15290419	0.15233083	0.00020923844	
S00111.tib_ant.KL               	1.2164379	1.2194973	0.0033610393	
S00111.tib_ant.L0               	0.75997092	0.7603729	0.00035637952	
S00111.tib_ant.KS               	0.00015652	0.00016565552	0.00010884816	
S11000.tib_ant.KL               	1.2292126	1.2271011	0.001920351	
S11000.tib_ant.L0               	0.73156881	0.73154385	0.0002837407	
S11000.tib_ant.KS               	0.036647734	0.036730574	0.00017428738	
S11111.tib_ant-soleus.KF        	-0.11025374	-0.11058426	0.00030008503	
S00111.soleus-tib_ant.KS        	-0.88037008	-0.88258265	0.0036872868	
S11000.soleus-tib_ant.KS        	-3.2582502	-3.2504187	0.0045882666	
S00111.gastroc-tib_ant.KS       	-0.33883203	-0.34026126	0.0029662603	
S11000.gastroc-tib_ant.KS       	-1.6635271	-1.6601837	0.0038270986	
S00111.tib_ant-gastroc.KS       	-0.0039041881	-0.0037990243	0.021531242	
S11000.tib_ant-gastroc.KS       	-0.00366451	-0.0035130483	0.021044661	
S00111.tib_ant-soleus.KS        	-0.00313515	-0.0033278141	0.022102898	
S11000.tib_ant-soleus.KS        	-0.00313645	-0.0033319328	0.021163974	
S00111.gastroc.L0               	0.823351	0.82432552	0.001504276	
S00111.gastroc.KF               	1.4128466	1.4128181	0.00019387601	
S00111.gastroc.KS               	0.16905961	0.16915185	0.0014660939	
S00111.soleus.L0                	0.9516388	0.9519144	0.00081703634	
S00111.soleus.KF                	0.23214699	0.23262945	0.00028296334	
S00111.soleus.KS                	0.15423889	0.15256832	0.0021020605	
S11000.gastroc.KL               	0.00837043	0.0085960144	0.0021530186	
S11000.gastroc.L0               	0.5277123	0.52977536	0.0015489625	
S11000.gastroc.KF               	-1.7900701	-1.7923724	0.0037040525	
S11000.gastroc.KS               	0.26836254	0.2627876	0.0031019459	
S11000.soleus.KL                	0.8138357	0.80864472	0.0061660262	
S11000.soleus.L0                	0.91067423	0.91060114	0.0014053068	
S11000.soleus.KF                	-0.91077057	-0.91067664	0.0057018734	
S11000.soleus.KS                	0.10841726	0.10791379	0.0042299999	
S00011.vasti.KF                 	0.82982952	0.82920229	0.00079232327	
S00011.vasti.C0                 	0.08228342	0.082298088	0.00017592361	
S00011.vasti-knee_angle.pos_max 	-0.30617149	-0.30617077	0.00028088904	
S00011.hamstrings-pelvis_tilt.KP	0.68803266	0.68841412	0.0031978069	
S00011.hamstrings-pelvis_tilt.KV	0.56890698	0.56865151	0.00016203119	
S00011.hamstrings-pelvis_tilt.C0	0.026086923	0.026444555	0.00032494831	
S00011.glut_max-pelvis_tilt.KP  	1.4436457	1.4425455	0.002702907	
S00011.glut_max-pelvis_tilt.KV  	0.31088212	0.31128751	0.00016579688	
S00011.glut_max-pelvis_tilt.C0  	0.16062933	0.16096779	0.00028228215	
S00011.iliopsoas-pelvis_tilt.KP 	-3.6596984	-3.6586158	0.0044789619	
S00011.iliopsoas-pelvis_tilt.KV 	-0.540475	-0.54075289	0.00020361389	
S00011.iliopsoas-pelvis_tilt.C0 	0.3389546	0.33823147	0.00044398206	
S00100.iliopsoas.C0             	0.33926543	0.33915938	0.00023970282	
S00100.glut_max.C0              	-0.025359094	-0.025358271	0.00017419883	
S11000.iliopsoas.KL             	0.56195321	0.56172252	0.00020107113	
S11000.iliopsoas.L0             	0.39053294	0.39060306	0.00023280289	
S11000.iliopsoas-pelvis_tilt.P0 	-0.045035232	-0.045213532	0.00018034491	
S11000.iliopsoas-pelvis_tilt.KP 	0.01159306	0.011464968	0.00088216913	
S11000.iliopsoas-pelvis_tilt.KV 	0.15044995	0.1501863	0.00021667026	
S11000.iliopsoas-hamstrings.KL  	-8.3587018	-8.3627202	0.0076206098	
S11000.iliopsoas-hamstrings.L0  	1.1668606	1.1669475	0.00016749373	
S11000.hamstrings.KF            	0.57625537	0.57629442	0.00015975499	
S11000.glut_max.KF              	0.62164366	0.62145819	0.00018797257	
