pelvis_tilt.offset              	0.019763765	0.019655462	0.0010306947	
hip_flexion_r.offset            	0.065136948	0.066917455	0.00097271616	
knee_angle_r.offset             	-0.0010496135	-0.00049447992	0.0010672008	
ankle_angle_r.offset            	-0.055001219	-0.057164624	0.0013785781	
hip_flexion_l.offset            	-0.0077308186	-0.0050019759	0.0019599795	
knee_angle_l.offset             	0.059974034	0.059387875	0.0015211703	
ankle_angle_l.offset            	0.18458392	0.1861565	0.0014450999	
stance_load_threshold           	0.15199466	0.15364284	0.0015898461	
S00111.tib_ant.KL               	1.2887132	1.2807752	0.026248846	
S00111.tib_ant.L0               	0.75652553	0.75837507	0.002827128	
S00111.tib_ant.KS               	0.00015652	0.00016584045	0.0011179421	
S11000.tib_ant.KL               	1.1970073	1.2104062	0.015080816	
S11000.tib_ant.L0               	0.73601878	0.73881259	0.0021935375	
S11000.tib_ant.KS               	0.036802221	0.035953134	0.0013860573	
S11111.tib_ant-soleus.KF        	-0.10984445	-0.11035462	0.0023757618	
S00111.soleus-tib_ant.KS        	-0.8850214	-0.8388807	0.03011695	
S11000.soleus-tib_ant.KS        	-3.4151409	-3.3573165	0.035134442	
S00111.gastroc-tib_ant.KS       	-0.34915347	-0.33680552	0.026004701	
S11000.gastroc-tib_ant.KS       	-1.6460427	-1.6753265	0.029155234	
S00111.tib_ant-gastroc.KS       	-0.00357534	-0.0037466336	0.22121995	
S11000.tib_ant-gastroc.KS       	-0.00366451	-0.0034649155	0.21622079	
S00111.tib_ant-soleus.KS        	-0.00313515	-0.0032776007	0.22709371	
S11000.tib_ant-soleus.KS        	-0.0034666	-0.0032856013	0.21744681	
S00111.gastroc.KL               	0.08315732	0.077896022	0.027660535	
S00111.gastroc.L0               	0.82823544	0.82837541	0.011602884	
S00111.gastroc.KF               	1.4140892	1.4130926	0.0014782348	
S00111.soleus.KL                	4.1419881	4.1004463	0.025855365	
S00111.soleus.L0                	0.97664268	0.97987705	0.006633563	
S00111.soleus.KF                	0.231681	0.22992592	0.0021475906	
S11000.gastroc.KL               	0.00925153	0.0087832957	0.022064535	
S11000.gastroc.L0               	0.51622375	0.53241515	0.012140503	
S11000.gastroc.KF               	-1.7515191	-1.8127325	0.028735783	
S11000.soleus.KL                	0.78294574	0.78102978	0.050527263	
S11000.soleus.L0                	0.87106078	0.86048733	0.011297899	
S11000.soleus.KF                	-0.95885434	-0.91686549	0.047074354	
S00011.vasti.KF                 	0.82015868	0.81592252	0.0062831366	
S00011.vasti.C0                 	0.080297075	0.081137264	0.0014108936	
S00011.vasti-knee_angle.pos_max 	-0.30844074	-0.30541787	0.0021796429	
S00011.hamstrings-pelvis_tilt.KP	0.74162866	0.70412873	0.024841075	
S00011.hamstrings-pelvis_tilt.KV	0.56756085	0.56519095	0.0012780776	
S00011.hamstrings-pelvis_tilt.C0	0.027722142	0.026690829	0.0027220676	
S00011.glut_max-pelvis_tilt.KP  	1.5051778	1.5123824	0.020505936	
S00011.glut_max-pelvis_tilt.KV  	0.31221929	0.31232173	0.0012879788	
S00011.glut_max-pelvis_tilt.C0  	0.15652822	0.15697162	0.0021711124	
S00011.iliopsoas-pelvis_tilt.KP 	-3.5719843	-3.497464	0.034681786	
S00011.iliopsoas-pelvis_tilt.KV 	-0.5408365	-0.54290781	0.0015789104	
S00011.iliopsoas-pelvis_tilt.C0 	0.33536788	0.33605823	0.0034301863	
S00100.iliopsoas.C0             	0.34206368	0.33836289	0.0018611674	
S00100.glut_max.C0              	-0.024671831	-0.02437909	0.0014174896	
S11000.iliopsoas.KL             	0.55755204	0.55852074	0.001599678	
S11000.iliopsoas.L0             	0.392982	0.38999748	0.0017812606	
S11000.iliopsoas-pelvis_tilt.P0 	-0.044567921	-0.043840121	0.0014186437	
S11000.iliopsoas-pelvis_tilt.KP 	0.01082572	0.011466236	0.0088827	
S11000.iliopsoas-pelvis_tilt.KV 	0.14516016	0.14652983	0.0016359079	
S11000.iliopsoas-hamstrings.KL  	-8.4361479	-8.3466094	0.058464908	
S11000.iliopsoas-hamstrings.L0  	1.1682525	1.1674816	0.0013215058	
S11000.hamstrings.KF            	0.57833543	0.57596945	0.0012816214	
S11000.glut_max.KF              	0.62137726	0.62185245	0.0014507806	
