pelvis_tilt.offset              	0.020372432	0.020460021	0.00023847652	
hip_flexion_r.offset            	0.066817029	0.066545093	0.00022902921	
knee_angle_r.offset             	0.0014054286	0.00085867441	0.00024862353	
ankle_angle_r.offset            	-0.05597119	-0.056595428	0.00031385029	
hip_flexion_l.offset            	-0.0065737145	-0.0063652774	0.00045935527	
knee_angle_l.offset             	0.058564315	0.058395202	0.00035815215	
ankle_angle_l.offset            	0.18254815	0.18279977	0.00034021541	
stance_load_threshold           	0.15484134	0.15495444	0.0003777805	
S00111.tib_ant.KL               	1.2410958	1.2405354	0.0061347492	
S00111.tib_ant.L0               	0.74500803	0.74470534	0.00069865942	
S00111.tib_ant.KS               	0.00016143696	0.00016387684	0.00020433602	
S11000.tib_ant.KL               	1.2258792	1.2267126	0.0035045397	
S11000.tib_ant.L0               	0.73533749	0.73472098	0.00050205208	
S11000.tib_ant.KS               	0.035137206	0.035521678	0.0003141416	
S11111.tib_ant-soleus.KF        	-0.10798024	-0.10832028	0.00054713378	
S00111.soleus-tib_ant.KS        	-0.86073803	-0.85287246	0.0067685294	
S11000.soleus-tib_ant.KS        	-3.3935709	-3.4051651	0.0081539843	
S00111.gastroc-tib_ant.KS       	-0.35557966	-0.35402699	0.0051141277	
S11000.gastroc-tib_ant.KS       	-1.7090105	-1.7035148	0.0068185273	
S00111.tib_ant-gastroc.KS       	-0.00357534	-0.0036819243	0.040429257	
S11000.tib_ant-gastroc.KS       	-0.00366451	-0.0034724582	0.039515628	
S00111.tib_ant-soleus.KS        	-0.00313515	-0.0033717902	0.041502705	
S11000.tib_ant-soleus.KS        	-0.0034666	-0.0033063363	0.03973968	
S00111.gastroc.KL               	0.076707134	0.079019184	0.0052295591	
S00111.gastroc.L0               	0.82366542	0.82536131	0.0027410259	
S00111.gastroc.KF               	1.4106517	1.4106675	0.00034589648	
S00111.soleus.KL                	4.1058378	4.1045628	0.0061750363	
S00111.soleus.L0                	0.98615716	0.98485074	0.0015092657	
S00111.soleus.KF                	0.2315074	0.23165067	0.00049831805	
S11000.gastroc.KL               	0.00837043	0.0087089552	0.004036003	
S11000.gastroc.L0               	0.49832691	0.50117878	0.0028276649	
S11000.gastroc.KF               	-1.8094693	-1.7976617	0.0066787902	
S11000.soleus.KL                	0.81674625	0.83046313	0.011196171	
S11000.soleus.L0                	0.86080222	0.85940752	0.0024956839	
S11000.soleus.KF                	-0.88385434	-0.89024634	0.010528523	
S00011.vasti.KF                 	0.83591061	0.83696672	0.0014776138	
S00011.vasti.C0                 	0.080765631	0.080630012	0.00030962759	
S00011.vasti-knee_angle.pos_max 	-0.30976878	-0.30956044	0.00052230752	
S00011.hamstrings-pelvis_tilt.KP	0.74162866	0.73353326	0.0054271802	
S00011.hamstrings-pelvis_tilt.KV	0.56747266	0.56761038	0.00029308838	
S00011.hamstrings-pelvis_tilt.C0	0.02731783	0.02637039	0.00057231875	
S00011.glut_max-pelvis_tilt.KP  	1.4651533	1.4647835	0.0047151061	
S00011.glut_max-pelvis_tilt.KV  	0.31170594	0.31206335	0.00029296898	
S00011.glut_max-pelvis_tilt.C0  	0.15885712	0.15896705	0.00049830053	
S00011.iliopsoas-pelvis_tilt.KP 	-3.5001172	-3.4908556	0.0079841545	
S00011.iliopsoas-pelvis_tilt.KV 	-0.54126001	-0.54197198	0.00036213446	
S00011.iliopsoas-pelvis_tilt.C0 	0.32968455	0.32960039	0.00080589808	
S00100.iliopsoas.C0             	0.33677177	0.33665871	0.00043918191	
S00100.glut_max.C0              	-0.024227332	-0.023853201	0.00031561226	
S11000.iliopsoas.KL             	0.55935675	0.5599841	0.00036665799	
S11000.iliopsoas.L0             	0.39032033	0.39081357	0.00041725903	
S11000.iliopsoas-pelvis_tilt.P0 	-0.043183846	-0.04234383	0.00031797828	
S11000.iliopsoas-pelvis_tilt.KP 	0.011224389	0.011173348	0.0016367539	
S11000.iliopsoas-pelvis_tilt.KV 	0.14771259	0.14791717	0.00038109196	
S11000.iliopsoas-hamstrings.KL  	-8.3334881	-8.3427166	0.013838378	
S11000.iliopsoas-hamstrings.L0  	1.1697863	1.1697472	0.00031745997	
S11000.hamstrings.KF            	0.58170002	0.58148283	0.00031325092	
S11000.glut_max.KF              	0.62483781	0.6249752	0.00033550828	
