pelvis_tilt.offset              	0.01987914	0.02000972	0.00012087181	
hip_flexion_r.offset            	0.06620106	0.066403924	0.00011557916	
knee_angle_r.offset             	0.0014237695	0.0011988335	0.00012710403	
ankle_angle_r.offset            	-0.056199252	-0.056249052	0.00015887535	
hip_flexion_l.offset            	-0.0070878145	-0.0072173929	0.00023184282	
knee_angle_l.offset             	0.055738506	0.05590294	0.00018245411	
ankle_angle_l.offset            	0.19011407	0.18974625	0.00017120973	
stance_load_threshold           	0.15052605	0.15087313	0.00018552429	
S00111.tib_ant.KL               	1.2734067	1.2787526	0.0030769911	
S00111.tib_ant.L0               	0.75514473	0.75581159	0.00033007949	
S00111.tib_ant.KS               	0.00015652	0.00016700876	9.616588e-05	
S11000.tib_ant.KL               	1.2009718	1.2033673	0.0018445144	
S11000.tib_ant.L0               	0.74215181	0.74248124	0.00025515243	
S11000.tib_ant.KS               	0.034782393	0.034830036	0.00016615705	
S11111.tib_ant-soleus.KF        	-0.1060209	-0.10599856	0.00028669171	
S00111.soleus-tib_ant.KS        	-0.86807274	-0.87150055	0.0033836089	
S11000.soleus-tib_ant.KS        	-3.2701905	-3.2715932	0.0041643972	
S00111.gastroc-tib_ant.KS       	-0.34493326	-0.35111649	0.0027039253	
S11000.gastroc-tib_ant.KS       	-1.724212	-1.7254566	0.0035805571	
S00111.tib_ant-gastroc.KS       	-0.00357534	-0.0038421488	0.0190204	
S11000.tib_ant-gastroc.KS       	-0.00366451	-0.0034548169	0.018590558	
S00111.tib_ant-soleus.KS        	-0.00346517	-0.0032831856	0.019525392	
S11000.tib_ant-soleus.KS        	-0.00313645	-0.0032920704	0.018695963	
S00111.gastroc.KL               	0.077994092	0.078602265	0.002579659	
S00111.gastroc.L0               	0.86173721	0.86137683	0.0013930105	
S00111.gastroc.KF               	1.4105491	1.410452	0.00017756155	
S00111.soleus.KL                	4.0022715	4.0055801	0.0030835429	
S00111.soleus.L0                	0.9702963	0.96917952	0.00078454097	
S00111.soleus.KF                	0.22418979	0.22445963	0.00025412188	
S11000.gastroc.KL               	0.00925153	0.008937709	0.0019031449	
S11000.gastroc.L0               	0.5198195	0.52187316	0.0014347861	
S11000.gastroc.KF               	-1.8308193	-1.8266431	0.0034470492	
S11000.soleus.KL                	0.78475366	0.78567479	0.0057707048	
S11000.soleus.L0                	0.88954497	0.88872527	0.0013444764	
S11000.soleus.KF                	-0.91630396	-0.91520294	0.0053385023	
S00011.vasti.KF                 	0.83649183	0.83589717	0.00073526875	
S00011.vasti.C0                 	0.08235774	0.082494563	0.00016531055	
S00011.vasti-knee_angle.pos_max 	-0.30585828	-0.30606747	0.00026140152	
S00011.hamstrings-pelvis_tilt.KP	0.70208419	0.69929185	0.0029941535	
S00011.hamstrings-pelvis_tilt.KV	0.56733665	0.56758092	0.00014561096	
S00011.hamstrings-pelvis_tilt.C0	0.026626582	0.026624268	0.00029299291	
S00011.glut_max-pelvis_tilt.KP  	1.4574807	1.4524044	0.0024408243	
S00011.glut_max-pelvis_tilt.KV  	0.30915495	0.3093374	0.00015142099	
S00011.glut_max-pelvis_tilt.C0  	0.15349448	0.153469	0.0002511647	
S00011.iliopsoas-pelvis_tilt.KP 	-3.4366371	-3.4458513	0.0042044958	
S00011.iliopsoas-pelvis_tilt.KV 	-0.5446148	-0.54475902	0.00018565205	
S00011.iliopsoas-pelvis_tilt.C0 	0.32838761	0.32855583	0.00040320288	
S00100.iliopsoas.C0             	0.34445753	0.34411982	0.00023015128	
S00100.glut_max.C0              	-0.024643315	-0.024503253	0.00015750821	
S11000.iliopsoas.KL             	0.56280189	0.56294194	0.00018893085	
S11000.iliopsoas.L0             	0.39154312	0.39106229	0.00021036136	
S11000.iliopsoas-pelvis_tilt.P0 	-0.042378851	-0.042543476	0.00016733815	
S11000.iliopsoas-pelvis_tilt.KP 	0.01082572	0.011315274	0.00078329474	
S11000.iliopsoas-pelvis_tilt.KV 	0.14294796	0.14281044	0.00019288045	
S11000.iliopsoas-hamstrings.KL  	-8.2135613	-8.2152001	0.00685492	
S11000.iliopsoas-hamstrings.L0  	1.1627115	1.1628041	0.00015254621	
S11000.hamstrings.KF            	0.57952413	0.5791884	0.00015781648	
S11000.glut_max.KF              	0.62345069	0.62285808	0.00017555928	
