pelvis_tilt.offset              	0.023875275	0.024262914	0.0011587511	
hip_flexion_r.offset            	0.070807049	0.072304115	0.0010924982	
knee_angle_r.offset             	-0.0021722744	0.00025630075	0.001194436	
ankle_angle_r.offset            	-0.056069825	-0.055004777	0.0015707757	
hip_flexion_l.offset            	-0.0074085615	-0.0054161155	0.0021985118	
knee_angle_l.offset             	0.056735753	0.056142505	0.0017023084	
ankle_angle_l.offset            	0.18742023	0.18787763	0.0016229958	
stance_load_threshold           	0.15022474	0.15035044	0.0017875845	
S00111.tib_ant.KL               	1.253689	1.244552	0.029550079	
S00111.tib_ant.L0               	0.751954	0.75767286	0.0031794666	
S00111.tib_ant.KS               	0.00015652	0.00016377545	0.001249422	
S11000.tib_ant.KL               	1.1693935	1.2006403	0.016858097	
S11000.tib_ant.L0               	0.72552536	0.72989464	0.0024947419	
S11000.tib_ant.KS               	0.034350505	0.0348837	0.0015493244	
S11111.tib_ant-soleus.KF        	-0.11353896	-0.11365211	0.0026716287	
S00111.soleus-tib_ant.KS        	-0.89402901	-0.86625565	0.033781079	
S11000.soleus-tib_ant.KS        	-3.2042623	-3.2210503	0.039396762	
S00111.gastroc-tib_ant.KS       	-0.34744286	-0.33131209	0.0290498	
S11000.gastroc-tib_ant.KS       	-1.6229332	-1.6632399	0.0331048	
S00111.tib_ant-gastroc.KS       	-0.00395169	-0.0037815801	0.24723743	
S11000.tib_ant-gastroc.KS       	-0.00331551	-0.0034142905	0.24165032	
S00111.tib_ant-soleus.KS        	-0.00346517	-0.0032954531	0.253802	
S11000.tib_ant-soleus.KS        	-0.0034666	-0.0033314419	0.24302053	
S00111.gastroc.KL               	0.08315732	0.078316863	0.030914336	
S00111.gastroc.L0               	0.82252687	0.82079494	0.013034365	
S00111.gastroc.KS               	0.17739288	0.16966189	0.014335945	
S00111.soleus.KL                	3.9988518	3.9871128	0.029168694	
S00111.soleus.L0                	1.0049333	0.9983938	0.0076658993	
S00111.soleus.KS                	0.14946728	0.15803053	0.020929513	
S11000.gastroc.KL               	0.00837043	0.0089161085	0.024659503	
S11000.gastroc.L0               	0.53701979	0.51965822	0.013651895	
S11000.gastroc.KF               	-1.8515875	-1.8385355	0.032179699	
S11000.gastroc.KS               	0.27398453	0.26510786	0.029311104	
S11000.soleus.KL                	0.78258727	0.79303159	0.056425837	
S11000.soleus.L0                	0.91478527	0.91497898	0.012603748	
S11000.soleus.KF                	-0.86753488	-0.90106014	0.052647344	
S11000.soleus.KS                	0.1022613	0.10638493	0.04580273	
S00011.vasti.KF                 	0.81735189	0.81909967	0.0070538229	
S00011.vasti.C0                 	0.081348746	0.081938306	0.0015829204	
S00011.vasti-knee_angle.pos_max 	-0.30888148	-0.30605971	0.0024469291	
S00011.hamstrings-pelvis_tilt.KP	0.73697534	0.70902903	0.027796361	
S00011.hamstrings-pelvis_tilt.KV	0.56408947	0.56505525	0.0014239885	
S00011.hamstrings-pelvis_tilt.C0	0.025448065	0.026677517	0.0030424661	
S00011.glut_max-pelvis_tilt.KP  	1.4843538	1.4613557	0.023052377	
S00011.glut_max-pelvis_tilt.KV  	0.31413175	0.31470205	0.0014476886	
S00011.glut_max-pelvis_tilt.C0  	0.15315916	0.154676	0.0024330371	
S00011.iliopsoas-pelvis_tilt.KP 	-3.5563628	-3.5200519	0.038694206	
S00011.iliopsoas-pelvis_tilt.KV 	-0.54630728	-0.54402093	0.0017770866	
S00011.iliopsoas-pelvis_tilt.C0 	0.32945361	0.33382929	0.0038345443	
S00100.iliopsoas.C0             	0.34047855	0.34098557	0.0020857861	
S00100.glut_max.C0              	-0.02342065	-0.024919405	0.0015838359	
S11000.iliopsoas.KL             	0.56290607	0.56457015	0.0017935243	
S11000.iliopsoas.L0             	0.39153137	0.39323036	0.0020030764	
S11000.iliopsoas-pelvis_tilt.P0 	-0.044340409	-0.043372949	0.0015892968	
S11000.iliopsoas-pelvis_tilt.KP 	0.01082572	0.011187158	0.0099274487	
S11000.iliopsoas-pelvis_tilt.KV 	0.14595506	0.14506172	0.0018330309	
S11000.iliopsoas-hamstrings.KL  	-8.2132403	-8.2950208	0.065242958	
S11000.iliopsoas-hamstrings.L0  	1.1621188	1.1649126	0.001476068	
S11000.hamstrings.KF            	0.57368247	0.57497337	0.0014314428	
S11000.glut_max.KF              	0.61830841	0.61981938	0.0016371739	
