pelvis_tilt.offset              	0.027508046	0.027529172	0.00093044104	
hip_flexion_r.offset            	0.074740512	0.073942578	0.00086247915	
knee_angle_r.offset             	0.0011036425	0.001725735	0.00094124148	
ankle_angle_r.offset            	-0.049062838	-0.053143374	0.0012386151	
hip_flexion_l.offset            	-0.00043020743	-0.0020643529	0.0017159774	
knee_angle_l.offset             	0.055795507	0.055754787	0.0013229461	
ankle_angle_l.offset            	0.18233687	0.18492477	0.0012723189	
stance_load_threshold           	0.14537282	0.14856717	0.0013977379	
S00111.tib_ant.KL               	1.2135144	1.2354524	0.022939804	
S00111.tib_ant.L0               	0.75161576	0.75263485	0.0025066079	
S00111.tib_ant.KS               	0.00015652	0.00016073299	0.00093028147	
S11000.tib_ant.KL               	1.2192407	1.2215924	0.013139211	
S11000.tib_ant.L0               	0.72761152	0.72738375	0.0019767337	
S11000.tib_ant.KS               	0.03371447	0.035467575	0.0011871526	
S11111.tib_ant-soleus.KF        	-0.11322868	-0.11092031	0.0020828762	
S00111.soleus-tib_ant.KS        	-0.86237573	-0.861646	0.026016559	
S11000.soleus-tib_ant.KS        	-3.2278215	-3.2050003	0.030964499	
S00111.gastroc-tib_ant.KS       	-0.32171493	-0.32873211	0.021833303	
S11000.gastroc-tib_ant.KS       	-1.6615431	-1.6765597	0.025711885	
S00111.tib_ant-gastroc.KS       	-0.00395169	-0.0037634757	0.18408488	
S11000.tib_ant-gastroc.KS       	-0.00331551	-0.0034607313	0.17992491	
S00111.tib_ant-soleus.KS        	-0.00313515	-0.0033633368	0.18897264	
S11000.tib_ant-soleus.KS        	-0.00313645	-0.0033842549	0.18094512	
S00111.gastroc.KL               	0.075885944	0.07883985	0.023040055	
S00111.gastroc.L0               	0.81266248	0.81341386	0.010177938	
S00111.gastroc.KS               	0.17548541	0.17585376	0.010750312	
S00111.soleus.KL                	3.9344278	3.9309333	0.022881722	
S00111.soleus.L0                	1.0084545	1.0116932	0.0060239428	
S00111.soleus.KS                	0.14946728	0.15469823	0.015688592	
S11000.gastroc.KL               	0.00925153	0.0088823079	0.018361044	
S11000.gastroc.L0               	0.51420791	0.50923619	0.010563825	
S11000.gastroc.KF               	-1.8123734	-1.7960305	0.025286887	
S11000.gastroc.KS               	0.27887874	0.26091083	0.022016231	
S11000.soleus.KL                	0.76235452	0.78344769	0.042790941	
S11000.soleus.L0                	0.91981488	0.92442994	0.0097539768	
S11000.soleus.KF                	-0.95885434	-0.91288286	0.040077694	
S11000.soleus.KS                	0.10578276	0.10469156	0.034133057	
S00011.vasti.KF                 	0.8241263	0.82528964	0.0054538373	
S00011.vasti.C0                 	0.080724114	0.08052625	0.0012064092	
S00011.vasti-knee_angle.pos_max 	-0.30630995	-0.30855202	0.0019100528	
S00011.hamstrings-pelvis_tilt.KP	0.67420273	0.71169443	0.021310203	
S00011.hamstrings-pelvis_tilt.KV	0.56349889	0.56248585	0.0011219707	
S00011.hamstrings-pelvis_tilt.C0	0.02778807	0.026205042	0.0022844266	
S00011.glut_max-pelvis_tilt.KP  	1.499174	1.4724592	0.017898694	
S00011.glut_max-pelvis_tilt.KV  	0.31318836	0.3136404	0.0011300858	
S00011.glut_max-pelvis_tilt.C0  	0.15576821	0.15757356	0.0019098989	
S00011.iliopsoas-pelvis_tilt.KP 	-3.5712421	-3.5839307	0.030575202	
S00011.iliopsoas-pelvis_tilt.KV 	-0.5413695	-0.54167743	0.0013972917	
S00011.iliopsoas-pelvis_tilt.C0 	0.32675495	0.32502354	0.0030011641	
S00100.iliopsoas.C0             	0.34886604	0.34828517	0.0016748267	
S00100.glut_max.C0              	-0.024557332	-0.024624101	0.0012033199	
S11000.iliopsoas.KL             	0.56889407	0.56822304	0.0014189159	
S11000.iliopsoas.L0             	0.39211115	0.39361118	0.001578694	
S11000.iliopsoas-pelvis_tilt.P0 	-0.043309893	-0.043137131	0.0012272109	
S11000.iliopsoas-pelvis_tilt.KP 	0.01196527	0.01113198	0.0073932393	
S11000.iliopsoas-pelvis_tilt.KV 	0.14547977	0.14527711	0.0014279689	
S11000.iliopsoas-hamstrings.KL  	-8.3929104	-8.3835438	0.051224462	
S11000.iliopsoas-hamstrings.L0  	1.1627543	1.1629757	0.0011495364	
S11000.hamstrings.KF            	0.57554142	0.57467617	0.001108745	
S11000.glut_max.KF              	0.61641563	0.6183527	0.0012826683	
