pelvis_tilt.offset              	0.027223407	0.022772264	0.001248811	
hip_flexion_r.offset            	0.069654216	0.069612475	0.0011771236	
knee_angle_r.offset             	0.0012078632	0.00046425609	0.0012882377	
ankle_angle_r.offset            	-0.05736425	-0.057581149	0.0016860296	
hip_flexion_l.offset            	-0.0090741049	-0.0079771784	0.002385351	
knee_angle_l.offset             	0.056366362	0.056890902	0.0018417816	
ankle_angle_l.offset            	0.18602975	0.188069	0.0017608204	
stance_load_threshold           	0.153768	0.15304777	0.0019290302	
S00111.tib_ant.KL               	1.2840347	1.2559891	0.032131062	
S00111.tib_ant.L0               	0.77087	0.76453926	0.0034541555	
S00111.tib_ant.KS               	0.00015652	0.00016530484	0.0013872393	
S11000.tib_ant.KL               	1.1686359	1.1806598	0.018286525	
S11000.tib_ant.L0               	0.7443785	0.73990921	0.0026707561	
S11000.tib_ant.KS               	0.035663715	0.034684572	0.001699695	
S11111.tib_ant-soleus.KF        	-0.10909693	-0.11086542	0.0028951833	
S00111.soleus-tib_ant.KS        	-0.85373617	-0.83159057	0.036861165	
S11000.soleus-tib_ant.KS        	-3.2492779	-3.2814758	0.042719804	
S00111.gastroc-tib_ant.KS       	-0.35557966	-0.33971936	0.032115597	
S11000.gastroc-tib_ant.KS       	-1.7102707	-1.6929364	0.0355889	
S00111.tib_ant-gastroc.KS       	-0.00357534	-0.0037714312	0.27450916	
S11000.tib_ant-gastroc.KS       	-0.00366451	-0.0034420253	0.26830577	
S00111.tib_ant-soleus.KS        	-0.00313515	-0.0032808753	0.28179784	
S11000.tib_ant-soleus.KS        	-0.00313645	-0.0032948462	0.26982712	
S00111.gastroc.L0               	0.84380501	0.83559342	0.014143286	
S00111.gastroc.KF               	1.4124799	1.4109135	0.0017962214	
S00111.gastroc.KS               	0.17739288	0.16958706	0.01587093	
S00111.soleus.L0                	0.94018679	0.9535556	0.0081074628	
S00111.soleus.KF                	0.23131837	0.22769765	0.0026054906	
S00111.soleus.KS                	0.14946728	0.15948952	0.023175911	
S11000.gastroc.KL               	0.00837043	0.0088609242	0.027379407	
S11000.gastroc.L0               	0.50616922	0.51836087	0.014866341	
S11000.gastroc.KF               	-1.8081851	-1.8094818	0.034957453	
S11000.gastroc.KS               	0.27887874	0.26415053	0.032429516	
S11000.soleus.KL                	0.83950346	0.80242035	0.06223532	
S11000.soleus.L0                	0.90859234	0.89743223	0.013613682	
S11000.soleus.KF                	-0.94352109	-0.92967184	0.057846275	
S11000.soleus.KS                	0.1022613	0.1078959	0.050839618	
S00011.vasti.KF                 	0.83631103	0.82507973	0.0076425114	
S00011.vasti.C0                 	0.07992329	0.082481178	0.001722239	
S00011.vasti-knee_angle.pos_max 	-0.3072266	-0.30650162	0.0026351827	
S00011.hamstrings-pelvis_tilt.KP	0.71292775	0.72009684	0.030369336	
S00011.hamstrings-pelvis_tilt.KV	0.56620835	0.56701205	0.0015389241	
S00011.hamstrings-pelvis_tilt.C0	0.027452694	0.026772327	0.0033671034	
S00011.glut_max-pelvis_tilt.KP  	1.5058711	1.486878	0.024981423	
S00011.glut_max-pelvis_tilt.KV  	0.31240395	0.31279145	0.0015596359	
S00011.glut_max-pelvis_tilt.C0  	0.15851709	0.1612296	0.0026311975	
S00011.iliopsoas-pelvis_tilt.KP 	-3.5559363	-3.5183427	0.04193575	
S00011.iliopsoas-pelvis_tilt.KV 	-0.54302618	-0.54176596	0.0019186182	
S00011.iliopsoas-pelvis_tilt.C0 	0.3312132	0.33043669	0.0041307243	
S00100.iliopsoas.C0             	0.33248869	0.33564342	0.0022690901	
S00100.glut_max.C0              	-0.02342065	-0.024441739	0.0017464717	
S11000.iliopsoas.KL             	0.55688326	0.56006187	0.0019488867	
S11000.iliopsoas.L0             	0.39322249	0.39083009	0.0021522951	
S11000.iliopsoas-pelvis_tilt.P0 	-0.042560831	-0.043418015	0.0017355693	
S11000.iliopsoas-pelvis_tilt.KP 	0.01196527	0.011297499	0.011021746	
S11000.iliopsoas-pelvis_tilt.KV 	0.14695046	0.1437026	0.0019959647	
S11000.iliopsoas-hamstrings.KL  	-8.1807719	-8.3137726	0.070495815	
S11000.iliopsoas-hamstrings.L0  	1.1675688	1.1671	0.0016096116	
S11000.hamstrings.KF            	0.57342433	0.57305369	0.0015484091	
S11000.glut_max.KF              	0.62135414	0.62163141	0.0017584695	
