pelvis_tilt.offset              	0.024964661	0.025380015	0.000250909	
hip_flexion_r.offset            	0.067828446	0.067900266	0.0002324452	
knee_angle_r.offset             	-0.0012102443	-0.0006279081	0.00026213838	
ankle_angle_r.offset            	-0.05821017	-0.058204382	0.00033490508	
hip_flexion_l.offset            	-0.0057166821	-0.0062713974	0.00046649896	
knee_angle_l.offset             	0.057456797	0.056779127	0.00036252911	
ankle_angle_l.offset            	0.18807813	0.18814666	0.00034975011	
stance_load_threshold           	0.14930065	0.14990183	0.00037744029	
S00111.tib_ant.KL               	1.230936	1.2281038	0.0063158576	
S00111.tib_ant.L0               	0.75385122	0.75465108	0.0006979274	
S00111.tib_ant.KS               	0.000173	0.00016090527	0.00021943349	
S11000.tib_ant.KL               	1.1526255	1.1503337	0.0036105075	
S11000.tib_ant.L0               	0.74531968	0.74561339	0.00052144308	
S11000.tib_ant.KS               	0.035631657	0.035820367	0.00032401133	
S11111.tib_ant-soleus.KF        	-0.11317159	-0.11300769	0.00055722221	
S00111.soleus-tib_ant.KS        	-0.83441047	-0.84165383	0.0068923175	
S11000.soleus-tib_ant.KS        	-3.203296	-3.199906	0.0084774855	
S00111.gastroc-tib_ant.KS       	-0.32540741	-0.32791464	0.0057129697	
S11000.gastroc-tib_ant.KS       	-1.7141328	-1.7109204	0.0071229059	
S00111.tib_ant-gastroc.KS       	-0.00395169	-0.0037555459	0.043416946	
S11000.tib_ant-gastroc.KS       	-0.00331551	-0.0035511896	0.042435799	
S00111.tib_ant-soleus.KS        	-0.00346517	-0.0031988543	0.044569718	
S11000.tib_ant-soleus.KS        	-0.00313645	-0.0033787991	0.042676411	
S00111.gastroc.L0               	0.85821611	0.85913967	0.0027388099	
S00111.gastroc.KF               	1.4132452	1.4126644	0.0003500236	
S00111.gastroc.KS               	0.17519333	0.17090625	0.002848505	
S00111.soleus.L0                	0.9379283	0.9364656	0.0016258178	
S00111.soleus.KF                	0.23016814	0.23021647	0.00050978817	
S00111.soleus.KS                	0.16235765	0.15979589	0.0040638008	
S11000.gastroc.KL               	0.00925153	0.0088690007	0.0043340554	
S11000.gastroc.L0               	0.51078475	0.51027405	0.0029093556	
S11000.gastroc.KF               	-1.8040068	-1.8079933	0.0069565813	
S11000.gastroc.KS               	0.27504234	0.2669721	0.0057501372	
S11000.soleus.KL                	0.83974093	0.82457022	0.011291026	
S11000.soleus.L0                	0.886154	0.89259017	0.0026856087	
S11000.soleus.KF                	-0.95177081	-0.94713027	0.010642073	
S11000.soleus.KS                	0.11000796	0.1078502	0.0082469405	
S00011.vasti.KF                 	0.82883234	0.82893253	0.0014579066	
S00011.vasti.C0                 	0.083588581	0.083033836	0.00031485223	
S00011.vasti-knee_angle.pos_max 	-0.31133902	-0.31143915	0.00052688745	
S00011.hamstrings-pelvis_tilt.KP	0.73816188	0.73619271	0.0057411537	
S00011.hamstrings-pelvis_tilt.KV	0.56439893	0.56415858	0.00030093886	
S00011.hamstrings-pelvis_tilt.C0	0.026941796	0.025998746	0.00060114963	
S00011.glut_max-pelvis_tilt.KP  	1.4635393	1.4643609	0.004870541	
S00011.glut_max-pelvis_tilt.KV  	0.31114086	0.3104302	0.00030981919	
S00011.glut_max-pelvis_tilt.C0  	0.16310742	0.16293697	0.00052541617	
S00011.iliopsoas-pelvis_tilt.KP 	-3.5176249	-3.4962023	0.0082308499	
S00011.iliopsoas-pelvis_tilt.KV 	-0.54065427	-0.54117502	0.00038297437	
S00011.iliopsoas-pelvis_tilt.C0 	0.32947177	0.32884379	0.0008142591	
S00100.iliopsoas.C0             	0.33108552	0.3311508	0.00045602796	
S00100.glut_max.C0              	-0.024076925	-0.024516861	0.0003246581	
S11000.iliopsoas.KL             	0.55998017	0.55982712	0.00038475932	
S11000.iliopsoas.L0             	0.38902498	0.38905249	0.00042375949	
S11000.iliopsoas-pelvis_tilt.P0 	-0.04440304	-0.044685139	0.00033579299	
S11000.iliopsoas-pelvis_tilt.KP 	0.01196527	0.011524152	0.001756585	
S11000.iliopsoas-pelvis_tilt.KV 	0.14647082	0.14647745	0.00039300943	
S11000.iliopsoas-hamstrings.KL  	-8.2161522	-8.2247084	0.014070699	
S11000.iliopsoas-hamstrings.L0  	1.1669712	1.166914	0.00031405931	
S11000.hamstrings.KF            	0.57436912	0.57509134	0.00030006112	
S11000.glut_max.KF              	0.62221447	0.62206996	0.00034234199	
