pelvis_tilt.offset              	0.025246484	0.025298113	0.00015547666	
hip_flexion_r.offset            	0.068451753	0.068388197	0.00014257748	
knee_angle_r.offset             	-0.0014153358	-0.0011494553	0.00016282445	
ankle_angle_r.offset            	-0.058180221	-0.058433025	0.00020964975	
hip_flexion_l.offset            	-0.0045185342	-0.004338106	0.00029724281	
knee_angle_l.offset             	0.057154071	0.057038178	0.00022855873	
ankle_angle_l.offset            	0.18912889	0.18902023	0.00021695396	
stance_load_threshold           	0.14937818	0.14907161	0.00023814167	
S00111.tib_ant.KL               	1.2124052	1.214572	0.0038430403	
S00111.tib_ant.L0               	0.75297152	0.75310986	0.00044203139	
S00111.tib_ant.KS               	0.000173	0.00016337753	0.00011151918	
S11000.tib_ant.KL               	1.1571469	1.1597542	0.0022450188	
S11000.tib_ant.L0               	0.74688793	0.74693117	0.00032593885	
S11000.tib_ant.KS               	0.036004343	0.035820289	0.00020584092	
S11111.tib_ant-soleus.KF        	-0.1119252	-0.11162354	0.00035093869	
S00111.soleus-tib_ant.KS        	-0.82669188	-0.82549715	0.004406952	
S11000.soleus-tib_ant.KS        	-3.2165039	-3.2236602	0.0053719322	
S00111.gastroc-tib_ant.KS       	-0.32308117	-0.32407399	0.0033446553	
S11000.gastroc-tib_ant.KS       	-1.6981277	-1.6930914	0.0044196862	
S00111.tib_ant-gastroc.KS       	-0.00357534	-0.0037972135	0.022047328	
S11000.tib_ant-gastroc.KS       	-0.00331551	-0.0035390557	0.02154907	
S00111.tib_ant-soleus.KS        	-0.00313515	-0.0033202905	0.022632641	
S11000.tib_ant-soleus.KS        	-0.0034666	-0.0032973337	0.021671224	
S00111.gastroc.L0               	0.86101272	0.86331107	0.0016810345	
S00111.gastroc.KF               	1.4129321	1.4129834	0.00022194627	
S00111.gastroc.KS               	0.16875145	0.16879014	0.0017291887	
S00111.soleus.L0                	0.92381924	0.92586296	0.0011255792	
S00111.soleus.KF                	0.22949528	0.22967641	0.00031131856	
S00111.soleus.KS                	0.16520068	0.16337225	0.0023376751	
S11000.gastroc.KL               	0.00925153	0.0087655106	0.0022130946	
S11000.gastroc.L0               	0.52528987	0.52671134	0.0018809444	
S11000.gastroc.KF               	-1.8073142	-1.8144942	0.0044048977	
S11000.gastroc.KS               	0.25600821	0.25729207	0.0035635724	
S11000.soleus.KL                	0.83676742	0.8342722	0.0067979809	
S11000.soleus.L0                	0.89668353	0.89825429	0.0016711261	
S11000.soleus.KF                	-0.95555911	-0.95137888	0.0064907858	
S11000.soleus.KS                	0.10414588	0.11103459	0.0045694762	
S00011.vasti.KF                 	0.83309057	0.8319593	0.0008907178	
S00011.vasti.C0                 	0.083042773	0.083131337	0.00018815081	
S00011.vasti-knee_angle.pos_max 	-0.3119765	-0.31203919	0.00032496451	
S00011.hamstrings-pelvis_tilt.KP	0.73161473	0.73426275	0.0034274317	
S00011.hamstrings-pelvis_tilt.KV	0.56453059	0.56447546	0.0001890491	
S00011.hamstrings-pelvis_tilt.C0	0.027448075	0.027318974	0.00037712892	
S00011.glut_max-pelvis_tilt.KP  	1.4578163	1.4572694	0.0030456066	
S00011.glut_max-pelvis_tilt.KV  	0.31089093	0.31080872	0.00019470467	
S00011.glut_max-pelvis_tilt.C0  	0.16495271	0.16483591	0.00032884553	
S00011.iliopsoas-pelvis_tilt.KP 	-3.529803	-3.5312965	0.0051310425	
S00011.iliopsoas-pelvis_tilt.KV 	-0.54099728	-0.54075823	0.00023943777	
S00011.iliopsoas-pelvis_tilt.C0 	0.33089404	0.33090993	0.00051458638	
S00100.iliopsoas.C0             	0.33135847	0.33184358	0.0002818585	
S00100.glut_max.C0              	-0.024039584	-0.024358978	0.00020223975	
S11000.iliopsoas.KL             	0.55960299	0.55949884	0.00023763895	
S11000.iliopsoas.L0             	0.38966194	0.38975692	0.0002592045	
S11000.iliopsoas-pelvis_tilt.P0 	-0.045451816	-0.044923573	0.00021181356	
S11000.iliopsoas-pelvis_tilt.KP 	0.01196527	0.011171155	0.00092769898	
S11000.iliopsoas-pelvis_tilt.KV 	0.14592584	0.14558594	0.00024480379	
S11000.iliopsoas-hamstrings.KL  	-8.2398164	-8.230499	0.0087435457	
S11000.iliopsoas-hamstrings.L0  	1.1674739	1.1676091	0.0001904225	
S11000.hamstrings.KF            	0.57545043	0.57537033	0.00018715049	
S11000.glut_max.KF              	0.62173125	0.62178468	0.00021150669	
