pelvis_tilt.offset              	0.026139314	0.025820792	0.00016723827	
hip_flexion_r.offset            	0.068372054	0.068276365	0.00014795553	
knee_angle_r.offset             	-0.001342753	-0.0012757134	0.00017025796	
ankle_angle_r.offset            	-0.058945346	-0.058508663	0.00022106585	
hip_flexion_l.offset            	-0.0041470567	-0.0040188059	0.0003157401	
knee_angle_l.offset             	0.057325737	0.057129464	0.00023821984	
ankle_angle_l.offset            	0.18860384	0.188979	0.00022708194	
stance_load_threshold           	0.14915694	0.14912474	0.00025118179	
S00111.tib_ant.KL               	1.2317136	1.2226032	0.0040148803	
S00111.tib_ant.L0               	0.75210999	0.75211697	0.00046432957	
S00111.tib_ant.KS               	0.000173	0.00016569988	0.00011172761	
S11000.tib_ant.KL               	1.1593612	1.1590567	0.0023608324	
S11000.tib_ant.L0               	0.74592226	0.74643296	0.00034499602	
S11000.tib_ant.KS               	0.035797158	0.035735727	0.00021516811	
S11111.tib_ant-soleus.KF        	-0.1126282	-0.11216715	0.00036939409	
S00111.soleus-tib_ant.KS        	-0.81170954	-0.81187006	0.0047875961	
S11000.soleus-tib_ant.KS        	-3.232251	-3.2244352	0.0056624827	
S00111.gastroc-tib_ant.KS       	-0.33296014	-0.32868409	0.00344275	
S11000.gastroc-tib_ant.KS       	-1.699307	-1.695965	0.0046177839	
S00111.tib_ant-gastroc.KS       	-0.00395169	-0.0036923517	0.022083096	
S11000.tib_ant-gastroc.KS       	-0.00366451	-0.0035354574	0.021584021	
S00111.tib_ant-soleus.KS        	-0.00313515	-0.003292024	0.022669341	
S11000.tib_ant-soleus.KS        	-0.00313645	-0.0033402162	0.021706368	
S00111.gastroc.L0               	0.86171393	0.86447822	0.0017618785	
S00111.gastroc.KF               	1.4132775	1.4131571	0.00023250568	
S00111.gastroc.KS               	0.17132966	0.16997974	0.0017888717	
S00111.soleus.L0                	0.91973333	0.91992377	0.0012979376	
S00111.soleus.KF                	0.23058926	0.23037937	0.00032888261	
S00111.soleus.KS                	0.16520068	0.16405236	0.002394694	
S11000.gastroc.KL               	0.00925153	0.0089147062	0.0022201603	
S11000.gastroc.L0               	0.52366972	0.52517221	0.0019668159	
S11000.gastroc.KF               	-1.8195977	-1.8159748	0.0046200252	
S11000.gastroc.KS               	0.25477098	0.25673472	0.0037058308	
S11000.soleus.KL                	0.82475048	0.82992489	0.0070403139	
S11000.soleus.L0                	0.8996402	0.89868343	0.0017544115	
S11000.soleus.KF                	-0.95459483	-0.95244526	0.0067586921	
S11000.soleus.KS                	0.11302564	0.10563976	0.0046848515	
S00011.vasti.KF                 	0.83323705	0.83225742	0.00093079125	
S00011.vasti.C0                 	0.083223048	0.083134118	0.00019671406	
S00011.vasti-knee_angle.pos_max 	-0.3124562	-0.31205331	0.00034057748	
S00011.hamstrings-pelvis_tilt.KP	0.7277549	0.7311285	0.0035816871	
S00011.hamstrings-pelvis_tilt.KV	0.56473837	0.56480102	0.00019904931	
S00011.hamstrings-pelvis_tilt.C0	0.026283294	0.026851916	0.00039246347	
S00011.glut_max-pelvis_tilt.KP  	1.4506003	1.4537946	0.0031821283	
S00011.glut_max-pelvis_tilt.KV  	0.31096672	0.31081611	0.00020722806	
S00011.glut_max-pelvis_tilt.C0  	0.16544135	0.16526324	0.00034517553	
S00011.iliopsoas-pelvis_tilt.KP 	-3.5373895	-3.5346751	0.0053934236	
S00011.iliopsoas-pelvis_tilt.KV 	-0.54118731	-0.54102812	0.00024974337	
S00011.iliopsoas-pelvis_tilt.C0 	0.33110378	0.33220996	0.0005478013	
S00100.iliopsoas.C0             	0.33222682	0.33192686	0.00029596636	
S00100.glut_max.C0              	-0.024520902	-0.024423772	0.00021126247	
S11000.iliopsoas.KL             	0.559033	0.55927952	0.00024902977	
S11000.iliopsoas.L0             	0.38986639	0.38970547	0.00027085101	
S11000.iliopsoas-pelvis_tilt.P0 	-0.044796608	-0.044682411	0.00022367365	
S11000.iliopsoas-pelvis_tilt.KP 	0.01192679	0.011118434	0.00093945982	
S11000.iliopsoas-pelvis_tilt.KV 	0.14567932	0.1460967	0.00025783846	
S11000.iliopsoas-hamstrings.KL  	-8.2349928	-8.244109	0.0091695814	
S11000.iliopsoas-hamstrings.L0  	1.1677857	1.1678046	0.00019964917	
S11000.hamstrings.KF            	0.5761825	0.57579324	0.0002005787	
S11000.glut_max.KF              	0.62148012	0.62148299	0.0002214398	
