pelvis_tilt.offset              	0.025856047	0.025890752	0.00017085646	
hip_flexion_r.offset            	0.068599249	0.068707985	0.0001508249	
knee_angle_r.offset             	-0.0018361635	-0.0017300216	0.00017224762	
ankle_angle_r.offset            	-0.059229072	-0.059195401	0.00022453929	
hip_flexion_l.offset            	-0.0033269628	-0.0037734128	0.0003227951	
knee_angle_l.offset             	0.057743577	0.057547887	0.00023984688	
ankle_angle_l.offset            	0.18965685	0.18919059	0.00022819643	
stance_load_threshold           	0.14905257	0.1493054	0.00025118256	
S00111.tib_ant.KL               	1.2235521	1.227129	0.0040454795	
S00111.tib_ant.L0               	0.75083417	0.75082613	0.00048163219	
S00111.tib_ant.KS               	0.000173	0.00016590289	0.00010711622	
S11000.tib_ant.KL               	1.1594849	1.160271	0.0023621926	
S11000.tib_ant.L0               	0.74793247	0.74732698	0.00034594825	
S11000.tib_ant.KS               	0.036748098	0.036457361	0.00021742353	
S11111.tib_ant-soleus.KF        	-0.11190527	-0.11219481	0.00037144185	
S00111.soleus-tib_ant.KS        	-0.81079029	-0.81390756	0.0047575217	
S11000.soleus-tib_ant.KS        	-3.2173385	-3.218888	0.0056763116	
S00111.gastroc-tib_ant.KS       	-0.32929865	-0.33038045	0.0034239925	
S11000.gastroc-tib_ant.KS       	-1.6947821	-1.6926428	0.0046648975	
S00111.tib_ant-gastroc.KS       	-0.00395169	-0.0037150036	0.021165887	
S11000.tib_ant-gastroc.KS       	-0.00366451	-0.0033822947	0.020687528	
S00111.tib_ant-soleus.KS        	-0.00346517	-0.0033338432	0.021727758	
S11000.tib_ant-soleus.KS        	-0.00313645	-0.0033341745	0.020804785	
S00111.gastroc.L0               	0.86454018	0.86396925	0.0017817121	
S00111.gastroc.KF               	1.4132968	1.4132618	0.00023213704	
S00111.gastroc.KS               	0.17203644	0.17241684	0.0017938081	
S00111.soleus.L0                	0.92042663	0.92055914	0.0013064791	
S00111.soleus.KF                	0.23103118	0.2310666	0.00033697221	
S00111.soleus.KS                	0.15758845	0.1598196	0.0023759975	
S11000.gastroc.KL               	0.00837043	0.0088413122	0.0021319315	
S11000.gastroc.L0               	0.52464595	0.524282	0.0019735348	
S11000.gastroc.KF               	-1.8203645	-1.8161734	0.0046318743	
S11000.gastroc.KS               	0.26020695	0.25488703	0.0036787529	
S11000.soleus.KL                	0.82520368	0.83436073	0.0070006054	
S11000.soleus.L0                	0.89556997	0.89751093	0.0017523659	
S11000.soleus.KF                	-0.94470829	-0.94519575	0.0067530303	
S11000.soleus.KS                	0.11023444	0.10898666	0.0046203017	
S00011.vasti.KF                 	0.83463234	0.83509937	0.00094859405	
S00011.vasti.C0                 	0.083390952	0.083260801	0.00019825806	
S00011.vasti-knee_angle.pos_max 	-0.31287574	-0.31238217	0.00034314629	
S00011.hamstrings-pelvis_tilt.KP	0.74162866	0.73734833	0.0035896515	
S00011.hamstrings-pelvis_tilt.KV	0.5647948	0.56466916	0.00020053784	
S00011.hamstrings-pelvis_tilt.C0	0.025879768	0.026339645	0.00039632872	
S00011.glut_max-pelvis_tilt.KP  	1.4625008	1.4581098	0.0031997256	
S00011.glut_max-pelvis_tilt.KV  	0.31076342	0.31062344	0.00020833542	
S00011.glut_max-pelvis_tilt.C0  	0.164826	0.16510914	0.00034495568	
S00011.iliopsoas-pelvis_tilt.KP 	-3.5266937	-3.5297553	0.0054085425	
S00011.iliopsoas-pelvis_tilt.KV 	-0.54165391	-0.54117393	0.00025073418	
S00011.iliopsoas-pelvis_tilt.C0 	0.33366791	0.33284816	0.00056646125	
S00100.iliopsoas.C0             	0.33313708	0.33272721	0.00029715367	
S00100.glut_max.C0              	-0.024231695	-0.024374157	0.00021242431	
S11000.iliopsoas.KL             	0.5594966	0.55956158	0.00025038474	
S11000.iliopsoas.L0             	0.39065947	0.38996435	0.00027410777	
S11000.iliopsoas-pelvis_tilt.P0 	-0.044901174	-0.045041651	0.00022525968	
S11000.iliopsoas-pelvis_tilt.KP 	0.01196527	0.011847697	0.00091299618	
S11000.iliopsoas-pelvis_tilt.KV 	0.14613745	0.14608466	0.0002587866	
S11000.iliopsoas-hamstrings.KL  	-8.2351942	-8.2510808	0.0092633051	
S11000.iliopsoas-hamstrings.L0  	1.1681266	1.1681867	0.00020203528	
S11000.hamstrings.KF            	0.57588378	0.57640849	0.00020864318	
S11000.glut_max.KF              	0.62152192	0.62163458	0.00022390998	
