pelvis_tilt.offset              	0.025940474	0.025869181	0.00015871275	
hip_flexion_r.offset            	0.068609894	0.068654145	0.00014175057	
knee_angle_r.offset             	-0.0018084776	-0.0018795317	0.00016341663	
ankle_angle_r.offset            	-0.058551302	-0.058847723	0.0002110493	
hip_flexion_l.offset            	-0.0040880207	-0.0040419905	0.00030273353	
knee_angle_l.offset             	0.057993731	0.057986636	0.00022637921	
ankle_angle_l.offset            	0.18922232	0.18934538	0.00021272606	
stance_load_threshold           	0.14913262	0.14896183	0.00023505922	
S00111.tib_ant.KL               	1.2368492	1.2317718	0.0038037553	
S00111.tib_ant.L0               	0.75011501	0.75011627	0.00045438276	
S00111.tib_ant.KS               	0.00015652	0.00016144273	9.7756765e-05	
S11000.tib_ant.KL               	1.1634537	1.1645493	0.0022073829	
S11000.tib_ant.L0               	0.74728914	0.74730828	0.00032410108	
S11000.tib_ant.KS               	0.03652524	0.036596844	0.00020463461	
S11111.tib_ant-soleus.KF        	-0.11254582	-0.11227252	0.00034608653	
S00111.soleus-tib_ant.KS        	-0.81191286	-0.810718	0.0043961307	
S11000.soleus-tib_ant.KS        	-3.2189907	-3.2233905	0.0052633738	
S00111.gastroc-tib_ant.KS       	-0.33775499	-0.33127763	0.0031732166	
S11000.gastroc-tib_ant.KS       	-1.7004685	-1.6962314	0.0043556632	
S00111.tib_ant-gastroc.KS       	-0.00395169	-0.003758067	0.019313655	
S11000.tib_ant-gastroc.KS       	-0.00366451	-0.0034251398	0.018877153	
S00111.tib_ant-soleus.KS        	-0.00313515	-0.0032969118	0.019826346	
S11000.tib_ant-soleus.KS        	-0.0034666	-0.0032711172	0.018984146	
S00111.gastroc.L0               	0.86344059	0.86279198	0.0016660789	
S00111.gastroc.KF               	1.4133311	1.4130874	0.00021612625	
S00111.gastroc.KS               	0.17523958	0.17329306	0.001671918	
S00111.soleus.L0                	0.92013488	0.92004471	0.0012073421	
S00111.soleus.KF                	0.23137851	0.23101331	0.00031416246	
S00111.soleus.KS                	0.15953552	0.15800517	0.0022108652	
S11000.gastroc.KL               	0.00925153	0.0086510438	0.0019471448	
S11000.gastroc.L0               	0.52559239	0.52632089	0.0018485723	
S11000.gastroc.KF               	-1.8177463	-1.8181607	0.004329521	
S11000.gastroc.KS               	0.25365881	0.25622738	0.0034129572	
S11000.soleus.KL                	0.83736662	0.83129338	0.0065242366	
S11000.soleus.L0                	0.89839467	0.89690776	0.001636477	
S11000.soleus.KF                	-0.92732751	-0.93800048	0.0063124415	
S11000.soleus.KS                	0.10367811	0.10525892	0.0042802196	
S00011.vasti.KF                 	0.83371451	0.83433375	0.00088439162	
S00011.vasti.C0                 	0.083800744	0.083443941	0.00018621845	
S00011.vasti-knee_angle.pos_max 	-0.31258204	-0.31237808	0.00032021218	
S00011.hamstrings-pelvis_tilt.KP	0.73341981	0.73304785	0.0033570829	
S00011.hamstrings-pelvis_tilt.KV	0.56504324	0.56503274	0.00018686928	
S00011.hamstrings-pelvis_tilt.C0	0.026952113	0.026465235	0.00036816405	
S00011.glut_max-pelvis_tilt.KP  	1.4585654	1.45973	0.0029850896	
S00011.glut_max-pelvis_tilt.KV  	0.31055873	0.31077991	0.0001943229	
S00011.glut_max-pelvis_tilt.C0  	0.16520876	0.16527935	0.00032091165	
S00011.iliopsoas-pelvis_tilt.KP 	-3.5251702	-3.5274616	0.0050612359	
S00011.iliopsoas-pelvis_tilt.KV 	-0.54109758	-0.54091693	0.00023364425	
S00011.iliopsoas-pelvis_tilt.C0 	0.33417628	0.3336091	0.00053215792	
S00100.iliopsoas.C0             	0.33294267	0.33291595	0.00027981758	
S00100.glut_max.C0              	-0.0249361	-0.024615334	0.00019754349	
S11000.iliopsoas.KL             	0.55960272	0.5595001	0.00023371689	
S11000.iliopsoas.L0             	0.39029019	0.39039842	0.00025734909	
S11000.iliopsoas-pelvis_tilt.P0 	-0.045123621	-0.045004478	0.00021007576	
S11000.iliopsoas-pelvis_tilt.KP 	0.01082572	0.011466977	0.00083840782	
S11000.iliopsoas-pelvis_tilt.KV 	0.14627602	0.14611992	0.00024237625	
S11000.iliopsoas-hamstrings.KL  	-8.2581122	-8.2535795	0.0086744848	
S11000.iliopsoas-hamstrings.L0  	1.168609	1.16859	0.00019079298	
S11000.hamstrings.KF            	0.57621247	0.57639001	0.00019560034	
S11000.glut_max.KF              	0.62130752	0.62132315	0.0002084053	
