pelvis_tilt.offset              	0.029109051	0.028547702	0.00077065399	
hip_flexion_r.offset            	0.045428961	0.044769352	0.00078710893	
knee_angle_r.offset             	-0.091921464	-0.091503945	0.00082606869	
ankle_angle_r.offset            	0.021549752	0.022094778	0.0007982517	
hip_flexion_l.offset            	-0.0086154746	-0.0091899085	0.00080358392	
knee_angle_l.offset             	0.10083303	0.10077746	0.00086574286	
ankle_angle_l.offset            	-0.099578245	-0.098341994	0.00077950894	
stance_load_threshold           	0.18886665	0.18855197	0.00078405575	
S11111.tib_ant.KL               	1.9580393	1.966862	0.0087547067	
S11111.tib_ant.L0               	0.79300099	0.79343132	0.00073772705	
S11111.tib_ant-soleus.KF        	-0.32921058	-0.32823373	0.00085829642	
S00111.soleus.KL                	1.0244524	1.0032668	0.015243034	
S00111.soleus.L0                	0.98178523	0.98171482	0.0053452052	
S00111.soleus.KV                	0.046922039	0.059905835	0.0093245911	
S00111.soleus.KF                	-0.36167422	-0.3669821	0.0083588658	
S00111.gastroc.KF               	1.7746973	1.7798109	0.0075253233	
S11000.soleus.KL                	1.1799079	1.1720611	0.015780609	
S11000.soleus.L0                	0.95457937	0.95368174	0.0060553202	
S11000.soleus.KV                	0.0078589635	0.018312988	0.011809448	
S00011.vasti.KF                 	0.90095414	0.89620976	0.0062993817	
S00011.vasti.C0                 	0.065761883	0.065934305	0.00073905742	
S00011.vasti-knee_angle.pos_max 	-0.19626922	-0.19718739	0.00082598593	
S00011.hamstrings-pelvis_tilt.KP	0.88835779	0.88796329	0.0083911841	
S00011.hamstrings-pelvis_tilt.KV	0.29905053	0.29829338	0.0007671175	
S00011.hamstrings-pelvis_tilt.C0	0.020326209	0.019678994	0.0008155943	
S00011.glut_max-pelvis_tilt.KP  	0.76104721	0.75554159	0.0078899833	
S00011.glut_max-pelvis_tilt.KV  	0.28925865	0.2884142	0.0008018232	
S00011.glut_max-pelvis_tilt.C0  	0.059671296	0.058440992	0.00081774453	
S00011.iliopsoas-pelvis_tilt.KP 	-2.0039112	-2.0160234	0.0078914025	
S00011.iliopsoas-pelvis_tilt.KV 	-0.43052086	-0.43075747	0.00083258202	
S00011.iliopsoas-pelvis_tilt.C0 	0.23602706	0.23657256	0.00082346879	
S00100.iliopsoas.C0             	0.23964104	0.23922087	0.00077755841	
S00100.glut_max.C0              	-0.16209953	-0.160153	0.00083155254	
S11000.iliopsoas.KL             	0.29611132	0.29774445	0.00077836401	
S11000.iliopsoas.L0             	0.66535331	0.66575936	0.0008319624	
S11000.iliopsoas-pelvis_tilt.P0 	-0.036456159	-0.03648633	0.0008222498	
S11000.iliopsoas-pelvis_tilt.KP 	1.1254674	1.1312336	0.0084393853	
S11000.iliopsoas-pelvis_tilt.KV 	0.31334394	0.31356443	0.00078588259	
S11000.iliopsoas-hamstrings.KL  	-0.34845984	-0.36016576	0.036010183	
S11000.iliopsoas-hamstrings.L0  	0.78562212	0.78614882	0.00081831663	
S11000.hamstrings.KF            	0.51992158	0.52018629	0.00074179351	
S11000.glut_max.KF              	0.38636315	0.38597941	0.00076297896	
