pelvis_tilt.offset              	0.019989957	0.020607499	0.0012996039	
hip_flexion_r.offset            	0.069780928	0.068833641	0.0012259287	
knee_angle_r.offset             	-4.4000169e-05	-0.00044036809	0.0013430666	
ankle_angle_r.offset            	-0.059602623	-0.057344835	0.0017527298	
hip_flexion_l.offset            	-0.0060258073	-0.0071310773	0.0024914345	
knee_angle_l.offset             	0.058395994	0.0577519	0.0019203245	
ankle_angle_l.offset            	0.18757663	0.18851408	0.0018299588	
stance_load_threshold           	0.14863764	0.15095439	0.0020191349	
S00111.tib_ant.KL               	1.3035969	1.2566502	0.033408198	
S00111.tib_ant.L0               	0.75680957	0.75837262	0.0035915492	
S00111.tib_ant.KS               	0.000173	0.00016543864	0.0014479475	
S11000.tib_ant.KL               	1.2103937	1.1976493	0.019054827	
S11000.tib_ant.L0               	0.73707523	0.73777173	0.0027839942	
S11000.tib_ant.KS               	0.03726336	0.03600906	0.0017708276	
S11111.tib_ant-soleus.KF        	-0.10947118	-0.1112514	0.0030180028	
S00111.soleus-tib_ant.KS        	-0.89402901	-0.86573898	0.038512791	
S11000.soleus-tib_ant.KS        	-3.3784548	-3.2751421	0.044397171	
S00111.gastroc-tib_ant.KS       	-0.32171493	-0.33785818	0.033506748	
S11000.gastroc-tib_ant.KS       	-1.661216	-1.6606145	0.037096165	
S00111.tib_ant-gastroc.KS       	-0.00395169	-0.0038157987	0.28652223	
S11000.tib_ant-gastroc.KS       	-0.00331551	-0.0034826689	0.28004736	
S00111.tib_ant-soleus.KS        	-0.00346517	-0.0032880985	0.29412988	
S11000.tib_ant-soleus.KS        	-0.00313645	-0.0033446476	0.28163529	
S00111.gastroc.KL               	0.08315732	0.080685852	0.035812687	
S00111.gastroc.L0               	0.82989455	0.83990374	0.014698557	
S00111.gastroc.KF               	1.410377	1.4106256	0.0018736393	
S00111.soleus.KL                	4.0520949	4.0047375	0.032731733	
S00111.soleus.L0                	0.96799472	0.96876184	0.0084103432	
S00111.soleus.KF                	0.23131927	0.22944205	0.0027140273	
S11000.gastroc.KL               	0.00837043	0.0087778066	0.028577564	
S11000.gastroc.L0               	0.51924357	0.52229108	0.015455286	
S11000.gastroc.KF               	-1.7719157	-1.7795598	0.03641186	
S11000.gastroc.KS               	0.27887874	0.26583466	0.033847552	
S11000.soleus.KL                	0.84260236	0.79917417	0.064926067	
S11000.soleus.L0                	0.88770659	0.90008777	0.014214898	
S11000.soleus.KF                	-0.95814052	-0.91698122	0.060333873	
S11000.soleus.KS                	0.11302564	0.10665952	0.053063614	
S00011.vasti.KF                 	0.80477136	0.82140691	0.0079535714	
S00011.vasti.C0                 	0.084139682	0.082400564	0.0017980743	
S00011.vasti-knee_angle.pos_max 	-0.30176771	-0.30463548	0.0027463503	
S00011.hamstrings-pelvis_tilt.KP	0.68612922	0.68914833	0.03168782	
S00011.hamstrings-pelvis_tilt.KV	0.56613578	0.56730099	0.0016000516	
S00011.hamstrings-pelvis_tilt.C0	0.02778807	0.026862605	0.0035142672	
S00011.glut_max-pelvis_tilt.KP  	1.5078391	1.5199099	0.026045501	
S00011.glut_max-pelvis_tilt.KV  	0.31318443	0.31300012	0.0016277366	
S00011.glut_max-pelvis_tilt.C0  	0.15747662	0.15785644	0.0027464682	
S00011.iliopsoas-pelvis_tilt.KP 	-3.4863443	-3.4836091	0.043724274	
S00011.iliopsoas-pelvis_tilt.KV 	-0.54398735	-0.54479328	0.0019950574	
S00011.iliopsoas-pelvis_tilt.C0 	0.33650365	0.3315663	0.0043083746	
S00100.iliopsoas.C0             	0.33927493	0.34035629	0.0023621521	
S00100.glut_max.C0              	-0.025379101	-0.025019666	0.0018211031	
S11000.iliopsoas.KL             	0.56271047	0.56338851	0.0020182264	
S11000.iliopsoas.L0             	0.3896777	0.39033436	0.0022391836	
S11000.iliopsoas-pelvis_tilt.P0 	-0.042425396	-0.043781353	0.0018071842	
S11000.iliopsoas-pelvis_tilt.KP 	0.01082572	0.01145152	0.011503917	
S11000.iliopsoas-pelvis_tilt.KV 	0.14462269	0.14361604	0.0020886691	
S11000.iliopsoas-hamstrings.KL  	-8.2849028	-8.2727668	0.073470081	
S11000.iliopsoas-hamstrings.L0  	1.1674831	1.167689	0.0016824487	
S11000.hamstrings.KF            	0.5775974	0.57441691	0.0016098091	
S11000.glut_max.KF              	0.6230249	0.62212256	0.0018301772	
