pelvis_tilt.offset              	0.022551379	0.023669358	0.00081957116	
hip_flexion_r.offset            	0.065158008	0.065958778	0.00077314175	
knee_angle_r.offset             	-0.0023472781	-0.0036545916	0.00085979963	
ankle_angle_r.offset            	-0.059128964	-0.0593885	0.0011075967	
hip_flexion_l.offset            	-0.0054006359	-0.006136494	0.0015708388	
knee_angle_l.offset             	0.059610569	0.058579932	0.001207585	
ankle_angle_l.offset            	0.18384864	0.18480549	0.0011594187	
stance_load_threshold           	0.15145957	0.1515174	0.0012607466	
S00111.tib_ant.KL               	1.2422882	1.2718411	0.020900238	
S00111.tib_ant.L0               	0.75805883	0.75942855	0.0022369592	
S00111.tib_ant.KS               	0.00016064414	0.00016248544	0.00085916414	
S11000.tib_ant.KL               	1.2469676	1.2384818	0.012068837	
S11000.tib_ant.L0               	0.7391584	0.74122652	0.0017472923	
S11000.tib_ant.KS               	0.03546385	0.034475254	0.0010835606	
S11111.tib_ant-soleus.KF        	-0.10969329	-0.11191745	0.0018831027	
S00111.soleus-tib_ant.KS        	-0.83543334	-0.8649169	0.023701102	
S11000.soleus-tib_ant.KS        	-3.1804966	-3.2279324	0.027906391	
S00111.gastroc-tib_ant.KS       	-0.32171493	-0.33425107	0.020152429	
S11000.gastroc-tib_ant.KS       	-1.6770328	-1.6659045	0.023134524	
S00111.tib_ant-gastroc.KS       	-0.00395169	-0.0038917996	0.17001233	
S11000.tib_ant-gastroc.KS       	-0.00331551	-0.0035386678	0.16617037	
S00111.tib_ant-soleus.KS        	-0.00313515	-0.003396388	0.17452644	
S11000.tib_ant-soleus.KS        	-0.0034666	-0.0032808633	0.16711259	
S00111.gastroc.KL               	0.07523758	0.081169309	0.021272242	
S00111.gastroc.L0               	0.83898396	0.84743838	0.0091484862	
S00111.gastroc.KF               	1.4085585	1.4085222	0.0011708128	
S00111.soleus.KL                	3.9582663	3.9931349	0.020768838	
S00111.soleus.L0                	0.96307148	0.96087385	0.0052420667	
S00111.soleus.KF                	0.23128185	0.23080672	0.0016992756	
S11000.gastroc.KL               	0.00925153	0.0088140174	0.01695729	
S11000.gastroc.L0               	0.5141178	0.51397896	0.0096382105	
S11000.gastroc.KF               	-1.7984171	-1.8180735	0.022902551	
S11000.gastroc.KS               	0.27887874	0.26394178	0.020302087	
S11000.soleus.KL                	0.80615264	0.81133061	0.039243117	
S11000.soleus.L0                	0.87438041	0.87912978	0.0088123016	
S11000.soleus.KF                	-0.89339277	-0.88497783	0.036664227	
S11000.soleus.KS                	0.1022613	0.1085466	0.031513502	
S00011.vasti.KF                 	0.84491466	0.83676488	0.0050174028	
S00011.vasti.C0                 	0.081506104	0.082658865	0.0011145908	
S00011.vasti-knee_angle.pos_max 	-0.30412872	-0.30130855	0.0017158884	
S00011.hamstrings-pelvis_tilt.KP	0.71914907	0.70944053	0.019475803	
S00011.hamstrings-pelvis_tilt.KV	0.57357404	0.57244071	0.0010207933	
S00011.hamstrings-pelvis_tilt.C0	0.02778807	0.02610975	0.0021037573	
S00011.glut_max-pelvis_tilt.KP  	1.5361238	1.5240657	0.016310479	
S00011.glut_max-pelvis_tilt.KV  	0.31437829	0.31487459	0.00101709	
S00011.glut_max-pelvis_tilt.C0  	0.15765561	0.15601399	0.0017217355	
S00011.iliopsoas-pelvis_tilt.KP 	-3.4793946	-3.5115513	0.027267197	
S00011.iliopsoas-pelvis_tilt.KV 	-0.5455073	-0.54582342	0.0012590229	
S00011.iliopsoas-pelvis_tilt.C0 	0.33168168	0.33514753	0.0026969837	
S00100.iliopsoas.C0             	0.33731461	0.33778224	0.0014787375	
S00100.glut_max.C0              	-0.02588599	-0.024524487	0.0011045958	
S11000.iliopsoas.KL             	0.56447502	0.56194377	0.0012707491	
S11000.iliopsoas.L0             	0.39777457	0.39542058	0.0014219583	
S11000.iliopsoas-pelvis_tilt.P0 	-0.045233392	-0.044405106	0.0011160397	
S11000.iliopsoas-pelvis_tilt.KP 	0.01082572	0.011322051	0.0068275056	
S11000.iliopsoas-pelvis_tilt.KV 	0.14522948	0.14426862	0.0013031623	
S11000.iliopsoas-hamstrings.KL  	-8.137954	-8.1704797	0.046169987	
S11000.iliopsoas-hamstrings.L0  	1.1736578	1.1733124	0.001085448	
S11000.hamstrings.KF            	0.57907532	0.57829238	0.0010204995	
S11000.glut_max.KF              	0.61942985	0.62074762	0.0011499619	
