pelvis_tilt.offset              	0.024413389	0.023968508	0.00051992848	
hip_flexion_r.offset            	0.065755359	0.066150455	0.00049140877	
knee_angle_r.offset             	-0.0038579188	-0.0036606021	0.0005455319	
ankle_angle_r.offset            	-0.061934953	-0.061175442	0.00070309858	
hip_flexion_l.offset            	-0.0061891845	-0.0062435728	0.00098861443	
knee_angle_l.offset             	0.057690709	0.058670612	0.00075854663	
ankle_angle_l.offset            	0.18793862	0.18568876	0.00073038292	
stance_load_threshold           	0.15157234	0.15130855	0.0008001257	
S00111.tib_ant.KL               	1.2690736	1.2782452	0.013153126	
S00111.tib_ant.L0               	0.76032407	0.76031402	0.0013997184	
S00111.tib_ant.KS               	0.00015652	0.0001596876	0.00052341428	
S11000.tib_ant.KL               	1.2507815	1.2404717	0.0075788544	
S11000.tib_ant.L0               	0.73997975	0.74025818	0.0011003123	
S11000.tib_ant.KS               	0.03547976	0.035330451	0.00067684981	
S11111.tib_ant-soleus.KF        	-0.11049361	-0.11136382	0.0011784178	
S00111.soleus-tib_ant.KS        	-0.89402901	-0.87522541	0.01488268	
S11000.soleus-tib_ant.KS        	-3.2152619	-3.2200262	0.017577209	
S00111.gastroc-tib_ant.KS       	-0.34370417	-0.33659821	0.012449192	
S11000.gastroc-tib_ant.KS       	-1.6517485	-1.6581426	0.014564136	
S00111.tib_ant-gastroc.KS       	-0.00395169	-0.0036997901	0.10357326	
S11000.tib_ant-gastroc.KS       	-0.00366451	-0.0034804383	0.1012327	
S00111.tib_ant-soleus.KS        	-0.00346517	-0.0032155427	0.10632331	
S11000.tib_ant-soleus.KS        	-0.0034666	-0.0033383951	0.10180671	
S00111.gastroc.KL               	0.08315732	0.080922847	0.012979604	
S00111.gastroc.L0               	0.84121617	0.84359902	0.0057924227	
S00111.gastroc.KF               	1.4088539	1.409571	0.00073526468	
S00111.soleus.KL                	4.0123145	4.003451	0.013080317	
S00111.soleus.L0                	0.96710912	0.96546105	0.0033015388	
S00111.soleus.KF                	0.22937707	0.23015183	0.0010637824	
S11000.gastroc.KL               	0.00837043	0.0087588833	0.010330918	
S11000.gastroc.L0               	0.51472651	0.51195096	0.0060966514	
S11000.gastroc.KF               	-1.8270402	-1.798787	0.014441772	
S11000.gastroc.KS               	0.27208973	0.27191283	0.012519012	
S11000.soleus.KL                	0.79491602	0.77696497	0.024448657	
S11000.soleus.L0                	0.88710761	0.87831843	0.0055656491	
S11000.soleus.KF                	-0.93812147	-0.91744889	0.022847009	
S11000.soleus.KS                	0.1022613	0.1064068	0.019225148	
S00011.vasti.KF                 	0.84167063	0.84075815	0.0032035832	
S00011.vasti.C0                 	0.08260537	0.082236348	0.00070286538	
S00011.vasti-knee_angle.pos_max 	-0.302491	-0.30092635	0.0010918025	
S00011.hamstrings-pelvis_tilt.KP	0.72995344	0.72666085	0.0123008	
S00011.hamstrings-pelvis_tilt.KV	0.57272244	0.57202574	0.00064662293	
S00011.hamstrings-pelvis_tilt.C0	0.025344276	0.026122589	0.0012976239	
S00011.glut_max-pelvis_tilt.KP  	1.526337	1.5226065	0.010262663	
S00011.glut_max-pelvis_tilt.KV  	0.31402956	0.31378943	0.00064219941	
S00011.glut_max-pelvis_tilt.C0  	0.15829678	0.15658975	0.0010809839	
S00011.iliopsoas-pelvis_tilt.KP 	-3.4876104	-3.4749167	0.017231562	
S00011.iliopsoas-pelvis_tilt.KV 	-0.54551543	-0.54593947	0.00080099469	
S00011.iliopsoas-pelvis_tilt.C0 	0.33311579	0.33159923	0.0017069056	
S00100.iliopsoas.C0             	0.33774219	0.33704507	0.00093237003	
S00100.glut_max.C0              	-0.024007051	-0.024440058	0.00068956263	
S11000.iliopsoas.KL             	0.56199523	0.562125	0.00079977326	
S11000.iliopsoas.L0             	0.39611282	0.39631584	0.00090539659	
S11000.iliopsoas-pelvis_tilt.P0 	-0.045096442	-0.045199501	0.00070276342	
S11000.iliopsoas-pelvis_tilt.KP 	0.01196527	0.011136895	0.0041608111	
S11000.iliopsoas-pelvis_tilt.KV 	0.14418208	0.14468699	0.00082293948	
S11000.iliopsoas-hamstrings.KL  	-8.1573379	-8.1707777	0.029327534	
S11000.iliopsoas-hamstrings.L0  	1.1737428	1.1737639	0.00068310165	
S11000.hamstrings.KF            	0.57856912	0.5783977	0.00064057962	
S11000.glut_max.KF              	0.62193829	0.6204488	0.00072506144	
