pelvis_tilt.offset              	0.024101865	0.024321726	0.00046741292	
hip_flexion_r.offset            	0.066113768	0.065998991	0.00044235672	
knee_angle_r.offset             	-0.0043200101	-0.0039514902	0.00049122223	
ankle_angle_r.offset            	-0.061283841	-0.061541761	0.00063627468	
hip_flexion_l.offset            	-0.0071862916	-0.0060040749	0.00089116156	
knee_angle_l.offset             	0.058403039	0.058716514	0.00068344267	
ankle_angle_l.offset            	0.18574638	0.18598574	0.00066138855	
stance_load_threshold           	0.150463	0.15075486	0.00072156125	
S00111.tib_ant.KL               	1.290283	1.2819193	0.011882151	
S00111.tib_ant.L0               	0.75968271	0.76050562	0.0012586468	
S00111.tib_ant.KS               	0.00015652	0.00016236623	0.00046710429	
S11000.tib_ant.KL               	1.2211195	1.239681	0.0068338075	
S11000.tib_ant.L0               	0.73839525	0.73834791	0.00099923709	
S11000.tib_ant.KS               	0.035118792	0.035011098	0.00061048688	
S11111.tib_ant-soleus.KF        	-0.11245807	-0.11164337	0.0010613683	
S00111.soleus-tib_ant.KS        	-0.87442916	-0.8821618	0.013393224	
S11000.soleus-tib_ant.KS        	-3.2145639	-3.2156465	0.015827388	
S00111.gastroc-tib_ant.KS       	-0.32171493	-0.33526219	0.011173944	
S11000.gastroc-tib_ant.KS       	-1.6682826	-1.6499813	0.013131538	
S00111.tib_ant-gastroc.KS       	-0.00357534	-0.0037518598	0.092430314	
S11000.tib_ant-gastroc.KS       	-0.00366451	-0.0035307025	0.090341559	
S00111.tib_ant-soleus.KS        	-0.00346517	-0.0033259847	0.094884491	
S11000.tib_ant-soleus.KS        	-0.0034666	-0.0032981366	0.090853814	
S00111.gastroc.KL               	0.08315732	0.080148198	0.011593214	
S00111.gastroc.L0               	0.83940953	0.84366851	0.0052269761	
S00111.gastroc.KF               	1.4097597	1.4093409	0.00066245563	
S00111.soleus.KL                	4.0041228	3.9983479	0.011782656	
S00111.soleus.L0                	0.96085904	0.96293614	0.0029764693	
S00111.soleus.KF                	0.22804922	0.22984044	0.00095756585	
S11000.gastroc.KL               	0.00925153	0.0089544545	0.0092196629	
S11000.gastroc.L0               	0.52508901	0.51233783	0.0055004459	
S11000.gastroc.KF               	-1.788137	-1.8101191	0.01301543	
S11000.gastroc.KS               	0.25231886	0.26130802	0.011223804	
S11000.soleus.KL                	0.81754496	0.80610081	0.022003307	
S11000.soleus.L0                	0.88746653	0.88536657	0.0050241189	
S11000.soleus.KF                	-0.90781709	-0.90944856	0.020619274	
S11000.soleus.KS                	0.1022613	0.10896994	0.017171257	
S00011.vasti.KF                 	0.83879808	0.83847712	0.0028806306	
S00011.vasti.C0                 	0.082598987	0.082207604	0.00063333976	
S00011.vasti-knee_angle.pos_max 	-0.30261583	-0.30117772	0.00098603155	
S00011.hamstrings-pelvis_tilt.KP	0.72749765	0.7227424	0.011080914	
S00011.hamstrings-pelvis_tilt.KV	0.57201078	0.57182456	0.00058429289	
S00011.hamstrings-pelvis_tilt.C0	0.025963274	0.026396332	0.0011642626	
S00011.glut_max-pelvis_tilt.KP  	1.5196687	1.5160296	0.0092909743	
S00011.glut_max-pelvis_tilt.KV  	0.31391303	0.31344598	0.00057897016	
S00011.glut_max-pelvis_tilt.C0  	0.15627021	0.15719193	0.00097419305	
S00011.iliopsoas-pelvis_tilt.KP 	-3.4546508	-3.4738376	0.015544949	
S00011.iliopsoas-pelvis_tilt.KV 	-0.54596719	-0.54657894	0.00072250059	
S00011.iliopsoas-pelvis_tilt.C0 	0.33480605	0.33408592	0.0015402903	
S00100.iliopsoas.C0             	0.33548074	0.33730121	0.00083846985	
S00100.glut_max.C0              	-0.025493724	-0.024374259	0.00061995276	
S11000.iliopsoas.KL             	0.56321691	0.56230893	0.00071940647	
S11000.iliopsoas.L0             	0.39824816	0.39695154	0.00081787552	
S11000.iliopsoas-pelvis_tilt.P0 	-0.045128786	-0.045633709	0.00063266422	
S11000.iliopsoas-pelvis_tilt.KP 	0.01082572	0.011397568	0.0037139868	
S11000.iliopsoas-pelvis_tilt.KV 	0.14439436	0.14512502	0.00073988799	
S11000.iliopsoas-hamstrings.KL  	-8.1308985	-8.1576459	0.026424697	
S11000.iliopsoas-hamstrings.L0  	1.1740408	1.1741617	0.00061562856	
S11000.hamstrings.KF            	0.57820493	0.57824559	0.00057751262	
S11000.glut_max.KF              	0.6200264	0.6204723	0.00065604216	
