pelvis_tilt.offset              	0.019618022	0.019814941	8.5470385e-05	
hip_flexion_r.offset            	0.067727753	0.067704339	7.8734097e-05	
knee_angle_r.offset             	-0.0031076356	-0.0031761979	9.0067454e-05	
ankle_angle_r.offset            	-0.057335845	-0.057533908	0.00011479074	
hip_flexion_l.offset            	-0.010672476	-0.010834639	0.00016435137	
knee_angle_l.offset             	0.057400185	0.057254881	0.0001269033	
ankle_angle_l.offset            	0.18889571	0.18889623	0.00011974317	
stance_load_threshold           	0.15157093	0.15153451	0.00013119198	
S00111.tib_ant.KL               	1.2064815	1.2054966	0.0022365288	
S00111.tib_ant.L0               	0.75933244	0.75959629	0.00022317377	
S00111.tib_ant.KS               	0.000173	0.00016823517	6.8219617e-05	
S11000.tib_ant.KL               	1.2081089	1.2093365	0.0012385448	
S11000.tib_ant.L0               	0.73154662	0.7318676	0.00018146192	
S11000.tib_ant.KS               	0.035776879	0.035725201	0.00011278114	
S11111.tib_ant-soleus.KF        	-0.11430774	-0.11409851	0.00018895037	
S00111.soleus-tib_ant.KS        	-0.87441131	-0.87311113	0.002423788	
S11000.soleus-tib_ant.KS        	-3.3317724	-3.3268401	0.0028319152	
S00111.gastroc-tib_ant.KS       	-0.32773387	-0.32909714	0.0019792472	
S11000.gastroc-tib_ant.KS       	-1.6696439	-1.6720772	0.0024470964	
S00111.tib_ant-gastroc.KS       	-0.00395169	-0.0036825582	0.013490202	
S11000.tib_ant-gastroc.KS       	-0.00331551	-0.0034867682	0.013185333	
S00111.tib_ant-soleus.KS        	-0.00313515	-0.0032592506	0.013848352	
S11000.tib_ant-soleus.KS        	-0.0034666	-0.0032421432	0.013260088	
S00111.gastroc.KL               	0.080464705	0.078730331	0.0018720067	
S00111.gastroc.L0               	0.81535281	0.81643902	0.00096876167	
S00111.gastroc.KF               	1.4113282	1.4113425	0.00012143174	
S00111.soleus.KL                	4.0508044	4.0506639	0.0021921738	
S00111.soleus.L0                	0.96308712	0.96275745	0.00055266078	
S00111.soleus.KF                	0.22683206	0.22706256	0.00017640094	
S11000.gastroc.KL               	0.00925153	0.0088821891	0.0013519593	
S11000.gastroc.L0               	0.50850003	0.50954476	0.00099360247	
S11000.gastroc.KF               	-1.7852287	-1.7889558	0.0023897151	
S11000.gastroc.KS               	0.25960947	0.25860491	0.0019770514	
S11000.soleus.KL                	0.80546795	0.80719487	0.0040087587	
S11000.soleus.L0                	0.89674472	0.89456978	0.00092463195	
S11000.soleus.KF                	-0.94879919	-0.94720754	0.0037831275	
S11000.soleus.KS                	0.1113885	0.10940878	0.002734455	
S00011.vasti.KF                 	0.81890934	0.81877667	0.00050889891	
S00011.vasti.C0                 	0.082924842	0.082981982	0.00012087249	
S00011.vasti-knee_angle.pos_max 	-0.30879062	-0.309034	0.00018234276	
S00011.hamstrings-pelvis_tilt.KP	0.6840679	0.68160928	0.0020097856	
S00011.hamstrings-pelvis_tilt.KV	0.56427287	0.5642283	0.00010591695	
S00011.hamstrings-pelvis_tilt.C0	0.026291335	0.026170897	0.00021055782	
S00011.glut_max-pelvis_tilt.KP  	1.5260756	1.523661	0.0016976783	
S00011.glut_max-pelvis_tilt.KV  	0.31450224	0.31448847	0.00010562726	
S00011.glut_max-pelvis_tilt.C0  	0.16243175	0.16253468	0.00018224803	
S00011.iliopsoas-pelvis_tilt.KP 	-3.4768537	-3.4758871	0.0028986017	
S00011.iliopsoas-pelvis_tilt.KV 	-0.54481281	-0.54493842	0.00013442137	
S00011.iliopsoas-pelvis_tilt.C0 	0.33346383	0.33368587	0.00028914417	
S00100.iliopsoas.C0             	0.34069813	0.34077599	0.00015409263	
S00100.glut_max.C0              	-0.024990897	-0.025126633	0.00011290471	
S11000.iliopsoas.KL             	0.55661398	0.55637312	0.00013645842	
S11000.iliopsoas.L0             	0.38635037	0.38629619	0.00014825498	
S11000.iliopsoas-pelvis_tilt.P0 	-0.046296326	-0.046223394	0.00011303	
S11000.iliopsoas-pelvis_tilt.KP 	0.011894724	0.011273683	0.00056247916	
S11000.iliopsoas-pelvis_tilt.KV 	0.14563479	0.14565295	0.00013581496	
S11000.iliopsoas-hamstrings.KL  	-8.3319473	-8.3367263	0.0048001402	
S11000.iliopsoas-hamstrings.L0  	1.1700551	1.1701359	0.00011085633	
S11000.hamstrings.KF            	0.57566202	0.57566085	0.00010394315	
S11000.glut_max.KF              	0.6222174	0.62233274	0.00012011652	
