pelvis_tilt.offset              	0.020786418	0.021248976	0.0014100129	
hip_flexion_r.offset            	0.067419159	0.069042261	0.0013318701	
knee_angle_r.offset             	0.00085152906	0.00038592088	0.0014590449	
ankle_angle_r.offset            	-0.055573193	-0.056637667	0.0019046818	
hip_flexion_l.offset            	-0.008214843	-0.0062944073	0.0027024475	
knee_angle_l.offset             	0.061341005	0.057347505	0.0020824218	
ankle_angle_l.offset            	0.18845524	0.18867159	0.0019944196	
stance_load_threshold           	0.14925952	0.15150031	0.0021901141	
S00111.tib_ant.KL               	1.27706	1.2424421	0.036325276	
S00111.tib_ant.L0               	0.75467026	0.76208529	0.0038960841	
S00111.tib_ant.KS               	0.00015652	0.00016172802	0.0015805119	
S11000.tib_ant.KL               	1.1583866	1.1944994	0.020667672	
S11000.tib_ant.L0               	0.73388867	0.73648021	0.0030255901	
S11000.tib_ant.KS               	0.03371447	0.035579256	0.0019299907	
S11111.tib_ant-soleus.KF        	-0.10965434	-0.11200086	0.0032823672	
S00111.soleus-tib_ant.KS        	-0.89402901	-0.85228351	0.041904218	
S11000.soleus-tib_ant.KS        	-3.2366808	-3.2767329	0.048176129	
S00111.gastroc-tib_ant.KS       	-0.32171493	-0.34372969	0.0365461	
S11000.gastroc-tib_ant.KS       	-1.6350406	-1.6830035	0.040259494	
S00111.tib_ant-gastroc.KS       	-0.00395169	-0.0037849719	0.31275433	
S11000.tib_ant-gastroc.KS       	-0.00366451	-0.0034356082	0.30568666	
S00111.tib_ant-soleus.KS        	-0.00346517	-0.0033200075	0.32105848	
S11000.tib_ant-soleus.KS        	-0.00313645	-0.0032857642	0.30741997	
S00111.gastroc.KL               	0.08315732	0.077679088	0.039089528	
S00111.gastroc.L0               	0.8174208	0.8344809	0.015941088	
S00111.gastroc.KF               	1.4061274	1.4105002	0.0020308695	
S00111.soleus.KL                	4.0439013	4.0161371	0.035586807	
S00111.soleus.L0                	0.96491091	0.97195633	0.0091441877	
S00111.soleus.KF                	0.22955121	0.22876367	0.0029435362	
S11000.gastroc.KL               	0.00925153	0.0088041494	0.031193907	
S11000.gastroc.L0               	0.52082517	0.52467572	0.016805809	
S11000.gastroc.KF               	-1.8859509	-1.8044047	0.039576315	
S11000.gastroc.KS               	0.25231886	0.264802	0.036920163	
S11000.soleus.KL                	0.80954824	0.82393458	0.070781962	
S11000.soleus.L0                	0.91577065	0.90204287	0.015427752	
S11000.soleus.KF                	-0.86753488	-0.91897365	0.065745708	
S11000.soleus.KS                	0.1022613	0.11069971	0.057918961	
S00011.vasti.KF                 	0.81120879	0.81798095	0.0086347353	
S00011.vasti.C0                 	0.08289302	0.083640532	0.0019542566	
S00011.vasti-knee_angle.pos_max 	-0.30722262	-0.30533441	0.0029876421	
S00011.hamstrings-pelvis_tilt.KP	0.74162866	0.69963711	0.034463074	
S00011.hamstrings-pelvis_tilt.KV	0.566181	0.56689832	0.0017399786	
S00011.hamstrings-pelvis_tilt.C0	0.02514159	0.026079088	0.0038336729	
S00011.glut_max-pelvis_tilt.KP  	1.5687539	1.5114743	0.028248485	
S00011.glut_max-pelvis_tilt.KV  	0.31726466	0.31418781	0.0017667334	
S00011.glut_max-pelvis_tilt.C0  	0.15934195	0.16098051	0.0029736547	
S00011.iliopsoas-pelvis_tilt.KP 	-3.4331793	-3.5112989	0.047543888	
S00011.iliopsoas-pelvis_tilt.KV 	-0.54244074	-0.54315158	0.0021656694	
S00011.iliopsoas-pelvis_tilt.C0 	0.33531539	0.33298963	0.0046804138	
S00100.iliopsoas.C0             	0.34231498	0.33825634	0.002562741	
S00100.glut_max.C0              	-0.02588599	-0.024734874	0.0019851223	
S11000.iliopsoas.KL             	0.56141613	0.56225131	0.002194168	
S11000.iliopsoas.L0             	0.38797408	0.39020742	0.0024361678	
S11000.iliopsoas-pelvis_tilt.P0 	-0.043768942	-0.044074349	0.0019645456	
S11000.iliopsoas-pelvis_tilt.KP 	0.01082572	0.011467758	0.01255701	
S11000.iliopsoas-pelvis_tilt.KV 	0.15022077	0.14466923	0.0022621019	
S11000.iliopsoas-hamstrings.KL  	-8.1899931	-8.2571804	0.079833844	
S11000.iliopsoas-hamstrings.L0  	1.1697204	1.1673942	0.0018288422	
S11000.hamstrings.KF            	0.57665932	0.57480197	0.0017502145	
S11000.glut_max.KF              	0.61969924	0.62095248	0.0019899905	
