pelvis_tilt.offset              	0.021989906	0.021994429	6.130303e-05	
hip_flexion_r.offset            	0.068444726	0.068483027	5.8188595e-05	
knee_angle_r.offset             	-0.00082953644	-0.00077723243	6.443114e-05	
ankle_angle_r.offset            	-0.062427631	-0.062472827	8.8189494e-05	
hip_flexion_l.offset            	-0.0057830586	-0.0058126609	0.0001180489	
knee_angle_l.offset             	0.057238543	0.057192285	8.6841198e-05	
ankle_angle_l.offset            	0.18803672	0.18805286	8.5985463e-05	
stance_load_threshold           	0.15193267	0.15185956	9.3939157e-05	
S00111.tib_ant.KL               	1.268949	1.269353	0.0015414337	
S00111.tib_ant.L0               	0.75585474	0.75573705	0.00015825984	
S00111.tib_ant.KS               	0.00015652	0.00016387522	4.6068404e-05	
S11000.tib_ant.KL               	1.1942472	1.1943343	0.00089831165	
S11000.tib_ant.L0               	0.73580223	0.73605203	0.00013235233	
S11000.tib_ant.KS               	0.034385502	0.034331047	8.3755424e-05	
S11111.tib_ant-soleus.KF        	-0.11079406	-0.11068728	0.00014316496	
S00111.soleus-tib_ant.KS        	-0.85259041	-0.85231479	0.0017509284	
S11000.soleus-tib_ant.KS        	-3.2217172	-3.2218947	0.0021243158	
S00111.gastroc-tib_ant.KS       	-0.33042489	-0.32848171	0.0014109467	
S11000.gastroc-tib_ant.KS       	-1.7109125	-1.7129481	0.0017169173	
S00111.tib_ant-gastroc.KS       	-0.00357534	-0.0037390866	0.0090929492	
S11000.tib_ant-gastroc.KS       	-0.00366451	-0.0035800176	0.0088874404	
S00111.tib_ant-soleus.KS        	-0.00313515	-0.0033443006	0.0093342904	
S11000.tib_ant-soleus.KS        	-0.00313645	-0.0032922756	0.0089377914	
S00111.gastroc.KL               	0.077131642	0.078602773	0.0013696992	
S00111.gastroc.L0               	0.82903137	0.8278284	0.00070791755	
S00111.gastroc.KF               	1.4062554	1.4063155	9.1255982e-05	
S00111.soleus.KL                	4.0242499	4.0226417	0.0015343522	
S00111.soleus.L0                	0.96473818	0.96457407	0.00038969423	
S00111.soleus.KF                	0.22983482	0.22972772	0.00012838733	
S11000.gastroc.KL               	0.0089312877	0.008872252	0.00092159199	
S11000.gastroc.L0               	0.5173444	0.51769015	0.00073052076	
S11000.gastroc.KF               	-1.8480083	-1.8461692	0.00173724	
S11000.gastroc.KS               	0.26504053	0.26657197	0.0014666074	
S11000.soleus.KL                	0.81279382	0.81277219	0.002860414	
S11000.soleus.L0                	0.88856362	0.88899239	0.00067921629	
S11000.soleus.KF                	-0.94804296	-0.95194157	0.002621268	
S11000.soleus.KS                	0.1109798	0.10902952	0.0019880465	
S00011.vasti.KF                 	0.83844462	0.83791322	0.00037926184	
S00011.vasti.C0                 	0.08140438	0.081360219	7.9028056e-05	
S00011.vasti-knee_angle.pos_max 	-0.30474261	-0.30475517	0.0001354997	
S00011.hamstrings-pelvis_tilt.KP	0.69334878	0.69281537	0.001492125	
S00011.hamstrings-pelvis_tilt.KV	0.57079512	0.57065686	7.6846011e-05	
S00011.hamstrings-pelvis_tilt.C0	0.026720784	0.026574059	0.0001510541	
S00011.glut_max-pelvis_tilt.KP  	1.4940208	1.4943771	0.0012338581	
S00011.glut_max-pelvis_tilt.KV  	0.31196653	0.31202926	7.9405472e-05	
S00011.glut_max-pelvis_tilt.C0  	0.1586639	0.15875656	0.00013067831	
S00011.iliopsoas-pelvis_tilt.KP 	-3.4362422	-3.435684	0.0020795686	
S00011.iliopsoas-pelvis_tilt.KV 	-0.54456125	-0.5446899	9.3665065e-05	
S00011.iliopsoas-pelvis_tilt.C0 	0.34521236	0.34505717	0.00020438356	
S00100.iliopsoas.C0             	0.33779624	0.33769316	0.00010931375	
S00100.glut_max.C0              	-0.025178724	-0.02524953	8.2132655e-05	
S11000.iliopsoas.KL             	0.56497828	0.56505473	9.9089917e-05	
S11000.iliopsoas.L0             	0.38807743	0.38796923	0.00010674729	
S11000.iliopsoas-pelvis_tilt.P0 	-0.045895217	-0.045849511	8.5224866e-05	
S11000.iliopsoas-pelvis_tilt.KP 	0.011060807	0.01136804	0.00039977953	
S11000.iliopsoas-pelvis_tilt.KV 	0.14492178	0.14477929	9.8729021e-05	
S11000.iliopsoas-hamstrings.KL  	-8.2462378	-8.2468203	0.003558184	
S11000.iliopsoas-hamstrings.L0  	1.1722911	1.1722793	8.3021084e-05	
S11000.hamstrings.KF            	0.57255755	0.57257821	7.5444559e-05	
S11000.glut_max.KF              	0.6216035	0.62174198	8.8813524e-05	
