pelvis_tilt.offset              	0.019928254	0.020435627	0.0014046622	
hip_flexion_r.offset            	0.070128943	0.069508626	0.001328542	
knee_angle_r.offset             	0.00079186996	0.00099579533	0.001453698	
ankle_angle_r.offset            	-0.057418077	-0.0571017	0.0018951003	
hip_flexion_l.offset            	-0.0089104205	-0.0065203324	0.0026924832	
knee_angle_l.offset             	0.058835246	0.056776309	0.0020707106	
ankle_angle_l.offset            	0.18729235	0.18730912	0.0019848233	
stance_load_threshold           	0.15197953	0.15183509	0.0021797707	
S00111.tib_ant.KL               	1.2223435	1.2508218	0.036155978	
S00111.tib_ant.L0               	0.76751067	0.76311854	0.0038786086	
S00111.tib_ant.KS               	0.00015652	0.00016414264	0.0015735244	
S11000.tib_ant.KL               	1.214865	1.198881	0.020562469	
S11000.tib_ant.L0               	0.73661841	0.73684457	0.0030001529	
S11000.tib_ant.KS               	0.03726336	0.035360509	0.0019216437	
S11111.tib_ant-soleus.KF        	-0.11190363	-0.11026258	0.0032646836	
S00111.soleus-tib_ant.KS        	-0.89402901	-0.87635382	0.04173224	
S11000.soleus-tib_ant.KS        	-3.32676	-3.2723243	0.047889358	
S00111.gastroc-tib_ant.KS       	-0.32171493	-0.32684381	0.036384698	
S11000.gastroc-tib_ant.KS       	-1.6978393	-1.6662559	0.040064836	
S00111.tib_ant-gastroc.KS       	-0.00357534	-0.0038561863	0.31137163	
S11000.tib_ant-gastroc.KS       	-0.00331551	-0.0035085976	0.30433521	
S00111.tib_ant-soleus.KS        	-0.00313515	-0.0033053765	0.31963907	
S11000.tib_ant-soleus.KS        	-0.0034666	-0.0033579369	0.30606086	
S00111.gastroc.KL               	0.08315732	0.077771234	0.038916707	
S00111.gastroc.L0               	0.84006658	0.84096544	0.01586668	
S00111.gastroc.KF               	1.4111701	1.4112084	0.0020238704	
S00111.soleus.KL                	3.9868121	4.0424487	0.035398728	
S00111.soleus.L0                	0.97141357	0.97102819	0.009108837	
S00111.soleus.KF                	0.22545355	0.22818756	0.0029346238	
S11000.gastroc.KL               	0.00925153	0.008765244	0.031055998	
S11000.gastroc.L0               	0.52659591	0.52476259	0.016732386	
S11000.gastroc.KF               	-1.7941053	-1.7983127	0.039427325	
S11000.gastroc.KS               	0.25231886	0.2652338	0.036756897	
S11000.soleus.KL                	0.76235452	0.81615236	0.070465141	
S11000.soleus.L0                	0.90030173	0.90645966	0.015373138	
S11000.soleus.KF                	-0.86753488	-0.90016752	0.065456701	
S11000.soleus.KS                	0.1022613	0.10826708	0.057662879	
S00011.vasti.KF                 	0.82166193	0.81679387	0.0086031108	
S00011.vasti.C0                 	0.081510007	0.083895018	0.0019448369	
S00011.vasti-knee_angle.pos_max 	-0.30358143	-0.3050639	0.0029690564	
S00011.hamstrings-pelvis_tilt.KP	0.72933428	0.69928512	0.034312923	
S00011.hamstrings-pelvis_tilt.KV	0.57020233	0.56644814	0.0017317411	
S00011.hamstrings-pelvis_tilt.C0	0.02514159	0.025743803	0.0038167725	
S00011.glut_max-pelvis_tilt.KP  	1.4611135	1.488527	0.028084179	
S00011.glut_max-pelvis_tilt.KV  	0.31077386	0.31278807	0.0017593107	
S00011.glut_max-pelvis_tilt.C0  	0.16304482	0.16029959	0.0029641808	
S00011.iliopsoas-pelvis_tilt.KP 	-3.5633275	-3.5097776	0.047344435	
S00011.iliopsoas-pelvis_tilt.KV 	-0.5418522	-0.54369376	0.0021587851	
S00011.iliopsoas-pelvis_tilt.C0 	0.33330764	0.333164	0.0046657322	
S00100.iliopsoas.C0             	0.33332158	0.33665696	0.0025507466	
S00100.glut_max.C0              	-0.025473525	-0.024397398	0.0019763951	
S11000.iliopsoas.KL             	0.56026139	0.56028485	0.0021822018	
S11000.iliopsoas.L0             	0.39175312	0.39119522	0.0024224652	
S11000.iliopsoas-pelvis_tilt.P0 	-0.042895196	-0.044675787	0.0019558893	
S11000.iliopsoas-pelvis_tilt.KP 	0.01196527	0.011159093	0.01250149	
S11000.iliopsoas-pelvis_tilt.KV 	0.14319545	0.14518128	0.0022455659	
S11000.iliopsoas-hamstrings.KL  	-8.2515418	-8.2591889	0.079384672	
S11000.iliopsoas-hamstrings.L0  	1.1634015	1.1659437	0.0018151939	
S11000.hamstrings.KF            	0.57196433	0.57528156	0.001743775	
S11000.glut_max.KF              	0.6209643	0.62091104	0.001981205	
