pelvis_tilt.offset              	0.021751485	0.02215733	0.00081756713	
hip_flexion_r.offset            	0.069690979	0.070293556	0.00077340255	
knee_angle_r.offset             	0.00077828144	0.00086300473	0.00084205717	
ankle_angle_r.offset            	-0.057176681	-0.057263711	0.0011035244	
hip_flexion_l.offset            	-0.0074991091	-0.0090339528	0.0015827105	
knee_angle_l.offset             	0.055791396	0.056186298	0.0012038342	
ankle_angle_l.offset            	0.18534548	0.18721978	0.0011545506	
stance_load_threshold           	0.15013795	0.15102397	0.0012690629	
S00111.tib_ant.KL               	1.2235558	1.2562866	0.020941226	
S00111.tib_ant.L0               	0.75706608	0.7569674	0.002281616	
S00111.tib_ant.KS               	0.00015652	0.00016420846	0.000871112	
S11000.tib_ant.KL               	1.2056258	1.212983	0.012141036	
S11000.tib_ant.L0               	0.73292471	0.73061045	0.0017624524	
S11000.tib_ant.KS               	0.035653792	0.034805437	0.0010973526	
S11111.tib_ant-soleus.KF        	-0.11476047	-0.11119459	0.0018943	
S00111.soleus-tib_ant.KS        	-0.80888339	-0.84286823	0.023921239	
S11000.soleus-tib_ant.KS        	-3.2851827	-3.2939042	0.02785183	
S00111.gastroc-tib_ant.KS       	-0.32171493	-0.32541965	0.020220899	
S11000.gastroc-tib_ant.KS       	-1.6911734	-1.6752832	0.023277834	
S00111.tib_ant-gastroc.KS       	-0.0039445367	-0.0038335309	0.17237653	
S11000.tib_ant-gastroc.KS       	-0.00366451	-0.0035267481	0.16848114	
S00111.tib_ant-soleus.KS        	-0.00346517	-0.0033803853	0.17695341	
S11000.tib_ant-soleus.KS        	-0.0034666	-0.00331637	0.16943647	
S00111.gastroc.KL               	0.08315732	0.080892308	0.021564052	
S00111.gastroc.L0               	0.7968718	0.80468744	0.0093248486	
S00111.gastroc.KF               	1.4124061	1.4128445	0.0011812933	
S00111.soleus.KL                	4.049911	4.0540023	0.020714554	
S00111.soleus.L0                	0.96849929	0.97180486	0.0052647918	
S00111.soleus.KF                	0.22157772	0.22113226	0.0017437816	
S11000.gastroc.KL               	0.00837043	0.008900682	0.017193105	
S11000.gastroc.L0               	0.5045373	0.51827454	0.0097007552	
S11000.gastroc.KF               	-1.8389772	-1.8692277	0.023005658	
S11000.gastroc.KS               	0.25231886	0.2687909	0.020554085	
S11000.soleus.KL                	0.79936711	0.80604276	0.039715724	
S11000.soleus.L0                	0.92453715	0.92263426	0.008969158	
S11000.soleus.KF                	-0.93748219	-0.93166631	0.037166733	
S11000.soleus.KS                	0.11266177	0.10691014	0.031949581	
S00011.vasti.KF                 	0.83038976	0.81894643	0.0049800877	
S00011.vasti.C0                 	0.081479884	0.081793908	0.0011142416	
S00011.vasti-knee_angle.pos_max 	-0.30382203	-0.30458439	0.0017190368	
S00011.hamstrings-pelvis_tilt.KP	0.7011351	0.69485326	0.019668393	
S00011.hamstrings-pelvis_tilt.KV	0.56826308	0.567445	0.0010130471	
S00011.hamstrings-pelvis_tilt.C0	0.02778807	0.025956856	0.0021319029	
S00011.glut_max-pelvis_tilt.KP  	1.5206358	1.5103547	0.016452034	
S00011.glut_max-pelvis_tilt.KV  	0.31492962	0.31283943	0.0010294999	
S00011.glut_max-pelvis_tilt.C0  	0.15783508	0.1597275	0.001737406	
S00011.iliopsoas-pelvis_tilt.KP 	-3.5693986	-3.5810516	0.027641113	
S00011.iliopsoas-pelvis_tilt.KV 	-0.54037911	-0.54178333	0.0012564372	
S00011.iliopsoas-pelvis_tilt.C0 	0.33252629	0.33204412	0.00270671	
S00100.iliopsoas.C0             	0.33456656	0.33525737	0.0014900046	
S00100.glut_max.C0              	-0.024399935	-0.024705875	0.0011166113	
S11000.iliopsoas.KL             	0.55979962	0.56247368	0.0012720731	
S11000.iliopsoas.L0             	0.38467617	0.38310768	0.0014563639	
S11000.iliopsoas-pelvis_tilt.P0 	-0.04466092	-0.045187129	0.0011209965	
S11000.iliopsoas-pelvis_tilt.KP 	0.01082572	0.011501862	0.0069223229	
S11000.iliopsoas-pelvis_tilt.KV 	0.14222518	0.14363403	0.0013228746	
S11000.iliopsoas-hamstrings.KL  	-8.2756175	-8.2765986	0.046254267	
S11000.iliopsoas-hamstrings.L0  	1.1642701	1.1637446	0.001053915	
S11000.hamstrings.KF            	0.57244522	0.57369983	0.001021158	
S11000.glut_max.KF              	0.62004029	0.61940142	0.001161742	
