pelvis_tilt.offset              	0.022075746	0.022034442	0.00025535407	
hip_flexion_r.offset            	0.071516183	0.071886673	0.00024601429	
knee_angle_r.offset             	-0.0011548732	-0.0010643816	0.00027055807	
ankle_angle_r.offset            	-0.055747453	-0.055820592	0.0003448696	
hip_flexion_l.offset            	-0.010204866	-0.010222486	0.00050490789	
knee_angle_l.offset             	0.054520371	0.054351664	0.00038087243	
ankle_angle_l.offset            	0.187276	0.18752439	0.00036004988	
stance_load_threshold           	0.15120708	0.15063523	0.00039910958	
S00111.tib_ant.KL               	1.2489966	1.2504313	0.006572342	
S00111.tib_ant.L0               	0.75995389	0.75962399	0.00072310115	
S00111.tib_ant.KS               	0.00015652	0.00016156386	0.00023380656	
S11000.tib_ant.KL               	1.2282828	1.2394843	0.0037915894	
S11000.tib_ant.L0               	0.73061334	0.72984323	0.00056711961	
S11000.tib_ant.KS               	0.035962357	0.035913182	0.00034144621	
S11111.tib_ant-soleus.KF        	-0.1148989	-0.11481652	0.00059910233	
S00111.soleus-tib_ant.KS        	-0.82648231	-0.83196043	0.0072869926	
S11000.soleus-tib_ant.KS        	-3.3509032	-3.3451565	0.0088525563	
S00111.gastroc-tib_ant.KS       	-0.32173447	-0.3220331	0.0055007592	
S11000.gastroc-tib_ant.KS       	-1.6867207	-1.6784559	0.0072319305	
S00111.tib_ant-gastroc.KS       	-0.00395169	-0.0037563824	0.046262939	
S11000.tib_ant-gastroc.KS       	-0.00331551	-0.0035554752	0.045217478	
S00111.tib_ant-soleus.KS        	-0.00313515	-0.0033376011	0.047491284	
S11000.tib_ant-soleus.KS        	-0.00313645	-0.0032221436	0.045473866	
S00111.gastroc.KL               	0.08199354	0.079139089	0.0058905812	
S00111.gastroc.L0               	0.80394202	0.80268777	0.002877089	
S00111.gastroc.KF               	1.4119249	1.412372	0.00037085806	
S00111.soleus.KL                	4.0235969	4.0314303	0.0065721883	
S00111.soleus.L0                	0.96724609	0.97007079	0.0015988661	
S00111.soleus.KF                	0.21957388	0.21975546	0.00054781667	
S11000.gastroc.KL               	0.00925153	0.008754334	0.0046164048	
S11000.gastroc.L0               	0.5131165	0.50804583	0.0030204011	
S11000.gastroc.KF               	-1.8622044	-1.8541436	0.007318847	
S11000.gastroc.KS               	0.26794984	0.26402681	0.0060466564	
S11000.soleus.KL                	0.81653075	0.81364877	0.011881456	
S11000.soleus.L0                	0.91682513	0.9198846	0.002800752	
S11000.soleus.KF                	-0.90069322	-0.89807256	0.011391242	
S11000.soleus.KS                	0.10775762	0.10516244	0.0087030119	
S00011.vasti.KF                 	0.84162337	0.84003526	0.0015932525	
S00011.vasti.C0                 	0.081184407	0.081617198	0.00033688253	
S00011.vasti-knee_angle.pos_max 	-0.31250135	-0.31173756	0.00055852308	
S00011.hamstrings-pelvis_tilt.KP	0.67481171	0.67976489	0.0059546788	
S00011.hamstrings-pelvis_tilt.KV	0.56481966	0.56544341	0.00031892655	
S00011.hamstrings-pelvis_tilt.C0	0.026765663	0.026328278	0.00062334111	
S00011.glut_max-pelvis_tilt.KP  	1.4950952	1.5001812	0.0051905835	
S00011.glut_max-pelvis_tilt.KV  	0.3142394	0.31419779	0.0003259226	
S00011.glut_max-pelvis_tilt.C0  	0.15884095	0.15955812	0.0005453143	
S00011.iliopsoas-pelvis_tilt.KP 	-3.6104808	-3.6206505	0.0087557963	
S00011.iliopsoas-pelvis_tilt.KV 	-0.54358584	-0.54382752	0.00040186265	
S00011.iliopsoas-pelvis_tilt.C0 	0.32696377	0.32726479	0.00085409734	
S00100.iliopsoas.C0             	0.33535743	0.33602789	0.00046531206	
S00100.glut_max.C0              	-0.024507354	-0.024232691	0.00033909939	
S11000.iliopsoas.KL             	0.56185583	0.56146621	0.00039993337	
S11000.iliopsoas.L0             	0.38511839	0.38428303	0.00047187365	
S11000.iliopsoas-pelvis_tilt.P0 	-0.04595274	-0.045722205	0.00034243365	
S11000.iliopsoas-pelvis_tilt.KP 	0.01146887	0.011282539	0.0018653722	
S11000.iliopsoas-pelvis_tilt.KV 	0.14031797	0.14014882	0.00042611921	
S11000.iliopsoas-hamstrings.KL  	-8.286353	-8.2723599	0.014689858	
S11000.iliopsoas-hamstrings.L0  	1.1672622	1.167477	0.0003407867	
S11000.hamstrings.KF            	0.5745665	0.57472909	0.00032015621	
S11000.glut_max.KF              	0.62137482	0.62085463	0.00036409367	
