pelvis_tilt.offset              	0.025626437	0.024201047	0.0010608563	
hip_flexion_r.offset            	0.069236233	0.06948863	0.00099206151	
knee_angle_r.offset             	5.475786e-06	-0.00044739695	0.0010936682	
ankle_angle_r.offset            	-0.057091631	-0.055744827	0.0014207596	
hip_flexion_l.offset            	-0.0033142086	-0.0078539229	0.0020148839	
knee_angle_l.offset             	0.054740876	0.058812101	0.0015542826	
ankle_angle_l.offset            	0.1897371	0.18801347	0.0014875433	
stance_load_threshold           	0.15479527	0.15391277	0.0016386147	
S00111.tib_ant.KL               	1.2789784	1.2449522	0.027205977	
S00111.tib_ant.L0               	0.76905463	0.7653363	0.0029291946	
S00111.tib_ant.KS               	0.00015652	0.00016494472	0.0011547044	
S11000.tib_ant.KL               	1.2212131	1.2136202	0.015385611	
S11000.tib_ant.L0               	0.73726164	0.73783434	0.0022649308	
S11000.tib_ant.KS               	0.03371447	0.035247193	0.0014299893	
S11111.tib_ant-soleus.KF        	-0.10604615	-0.11117645	0.002444805	
S00111.soleus-tib_ant.KS        	-0.85081629	-0.86302386	0.030997026	
S11000.soleus-tib_ant.KS        	-3.2578954	-3.254196	0.035965308	
S00111.gastroc-tib_ant.KS       	-0.34389057	-0.33120005	0.026831469	
S11000.gastroc-tib_ant.KS       	-1.6390838	-1.706692	0.029930441	
S00111.tib_ant-gastroc.KS       	-0.00357534	-0.0037461201	0.22849461	
S11000.tib_ant-gastroc.KS       	-0.00366451	-0.0034339654	0.22333106	
S00111.tib_ant-soleus.KS        	-0.00313515	-0.003331783	0.23456153	
S11000.tib_ant-soleus.KS        	-0.00313645	-0.0033385118	0.2245974	
S00111.gastroc.L0               	0.84566344	0.84436319	0.011902493	
S00111.gastroc.KS               	0.16049832	0.16800735	0.01325772	
S00111.soleus.L0                	0.93672097	0.9502203	0.0068892078	
S00111.soleus.KS                	0.16520068	0.15577135	0.019327656	
S11000.gastroc.KL               	0.00837043	0.0087434271	0.022790044	
S11000.gastroc.L0               	0.49752118	0.51619637	0.012540329	
S11000.gastroc.KF               	-1.7694406	-1.7966242	0.029624804	
S11000.gastroc.KS               	0.27887874	0.26194528	0.027063712	
S11000.soleus.KL                	0.79026292	0.80312619	0.052111515	
S11000.soleus.L0                	0.9110803	0.90181086	0.011596127	
S11000.soleus.KF                	-0.90944098	-0.93268219	0.048548983	
S11000.soleus.KS                	0.1022613	0.105447	0.042328412	
S00011.vasti.KF                 	0.82305019	0.81891806	0.006429495	
S00011.vasti.C0                 	0.079939104	0.081043833	0.0014507366	
S00011.vasti-knee_angle.pos_max 	-0.30016536	-0.30455221	0.0022365911	
S00011.hamstrings-pelvis_tilt.KP	0.7372052	0.71550088	0.025676944	
S00011.hamstrings-pelvis_tilt.KV	0.56521662	0.56705305	0.0013022131	
S00011.hamstrings-pelvis_tilt.C0	0.02778807	0.026708399	0.0028095146	
S00011.glut_max-pelvis_tilt.KP  	1.4837956	1.4782023	0.021090356	
S00011.glut_max-pelvis_tilt.KV  	0.3134763	0.31372968	0.0013255033	
S00011.glut_max-pelvis_tilt.C0  	0.16066983	0.16079911	0.0022268379	
S00011.iliopsoas-pelvis_tilt.KP 	-3.5655255	-3.5278362	0.03551528	
S00011.iliopsoas-pelvis_tilt.KV 	-0.54331885	-0.54395746	0.0016231731	
S00011.iliopsoas-pelvis_tilt.C0 	0.34053734	0.33738888	0.003488527	
S00100.iliopsoas.C0             	0.33965665	0.33939981	0.0019305062	
S00100.glut_max.C0              	-0.023923109	-0.025013132	0.0014601596	
S11000.iliopsoas.KL             	0.56583083	0.56407688	0.0016552206	
S11000.iliopsoas.L0             	0.39275975	0.39393513	0.0018221547	
S11000.iliopsoas-pelvis_tilt.P0 	-0.043169595	-0.043716823	0.0014582322	
S11000.iliopsoas-pelvis_tilt.KP 	0.01196527	0.011427406	0.0091746299	
S11000.iliopsoas-pelvis_tilt.KV 	0.14177817	0.14250057	0.0016836243	
S11000.iliopsoas-hamstrings.KL  	-8.1868512	-8.234251	0.059709202	
S11000.iliopsoas-hamstrings.L0  	1.1648345	1.1630042	0.0013730897	
S11000.hamstrings.KF            	0.57400627	0.57688714	0.0013108521	
S11000.glut_max.KF              	0.62128267	0.62007145	0.0014851967	
