pelvis_tilt.offset              	0.022255789	0.021799968	0.0014349512	
hip_flexion_r.offset            	0.067592676	0.069231905	0.0013525626	
knee_angle_r.offset             	0.00073182806	0.0011854352	0.0014811925	
ankle_angle_r.offset            	-0.058397867	-0.057301985	0.0019388087	
hip_flexion_l.offset            	-0.0076662013	-0.0057459102	0.0027431835	
knee_angle_l.offset             	0.061175897	0.057253677	0.0021158374	
ankle_angle_l.offset            	0.18894798	0.18953161	0.0020308111	
stance_load_threshold           	0.15461868	0.15234732	0.0022248475	
S00111.tib_ant.KL               	1.3119505	1.2493945	0.036968158	
S00111.tib_ant.L0               	0.77166523	0.76413644	0.0039602755	
S00111.tib_ant.KS               	0.000173	0.00016055378	0.0016067103	
S11000.tib_ant.KL               	1.154126	1.1983634	0.020992185	
S11000.tib_ant.L0               	0.73606799	0.73809057	0.0030623576	
S11000.tib_ant.KS               	0.03371447	0.03553544	0.0019617002	
S11111.tib_ant-soleus.KF        	-0.10728278	-0.10975609	0.0033370175	
S00111.soleus-tib_ant.KS        	-0.89402901	-0.85477443	0.042579567	
S11000.soleus-tib_ant.KS        	-3.2115912	-3.262597	0.048988756	
S00111.gastroc-tib_ant.KS       	-0.35557966	-0.34449368	0.037152832	
S11000.gastroc-tib_ant.KS       	-1.7632275	-1.7142727	0.040942641	
S00111.tib_ant-gastroc.KS       	-0.00395169	-0.0037335279	0.31793851	
S11000.tib_ant-gastroc.KS       	-0.00331551	-0.0033904632	0.3107537	
S00111.tib_ant-soleus.KS        	-0.00346517	-0.0032370668	0.32638032	
S11000.tib_ant-soleus.KS        	-0.0034666	-0.0032719853	0.31251574	
S00111.gastroc.KL               	0.08315732	0.078125625	0.039737593	
S00111.gastroc.L0               	0.8270291	0.84355033	0.016224676	
S00111.gastroc.KF               	1.4146199	1.4100004	0.0020689555	
S00111.gastroc.KS               	0.17739288	0.16393422	0.018357551	
S00111.soleus.KL                	4.0832796	4.0556854	0.036178484	
S00111.soleus.L0                	0.95543726	0.96250626	0.0093020835	
S00111.soleus.KF                	0.22584274	0.22674074	0.0029942859	
S00111.soleus.KS                	0.14946728	0.15880498	0.026828112	
S11000.gastroc.KL               	0.00837043	0.0086269355	0.031710975	
S11000.gastroc.L0               	0.52473921	0.521398	0.017093798	
S11000.gastroc.KF               	-1.7596183	-1.8100396	0.040170911	
S11000.soleus.KL                	0.81488037	0.80007795	0.071952894	
S11000.soleus.L0                	0.90924902	0.89483951	0.015702925	
S11000.soleus.KF                	-0.95885434	-0.90492893	0.066839971	
S00011.vasti.KF                 	0.81382779	0.82078319	0.0087846183	
S00011.vasti.C0                 	0.085467812	0.084736552	0.0019886257	
S00011.vasti-knee_angle.pos_max 	-0.30521445	-0.30742383	0.003036539	
S00011.hamstrings-pelvis_tilt.KP	0.67099736	0.7010451	0.035047505	
S00011.hamstrings-pelvis_tilt.KV	0.56763418	0.56705876	0.0017687473	
S00011.hamstrings-pelvis_tilt.C0	0.02778807	0.026280307	0.0038972945	
S00011.glut_max-pelvis_tilt.KP  	1.5391049	1.4834448	0.028705521	
S00011.glut_max-pelvis_tilt.KV  	0.31132042	0.31469404	0.0017950215	
S00011.glut_max-pelvis_tilt.C0  	0.16216185	0.1601655	0.003021669	
S00011.iliopsoas-pelvis_tilt.KP 	-3.4410734	-3.4888565	0.048370903	
S00011.iliopsoas-pelvis_tilt.KV 	-0.54341004	-0.54252746	0.0022028508	
S00011.iliopsoas-pelvis_tilt.C0 	0.33337794	0.33583303	0.0047579394	
S00100.iliopsoas.C0             	0.33356494	0.33771527	0.0026028673	
S00100.glut_max.C0              	-0.023580272	-0.024802996	0.0020178468	
S11000.iliopsoas.KL             	0.55932658	0.56114614	0.0022250581	
S11000.iliopsoas.L0             	0.39254644	0.39049029	0.0024747776	
S11000.iliopsoas-pelvis_tilt.P0 	-0.044518018	-0.043993323	0.0019975361	
S11000.iliopsoas-pelvis_tilt.KP 	0.01196527	0.011518697	0.012765155	
S11000.iliopsoas-pelvis_tilt.KV 	0.15003611	0.14456422	0.0022924828	
S11000.iliopsoas-hamstrings.KL  	-8.1141854	-8.1825475	0.081241986	
S11000.iliopsoas-hamstrings.L0  	1.1635268	1.1659417	0.0018542724	
S11000.hamstrings.KF            	0.57738022	0.57598745	0.0017803072	
S11000.glut_max.KF              	0.6206981	0.6217614	0.0020257673	
