pelvis_tilt.offset              	0.025064636	0.025064522	5.3737291e-05	
hip_flexion_r.offset            	0.069863477	0.069843481	5.0882714e-05	
knee_angle_r.offset             	0.00064550773	0.00057835291	5.4640113e-05	
ankle_angle_r.offset            	-0.05657704	-0.056676049	7.7449686e-05	
hip_flexion_l.offset            	-0.0069502598	-0.0070691152	0.00010881717	
knee_angle_l.offset             	0.056560561	0.056663098	8.0659001e-05	
ankle_angle_l.offset            	0.18678339	0.18677363	7.4347265e-05	
stance_load_threshold           	0.14996457	0.14996771	8.403947e-05	
S00111.tib_ant.KL               	1.2647962	1.2637167	0.0013807382	
S00111.tib_ant.L0               	0.76121304	0.76094437	0.00014673889	
S00111.tib_ant.KS               	0.00016380049	0.00016585902	3.3990106e-05	
S11000.tib_ant.KL               	1.1915671	1.1915329	0.00076948426	
S11000.tib_ant.L0               	0.74313036	0.7429452	0.00011208942	
S11000.tib_ant.KS               	0.035617275	0.035666963	7.1445459e-05	
S11111.tib_ant-soleus.KF        	-0.11040019	-0.11056532	0.00012576404	
S00111.soleus-tib_ant.KS        	-0.85136038	-0.85179263	0.0015547685	
S11000.soleus-tib_ant.KS        	-3.1635255	-3.1610612	0.0018682397	
S00111.gastroc-tib_ant.KS       	-0.33708694	-0.33663028	0.0011290739	
S11000.gastroc-tib_ant.KS       	-1.7672761	-1.7656587	0.0013246061	
S00111.tib_ant-gastroc.KS       	-0.00395169	-0.0037393628	0.0066886457	
S11000.tib_ant-gastroc.KS       	-0.00366451	-0.0035049664	0.0065374479	
S00111.tib_ant-soleus.KS        	-0.00346517	-0.0034039969	0.0068660877	
S11000.tib_ant-soleus.KS        	-0.0034666	-0.0033631022	0.0065744693	
S00111.gastroc.KL               	0.08315732	0.082274977	0.0010735799	
S00111.gastroc.L0               	0.82993696	0.8305843	0.00062650168	
S00111.gastroc.KF               	1.4072522	1.4073156	7.8995714e-05	
S00111.gastroc.KS               	0.16640607	0.1674324	0.00057634697	
S00111.soleus.KL                	4.1018892	4.1019131	0.001392843	
S00111.soleus.L0                	0.97156437	0.97138747	0.00033026826	
S00111.soleus.KF                	0.22576023	0.22588323	0.00011433257	
S00111.soleus.KS                	0.16131388	0.16117472	0.00083120489	
S11000.gastroc.KL               	0.00837043	0.008909972	0.00068925173	
S11000.gastroc.L0               	0.51631247	0.51631498	0.00064408493	
S11000.gastroc.KF               	-1.8026909	-1.803678	0.0015191691	
S11000.soleus.KL                	0.82783131	0.82764778	0.0025862973	
S11000.soleus.L0                	0.91373815	0.91279885	0.00058865324	
S11000.soleus.KF                	-0.88718389	-0.88737693	0.0023998788	
S00011.vasti.KF                 	0.83377387	0.83406059	0.00032590478	
S00011.vasti.C0                 	0.081355309	0.081381765	7.2049374e-05	
S00011.vasti-knee_angle.pos_max 	-0.29503985	-0.29507105	0.00011988893	
S00011.hamstrings-pelvis_tilt.KP	0.69232687	0.69276331	0.0012636516	
S00011.hamstrings-pelvis_tilt.KV	0.56712093	0.5672007	6.8715282e-05	
S00011.hamstrings-pelvis_tilt.C0	0.027069677	0.027236957	0.00012611418	
S00011.glut_max-pelvis_tilt.KP  	1.4340547	1.43637	0.0011354311	
S00011.glut_max-pelvis_tilt.KV  	0.3111309	0.31115497	6.9863798e-05	
S00011.glut_max-pelvis_tilt.C0  	0.16336098	0.16348616	0.00011341003	
S00011.iliopsoas-pelvis_tilt.KP 	-3.4053199	-3.4055868	0.001838578	
S00011.iliopsoas-pelvis_tilt.KV 	-0.54389731	-0.54377611	8.5771399e-05	
S00011.iliopsoas-pelvis_tilt.C0 	0.33191852	0.33167657	0.00017455505	
S00100.iliopsoas.C0             	0.34784831	0.34771389	0.00010199306	
S00100.glut_max.C0              	-0.025251398	-0.025368633	6.8227047e-05	
S11000.iliopsoas.KL             	0.56532093	0.56530249	8.8739876e-05	
S11000.iliopsoas.L0             	0.38336225	0.38336305	9.9530539e-05	
S11000.iliopsoas-pelvis_tilt.P0 	-0.042903715	-0.042926612	7.3633559e-05	
S11000.iliopsoas-pelvis_tilt.KP 	0.011398357	0.011234196	0.0003117463	
S11000.iliopsoas-pelvis_tilt.KV 	0.14783879	0.14755646	8.8142193e-05	
S11000.iliopsoas-hamstrings.KL  	-8.3451731	-8.3482342	0.0031111315	
S11000.iliopsoas-hamstrings.L0  	1.1654256	1.1653624	7.2417347e-05	
S11000.hamstrings.KF            	0.57666838	0.57668675	6.6773895e-05	
S11000.glut_max.KF              	0.6248203	0.62480998	7.7340394e-05	
