pelvis_tilt.offset              	0.025061256	0.025063011	3.5669547e-06	
hip_flexion_r.offset            	0.069866191	0.069860144	3.4084957e-06	
knee_angle_r.offset             	0.00044866457	0.00045379168	3.732589e-06	
ankle_angle_r.offset            	-0.056662043	-0.056667452	5.3279717e-06	
hip_flexion_l.offset            	-0.0070491886	-0.0070533136	7.2935357e-06	
knee_angle_l.offset             	0.056647837	0.05664512	5.5476432e-06	
ankle_angle_l.offset            	0.18688976	0.18688551	4.9649258e-06	
stance_load_threshold           	0.14993744	0.14993737	5.7392636e-06	
S00111.tib_ant.KL               	1.262751	1.2628623	9.3102126e-05	
S00111.tib_ant.L0               	0.76102287	0.761033	1.0193457e-05	
S00111.tib_ant.KS               	0.00016555163	0.00016432995	1.8035055e-06	
S11000.tib_ant.KL               	1.1919198	1.1919246	5.4101996e-05	
S11000.tib_ant.L0               	0.74323957	0.74323936	7.9497471e-06	
S11000.tib_ant.KS               	0.035717978	0.035720437	4.8060729e-06	
S11111.tib_ant-soleus.KF        	-0.1104864	-0.11049038	8.7591957e-06	
S00111.soleus-tib_ant.KS        	-0.84781651	-0.84763908	0.00010669884	
S11000.soleus-tib_ant.KS        	-3.161068	-3.160832	0.00012807183	
S00111.gastroc-tib_ant.KS       	-0.33764201	-0.33772055	7.438652e-05	
S11000.gastroc-tib_ant.KS       	-1.7678615	-1.7678597	8.7547105e-05	
S00111.tib_ant-gastroc.KS       	-0.0038437673	-0.0037848513	0.0002636987	
S11000.tib_ant-gastroc.KS       	-0.0036173496	-0.0034898112	0.00025735073	
S00111.tib_ant-soleus.KS        	-0.0034299778	-0.0033416034	0.00026936338	
S11000.tib_ant-soleus.KS        	-0.0032677845	-0.0032966382	0.00025840533	
S00111.gastroc.KL               	0.08088695	0.080921319	7.1753323e-05	
S00111.gastroc.L0               	0.82758885	0.82762936	4.6116851e-05	
S00111.gastroc.KF               	1.4073624	1.4073705	5.2873566e-06	
S00111.gastroc.KS               	0.16711655	0.16712099	3.8079185e-05	
S00111.soleus.KL                	4.1033154	4.1032882	9.5573306e-05	
S00111.soleus.L0                	0.97172145	0.97176461	2.1702837e-05	
S00111.soleus.KF                	0.22579062	0.22579298	7.6504472e-06	
S00111.soleus.KS                	0.1611685	0.16106883	5.6233302e-05	
S11000.gastroc.KL               	0.0088050724	0.0087771662	4.256361e-05	
S11000.gastroc.L0               	0.51764257	0.51761563	4.3552427e-05	
S11000.gastroc.KF               	-1.8025227	-1.8023814	0.00010185015	
S11000.soleus.KL                	0.82274412	0.8228019	0.00017515415	
S11000.soleus.L0                	0.91214593	0.9121349	4.0158067e-05	
S11000.soleus.KF                	-0.88768105	-0.88757536	0.00016876963	
S00011.vasti.KF                 	0.83293811	0.8329501	2.2346667e-05	
S00011.vasti.C0                 	0.081477206	0.081475272	4.8115632e-06	
S00011.vasti-knee_angle.pos_max 	-0.29521384	-0.29522869	8.2713308e-06	
S00011.hamstrings-pelvis_tilt.KP	0.68816243	0.68825342	8.8109846e-05	
S00011.hamstrings-pelvis_tilt.KV	0.56711919	0.56711199	4.5655082e-06	
S00011.hamstrings-pelvis_tilt.C0	0.027049343	0.027043534	8.4478196e-06	
S00011.glut_max-pelvis_tilt.KP  	1.437312	1.4372588	7.5915862e-05	
S00011.glut_max-pelvis_tilt.KV  	0.31111424	0.31111091	4.691545e-06	
S00011.glut_max-pelvis_tilt.C0  	0.16332456	0.16331065	8.0670549e-06	
S00011.iliopsoas-pelvis_tilt.KP 	-3.4046885	-3.4044527	0.00012670262	
S00011.iliopsoas-pelvis_tilt.KV 	-0.54367196	-0.54367235	5.7943984e-06	
S00011.iliopsoas-pelvis_tilt.C0 	0.33189087	0.33189949	1.1762428e-05	
S00100.iliopsoas.C0             	0.34767875	0.34767527	7.1399416e-06	
S00100.glut_max.C0              	-0.02525481	-0.025251038	4.6671118e-06	
S11000.iliopsoas.KL             	0.56530844	0.56530804	6.1753638e-06	
S11000.iliopsoas.L0             	0.38353575	0.38354127	6.7042146e-06	
S11000.iliopsoas-pelvis_tilt.P0 	-0.042676254	-0.042670153	5.1175913e-06	
S11000.iliopsoas-pelvis_tilt.KP 	0.010897262	0.010956735	1.9785267e-05	
S11000.iliopsoas-pelvis_tilt.KV 	0.14748869	0.14748471	5.8822519e-06	
S11000.iliopsoas-hamstrings.KL  	-8.3520104	-8.352087	0.00021048805	
S11000.iliopsoas-hamstrings.L0  	1.1655062	1.1655064	5.3246839e-06	
S11000.hamstrings.KF            	0.57665126	0.57665796	4.4357165e-06	
S11000.glut_max.KF              	0.62491198	0.62490806	5.2716232e-06	
