pelvis_tilt.offset              	0.026203567	0.025580548	0.00060250024	
hip_flexion_r.offset            	0.068910006	0.06887451	0.00054806544	
knee_angle_r.offset             	-0.00058708295	-0.00073635415	0.00060680087	
ankle_angle_r.offset            	-0.056802416	-0.056817927	0.00079909689	
hip_flexion_l.offset            	-0.0014844141	-0.0011557023	0.0011365465	
knee_angle_l.offset             	0.055380565	0.056466144	0.00087006634	
ankle_angle_l.offset            	0.1864154	0.18685224	0.00084416025	
stance_load_threshold           	0.1540951	0.15366566	0.00091242234	
S00111.tib_ant.KL               	1.2208307	1.2297892	0.01501681	
S00111.tib_ant.L0               	0.76544901	0.76459815	0.0016327513	
S00111.tib_ant.KS               	0.00015652	0.00016140178	0.00060126301	
S11000.tib_ant.KL               	1.1908682	1.1928042	0.0086872421	
S11000.tib_ant.L0               	0.74741651	0.74547742	0.0012701523	
S11000.tib_ant.KS               	0.03371447	0.034380049	0.00078120901	
S11111.tib_ant-soleus.KF        	-0.11368182	-0.11375813	0.0013498396	
S00111.soleus-tib_ant.KS        	-0.84296562	-0.83073419	0.016995491	
S11000.soleus-tib_ant.KS        	-3.2124718	-3.2376183	0.020071972	
S00111.gastroc-tib_ant.KS       	-0.32988181	-0.33651474	0.014225201	
S11000.gastroc-tib_ant.KS       	-1.6787636	-1.6823613	0.016897585	
S00111.tib_ant-gastroc.KS       	-0.00357534	-0.0037592967	0.11897799	
S11000.tib_ant-gastroc.KS       	-0.00331551	-0.0034150753	0.11628931	
S00111.tib_ant-soleus.KS        	-0.00313515	-0.0032856398	0.12213706	
S11000.tib_ant-soleus.KS        	-0.0034666	-0.0032727045	0.1169487	
S00111.gastroc.L0               	0.81730822	0.82487503	0.0066835904	
S00111.gastroc.KF               	1.4138199	1.4147115	0.00086453992	
S00111.gastroc.KS               	0.16397685	0.16852358	0.0070517687	
S00111.soleus.L0                	0.92864226	0.93220124	0.0039215199	
S00111.soleus.KF                	0.22735408	0.2270327	0.0012285528	
S00111.soleus.KS                	0.15124022	0.16034698	0.010194951	
S11000.gastroc.KL               	0.00837043	0.0087469885	0.011867448	
S11000.gastroc.L0               	0.51118926	0.50842113	0.0069681304	
S11000.gastroc.KF               	-1.7611321	-1.7558448	0.016595155	
S11000.gastroc.KS               	0.26253847	0.26286761	0.014369795	
S11000.soleus.KL                	0.76235452	0.77284569	0.027959463	
S11000.soleus.L0                	0.85461968	0.85848366	0.0063945004	
S11000.soleus.KF                	-0.87947745	-0.91619205	0.026254276	
S11000.soleus.KS                	0.1022613	0.11045432	0.022079745	
S00011.vasti.KF                 	0.80854216	0.80544407	0.0035839832	
S00011.vasti.C0                 	0.08448419	0.084086464	0.00078327074	
S00011.vasti-knee_angle.pos_max 	-0.31019502	-0.30930314	0.0012578958	
S00011.hamstrings-pelvis_tilt.KP	0.68845716	0.6898016	0.013975384	
S00011.hamstrings-pelvis_tilt.KV	0.56932307	0.56935149	0.00072912808	
S00011.hamstrings-pelvis_tilt.C0	0.027577354	0.026605875	0.0014884013	
S00011.glut_max-pelvis_tilt.KP  	1.4977811	1.507626	0.011743252	
S00011.glut_max-pelvis_tilt.KV  	0.31544606	0.31571025	0.00073110118	
S00011.glut_max-pelvis_tilt.C0  	0.15450359	0.15591663	0.0012426108	
S00011.iliopsoas-pelvis_tilt.KP 	-3.5829569	-3.5648375	0.019909433	
S00011.iliopsoas-pelvis_tilt.KV 	-0.54372632	-0.54395761	0.00092186169	
S00011.iliopsoas-pelvis_tilt.C0 	0.34385132	0.34455945	0.0019538278	
S00100.iliopsoas.C0             	0.3359441	0.33613294	0.0010539527	
S00100.glut_max.C0              	-0.025051571	-0.025102605	0.00078807489	
S11000.iliopsoas.KL             	0.56339737	0.56389379	0.00091766765	
S11000.iliopsoas.L0             	0.39503154	0.39443099	0.0010096685	
S11000.iliopsoas-pelvis_tilt.P0 	-0.042039468	-0.044147648	0.00080428534	
S11000.iliopsoas-pelvis_tilt.KP 	0.01196527	0.011486888	0.0047794799	
S11000.iliopsoas-pelvis_tilt.KV 	0.14349484	0.14332282	0.00093915415	
S11000.iliopsoas-hamstrings.KL  	-7.9841555	-8.0417336	0.033999775	
S11000.iliopsoas-hamstrings.L0  	1.1639518	1.1634669	0.00074976711	
S11000.hamstrings.KF            	0.57437123	0.57562054	0.00072355479	
S11000.glut_max.KF              	0.61755133	0.61677471	0.0008434706	
