pelvis_tilt.offset              	0.024807653	0.024945142	0.000109294	
hip_flexion_r.offset            	0.069510323	0.069478458	9.9840573e-05	
knee_angle_r.offset             	-0.00041168391	-0.00054727565	0.00011035265	
ankle_angle_r.offset            	-0.055431542	-0.055518143	0.00014396408	
hip_flexion_l.offset            	-0.0024398595	-0.0020091003	0.00020300502	
knee_angle_l.offset             	0.054034836	0.053904245	0.00016141317	
ankle_angle_l.offset            	0.18746618	0.18754048	0.00015190756	
stance_load_threshold           	0.15387167	0.15369676	0.00016641055	
S00111.tib_ant.KL               	1.2101262	1.2102309	0.0026914791	
S00111.tib_ant.L0               	0.76275205	0.76257597	0.0002978094	
S00111.tib_ant.KS               	0.00015652	0.00016450419	8.8036606e-05	
S11000.tib_ant.KL               	1.1961386	1.1971831	0.0015470192	
S11000.tib_ant.L0               	0.74464784	0.74486399	0.00023350182	
S11000.tib_ant.KS               	0.034656181	0.034572629	0.00014045176	
S11111.tib_ant-soleus.KF        	-0.11236472	-0.11238187	0.00024791894	
S00111.soleus-tib_ant.KS        	-0.82913666	-0.82594113	0.0030518153	
S11000.soleus-tib_ant.KS        	-3.2367425	-3.2409337	0.003694474	
S00111.gastroc-tib_ant.KS       	-0.34842977	-0.34648435	0.0024083309	
S11000.gastroc-tib_ant.KS       	-1.6467866	-1.644499	0.0031146891	
S00111.tib_ant-gastroc.KS       	-0.00395169	-0.0038334522	0.017412317	
S11000.tib_ant-gastroc.KS       	-0.00366451	-0.0034618568	0.017018821	
S00111.tib_ant-soleus.KS        	-0.00346517	-0.0032997801	0.017874609	
S11000.tib_ant-soleus.KS        	-0.00313645	-0.0032623699	0.017115307	
S00111.gastroc.L0               	0.82635155	0.82595189	0.0011845871	
S00111.gastroc.KF               	1.4143725	1.4144165	0.00015714883	
S00111.gastroc.KS               	0.16753514	0.16760402	0.0012145509	
S00111.soleus.L0                	0.93297037	0.93248219	0.00071335004	
S00111.soleus.KF                	0.22918878	0.2291105	0.00022406245	
S00111.soleus.KS                	0.15553178	0.15485272	0.0017245183	
S11000.gastroc.KL               	0.0087369302	0.0088923063	0.0017426883	
S11000.gastroc.L0               	0.51497786	0.51347138	0.0012365308	
S11000.gastroc.KF               	-1.758462	-1.7640958	0.0030339011	
S11000.gastroc.KS               	0.27535161	0.27151768	0.0025139013	
S11000.soleus.KL                	0.8224818	0.82444895	0.0049294911	
S11000.soleus.L0                	0.86349722	0.86282827	0.0011451011	
S11000.soleus.KF                	-0.90136861	-0.89610318	0.0046432313	
S11000.soleus.KS                	0.11302564	0.10471767	0.0034509266	
S00011.vasti.KF                 	0.80838658	0.80710565	0.00063654865	
S00011.vasti.C0                 	0.084036784	0.084093183	0.00013645786	
S00011.vasti-knee_angle.pos_max 	-0.30726793	-0.30736714	0.00022876341	
S00011.hamstrings-pelvis_tilt.KP	0.67766536	0.67676329	0.0024631962	
S00011.hamstrings-pelvis_tilt.KV	0.57064364	0.57073979	0.00013193604	
S00011.hamstrings-pelvis_tilt.C0	0.027401983	0.027142619	0.0002601389	
S00011.glut_max-pelvis_tilt.KP  	1.502213	1.5026576	0.0021301371	
S00011.glut_max-pelvis_tilt.KV  	0.31416253	0.31387464	0.00013243	
S00011.glut_max-pelvis_tilt.C0  	0.1544319	0.15428237	0.00022738261	
S00011.iliopsoas-pelvis_tilt.KP 	-3.5462675	-3.5433483	0.0036982392	
S00011.iliopsoas-pelvis_tilt.KV 	-0.54413762	-0.54412805	0.00017291936	
S00011.iliopsoas-pelvis_tilt.C0 	0.34526164	0.34515373	0.00034524139	
S00100.iliopsoas.C0             	0.33701353	0.33656972	0.0001919252	
S00100.glut_max.C0              	-0.025411162	-0.02548311	0.0001439218	
S11000.iliopsoas.KL             	0.56531836	0.56544835	0.00017089024	
S11000.iliopsoas.L0             	0.39279472	0.39284946	0.00018237626	
S11000.iliopsoas-pelvis_tilt.P0 	-0.042765967	-0.042855455	0.0001439806	
S11000.iliopsoas-pelvis_tilt.KP 	0.01196527	0.011485226	0.00071769094	
S11000.iliopsoas-pelvis_tilt.KV 	0.14540368	0.14525527	0.00017063426	
S11000.iliopsoas-hamstrings.KL  	-8.0354756	-8.0352489	0.0062769573	
S11000.iliopsoas-hamstrings.L0  	1.1638463	1.1639922	0.00013469334	
S11000.hamstrings.KF            	0.57621895	0.57595989	0.00013208212	
S11000.glut_max.KF              	0.61501876	0.61498011	0.00015577318	
