pelvis_tilt.offset              	0.021939644	0.021905641	0.00037390594	
hip_flexion_r.offset            	0.070548299	0.070965018	0.00035868106	
knee_angle_r.offset             	-0.00094276015	-0.00057461413	0.00039502807	
ankle_angle_r.offset            	-0.058289422	-0.058297338	0.00051295827	
hip_flexion_l.offset            	-0.0079488151	-0.0073082558	0.00071756408	
knee_angle_l.offset             	0.058111165	0.058520214	0.00055703412	
ankle_angle_l.offset            	0.19444452	0.19530863	0.00055379838	
stance_load_threshold           	0.15423588	0.15381289	0.00058652411	
S00111.tib_ant.KL               	1.2425261	1.2338213	0.0096733273	
S00111.tib_ant.L0               	0.76225888	0.76158346	0.0010498711	
S00111.tib_ant.KS               	0.00015652	0.00016239945	0.00037283438	
S11000.tib_ant.KL               	1.2008904	1.2050274	0.0055961817	
S11000.tib_ant.L0               	0.73554942	0.73464391	0.00081167751	
S11000.tib_ant.KS               	0.035510635	0.036169231	0.00050236821	
S11111.tib_ant-soleus.KF        	-0.11446296	-0.11529685	0.00087236077	
S00111.soleus-tib_ant.KS        	-0.80888339	-0.82030222	0.010769461	
S11000.soleus-tib_ant.KS        	-3.2487335	-3.2577727	0.012811934	
S00111.gastroc-tib_ant.KS       	-0.33261867	-0.3306703	0.0091081485	
S11000.gastroc-tib_ant.KS       	-1.6565282	-1.6679507	0.010784182	
S00111.tib_ant-gastroc.KS       	-0.00395169	-0.0038848317	0.073775183	
S11000.tib_ant-gastroc.KS       	-0.00331551	-0.003521517	0.072107999	
S00111.tib_ant-soleus.KS        	-0.00346517	-0.0032323974	0.075734031	
S11000.tib_ant-soleus.KS        	-0.0034666	-0.0032727268	0.072516865	
S00111.gastroc.KL               	0.07523758	0.079414402	0.0092954742	
S00111.gastroc.L0               	0.87336493	0.87202375	0.0042657804	
S00111.gastroc.KF               	1.4110712	1.4112502	0.00054320359	
S00111.gastroc.KS               	0.16820204	0.16904286	0.004493577	
S00111.soleus.KL                	4.0826679	4.0928229	0.0094724057	
S00111.soleus.L0                	0.97153493	0.97275582	0.0023669262	
S00111.soleus.KF                	0.22674803	0.22683476	0.00079720358	
S00111.soleus.KS                	0.14946728	0.15736114	0.006483038	
S11000.gastroc.KL               	0.0088953089	0.0085994159	0.007359665	
S11000.gastroc.L0               	0.52835097	0.52531427	0.0044334504	
S11000.gastroc.KF               	-1.7606324	-1.7597327	0.010827792	
S11000.soleus.KL                	0.79909814	0.79583063	0.017947756	
S11000.soleus.L0                	0.91402046	0.91153882	0.0040840307	
S11000.soleus.KF                	-0.91630265	-0.92749185	0.017069503	
S00011.vasti.KF                 	0.83402073	0.8348751	0.0022872623	
S00011.vasti.C0                 	0.081556837	0.081128693	0.00049718972	
S00011.vasti-knee_angle.pos_max 	-0.30563742	-0.30456411	0.00080511613	
S00011.hamstrings-pelvis_tilt.KP	0.70708	0.70802856	0.0091252714	
S00011.hamstrings-pelvis_tilt.KV	0.56466501	0.56401087	0.00046186694	
S00011.hamstrings-pelvis_tilt.C0	0.027486942	0.026355471	0.00094979873	
S00011.glut_max-pelvis_tilt.KP  	1.4858541	1.4891656	0.0075761764	
S00011.glut_max-pelvis_tilt.KV  	0.30890988	0.30846837	0.00048848324	
S00011.glut_max-pelvis_tilt.C0  	0.162334	0.16114557	0.00079445441	
S00011.iliopsoas-pelvis_tilt.KP 	-3.578351	-3.5679396	0.012755284	
S00011.iliopsoas-pelvis_tilt.KV 	-0.54471419	-0.54521516	0.0005884304	
S00011.iliopsoas-pelvis_tilt.C0 	0.32869292	0.32658598	0.0012672958	
S00100.iliopsoas.C0             	0.33968925	0.33817497	0.00069190268	
S00100.glut_max.C0              	-0.024773075	-0.024642279	0.00050904837	
S11000.iliopsoas.KL             	0.55724221	0.55729277	0.00060447193	
S11000.iliopsoas.L0             	0.39450365	0.39362769	0.00065816782	
S11000.iliopsoas-pelvis_tilt.P0 	-0.043680675	-0.043316543	0.0005142042	
S11000.iliopsoas-pelvis_tilt.KP 	0.01196527	0.011125261	0.0029675662	
S11000.iliopsoas-pelvis_tilt.KV 	0.14906333	0.14946486	0.00062597128	
S11000.iliopsoas-hamstrings.KL  	-8.2800104	-8.2663283	0.021286104	
S11000.iliopsoas-hamstrings.L0  	1.1681266	1.1668138	0.00048822949	
S11000.hamstrings.KF            	0.57567295	0.57512182	0.00046252476	
S11000.glut_max.KF              	0.61939676	0.62121489	0.0005300708	
