pelvis_tilt.offset              	0.022167127	0.022147812	0.00030657457	
hip_flexion_r.offset            	0.070029601	0.070307812	0.00029384846	
knee_angle_r.offset             	-0.0013788928	-0.00098923467	0.00032688436	
ankle_angle_r.offset            	-0.057594426	-0.058373906	0.00041638028	
hip_flexion_l.offset            	-0.0067256659	-0.0068116746	0.00058792575	
knee_angle_l.offset             	0.05835117	0.058501907	0.00045910525	
ankle_angle_l.offset            	0.19443077	0.19485893	0.00045544331	
stance_load_threshold           	0.15286228	0.15258236	0.0004840737	
S00111.tib_ant.KL               	1.2448964	1.2467046	0.0079589197	
S00111.tib_ant.L0               	0.76478432	0.76315796	0.00086538685	
S00111.tib_ant.KS               	0.00015652	0.00016422967	0.00029289921	
S11000.tib_ant.KL               	1.1967299	1.2023978	0.0045535579	
S11000.tib_ant.L0               	0.73627639	0.73613916	0.0006633213	
S11000.tib_ant.KS               	0.036947169	0.036398852	0.00041170477	
S11111.tib_ant-soleus.KF        	-0.11543146	-0.1148961	0.00070896212	
S00111.soleus-tib_ant.KS        	-0.83080387	-0.83284426	0.0087286488	
S11000.soleus-tib_ant.KS        	-3.2442017	-3.2259492	0.010685167	
S00111.gastroc-tib_ant.KS       	-0.32171493	-0.32402122	0.0072716047	
S11000.gastroc-tib_ant.KS       	-1.6901109	-1.6769686	0.0088748324	
S00111.tib_ant-gastroc.KS       	-0.00357534	-0.0037890729	0.057956514	
S11000.tib_ant-gastroc.KS       	-0.00366451	-0.0035193127	0.056646799	
S00111.tib_ant-soleus.KS        	-0.00346517	-0.0032487454	0.059495345	
S11000.tib_ant-soleus.KS        	-0.0034666	-0.0033579833	0.056967996	
S00111.gastroc.KL               	0.082442631	0.079622267	0.0073524641	
S00111.gastroc.L0               	0.86596582	0.86860192	0.0034937286	
S00111.gastroc.KF               	1.4113812	1.4112771	0.00044297654	
S00111.gastroc.KS               	0.16049832	0.1645949	0.0036175224	
S00111.soleus.KL                	4.1054431	4.1100935	0.007824679	
S00111.soleus.L0                	0.97181883	0.97318229	0.0019082784	
S00111.soleus.KF                	0.22621477	0.22657269	0.00065470901	
S00111.soleus.KS                	0.16171082	0.16110241	0.0052201012	
S11000.gastroc.KL               	0.00837043	0.0085999407	0.0057826814	
S11000.gastroc.L0               	0.52052816	0.51845092	0.0036147957	
S11000.gastroc.KF               	-1.7712141	-1.7603556	0.0088624759	
S11000.soleus.KL                	0.81424646	0.80916514	0.014669293	
S11000.soleus.L0                	0.91593675	0.91550698	0.0033285155	
S11000.soleus.KF                	-0.92982496	-0.94184665	0.013914744	
S00011.vasti.KF                 	0.83654318	0.83515079	0.0018629232	
S00011.vasti.C0                 	0.080892685	0.08130489	0.00040283458	
S00011.vasti-knee_angle.pos_max 	-0.3057418	-0.30473111	0.00066050156	
S00011.hamstrings-pelvis_tilt.KP	0.70923086	0.70420302	0.007417074	
S00011.hamstrings-pelvis_tilt.KV	0.5651112	0.56488271	0.00037673013	
S00011.hamstrings-pelvis_tilt.C0	0.025862035	0.02623213	0.00076851787	
S00011.glut_max-pelvis_tilt.KP  	1.4814418	1.4799379	0.0062232138	
S00011.glut_max-pelvis_tilt.KV  	0.3083143	0.30814081	0.00039939271	
S00011.glut_max-pelvis_tilt.C0  	0.16397068	0.16267152	0.00065872647	
S00011.iliopsoas-pelvis_tilt.KP 	-3.5616738	-3.5684235	0.010522437	
S00011.iliopsoas-pelvis_tilt.KV 	-0.5437528	-0.54400245	0.00048345331	
S00011.iliopsoas-pelvis_tilt.C0 	0.32606377	0.32672713	0.0010287892	
S00100.iliopsoas.C0             	0.33845422	0.33817063	0.00056886277	
S00100.glut_max.C0              	-0.02467919	-0.024765399	0.00041732406	
S11000.iliopsoas.KL             	0.55673606	0.55623914	0.00049647981	
S11000.iliopsoas.L0             	0.39389637	0.39371738	0.00053740204	
S11000.iliopsoas-pelvis_tilt.P0 	-0.042949186	-0.043240404	0.00042254348	
S11000.iliopsoas-pelvis_tilt.KP 	0.01196527	0.011491522	0.0023350171	
S11000.iliopsoas-pelvis_tilt.KV 	0.14981474	0.14940648	0.00051587338	
S11000.iliopsoas-hamstrings.KL  	-8.2682506	-8.3000283	0.017479719	
S11000.iliopsoas-hamstrings.L0  	1.1677726	1.1676866	0.00040336821	
S11000.hamstrings.KF            	0.57593079	0.5757351	0.00037761254	
S11000.glut_max.KF              	0.62113818	0.62081221	0.00043572705	
