pelvis_tilt.offset              	0.022211026	0.022218277	5.4666059e-05	
hip_flexion_r.offset            	0.069836607	0.069909383	5.2322315e-05	
knee_angle_r.offset             	-0.0008821826	-0.00087379304	5.8271651e-05	
ankle_angle_r.offset            	-0.057776073	-0.057718818	7.9065821e-05	
hip_flexion_l.offset            	-0.0076095109	-0.0075989059	0.00010513361	
knee_angle_l.offset             	0.05845102	0.058437565	8.015932e-05	
ankle_angle_l.offset            	0.19469562	0.1946085	8.0926667e-05	
stance_load_threshold           	0.15330291	0.15343073	8.6687997e-05	
S00111.tib_ant.KL               	1.236376	1.2374249	0.0014285427	
S00111.tib_ant.L0               	0.76544585	0.76522132	0.00015576075	
S00111.tib_ant.KS               	0.00015652	0.00016507906	4.1422021e-05	
S11000.tib_ant.KL               	1.2150784	1.2149465	0.00082663354	
S11000.tib_ant.L0               	0.73635771	0.73638508	0.0001198807	
S11000.tib_ant.KS               	0.035905837	0.03588454	7.4543494e-05	
S11111.tib_ant-soleus.KF        	-0.11293217	-0.11270671	0.00013206543	
S00111.soleus-tib_ant.KS        	-0.83295897	-0.83249559	0.0015435937	
S11000.soleus-tib_ant.KS        	-3.251418	-3.253088	0.0019422897	
S00111.gastroc-tib_ant.KS       	-0.33547951	-0.33569833	0.0012127274	
S11000.gastroc-tib_ant.KS       	-1.6745011	-1.6746886	0.0016018049	
S00111.tib_ant-gastroc.KS       	-0.00357534	-0.0038516603	0.0081772519	
S11000.tib_ant-gastroc.KS       	-0.00366451	-0.0033604525	0.0079924364	
S00111.tib_ant-soleus.KS        	-0.00346517	-0.0033430318	0.0083942896	
S11000.tib_ant-soleus.KS        	-0.0034666	-0.003341359	0.0080377262	
S00111.gastroc.KL               	0.079159788	0.078695871	0.001226264	
S00111.gastroc.L0               	0.87109739	0.87195142	0.00061807123	
S00111.gastroc.KF               	1.4112939	1.411226	8.1283188e-05	
S00111.gastroc.KS               	0.17072084	0.17116455	0.00061328265	
S00111.soleus.KL                	4.1152156	4.1145923	0.0014137264	
S00111.soleus.L0                	0.97288978	0.97280898	0.00033251843	
S00111.soleus.KF                	0.22635007	0.22654982	0.00011808478	
S00111.soleus.KS                	0.1603151	0.15892157	0.00091107008	
S11000.gastroc.KL               	0.0084689664	0.0086179983	0.00082811046	
S11000.gastroc.L0               	0.52782769	0.5277029	0.0006703693	
S11000.gastroc.KF               	-1.7650075	-1.7661984	0.0015832164	
S11000.soleus.KL                	0.83207415	0.83072443	0.0026517636	
S11000.soleus.L0                	0.91497703	0.91488741	0.0006048338	
S11000.soleus.KF                	-0.93538789	-0.93251658	0.0024730501	
S00011.vasti.KF                 	0.83205237	0.83222478	0.00033847932	
S00011.vasti.C0                 	0.082093171	0.082033477	7.1945266e-05	
S00011.vasti-knee_angle.pos_max 	-0.3053635	-0.3055464	0.00012065906	
S00011.hamstrings-pelvis_tilt.KP	0.67434678	0.67493963	0.001385365	
S00011.hamstrings-pelvis_tilt.KV	0.56423398	0.56426139	7.0053663e-05	
S00011.hamstrings-pelvis_tilt.C0	0.026162836	0.026291958	0.0001374364	
S00011.glut_max-pelvis_tilt.KP  	1.4688856	1.469418	0.0011618875	
S00011.glut_max-pelvis_tilt.KV  	0.30743556	0.30745468	7.300611e-05	
S00011.glut_max-pelvis_tilt.C0  	0.16142837	0.1614618	0.00012048439	
S00011.iliopsoas-pelvis_tilt.KP 	-3.5667341	-3.5666703	0.0018737798	
S00011.iliopsoas-pelvis_tilt.KV 	-0.54404897	-0.54410294	8.7433762e-05	
S00011.iliopsoas-pelvis_tilt.C0 	0.32594148	0.32570796	0.00018283108	
S00100.iliopsoas.C0             	0.33869594	0.33861046	0.00010468495	
S00100.glut_max.C0              	-0.024128133	-0.024047931	7.4144958e-05	
S11000.iliopsoas.KL             	0.55643183	0.55643166	8.9608298e-05	
S11000.iliopsoas.L0             	0.39332492	0.39327586	9.6126039e-05	
S11000.iliopsoas-pelvis_tilt.P0 	-0.044008722	-0.044020278	7.7679303e-05	
S11000.iliopsoas-pelvis_tilt.KP 	0.011326125	0.011343114	0.00035515077	
S11000.iliopsoas-pelvis_tilt.KV 	0.14959968	0.14960645	9.5139094e-05	
S11000.iliopsoas-hamstrings.KL  	-8.2764372	-8.2783987	0.0031860817	
S11000.iliopsoas-hamstrings.L0  	1.1681059	1.1681203	7.2495017e-05	
S11000.hamstrings.KF            	0.57611325	0.57612177	6.988656e-05	
S11000.glut_max.KF              	0.62143537	0.62139566	7.9548665e-05	
