pelvis_tilt.offset              	0.02286318	0.023258466	0.0012672431	
hip_flexion_r.offset            	0.069897853	0.068577587	0.001191204	
knee_angle_r.offset             	0.0022936362	4.717034e-05	0.0013067077	
ankle_angle_r.offset            	-0.057270705	-0.05798417	0.0017053908	
hip_flexion_l.offset            	-0.00051343418	-0.0052364866	0.0024218997	
knee_angle_l.offset             	0.055727734	0.056867406	0.0018591134	
ankle_angle_l.offset            	0.18830326	0.18831916	0.0017839212	
stance_load_threshold           	0.15109481	0.15197852	0.001956903	
S00111.tib_ant.KL               	1.2708122	1.2530971	0.032443822	
S00111.tib_ant.L0               	0.76183643	0.76149163	0.0034913751	
S00111.tib_ant.KS               	0.00015652	0.00016359751	0.0014070805	
S11000.tib_ant.KL               	1.1816957	1.202304	0.018484003	
S11000.tib_ant.L0               	0.73369099	0.73624698	0.0026966866	
S11000.tib_ant.KS               	0.03726336	0.035358129	0.0017221145	
S11111.tib_ant-soleus.KF        	-0.10617471	-0.11126219	0.002929397	
S00111.soleus-tib_ant.KS        	-0.89049196	-0.85552389	0.037437888	
S11000.soleus-tib_ant.KS        	-3.26487	-3.2871713	0.043054296	
S00111.gastroc-tib_ant.KS       	-0.32171493	-0.32854855	0.032553555	
S11000.gastroc-tib_ant.KS       	-1.718652	-1.7072035	0.035996409	
S00111.tib_ant-gastroc.KS       	-0.00395169	-0.0037236472	0.2784354	
S11000.tib_ant-gastroc.KS       	-0.00331551	-0.0035234413	0.27214328	
S00111.tib_ant-soleus.KS        	-0.00313515	-0.0033839038	0.28582833	
S11000.tib_ant-soleus.KS        	-0.0034666	-0.0033911544	0.27368639	
S00111.gastroc.L0               	0.8374853	0.83649664	0.014226909	
S00111.gastroc.KS               	0.17739288	0.17618605	0.016085797	
S00111.soleus.L0                	0.96100287	0.96939262	0.0081877446	
S00111.soleus.KS                	0.16520068	0.15352139	0.023504608	
S11000.gastroc.KL               	0.00925153	0.0086620008	0.027770997	
S11000.gastroc.L0               	0.53277773	0.52959051	0.015060829	
S11000.gastroc.KF               	-1.8085922	-1.8073247	0.035408367	
S11000.gastroc.KS               	0.25610279	0.25998714	0.032887841	
S11000.soleus.KL                	0.76235452	0.80496432	0.063107039	
S11000.soleus.L0                	0.87678766	0.88849842	0.013886223	
S11000.soleus.KF                	-0.86753488	-0.92133408	0.058639341	
S11000.soleus.KS                	0.10853389	0.10708933	0.051565993	
S00011.vasti.KF                 	0.81556149	0.81557129	0.0077512477	
S00011.vasti.C0                 	0.081965448	0.082158995	0.0017473856	
S00011.vasti-knee_angle.pos_max 	-0.3011506	-0.30538085	0.0026718602	
S00011.hamstrings-pelvis_tilt.KP	0.69366219	0.70226821	0.030772627	
S00011.hamstrings-pelvis_tilt.KV	0.56777419	0.56747925	0.0015590882	
S00011.hamstrings-pelvis_tilt.C0	0.02778807	0.02653714	0.0034145166	
S00011.glut_max-pelvis_tilt.KP  	1.4636617	1.5018964	0.025281474	
S00011.glut_max-pelvis_tilt.KV  	0.31405079	0.31435818	0.0015784981	
S00011.glut_max-pelvis_tilt.C0  	0.16126933	0.1584182	0.0026649689	
S00011.iliopsoas-pelvis_tilt.KP 	-3.5288265	-3.5131313	0.042531656	
S00011.iliopsoas-pelvis_tilt.KV 	-0.54213203	-0.543581	0.001934351	
S00011.iliopsoas-pelvis_tilt.C0 	0.32021091	0.33032804	0.0041775631	
S00100.iliopsoas.C0             	0.33809367	0.33757814	0.0022884591	
S00100.glut_max.C0              	-0.024676677	-0.025145499	0.0017688885	
S11000.iliopsoas.KL             	0.56167614	0.56083659	0.0019566732	
S11000.iliopsoas.L0             	0.39578642	0.39147639	0.0021739408	
S11000.iliopsoas-pelvis_tilt.P0 	-0.04199752	-0.044065864	0.0017550093	
S11000.iliopsoas-pelvis_tilt.KP 	0.01196527	0.011471319	0.011179246	
S11000.iliopsoas-pelvis_tilt.KV 	0.14378154	0.14547098	0.0020163649	
S11000.iliopsoas-hamstrings.KL  	-8.3204399	-8.3240271	0.07173891	
S11000.iliopsoas-hamstrings.L0  	1.1655005	1.165284	0.0016374725	
S11000.hamstrings.KF            	0.57386779	0.57479771	0.0015662536	
S11000.glut_max.KF              	0.61854483	0.62121055	0.0017774781	
