pelvis_tilt.offset              	0.029697995	0.028770621	0.00084149696	
hip_flexion_r.offset            	0.072820301	0.07178675	0.00075696334	
knee_angle_r.offset             	0.0033904269	0.0030687681	0.0008289083	
ankle_angle_r.offset            	-0.059889016	-0.060395324	0.001077178	
hip_flexion_l.offset            	-0.0051061187	-0.0052650947	0.0015396205	
knee_angle_l.offset             	0.054268745	0.053723114	0.0011754829	
ankle_angle_l.offset            	0.18707031	0.18685041	0.0011140582	
stance_load_threshold           	0.15008049	0.14821928	0.0012533638	
S00111.tib_ant.KL               	1.2295056	1.274973	0.020480871	
S00111.tib_ant.L0               	0.76580552	0.76117142	0.0021889668	
S00111.tib_ant.KS               	0.000173	0.00016772058	0.00082718692	
S11000.tib_ant.KL               	1.2241291	1.2266975	0.011745709	
S11000.tib_ant.L0               	0.72493379	0.72454643	0.001781614	
S11000.tib_ant.KS               	0.03371447	0.035056352	0.0010573797	
S11111.tib_ant-soleus.KF        	-0.10987498	-0.10999177	0.0018456177	
S00111.soleus-tib_ant.KS        	-0.89402901	-0.87253389	0.023103171	
S11000.soleus-tib_ant.KS        	-3.3087232	-3.3303342	0.027075799	
S00111.gastroc-tib_ant.KS       	-0.32342339	-0.32515415	0.019365311	
S11000.gastroc-tib_ant.KS       	-1.7238128	-1.7284823	0.022586563	
S00111.tib_ant-gastroc.KS       	-0.00357534	-0.0037230699	0.16368446	
S11000.tib_ant-gastroc.KS       	-0.00366451	-0.0035044475	0.15998549	
S00111.tib_ant-soleus.KS        	-0.00313515	-0.0032467861	0.16803055	
S11000.tib_ant-soleus.KS        	-0.0034666	-0.0032273087	0.16089264	
S00111.gastroc.L0               	0.82290492	0.80894802	0.0090108302	
S00111.gastroc.KS               	0.1718432	0.16900222	0.0096050444	
S00111.soleus.L0                	0.98680228	0.98629849	0.0051972033	
S00111.soleus.KS                	0.16520068	0.15719791	0.013963423	
S11000.gastroc.KL               	0.00837043	0.0086332256	0.016326294	
S11000.gastroc.L0               	0.51083953	0.52357313	0.0094431288	
S11000.gastroc.KF               	-1.797858	-1.814265	0.02233661	
S11000.gastroc.KS               	0.26261481	0.26572751	0.019596136	
S11000.soleus.KL                	0.81925306	0.80626332	0.038119558	
S11000.soleus.L0                	0.86240575	0.87191417	0.0088825115	
S11000.soleus.KF                	-0.94008175	-0.90872483	0.035726095	
S11000.soleus.KS                	0.11302564	0.10472158	0.030352467	
S00011.vasti.KF                 	0.83414667	0.83250818	0.0048451369	
S00011.vasti.C0                 	0.07992329	0.080373662	0.0010692379	
S00011.vasti-knee_angle.pos_max 	-0.30708489	-0.30648587	0.0016989594	
S00011.hamstrings-pelvis_tilt.KP	0.71728875	0.71114037	0.01891183	
S00011.hamstrings-pelvis_tilt.KV	0.56737387	0.56847287	0.00098263794	
S00011.hamstrings-pelvis_tilt.C0	0.02514159	0.026104728	0.0020347354	
S00011.glut_max-pelvis_tilt.KP  	1.5224021	1.5465099	0.015810709	
S00011.glut_max-pelvis_tilt.KV  	0.31020498	0.31163553	0.00099678377	
S00011.glut_max-pelvis_tilt.C0  	0.16240791	0.16217454	0.0016984513	
S00011.iliopsoas-pelvis_tilt.KP 	-3.5057349	-3.5514108	0.026713708	
S00011.iliopsoas-pelvis_tilt.KV 	-0.54564503	-0.54525753	0.0012202418	
S00011.iliopsoas-pelvis_tilt.C0 	0.32391369	0.32499635	0.0026478384	
S00100.iliopsoas.C0             	0.3381217	0.33438143	0.0014578741	
S00100.glut_max.C0              	-0.024006723	-0.024236338	0.001070405	
S11000.iliopsoas.KL             	0.562722	0.56203912	0.0012312594	
S11000.iliopsoas.L0             	0.39222906	0.39247349	0.0013565682	
S11000.iliopsoas-pelvis_tilt.P0 	-0.045538744	-0.044964537	0.0010848589	
S11000.iliopsoas-pelvis_tilt.KP 	0.01196527	0.011541014	0.0065740801	
S11000.iliopsoas-pelvis_tilt.KV 	0.1446101	0.14584038	0.0012733228	
S11000.iliopsoas-hamstrings.KL  	-8.4838172	-8.4457053	0.046062279	
S11000.iliopsoas-hamstrings.L0  	1.1684605	1.166779	0.0010213324	
S11000.hamstrings.KF            	0.57810912	0.5784306	0.001002367	
S11000.glut_max.KF              	0.6201507	0.62063061	0.0011133406	
