pelvis_tilt.offset              	0.022323922	0.022172442	8.7183722e-05	
hip_flexion_r.offset            	0.066528085	0.066437648	8.3258128e-05	
knee_angle_r.offset             	-0.0012315475	-0.0012308544	8.9468692e-05	
ankle_angle_r.offset            	-0.058223694	-0.058275356	0.00011753942	
hip_flexion_l.offset            	-0.0056392801	-0.0054725674	0.00017045268	
knee_angle_l.offset             	0.052214666	0.052072709	0.00013302139	
ankle_angle_l.offset            	0.18622952	0.1860816	0.00012474456	
stance_load_threshold           	0.14680117	0.14670252	0.00013912392	
S00111.tib_ant.KL               	1.3054342	1.3014223	0.0022269752	
S00111.tib_ant.L0               	0.75292027	0.75311416	0.00024683125	
S00111.tib_ant.KS               	0.000173	0.00016698116	6.6274082e-05	
S11000.tib_ant.KL               	1.2232653	1.2247432	0.001302661	
S11000.tib_ant.L0               	0.73315502	0.7332098	0.00019094819	
S11000.tib_ant.KS               	0.036285653	0.03650963	0.0001151121	
S11111.tib_ant-soleus.KF        	-0.11155564	-0.11162549	0.0002047734	
S00111.soleus-tib_ant.KS        	-0.84136456	-0.8402791	0.0025119784	
S11000.soleus-tib_ant.KS        	-3.313189	-3.3150325	0.0030525566	
S00111.gastroc-tib_ant.KS       	-0.35413878	-0.35441065	0.0018540929	
S11000.gastroc-tib_ant.KS       	-1.6244602	-1.6272923	0.0025033559	
S00111.tib_ant-gastroc.KS       	-0.00395169	-0.003770226	0.013098782	
S11000.tib_ant-gastroc.KS       	-0.00331551	-0.0034792096	0.012802762	
S00111.tib_ant-soleus.KS        	-0.00346517	-0.0032606999	0.013446519	
S11000.tib_ant-soleus.KS        	-0.00313645	-0.0033391779	0.012875329	
S00111.gastroc.KL               	0.076905802	0.077732792	0.0018953911	
S00111.gastroc.L0               	0.86141892	0.86175698	0.00097930272	
S00111.gastroc.KF               	1.4098139	1.4101885	0.00012623132	
S00111.soleus.KL                	4.0692738	4.0690922	0.0022105211	
S00111.soleus.L0                	0.98136597	0.98225369	0.00055143226	
S00111.soleus.KF                	0.22906157	0.22886751	0.00018617537	
S11000.gastroc.KL               	0.00837043	0.0087302131	0.0013168108	
S11000.gastroc.L0               	0.52163347	0.52258471	0.0010464861	
S11000.gastroc.KF               	-1.7373678	-1.7394304	0.0024467397	
S11000.gastroc.KS               	0.26178526	0.25978199	0.0020587293	
S11000.soleus.KL                	0.82549261	0.82047232	0.0041391374	
S11000.soleus.L0                	0.90212372	0.90277008	0.00097332438	
S11000.soleus.KF                	-0.91616959	-0.92096024	0.0038345183	
S11000.soleus.KS                	0.11000209	0.10826354	0.0027755413	
S00011.vasti.KF                 	0.81306008	0.81223815	0.00053463674	
S00011.vasti.C0                 	0.080018767	0.080100303	0.00011338479	
S00011.vasti-knee_angle.pos_max 	-0.31262835	-0.31244978	0.00018677914	
S00011.hamstrings-pelvis_tilt.KP	0.73996976	0.73777932	0.0019446481	
S00011.hamstrings-pelvis_tilt.KV	0.56765789	0.56779185	0.00010890108	
S00011.hamstrings-pelvis_tilt.C0	0.027350943	0.027520625	0.00020979605	
S00011.glut_max-pelvis_tilt.KP  	1.5157347	1.517057	0.0017404385	
S00011.glut_max-pelvis_tilt.KV  	0.31813006	0.31810967	0.00010913435	
S00011.glut_max-pelvis_tilt.C0  	0.16532377	0.16549643	0.00018706181	
S00011.iliopsoas-pelvis_tilt.KP 	-3.6044488	-3.6034459	0.0029915296	
S00011.iliopsoas-pelvis_tilt.KV 	-0.54474524	-0.54483485	0.00013556757	
S00011.iliopsoas-pelvis_tilt.C0 	0.3351715	0.33529475	0.00030155152	
S00100.iliopsoas.C0             	0.33440445	0.33427491	0.00016232842	
S00100.glut_max.C0              	-0.024488609	-0.024441876	0.00011811345	
S11000.iliopsoas.KL             	0.55876728	0.55893086	0.00013701282	
S11000.iliopsoas.L0             	0.3898795	0.3899239	0.00015260239	
S11000.iliopsoas-pelvis_tilt.P0 	-0.043626838	-0.043866097	0.00012423226	
S11000.iliopsoas-pelvis_tilt.KP 	0.011877161	0.011670525	0.0005568909	
S11000.iliopsoas-pelvis_tilt.KV 	0.14695268	0.14668386	0.0001404491	
S11000.iliopsoas-hamstrings.KL  	-8.5409481	-8.5331742	0.0051724917	
S11000.iliopsoas-hamstrings.L0  	1.1675144	1.1674073	0.00011574037	
S11000.hamstrings.KF            	0.57150884	0.57147972	0.00011114685	
S11000.glut_max.KF              	0.62524495	0.62519996	0.00013184414	
