pelvis_tilt.offset              	0.023008805	0.023124162	0.00022086347	
hip_flexion_r.offset            	0.070627767	0.070452284	0.00021178822	
knee_angle_r.offset             	0.004025711	0.0039942041	0.00023493914	
ankle_angle_r.offset            	-0.054426409	-0.054677243	0.00030487792	
hip_flexion_l.offset            	0.0013193711	0.00091393709	0.00043238425	
knee_angle_l.offset             	0.057522747	0.057250394	0.00033001139	
ankle_angle_l.offset            	0.18495884	0.18469492	0.00031206338	
stance_load_threshold           	0.15150751	0.1521575	0.000355244	
S00111.tib_ant.KL               	1.2149448	1.2162883	0.0056801098	
S00111.tib_ant.L0               	0.75418342	0.75386147	0.00062391572	
S00111.tib_ant.KS               	0.00015652	0.00016650513	0.00019422937	
S11000.tib_ant.KL               	1.2089198	1.2083108	0.0034002213	
S11000.tib_ant.L0               	0.73963408	0.73979799	0.00047394561	
S11000.tib_ant.KS               	0.035311889	0.034956202	0.00029127768	
S11111.tib_ant-soleus.KF        	-0.11327409	-0.11297191	0.00051601136	
S00111.soleus-tib_ant.KS        	-0.82254908	-0.82528058	0.0062325762	
S11000.soleus-tib_ant.KS        	-3.4143683	-3.4100313	0.0079103985	
S00111.gastroc-tib_ant.KS       	-0.32171493	-0.32189045	0.0047798929	
S11000.gastroc-tib_ant.KS       	-1.7360451	-1.7397482	0.0061911673	
S00111.tib_ant-gastroc.KS       	-0.00395169	-0.0037558571	0.038429838	
S11000.tib_ant-gastroc.KS       	-0.00331551	-0.0034536456	0.037561387	
S00111.tib_ant-soleus.KS        	-0.00313515	-0.00334518	0.039450194	
S11000.tib_ant-soleus.KS        	-0.00313645	-0.0033478367	0.037774364	
S00111.gastroc.L0               	0.82128704	0.82239808	0.0025822543	
S00111.gastroc.KS               	0.17739288	0.1771193	0.0023801441	
S00111.soleus.L0                	0.95350439	0.95502911	0.0014696205	
S00111.soleus.KS                	0.16386383	0.16054413	0.0036433783	
S11000.gastroc.KL               	0.00837043	0.0088051206	0.0038363302	
S11000.gastroc.L0               	0.53745016	0.5390483	0.0026381284	
S11000.gastroc.KF               	-1.7854352	-1.775797	0.0062506475	
S11000.gastroc.KS               	0.27518186	0.27184107	0.005191221	
S11000.soleus.KL                	0.77346111	0.77602425	0.010556712	
S11000.soleus.L0                	0.89964283	0.90090943	0.0024370607	
S11000.soleus.KF                	-0.91102071	-0.90843272	0.0098374029	
S11000.soleus.KS                	0.11039617	0.10703364	0.0073135573	
S00011.vasti.KF                 	0.81891267	0.81848819	0.0013390576	
S00011.vasti.C0                 	0.081088156	0.080889243	0.00029100508	
S00011.vasti-knee_angle.pos_max 	-0.29572948	-0.29551963	0.00048375199	
S00011.hamstrings-pelvis_tilt.KP	0.69472646	0.69216754	0.0053005076	
S00011.hamstrings-pelvis_tilt.KV	0.56848523	0.56900202	0.00027945803	
S00011.hamstrings-pelvis_tilt.C0	0.026887506	0.027375772	0.00053522917	
S00011.glut_max-pelvis_tilt.KP  	1.436338	1.4313095	0.0044660462	
S00011.glut_max-pelvis_tilt.KV  	0.31465675	0.31438465	0.00028017957	
S00011.glut_max-pelvis_tilt.C0  	0.162994	0.16283863	0.00048168215	
S00011.iliopsoas-pelvis_tilt.KP 	-3.5684061	-3.5705115	0.0075424957	
S00011.iliopsoas-pelvis_tilt.KV 	-0.54344793	-0.54295186	0.00033905364	
S00011.iliopsoas-pelvis_tilt.C0 	0.33599386	0.33534487	0.0007489086	
S00100.iliopsoas.C0             	0.33733719	0.33751576	0.0004070757	
S00100.glut_max.C0              	-0.025400522	-0.025260996	0.00029379611	
S11000.iliopsoas.KL             	0.56273543	0.56252565	0.00034278181	
S11000.iliopsoas.L0             	0.39227417	0.39242058	0.00039634789	
S11000.iliopsoas-pelvis_tilt.P0 	-0.043654321	-0.042981767	0.0003096847	
S11000.iliopsoas-pelvis_tilt.KP 	0.01169715	0.011389812	0.0015551497	
S11000.iliopsoas-pelvis_tilt.KV 	0.14035683	0.14000347	0.00036137799	
S11000.iliopsoas-hamstrings.KL  	-8.3711986	-8.3641777	0.012777334	
S11000.iliopsoas-hamstrings.L0  	1.1663031	1.1663072	0.00028039708	
S11000.hamstrings.KF            	0.57545758	0.57559416	0.00027678804	
S11000.glut_max.KF              	0.61500911	0.61534901	0.00031675912	
