pelvis_tilt.offset              	0.023033617	0.023341366	0.00019444766	
hip_flexion_r.offset            	0.070811009	0.070729493	0.00018639048	
knee_angle_r.offset             	0.0039041708	0.0039690831	0.00020713527	
ankle_angle_r.offset            	-0.054979728	-0.054721745	0.00026806458	
hip_flexion_l.offset            	0.00086208359	0.0010879501	0.00038033043	
knee_angle_l.offset             	0.057342405	0.057248581	0.00029043236	
ankle_angle_l.offset            	0.18431183	0.18446376	0.00027463759	
stance_load_threshold           	0.15191274	0.15199133	0.00031359278	
S00111.tib_ant.KL               	1.2005263	1.2112994	0.0049921709	
S00111.tib_ant.L0               	0.75390339	0.75381985	0.00054869757	
S00111.tib_ant.KS               	0.000173	0.00016583612	0.00016944461	
S11000.tib_ant.KL               	1.2098356	1.2082312	0.0029888002	
S11000.tib_ant.L0               	0.73917907	0.73962159	0.00041615326	
S11000.tib_ant.KS               	0.034865799	0.034731536	0.00025677398	
S11111.tib_ant-soleus.KF        	-0.11278767	-0.11315466	0.00045446658	
S00111.soleus-tib_ant.KS        	-0.82586031	-0.8235895	0.0054714564	
S11000.soleus-tib_ant.KS        	-3.4203205	-3.4149886	0.0069605864	
S00111.gastroc-tib_ant.KS       	-0.32171493	-0.32257812	0.0041747637	
S11000.gastroc-tib_ant.KS       	-1.7460803	-1.7386571	0.005439786	
S00111.tib_ant-gastroc.KS       	-0.00395169	-0.0038307079	0.033525454	
S11000.tib_ant-gastroc.KS       	-0.00331551	-0.0035422564	0.032767832	
S00111.tib_ant-soleus.KS        	-0.00313515	-0.0032985317	0.03441559	
S11000.tib_ant-soleus.KS        	-0.00313645	-0.0033890281	0.032953629	
S00111.gastroc.L0               	0.82582547	0.82315251	0.0022777309	
S00111.gastroc.KS               	0.17739288	0.17663908	0.0020807152	
S00111.soleus.L0                	0.95158627	0.95460456	0.0012929184	
S00111.soleus.KS                	0.1647728	0.16151246	0.0031961085	
S11000.gastroc.KL               	0.00837043	0.0087594001	0.0033471751	
S11000.gastroc.L0               	0.53816811	0.54072087	0.0023214126	
S11000.gastroc.KF               	-1.7826751	-1.7727156	0.0055131125	
S11000.gastroc.KS               	0.26602623	0.27206896	0.0045630334	
S11000.soleus.KL                	0.78196467	0.77318518	0.009264843	
S11000.soleus.L0                	0.90262325	0.90115641	0.0021439376	
S11000.soleus.KF                	-0.90885776	-0.90911735	0.0086258589	
S11000.soleus.KS                	0.1022613	0.10634023	0.00639643	
S00011.vasti.KF                 	0.81901339	0.81870817	0.0011771863	
S00011.vasti.C0                 	0.08087582	0.080684217	0.00025554286	
S00011.vasti-knee_angle.pos_max 	-0.29553763	-0.2954691	0.00042644761	
S00011.hamstrings-pelvis_tilt.KP	0.70138646	0.6966471	0.0046652411	
S00011.hamstrings-pelvis_tilt.KV	0.56843705	0.56884076	0.00024548038	
S00011.hamstrings-pelvis_tilt.C0	0.027285418	0.027267741	0.00047005614	
S00011.glut_max-pelvis_tilt.KP  	1.4311322	1.4308937	0.0039195822	
S00011.glut_max-pelvis_tilt.KV  	0.31453113	0.31429247	0.0002468626	
S00011.glut_max-pelvis_tilt.C0  	0.16334891	0.16293371	0.00042298562	
S00011.iliopsoas-pelvis_tilt.KP 	-3.565262	-3.5716693	0.0066369165	
S00011.iliopsoas-pelvis_tilt.KV 	-0.54282606	-0.54293836	0.00029852876	
S00011.iliopsoas-pelvis_tilt.C0 	0.33465777	0.33497492	0.00065950518	
S00100.iliopsoas.C0             	0.33714048	0.33751573	0.00035741714	
S00100.glut_max.C0              	-0.024996916	-0.025293653	0.00025831525	
S11000.iliopsoas.KL             	0.56164503	0.56244707	0.00030112732	
S11000.iliopsoas.L0             	0.39266242	0.39233758	0.00034848754	
S11000.iliopsoas-pelvis_tilt.P0 	-0.042831581	-0.043037719	0.0002728243	
S11000.iliopsoas-pelvis_tilt.KP 	0.01196527	0.011611495	0.0013577393	
S11000.iliopsoas-pelvis_tilt.KV 	0.14018014	0.13992287	0.00031793425	
S11000.iliopsoas-hamstrings.KL  	-8.3678311	-8.3660566	0.01122168	
S11000.iliopsoas-hamstrings.L0  	1.1658488	1.1664567	0.00024715345	
S11000.hamstrings.KF            	0.5753322	0.57562774	0.00024313582	
S11000.glut_max.KF              	0.61560338	0.61536705	0.0002778676	
