pelvis_tilt.offset              	0.023115222	0.023327619	0.00018228075	
hip_flexion_r.offset            	0.070644748	0.070689742	0.00017435878	
knee_angle_r.offset             	0.0037204645	0.0039721105	0.00019403849	
ankle_angle_r.offset            	-0.05468588	-0.054713637	0.00025077512	
hip_flexion_l.offset            	0.0015724971	0.0012516957	0.00035704234	
knee_angle_l.offset             	0.057020456	0.056968202	0.00027271104	
ankle_angle_l.offset            	0.18480136	0.1843365	0.00025842864	
stance_load_threshold           	0.15238391	0.15201398	0.00029416966	
S00111.tib_ant.KL               	1.2017065	1.2089244	0.0046925678	
S00111.tib_ant.L0               	0.75338352	0.75351689	0.00051507624	
S00111.tib_ant.KS               	0.00015652	0.0001676801	0.00015770112	
S11000.tib_ant.KL               	1.2152225	1.2084143	0.002801485	
S11000.tib_ant.L0               	0.73906805	0.73947675	0.00039064495	
S11000.tib_ant.KS               	0.034443331	0.034636366	0.00024055576	
S11111.tib_ant-soleus.KF        	-0.11322331	-0.11294567	0.00042606201	
S00111.soleus-tib_ant.KS        	-0.81576393	-0.82030951	0.0051379186	
S11000.soleus-tib_ant.KS        	-3.4113631	-3.4168563	0.0065136981	
S00111.gastroc-tib_ant.KS       	-0.32228374	-0.32360449	0.0038922926	
S11000.gastroc-tib_ant.KS       	-1.7352054	-1.7430638	0.0051027571	
S00111.tib_ant-gastroc.KS       	-0.00357534	-0.0037419676	0.031201102	
S11000.tib_ant-gastroc.KS       	-0.00331551	-0.0035461297	0.030496006	
S00111.tib_ant-soleus.KS        	-0.00346517	-0.003204192	0.032029522	
S11000.tib_ant-soleus.KS        	-0.00313645	-0.0032658971	0.030668922	
S00111.gastroc.L0               	0.82463138	0.82408903	0.002137365	
S00111.gastroc.KS               	0.17739288	0.1767493	0.0019400313	
S00111.soleus.L0                	0.95172288	0.95496798	0.0012148334	
S00111.soleus.KS                	0.16411942	0.16369616	0.002990556	
S11000.gastroc.KL               	0.00925153	0.0086911022	0.00311554	
S11000.gastroc.L0               	0.54195032	0.5418392	0.0021815051	
S11000.gastroc.KF               	-1.7730832	-1.7747664	0.0051815886	
S11000.gastroc.KS               	0.27178665	0.27088824	0.0042793762	
S11000.soleus.KL                	0.78003262	0.7742752	0.0086790754	
S11000.soleus.L0                	0.90117455	0.90146974	0.0020084226	
S11000.soleus.KF                	-0.9061272	-0.91457435	0.0080996547	
S11000.soleus.KS                	0.11302564	0.10682786	0.0059734921	
S00011.vasti.KF                 	0.81938659	0.81830999	0.001103901	
S00011.vasti.C0                 	0.080204337	0.080605551	0.00023920505	
S00011.vasti-knee_angle.pos_max 	-0.29549207	-0.29565017	0.0004012939	
S00011.hamstrings-pelvis_tilt.KP	0.6909697	0.69764522	0.0043810099	
S00011.hamstrings-pelvis_tilt.KV	0.56896393	0.56903428	0.00023023082	
S00011.hamstrings-pelvis_tilt.C0	0.026335128	0.027245938	0.00043965596	
S00011.glut_max-pelvis_tilt.KP  	1.4318929	1.4312692	0.0036737469	
S00011.glut_max-pelvis_tilt.KV  	0.31407507	0.31414205	0.00023162942	
S00011.glut_max-pelvis_tilt.C0  	0.16340156	0.16310384	0.00039648273	
S00011.iliopsoas-pelvis_tilt.KP 	-3.5687238	-3.5768046	0.0062545247	
S00011.iliopsoas-pelvis_tilt.KV 	-0.54235205	-0.5426523	0.0002799446	
S00011.iliopsoas-pelvis_tilt.C0 	0.33591905	0.33535287	0.00061881565	
S00100.iliopsoas.C0             	0.33671459	0.33715514	0.00033608235	
S00100.glut_max.C0              	-0.025418834	-0.025359893	0.00024272769	
S11000.iliopsoas.KL             	0.56256061	0.56218334	0.00028365742	
S11000.iliopsoas.L0             	0.39234456	0.39227587	0.00032733695	
S11000.iliopsoas-pelvis_tilt.P0 	-0.043072271	-0.042912593	0.00025590797	
S11000.iliopsoas-pelvis_tilt.KP 	0.01082572	0.011503454	0.001265025	
S11000.iliopsoas-pelvis_tilt.KV 	0.13932367	0.13997931	0.00029814097	
S11000.iliopsoas-hamstrings.KL  	-8.380588	-8.3715819	0.010504018	
S11000.iliopsoas-hamstrings.L0  	1.1660351	1.1663958	0.00023201451	
S11000.hamstrings.KF            	0.57518175	0.5756185	0.00022772538	
S11000.glut_max.KF              	0.61515924	0.61537721	0.00026110627	
