pelvis_tilt.offset              	0.023486467	0.023500512	0.00016339712	
hip_flexion_r.offset            	0.070848572	0.070841982	0.00015742444	
knee_angle_r.offset             	0.0043714148	0.0041463429	0.00017586306	
ankle_angle_r.offset            	-0.054291964	-0.054204143	0.00022698528	
hip_flexion_l.offset            	0.0016801827	0.0012747672	0.00032128472	
knee_angle_l.offset             	0.057220084	0.057108419	0.00024478595	
ankle_angle_l.offset            	0.18448277	0.18448651	0.00023311461	
stance_load_threshold           	0.15280558	0.15262774	0.00026740217	
S00111.tib_ant.KL               	1.1986786	1.2023221	0.0042634256	
S00111.tib_ant.L0               	0.75338023	0.75388711	0.00046396791	
S00111.tib_ant.KS               	0.00015652	0.00016544644	0.0001376194	
S11000.tib_ant.KL               	1.211868	1.2100409	0.0025291809	
S11000.tib_ant.L0               	0.73992401	0.73951271	0.00035122974	
S11000.tib_ant.KS               	0.03455137	0.034548257	0.00021558236	
S11111.tib_ant-soleus.KF        	-0.11281703	-0.11328238	0.00038440987	
S00111.soleus-tib_ant.KS        	-0.82160503	-0.823852	0.0045991099	
S11000.soleus-tib_ant.KS        	-3.4053417	-3.4135182	0.0058460518	
S00111.gastroc-tib_ant.KS       	-0.32171493	-0.32196264	0.0034105541	
S11000.gastroc-tib_ant.KS       	-1.7365737	-1.7378541	0.0045926343	
S00111.tib_ant-gastroc.KS       	-0.00395169	-0.0037471806	0.027225024	
S11000.tib_ant-gastroc.KS       	-0.00331551	-0.0034618568	0.026609778	
S00111.tib_ant-soleus.KS        	-0.00313515	-0.0032338644	0.027947867	
S11000.tib_ant-soleus.KS        	-0.00313645	-0.003312043	0.026760655	
S00111.gastroc.L0               	0.82246929	0.82285745	0.0019238523	
S00111.gastroc.KS               	0.17739288	0.17704202	0.0017024907	
S00111.soleus.L0                	0.95096723	0.95179408	0.0011125144	
S00111.soleus.KS                	0.16520068	0.16336724	0.0026703628	
S11000.gastroc.KL               	0.00837043	0.0087958748	0.0027205032	
S11000.gastroc.L0               	0.53709378	0.53906902	0.0019780167	
S11000.gastroc.KF               	-1.7780868	-1.7749182	0.0046723398	
S11000.gastroc.KS               	0.27764414	0.26940745	0.0038353483	
S11000.soleus.KL                	0.7774244	0.77903344	0.0077941435	
S11000.soleus.L0                	0.90215113	0.89950749	0.0017967188	
S11000.soleus.KF                	-0.92334727	-0.91879819	0.0073093861	
S11000.soleus.KS                	0.10890141	0.1082123	0.0052882658	
S00011.vasti.KF                 	0.81824021	0.81907443	0.00099314735	
S00011.vasti.C0                 	0.081161926	0.080892595	0.00021338707	
S00011.vasti-knee_angle.pos_max 	-0.29573808	-0.29612715	0.00036208043	
S00011.hamstrings-pelvis_tilt.KP	0.69449185	0.69234304	0.0039287898	
S00011.hamstrings-pelvis_tilt.KV	0.56833907	0.56872599	0.00020784768	
S00011.hamstrings-pelvis_tilt.C0	0.02778807	0.027420353	0.00039370615	
S00011.glut_max-pelvis_tilt.KP  	1.4272847	1.4323258	0.0033052673	
S00011.glut_max-pelvis_tilt.KV  	0.3135896	0.3136961	0.00021169639	
S00011.glut_max-pelvis_tilt.C0  	0.16298291	0.16325976	0.00035395228	
S00011.iliopsoas-pelvis_tilt.KP 	-3.5791103	-3.5786958	0.0056408033	
S00011.iliopsoas-pelvis_tilt.KV 	-0.54295577	-0.54283891	0.00025328485	
S00011.iliopsoas-pelvis_tilt.C0 	0.33536654	0.335457	0.00055816342	
S00100.iliopsoas.C0             	0.33689284	0.33676575	0.00030165469	
S00100.glut_max.C0              	-0.025438621	-0.02526668	0.00021786903	
S11000.iliopsoas.KL             	0.56215696	0.56250494	0.00025442779	
S11000.iliopsoas.L0             	0.39281428	0.3928232	0.00029374852	
S11000.iliopsoas-pelvis_tilt.P0 	-0.04271467	-0.042958478	0.00023007485	
S11000.iliopsoas-pelvis_tilt.KP 	0.011735435	0.011407445	0.0011103305	
S11000.iliopsoas-pelvis_tilt.KV 	0.1392804	0.13978201	0.00026855834	
S11000.iliopsoas-hamstrings.KL  	-8.3700882	-8.3812875	0.0095130605	
S11000.iliopsoas-hamstrings.L0  	1.1671255	1.1667806	0.00020994106	
S11000.hamstrings.KF            	0.57565555	0.57560998	0.00020422059	
S11000.glut_max.KF              	0.61506913	0.61526072	0.00023452481	
