pelvis_tilt.offset              	0.023450886	0.023468338	0.00015848834	
hip_flexion_r.offset            	0.070631325	0.070878879	0.00015264261	
knee_angle_r.offset             	0.0042617876	0.0041507085	0.00017106321	
ankle_angle_r.offset            	-0.053923628	-0.054216573	0.00022010094	
hip_flexion_l.offset            	0.0013416154	0.001422005	0.00031191543	
knee_angle_l.offset             	0.057042019	0.057208134	0.00023734237	
ankle_angle_l.offset            	0.18449158	0.18440921	0.0002263042	
stance_load_threshold           	0.15208572	0.15254091	0.00025928094	
S00111.tib_ant.KL               	1.2029118	1.2030272	0.0041377329	
S00111.tib_ant.L0               	0.7533764	0.75374765	0.0004502455	
S00111.tib_ant.KS               	0.000173	0.00016489072	0.00013316457	
S11000.tib_ant.KL               	1.2111935	1.2109357	0.0024552809	
S11000.tib_ant.L0               	0.73961451	0.73956908	0.00034105534	
S11000.tib_ant.KS               	0.034071995	0.034538041	0.0002089505	
S11111.tib_ant-soleus.KF        	-0.11298122	-0.11312041	0.00037289191	
S00111.soleus-tib_ant.KS        	-0.82038616	-0.82280777	0.0044613328	
S11000.soleus-tib_ant.KS        	-3.4011632	-3.4135934	0.0056743599	
S00111.gastroc-tib_ant.KS       	-0.32171493	-0.32213697	0.00330082	
S11000.gastroc-tib_ant.KS       	-1.7399994	-1.7382957	0.0044470416	
S00111.tib_ant-gastroc.KS       	-0.00395169	-0.0037158644	0.026343492	
S11000.tib_ant-gastroc.KS       	-0.00366451	-0.0034432649	0.025748166	
S00111.tib_ant-soleus.KS        	-0.00346517	-0.00323291	0.027042928	
S11000.tib_ant-soleus.KS        	-0.0034666	-0.0032590606	0.025894158	
S00111.gastroc.L0               	0.8242253	0.82309727	0.0018665954	
S00111.gastroc.KS               	0.17739288	0.17710927	0.0016477437	
S00111.soleus.L0                	0.94904308	0.95157405	0.001080864	
S00111.soleus.KS                	0.16419465	0.16399865	0.0025878888	
S11000.gastroc.KL               	0.00837043	0.0085765814	0.0026325898	
S11000.gastroc.L0               	0.53694891	0.53903498	0.0019225481	
S11000.gastroc.KF               	-1.7689991	-1.7748869	0.0045306777	
S11000.gastroc.KS               	0.27311263	0.27030078	0.003727373	
S11000.soleus.KL                	0.76742359	0.78044822	0.0075628493	
S11000.soleus.L0                	0.89979345	0.9003164	0.001744366	
S11000.soleus.KF                	-0.92869744	-0.9178504	0.0071059397	
S11000.soleus.KS                	0.10490558	0.10869512	0.005122394	
S00011.vasti.KF                 	0.81970718	0.81898286	0.00096339702	
S00011.vasti.C0                 	0.08069676	0.08095353	0.00020695934	
S00011.vasti-knee_angle.pos_max 	-0.29606052	-0.29596427	0.00035101365	
S00011.hamstrings-pelvis_tilt.KP	0.69214899	0.69393905	0.0038180043	
S00011.hamstrings-pelvis_tilt.KV	0.5687648	0.56878846	0.00020219488	
S00011.hamstrings-pelvis_tilt.C0	0.027373302	0.02727095	0.00038215399	
S00011.glut_max-pelvis_tilt.KP  	1.4317539	1.4305857	0.0032095858	
S00011.glut_max-pelvis_tilt.KV  	0.3139474	0.31380788	0.00020572744	
S00011.glut_max-pelvis_tilt.C0  	0.16325647	0.16324017	0.00034308988	
S00011.iliopsoas-pelvis_tilt.KP 	-3.5815154	-3.5812941	0.0054766436	
S00011.iliopsoas-pelvis_tilt.KV 	-0.54261532	-0.54277872	0.00024582169	
S00011.iliopsoas-pelvis_tilt.C0 	0.33440562	0.3353315	0.00054120619	
S00100.iliopsoas.C0             	0.33655062	0.33674377	0.00029242586	
S00100.glut_max.C0              	-0.025286916	-0.02531981	0.00021123231	
S11000.iliopsoas.KL             	0.56226291	0.56239285	0.00024672985	
S11000.iliopsoas.L0             	0.392402	0.39280045	0.00028460489	
S11000.iliopsoas-pelvis_tilt.P0 	-0.042825014	-0.042958393	0.00022292108	
S11000.iliopsoas-pelvis_tilt.KP 	0.011251963	0.011476643	0.0010749394	
S11000.iliopsoas-pelvis_tilt.KV 	0.13972909	0.13975257	0.00026084616	
S11000.iliopsoas-hamstrings.KL  	-8.379369	-8.3790754	0.0092257964	
S11000.iliopsoas-hamstrings.L0  	1.1669811	1.1667901	0.00020395232	
S11000.hamstrings.KF            	0.5755925	0.57552195	0.0001979756	
S11000.glut_max.KF              	0.61514698	0.61528187	0.00022736377	
