pelvis_tilt.offset              	0.02398841	0.02393442	7.2751985e-05	
hip_flexion_r.offset            	0.070669725	0.070696932	6.8946607e-05	
knee_angle_r.offset             	0.0042792764	0.004254964	7.8365561e-05	
ankle_angle_r.offset            	-0.054596391	-0.054546027	9.9982592e-05	
hip_flexion_l.offset            	0.0022032762	0.0020143234	0.00014511736	
knee_angle_l.offset             	0.057278351	0.057196247	0.00010980859	
ankle_angle_l.offset            	0.18480222	0.18471894	0.00010196672	
stance_load_threshold           	0.15230017	0.15231261	0.00011718954	
S00111.tib_ant.KL               	1.2022948	1.2024545	0.0018897585	
S00111.tib_ant.L0               	0.7544482	0.75458131	0.00020489151	
S00111.tib_ant.KS               	0.00016019745	0.00016419695	5.2853367e-05	
S11000.tib_ant.KL               	1.213351	1.212725	0.0011217562	
S11000.tib_ant.L0               	0.74002412	0.74031355	0.00015414145	
S11000.tib_ant.KS               	0.034463183	0.034240969	9.5038317e-05	
S11111.tib_ant-soleus.KF        	-0.11372335	-0.11385237	0.0001691846	
S00111.soleus-tib_ant.KS        	-0.81607593	-0.81730955	0.0020121948	
S11000.soleus-tib_ant.KS        	-3.430291	-3.4296852	0.0026142151	
S00111.gastroc-tib_ant.KS       	-0.32171493	-0.32212965	0.0013275236	
S11000.gastroc-tib_ant.KS       	-1.745741	-1.744306	0.0020037376	
S00111.tib_ant-gastroc.KS       	-0.00395169	-0.0036295056	0.010443038	
S11000.tib_ant-gastroc.KS       	-0.00331551	-0.0034485968	0.010207027	
S00111.tib_ant-soleus.KS        	-0.00313515	-0.0032728581	0.010720255	
S11000.tib_ant-soleus.KS        	-0.0034666	-0.0032516011	0.010264869	
S00111.gastroc.L0               	0.81879823	0.81826904	0.00085961587	
S00111.gastroc.KS               	0.17739288	0.17731725	0.0006666779	
S00111.soleus.L0                	0.94715459	0.94740356	0.00050903838	
S00111.soleus.KS                	0.15839426	0.15886831	0.0011421731	
S11000.gastroc.KL               	0.00837043	0.0089098906	0.0010517007	
S11000.gastroc.L0               	0.54205222	0.54274377	0.0008725086	
S11000.gastroc.KF               	-1.7672055	-1.7722807	0.0020324982	
S11000.gastroc.KS               	0.27244591	0.27230165	0.0016675879	
S11000.soleus.KL                	0.77317061	0.77383676	0.0033669599	
S11000.soleus.L0                	0.89445937	0.89412936	0.0007950191	
S11000.soleus.KF                	-0.93125989	-0.93420194	0.0032725461	
S11000.soleus.KS                	0.1022613	0.10504734	0.0022145878	
S00011.vasti.KF                 	0.8196974	0.81926041	0.00043488562	
S00011.vasti.C0                 	0.080984574	0.080803929	9.2150919e-05	
S00011.vasti-knee_angle.pos_max 	-0.29586727	-0.29586128	0.00015751705	
S00011.hamstrings-pelvis_tilt.KP	0.67822402	0.67873406	0.0017913273	
S00011.hamstrings-pelvis_tilt.KV	0.56821867	0.56824379	9.262739e-05	
S00011.hamstrings-pelvis_tilt.C0	0.027071931	0.027017912	0.00016980363	
S00011.glut_max-pelvis_tilt.KP  	1.4363452	1.4365404	0.0014801242	
S00011.glut_max-pelvis_tilt.KV  	0.31361848	0.31353565	9.3923572e-05	
S00011.glut_max-pelvis_tilt.C0  	0.16327349	0.16307121	0.000154465	
S00011.iliopsoas-pelvis_tilt.KP 	-3.5772345	-3.5759855	0.0025145301	
S00011.iliopsoas-pelvis_tilt.KV 	-0.54268768	-0.54268533	0.00011046167	
S00011.iliopsoas-pelvis_tilt.C0 	0.33573766	0.33574476	0.00024403131	
S00100.iliopsoas.C0             	0.33589952	0.33598036	0.00013612252	
S00100.glut_max.C0              	-0.025474131	-0.025371344	9.6016022e-05	
S11000.iliopsoas.KL             	0.56259775	0.56268576	0.00011376922	
S11000.iliopsoas.L0             	0.39216064	0.39231089	0.00012885328	
S11000.iliopsoas-pelvis_tilt.P0 	-0.042878157	-0.042875663	0.00010164836	
S11000.iliopsoas-pelvis_tilt.KP 	0.01102336	0.011290344	0.00044764298	
S11000.iliopsoas-pelvis_tilt.KV 	0.13987006	0.13980254	0.00011740469	
S11000.iliopsoas-hamstrings.KL  	-8.3929949	-8.3963552	0.0043012842	
S11000.iliopsoas-hamstrings.L0  	1.1668245	1.1669125	9.3137075e-05	
S11000.hamstrings.KF            	0.57526652	0.57506254	9.0382197e-05	
S11000.glut_max.KF              	0.61501446	0.61482479	0.00010484431	
