pelvis_tilt.offset              	0.020065472	0.020125275	0.00043964647	
hip_flexion_r.offset            	0.07140394	0.071100979	0.00042010525	
knee_angle_r.offset             	-0.0027315962	-0.0028010144	0.00047030754	
ankle_angle_r.offset            	-0.056323586	-0.056259387	0.00060817311	
hip_flexion_l.offset            	-0.0061175792	-0.0072959809	0.00086202249	
knee_angle_l.offset             	0.059613931	0.059828231	0.0006607344	
ankle_angle_l.offset            	0.1907622	0.19045017	0.0006401438	
stance_load_threshold           	0.14899922	0.14816256	0.0006933923	
S00111.tib_ant.KL               	1.2639784	1.2592782	0.011463293	
S00111.tib_ant.L0               	0.75718615	0.75648384	0.001210436	
S00111.tib_ant.KS               	0.00015652	0.00016676703	0.00043378702	
S11000.tib_ant.KL               	1.2012881	1.1929406	0.0064966168	
S11000.tib_ant.L0               	0.73869554	0.73924634	0.00096316824	
S11000.tib_ant.KS               	0.03726336	0.03656596	0.000584656	
S11111.tib_ant-soleus.KF        	-0.11193211	-0.11337645	0.0010246126	
S00111.soleus-tib_ant.KS        	-0.88295649	-0.86519807	0.012929708	
S11000.soleus-tib_ant.KS        	-3.1815575	-3.1993131	0.015598231	
S00111.gastroc-tib_ant.KS       	-0.32840727	-0.33577361	0.010624389	
S11000.gastroc-tib_ant.KS       	-1.6177307	-1.6193911	0.012701267	
S00111.tib_ant-gastroc.KS       	-0.00357534	-0.0037419676	0.085836988	
S11000.tib_ant-gastroc.KS       	-0.00331551	-0.0034435657	0.083897229	
S00111.tib_ant-soleus.KS        	-0.00313515	-0.0032356445	0.088116098	
S11000.tib_ant-soleus.KS        	-0.0034666	-0.0032548134	0.084372944	
S00111.gastroc.KL               	0.08315732	0.078203027	0.01079124	
S00111.gastroc.L0               	0.85688004	0.85670672	0.0049632194	
S00111.gastroc.KF               	1.4075972	1.4091286	0.00064734605	
S00111.soleus.KL                	4.0024191	3.9883419	0.011374287	
S00111.soleus.L0                	0.97009428	0.9731851	0.0028630644	
S00111.soleus.KF                	0.23288782	0.2323175	0.00092960887	
S11000.gastroc.KL               	0.00837043	0.0086041414	0.0085624752	
S11000.gastroc.L0               	0.52528721	0.52242369	0.0052340695	
S11000.gastroc.KF               	-1.7997158	-1.7930687	0.012599171	
S11000.gastroc.KS               	0.25231886	0.25841097	0.010562437	
S11000.soleus.KL                	0.78398869	0.81039202	0.02079061	
S11000.soleus.L0                	0.90617638	0.89888671	0.0048508577	
S11000.soleus.KF                	-0.93007414	-0.9038988	0.019542633	
S11000.soleus.KS                	0.11302564	0.10938575	0.01597664	
S00011.vasti.KF                 	0.84722193	0.84448691	0.0027795616	
S00011.vasti.C0                 	0.083268239	0.083235641	0.00060825971	
S00011.vasti-knee_angle.pos_max 	-0.31369001	-0.31183411	0.00096791069	
S00011.hamstrings-pelvis_tilt.KP	0.68659267	0.69099465	0.010392778	
S00011.hamstrings-pelvis_tilt.KV	0.5680815	0.5682184	0.00055083557	
S00011.hamstrings-pelvis_tilt.C0	0.0266656	0.026685043	0.0010972121	
S00011.glut_max-pelvis_tilt.KP  	1.4989442	1.4991279	0.008908958	
S00011.glut_max-pelvis_tilt.KV  	0.31432188	0.31502476	0.00055488054	
S00011.glut_max-pelvis_tilt.C0  	0.15488016	0.15480946	0.00094937025	
S00011.iliopsoas-pelvis_tilt.KP 	-3.4195442	-3.4042992	0.01517917	
S00011.iliopsoas-pelvis_tilt.KV 	-0.54292953	-0.54315536	0.00068422242	
S00011.iliopsoas-pelvis_tilt.C0 	0.32143921	0.32306527	0.0014936418	
S00100.iliopsoas.C0             	0.33468125	0.33688763	0.00080226798	
S00100.glut_max.C0              	-0.024062299	-0.024644289	0.00058633846	
S11000.iliopsoas.KL             	0.56284091	0.5633638	0.00069512845	
S11000.iliopsoas.L0             	0.38545328	0.38643537	0.00077480805	
S11000.iliopsoas-pelvis_tilt.P0 	-0.04390965	-0.043521166	0.00060400285	
S11000.iliopsoas-pelvis_tilt.KP 	0.010983936	0.011512211	0.0034509196	
S11000.iliopsoas-pelvis_tilt.KV 	0.14892125	0.148671	0.00073118301	
S11000.iliopsoas-hamstrings.KL  	-8.3606891	-8.300317	0.025404242	
S11000.iliopsoas-hamstrings.L0  	1.1754823	1.1753708	0.00059902775	
S11000.hamstrings.KF            	0.57731278	0.57685341	0.00054839959	
S11000.glut_max.KF              	0.62222687	0.62088429	0.00064084184	
