pelvis_tilt.offset              	0.020778295	0.021232886	0.0014171804	
hip_flexion_r.offset            	0.070175151	0.069253003	0.0013372248	
knee_angle_r.offset             	-0.00046307294	0.00019889745	0.0014627661	
ankle_angle_r.offset            	-0.055250201	-0.056161458	0.0019128178	
hip_flexion_l.offset            	-0.01139932	-0.0072331148	0.0027085622	
knee_angle_l.offset             	0.05662935	0.057188528	0.0020906474	
ankle_angle_l.offset            	0.18585128	0.18816459	0.0020006536	
stance_load_threshold           	0.15307659	0.15202483	0.0021963437	
S00111.tib_ant.KL               	1.2653575	1.2432105	0.036477014	
S00111.tib_ant.L0               	0.77275958	0.76481517	0.0039121909	
S00111.tib_ant.KS               	0.00015652	0.00016474502	0.0015868851	
S11000.tib_ant.KL               	1.1898992	1.1942862	0.020733505	
S11000.tib_ant.L0               	0.73678775	0.73932806	0.0030242963	
S11000.tib_ant.KS               	0.035051787	0.036239229	0.0019383299	
S11111.tib_ant-soleus.KF        	-0.1055287	-0.11211107	0.0032946267	
S00111.soleus-tib_ant.KS        	-0.89208666	-0.8609904	0.042075558	
S11000.soleus-tib_ant.KS        	-3.2796749	-3.2679455	0.048322058	
S00111.gastroc-tib_ant.KS       	-0.32171493	-0.33467631	0.03669368	
S11000.gastroc-tib_ant.KS       	-1.6331981	-1.6725364	0.040369136	
S00111.tib_ant-gastroc.KS       	-0.00357534	-0.0038090199	0.31401546	
S11000.tib_ant-gastroc.KS       	-0.00366451	-0.0034749432	0.3069193	
S00111.tib_ant-soleus.KS        	-0.00313515	-0.0033391105	0.3223531	
S11000.tib_ant-soleus.KS        	-0.00313645	-0.003320943	0.3086596	
S00111.gastroc.KL               	0.07523758	0.077734038	0.039247169	
S00111.gastroc.L0               	0.82330308	0.83289335	0.016005958	
S00111.gastroc.KF               	1.4098506	1.4103192	0.0020412027	
S00111.soleus.KL                	3.993066	4.03232	0.035702401	
S00111.soleus.L0                	0.96217366	0.96646085	0.009176361	
S00111.soleus.KF                	0.23425136	0.22915267	0.0029560117	
S11000.gastroc.KL               	0.00837043	0.0087401311	0.031319692	
S11000.gastroc.L0               	0.52771906	0.53046949	0.016884668	
S11000.gastroc.KF               	-1.7255042	-1.8189068	0.039699483	
S11000.gastroc.KS               	0.26343567	0.26741421	0.037069639	
S11000.soleus.KL                	0.84260236	0.80267856	0.07106663	
S11000.soleus.L0                	0.8841512	0.89484496	0.015504085	
S11000.soleus.KF                	-0.95885434	-0.91756566	0.066002926	
S11000.soleus.KS                	0.10640705	0.11019417	0.058152483	
S00011.vasti.KF                 	0.80384856	0.81943218	0.0086739858	
S00011.vasti.C0                 	0.082496598	0.083285753	0.001963334	
S00011.vasti-knee_angle.pos_max 	-0.31279013	-0.30455097	0.0029971813	
S00011.hamstrings-pelvis_tilt.KP	0.67099736	0.70292442	0.034604133	
S00011.hamstrings-pelvis_tilt.KV	0.56563846	0.56580859	0.0017456726	
S00011.hamstrings-pelvis_tilt.C0	0.02514159	0.026512012	0.0038490067	
S00011.glut_max-pelvis_tilt.KP  	1.4824482	1.4969472	0.028368905	
S00011.glut_max-pelvis_tilt.KV  	0.31663677	0.31455262	0.0017753855	
S00011.glut_max-pelvis_tilt.C0  	0.16480266	0.16161723	0.0029886602	
S00011.iliopsoas-pelvis_tilt.KP 	-3.4375381	-3.4858778	0.047766817	
S00011.iliopsoas-pelvis_tilt.KV 	-0.54034007	-0.54276479	0.0021762339	
S00011.iliopsoas-pelvis_tilt.C0 	0.33532322	0.33600686	0.0047037525	
S00100.iliopsoas.C0             	0.33720339	0.3366853	0.0025717179	
S00100.glut_max.C0              	-0.02588599	-0.02479026	0.001993039	
S11000.iliopsoas.KL             	0.56387381	0.56092498	0.0021982246	
S11000.iliopsoas.L0             	0.39460211	0.39114712	0.0024447447	
S11000.iliopsoas-pelvis_tilt.P0 	-0.043500147	-0.044739595	0.0019725646	
S11000.iliopsoas-pelvis_tilt.KP 	0.01196527	0.01159363	0.012607643	
S11000.iliopsoas-pelvis_tilt.KV 	0.14086353	0.14358085	0.0022670508	
S11000.iliopsoas-hamstrings.KL  	-8.3398526	-8.2756919	0.080193223	
S11000.iliopsoas-hamstrings.L0  	1.1686413	1.1664192	0.0018319483	
S11000.hamstrings.KF            	0.57640902	0.57487882	0.0017573567	
S11000.glut_max.KF              	0.62557162	0.62192273	0.0019999823	
