pelvis_tilt.offset              	0.02192616	0.022115295	0.00035853637	
hip_flexion_r.offset            	0.072186822	0.072741074	0.00034234596	
knee_angle_r.offset             	-0.0047169928	-0.004719421	0.00037751187	
ankle_angle_r.offset            	-0.057148443	-0.056914056	0.0004855673	
hip_flexion_l.offset            	-0.0014243342	-0.0028740259	0.00070103055	
knee_angle_l.offset             	0.057445885	0.057422793	0.00052707025	
ankle_angle_l.offset            	0.18974832	0.19035025	0.00051113782	
stance_load_threshold           	0.15339978	0.15312176	0.00056099987	
S00111.tib_ant.KL               	1.236457	1.2342613	0.0092118689	
S00111.tib_ant.L0               	0.77679471	0.77581028	0.00098606801	
S00111.tib_ant.KS               	0.000173	0.00016799961	0.00035282017	
S11000.tib_ant.KL               	1.1620891	1.1654798	0.0052588338	
S11000.tib_ant.L0               	0.73421628	0.73445793	0.00076707997	
S11000.tib_ant.KS               	0.035969093	0.036113425	0.00047696091	
S11111.tib_ant-soleus.KF        	-0.11364362	-0.11334977	0.00081329704	
S00111.soleus-tib_ant.KS        	-0.82820812	-0.82642229	0.010389386	
S11000.soleus-tib_ant.KS        	-3.2608568	-3.2419614	0.012364297	
S00111.gastroc-tib_ant.KS       	-0.32866348	-0.3256911	0.0083674098	
S11000.gastroc-tib_ant.KS       	-1.7595125	-1.7509045	0.010425854	
S00111.tib_ant-gastroc.KS       	-0.00395169	-0.003737175	0.069814919	
S11000.tib_ant-gastroc.KS       	-0.00331551	-0.0034989131	0.06823723	
S00111.tib_ant-soleus.KS        	-0.00346517	-0.0033028453	0.071668617	
S11000.tib_ant-soleus.KS        	-0.00313645	-0.0033446476	0.068624148	
S00111.gastroc.KL               	0.07523758	0.080937419	0.0087873407	
S00111.gastroc.L0               	0.81004608	0.81123585	0.0040229844	
S00111.gastroc.KF               	1.4158278	1.4159189	0.00051946262	
S00111.soleus.KL                	4.015348	4.0133913	0.0090464252	
S00111.soleus.L0                	0.94952322	0.94859673	0.0023265129	
S00111.soleus.KF                	0.22868577	0.22970091	0.00074301951	
S11000.gastroc.KL               	0.00837043	0.0086360907	0.0069644342	
S11000.gastroc.L0               	0.51945651	0.52060531	0.0042850953	
S11000.gastroc.KF               	-1.860881	-1.8698095	0.010090799	
S11000.gastroc.KS               	0.25909797	0.26521903	0.0086476513	
S11000.soleus.KL                	0.79258216	0.79637996	0.017040881	
S11000.soleus.L0                	0.86935879	0.87182755	0.0038824419	
S11000.soleus.KF                	-0.87891441	-0.90853337	0.015958807	
S11000.soleus.KS                	0.10732333	0.10721452	0.013008901	
S00011.vasti.KF                 	0.82257008	0.82188208	0.0021853245	
S00011.vasti.C0                 	0.083656078	0.083076217	0.00048925001	
S00011.vasti-knee_angle.pos_max 	-0.30907035	-0.30790338	0.0007568982	
S00011.hamstrings-pelvis_tilt.KP	0.70814816	0.71599357	0.0085218749	
S00011.hamstrings-pelvis_tilt.KV	0.56507209	0.56452715	0.00044523356	
S00011.hamstrings-pelvis_tilt.C0	0.02684333	0.026736525	0.00089448735	
S00011.glut_max-pelvis_tilt.KP  	1.5113043	1.5075421	0.0072213228	
S00011.glut_max-pelvis_tilt.KV  	0.31671167	0.31734028	0.00045202879	
S00011.glut_max-pelvis_tilt.C0  	0.16073125	0.16122959	0.0007619736	
S00011.iliopsoas-pelvis_tilt.KP 	-3.6244706	-3.6092466	0.012347159	
S00011.iliopsoas-pelvis_tilt.KV 	-0.54170375	-0.54093197	0.00055945537	
S00011.iliopsoas-pelvis_tilt.C0 	0.34130757	0.34154619	0.0012039635	
S00100.iliopsoas.C0             	0.33196467	0.33205897	0.0006636078	
S00100.glut_max.C0              	-0.024903163	-0.024921123	0.00047928352	
S11000.iliopsoas.KL             	0.56419316	0.5647376	0.00056599493	
S11000.iliopsoas.L0             	0.38952261	0.38951041	0.00062253927	
S11000.iliopsoas-pelvis_tilt.P0 	-0.044528472	-0.044195312	0.00049121551	
S11000.iliopsoas-pelvis_tilt.KP 	0.01082572	0.011230755	0.0028077525	
S11000.iliopsoas-pelvis_tilt.KV 	0.14385676	0.14425668	0.00057710837	
S11000.iliopsoas-hamstrings.KL  	-8.3170973	-8.3039186	0.020472357	
S11000.iliopsoas-hamstrings.L0  	1.1656958	1.1655208	0.00045995414	
S11000.hamstrings.KF            	0.57577807	0.57624592	0.00044347142	
S11000.glut_max.KF              	0.62484031	0.6250637	0.00050756673	
