pelvis_tilt.offset              	0.021808866	0.021525082	0.0013075131	
hip_flexion_r.offset            	0.070561601	0.071102786	0.0012385843	
knee_angle_r.offset             	0.0023336309	0.001117307	0.001349155	
ankle_angle_r.offset            	-0.058109481	-0.056266019	0.0017650459	
hip_flexion_l.offset            	-0.0011584391	-0.0053182602	0.0025027677	
knee_angle_l.offset             	0.058280971	0.059002468	0.0019275274	
ankle_angle_l.offset            	0.18888228	0.18857345	0.0018494097	
stance_load_threshold           	0.15094847	0.15214665	0.0020225634	
S00111.tib_ant.KL               	1.235379	1.2343629	0.033697172	
S00111.tib_ant.L0               	0.76474457	0.76564822	0.003608401	
S00111.tib_ant.KS               	0.00015652	0.00016417436	0.001457283	
S11000.tib_ant.KL               	1.2142598	1.205623	0.019127601	
S11000.tib_ant.L0               	0.74308306	0.73908715	0.0027966117	
S11000.tib_ant.KS               	0.03726336	0.03610547	0.0017844569	
S11111.tib_ant-soleus.KF        	-0.11019181	-0.11010867	0.0030413948	
S00111.soleus-tib_ant.KS        	-0.84129181	-0.8431291	0.038762805	
S11000.soleus-tib_ant.KS        	-3.268742	-3.2373851	0.044661956	
S00111.gastroc-tib_ant.KS       	-0.32552738	-0.33257113	0.033721878	
S11000.gastroc-tib_ant.KS       	-1.6923693	-1.6612529	0.037318187	
S00111.tib_ant-gastroc.KS       	-0.00357534	-0.0038359256	0.28836955	
S11000.tib_ant-gastroc.KS       	-0.00366451	-0.0034736333	0.28185294	
S00111.tib_ant-soleus.KS        	-0.00346517	-0.0032598321	0.29602624	
S11000.tib_ant-soleus.KS        	-0.00313645	-0.0032875119	0.2834511	
S00111.gastroc.L0               	0.85336271	0.83490948	0.014723033	
S00111.gastroc.KS               	0.16958307	0.17163574	0.016663316	
S00111.soleus.L0                	0.94386938	0.95252169	0.0085251546	
S00111.soleus.KS                	0.14946728	0.15853216	0.0243446	
S11000.gastroc.KL               	0.00925153	0.0085717859	0.028761814	
S11000.gastroc.L0               	0.49752118	0.5182045	0.015577573	
S11000.gastroc.KF               	-1.9071362	-1.8247203	0.036643158	
S11000.gastroc.KS               	0.25231886	0.2722511	0.034064308	
S11000.soleus.KL                	0.79122209	0.82327515	0.0653512	
S11000.soleus.L0                	0.89874875	0.88471987	0.01434786	
S11000.soleus.KF                	-0.95885434	-0.92212203	0.060724892	
S11000.soleus.KS                	0.11302564	0.10782387	0.053405964	
S00011.vasti.KF                 	0.82449502	0.8226547	0.0080032963	
S00011.vasti.C0                 	0.082748072	0.083308447	0.0018088969	
S00011.vasti-knee_angle.pos_max 	-0.305347	-0.30551091	0.0027628443	
S00011.hamstrings-pelvis_tilt.KP	0.74162866	0.69629129	0.031870985	
S00011.hamstrings-pelvis_tilt.KV	0.56686043	0.56660914	0.0016158321	
S00011.hamstrings-pelvis_tilt.C0	0.02778807	0.026007778	0.0035364412	
S00011.glut_max-pelvis_tilt.KP  	1.4768925	1.4930444	0.026176993	
S00011.glut_max-pelvis_tilt.KV  	0.31288729	0.31478953	0.0016367901	
S00011.glut_max-pelvis_tilt.C0  	0.15986173	0.16048486	0.0027528934	
S00011.iliopsoas-pelvis_tilt.KP 	-3.5339998	-3.5177934	0.044060626	
S00011.iliopsoas-pelvis_tilt.KV 	-0.54381755	-0.54255177	0.0020066621	
S00011.iliopsoas-pelvis_tilt.C0 	0.32636094	0.33464281	0.0043297366	
S00100.iliopsoas.C0             	0.33690767	0.33798452	0.0023826145	
S00100.glut_max.C0              	-0.02342065	-0.024546802	0.0018327675	
S11000.iliopsoas.KL             	0.56357732	0.56201308	0.0020357579	
S11000.iliopsoas.L0             	0.39269493	0.39213591	0.0022549589	
S11000.iliopsoas-pelvis_tilt.P0 	-0.043938195	-0.043513195	0.0018164136	
S11000.iliopsoas-pelvis_tilt.KP 	0.01082572	0.011424585	0.011578134	
S11000.iliopsoas-pelvis_tilt.KV 	0.14440193	0.14544516	0.002085639	
S11000.iliopsoas-hamstrings.KL  	-8.375729	-8.2656872	0.074431308	
S11000.iliopsoas-hamstrings.L0  	1.1678346	1.1671952	0.0016884253	
S11000.hamstrings.KF            	0.57534057	0.57370118	0.0016226332	
S11000.glut_max.KF              	0.61920011	0.62133204	0.001839595	
