pelvis_tilt.offset              	0.024917717	0.022319327	0.0011547851	
hip_flexion_r.offset            	0.069244939	0.069523772	0.001097001	
knee_angle_r.offset             	0.0027464224	0.0024604315	0.0011954193	
ankle_angle_r.offset            	-0.055807017	-0.055783134	0.0015555367	
hip_flexion_l.offset            	0.0011186012	-0.00019459347	0.002226086	
knee_angle_l.offset             	0.061912333	0.060196106	0.0017092315	
ankle_angle_l.offset            	0.18683514	0.18884377	0.0016315633	
stance_load_threshold           	0.1534821	0.15159339	0.0017910896	
S00111.tib_ant.KL               	1.2020759	1.2228378	0.029674684	
S00111.tib_ant.L0               	0.76322619	0.76171859	0.0031960698	
S00111.tib_ant.KS               	0.000173	0.00016999707	0.0012638747	
S11000.tib_ant.KL               	1.2017013	1.22474	0.016886171	
S11000.tib_ant.L0               	0.74431827	0.73979783	0.002469155	
S11000.tib_ant.KS               	0.034688147	0.035952583	0.0015603742	
S11111.tib_ant-soleus.KF        	-0.11420188	-0.11142708	0.002683872	
S00111.soleus-tib_ant.KS        	-0.80888339	-0.83506263	0.03395264	
S11000.soleus-tib_ant.KS        	-3.165172	-3.2223451	0.039442835	
S00111.gastroc-tib_ant.KS       	-0.32171493	-0.32404765	0.029332677	
S11000.gastroc-tib_ant.KS       	-1.6433584	-1.6571485	0.03288678	
S00111.tib_ant-gastroc.KS       	-0.00395169	-0.0037149459	0.25009743	
S11000.tib_ant-gastroc.KS       	-0.00366451	-0.0035539471	0.24444569	
S00111.tib_ant-soleus.KS        	-0.00346517	-0.0032841325	0.25673793	
S11000.tib_ant-soleus.KS        	-0.00313645	-0.0033048689	0.24583175	
S00111.gastroc.L0               	0.8444253	0.85980774	0.013047638	
S00111.gastroc.KS               	0.17739288	0.16903869	0.014490905	
S00111.soleus.L0                	0.95329267	0.94532815	0.0076046975	
S00111.soleus.KS                	0.14946728	0.15768437	0.021153464	
S11000.gastroc.KL               	0.00837043	0.0085760763	0.024944707	
S11000.gastroc.L0               	0.52123147	0.5214401	0.013718819	
S11000.gastroc.KF               	-1.783513	-1.7935578	0.032538391	
S11000.gastroc.KS               	0.25231886	0.26621948	0.029641336	
S11000.soleus.KL                	0.76235452	0.78728727	0.056954426	
S11000.soleus.L0                	0.87968388	0.87983936	0.012722711	
S11000.soleus.KF                	-0.86753488	-0.91770863	0.05311756	
S11000.soleus.KS                	0.1022613	0.10456935	0.046327613	
S00011.vasti.KF                 	0.81698509	0.81903195	0.0070374872	
S00011.vasti.C0                 	0.080562705	0.081895159	0.0015894845	
S00011.vasti-knee_angle.pos_max 	-0.30032032	-0.30651289	0.0024431128	
S00011.hamstrings-pelvis_tilt.KP	0.68858847	0.70116491	0.027987677	
S00011.hamstrings-pelvis_tilt.KV	0.56458053	0.56526645	0.0014293364	
S00011.hamstrings-pelvis_tilt.C0	0.02514159	0.025986528	0.0030749067	
S00011.glut_max-pelvis_tilt.KP  	1.5130276	1.4802207	0.023123376	
S00011.glut_max-pelvis_tilt.KV  	0.31552262	0.31458548	0.0014456239	
S00011.glut_max-pelvis_tilt.C0  	0.15769764	0.15931537	0.0024349336	
S00011.iliopsoas-pelvis_tilt.KP 	-3.589658	-3.5906782	0.038998483	
S00011.iliopsoas-pelvis_tilt.KV 	-0.54280825	-0.54564115	0.0017677907	
S00011.iliopsoas-pelvis_tilt.C0 	0.3364758	0.33722501	0.003813418	
S00100.iliopsoas.C0             	0.33693506	0.33933059	0.0021130896	
S00100.glut_max.C0              	-0.025287194	-0.024952927	0.001598231	
S11000.iliopsoas.KL             	0.5611499	0.56246619	0.0018036868	
S11000.iliopsoas.L0             	0.39280218	0.39429496	0.0019910366	
S11000.iliopsoas-pelvis_tilt.P0 	-0.043264686	-0.044075571	0.0015928593	
S11000.iliopsoas-pelvis_tilt.KP 	0.01082572	0.011376969	0.010042003	
S11000.iliopsoas-pelvis_tilt.KV 	0.14691407	0.14522185	0.0018368384	
S11000.iliopsoas-hamstrings.KL  	-8.1861274	-8.3143704	0.065660432	
S11000.iliopsoas-hamstrings.L0  	1.1665593	1.1667242	0.0014891496	
S11000.hamstrings.KF            	0.57580994	0.57528642	0.0014261518	
S11000.glut_max.KF              	0.61943883	0.6190094	0.0016318305	
