pelvis_tilt.offset              	0.025768602	0.025810751	0.00044592747	
hip_flexion_r.offset            	0.070291461	0.070490983	0.00040286739	
knee_angle_r.offset             	0.0011508679	0.00082075806	0.00043820361	
ankle_angle_r.offset            	-0.057274952	-0.057025254	0.00056988016	
hip_flexion_l.offset            	-0.002258929	-0.0040876828	0.00082002241	
knee_angle_l.offset             	0.060188656	0.060333165	0.00063114368	
ankle_angle_l.offset            	0.18821451	0.18751771	0.00060437974	
stance_load_threshold           	0.14844937	0.14898563	0.00067375167	
S00111.tib_ant.KL               	1.2247891	1.219777	0.010758011	
S00111.tib_ant.L0               	0.75921247	0.7602251	0.0011622008	
S00111.tib_ant.KS               	0.000173	0.00016034697	0.00040867535	
S11000.tib_ant.KL               	1.2269382	1.2323146	0.0062772788	
S11000.tib_ant.L0               	0.7339954	0.7344281	0.00093043147	
S11000.tib_ant.KS               	0.036222478	0.036166152	0.00056277576	
S11111.tib_ant-soleus.KF        	-0.11632923	-0.11488363	0.00098449065	
S00111.soleus-tib_ant.KS        	-0.8104246	-0.82444793	0.012120775	
S11000.soleus-tib_ant.KS        	-3.3005101	-3.2920283	0.014683389	
S00111.gastroc-tib_ant.KS       	-0.32171493	-0.32844694	0.0098248027	
S11000.gastroc-tib_ant.KS       	-1.6731668	-1.6791267	0.0121022	
S00111.tib_ant-gastroc.KS       	-0.00395169	-0.0036819787	0.080867524	
S11000.tib_ant-gastroc.KS       	-0.00366451	-0.0035522841	0.079040066	
S00111.tib_ant-soleus.KS        	-0.00313515	-0.0033808473	0.083014685	
S11000.tib_ant-soleus.KS        	-0.0034666	-0.0033717306	0.079488237	
S00111.gastroc.L0               	0.84460592	0.84926971	0.004824981	
S00111.gastroc.KS               	0.17447736	0.17219734	0.0048912313	
S00111.soleus.L0                	0.93728603	0.93467003	0.0028481554	
S00111.soleus.KS                	0.14946728	0.16059163	0.0071073408	
S11000.gastroc.KL               	0.00925153	0.0088987625	0.0080669618	
S11000.gastroc.L0               	0.52087491	0.52159111	0.0050032686	
S11000.gastroc.KF               	-1.7590044	-1.7455804	0.011857035	
S11000.gastroc.KS               	0.2609214	0.26154954	0.010059532	
S11000.soleus.KL                	0.80345649	0.80597714	0.019777637	
S11000.soleus.L0                	0.86180764	0.8630835	0.0047155136	
S11000.soleus.KF                	-0.91444453	-0.91079141	0.018790299	
S11000.soleus.KS                	0.10868968	0.10758802	0.015071568	
S00011.vasti.KF                 	0.82444404	0.81928712	0.0025658216	
S00011.vasti.C0                 	0.07992329	0.080652832	0.00055819198	
S00011.vasti-knee_angle.pos_max 	-0.30329821	-0.30192604	0.00091331117	
S00011.hamstrings-pelvis_tilt.KP	0.72035316	0.70512429	0.010136685	
S00011.hamstrings-pelvis_tilt.KV	0.56575895	0.56604218	0.00053060996	
S00011.hamstrings-pelvis_tilt.C0	0.02514159	0.026401306	0.0010425493	
S00011.glut_max-pelvis_tilt.KP  	1.4719116	1.4779925	0.0084268512	
S00011.glut_max-pelvis_tilt.KV  	0.31623831	0.31584379	0.00053898138	
S00011.glut_max-pelvis_tilt.C0  	0.15577693	0.15562729	0.00089365487	
S00011.iliopsoas-pelvis_tilt.KP 	-3.6589965	-3.6382807	0.014270462	
S00011.iliopsoas-pelvis_tilt.KV 	-0.54696588	-0.54717361	0.00065250278	
S00011.iliopsoas-pelvis_tilt.C0 	0.34054677	0.33782433	0.0014154169	
S00100.iliopsoas.C0             	0.34084759	0.34170999	0.00077896021	
S00100.glut_max.C0              	-0.024485698	-0.024360505	0.00055751836	
S11000.iliopsoas.KL             	0.56274106	0.56338914	0.00065695286	
S11000.iliopsoas.L0             	0.39421852	0.39584564	0.00073262251	
S11000.iliopsoas-pelvis_tilt.P0 	-0.04578738	-0.045332497	0.0005734847	
S11000.iliopsoas-pelvis_tilt.KP 	0.01082572	0.011390811	0.0032518115	
S11000.iliopsoas-pelvis_tilt.KV 	0.14733803	0.14686192	0.00066637773	
S11000.iliopsoas-hamstrings.KL  	-8.2450643	-8.2399426	0.024500799	
S11000.iliopsoas-hamstrings.L0  	1.1671125	1.1683655	0.00054272263	
S11000.hamstrings.KF            	0.5743657	0.57435182	0.00052463892	
S11000.glut_max.KF              	0.61974696	0.61949133	0.00060109487	
