pelvis_tilt.offset              	0.025906257	0.025482579	0.00040281581	
hip_flexion_r.offset            	0.07023858	0.070266776	0.00036534383	
knee_angle_r.offset             	0.00074082658	0.00079149191	0.00039671927	
ankle_angle_r.offset            	-0.056705992	-0.056493043	0.00051733043	
hip_flexion_l.offset            	-0.0041373853	-0.0042421787	0.00074380311	
knee_angle_l.offset             	0.0592513	0.059710665	0.00056898931	
ankle_angle_l.offset            	0.18732208	0.18717055	0.0005474017	
stance_load_threshold           	0.14880323	0.14878372	0.00061103213	
S00111.tib_ant.KL               	1.2095508	1.2151432	0.0097726087	
S00111.tib_ant.L0               	0.75982528	0.75921805	0.0010503743	
S00111.tib_ant.KS               	0.000173	0.00016594498	0.00036485692	
S11000.tib_ant.KL               	1.238952	1.2321756	0.0056700796	
S11000.tib_ant.L0               	0.73444376	0.73456955	0.00084703874	
S11000.tib_ant.KS               	0.036330031	0.036041156	0.00050821996	
S11111.tib_ant-soleus.KF        	-0.11370088	-0.11425602	0.0008902626	
S00111.soleus-tib_ant.KS        	-0.82164124	-0.81616151	0.010901055	
S11000.soleus-tib_ant.KS        	-3.2918346	-3.278697	0.01324851	
S00111.gastroc-tib_ant.KS       	-0.32370464	-0.32795232	0.0088162508	
S11000.gastroc-tib_ant.KS       	-1.6694415	-1.6728202	0.010936876	
S00111.tib_ant-gastroc.KS       	-0.00395169	-0.0037756086	0.072196432	
S11000.tib_ant-gastroc.KS       	-0.00366451	-0.003517807	0.070564924	
S00111.tib_ant-soleus.KS        	-0.00346517	-0.0032313509	0.07411336	
S11000.tib_ant-soleus.KS        	-0.0034666	-0.0032331075	0.070965039	
S00111.gastroc.L0               	0.84905659	0.85018043	0.0043581582	
S00111.gastroc.KS               	0.17739288	0.17613594	0.0043919299	
S00111.soleus.L0                	0.92925677	0.93366509	0.0025814808	
S00111.soleus.KS                	0.16520068	0.16221889	0.0063934469	
S11000.gastroc.KL               	0.00925153	0.0090990612	0.0072022433	
S11000.gastroc.L0               	0.51811238	0.52049031	0.0045230538	
S11000.gastroc.KF               	-1.7407514	-1.7472671	0.010730013	
S11000.gastroc.KS               	0.2566322	0.25932113	0.0090489248	
S11000.soleus.KL                	0.76984272	0.80209622	0.017871018	
S11000.soleus.L0                	0.85931102	0.85830639	0.0042578543	
S11000.soleus.KF                	-0.87644172	-0.90775246	0.017022813	
S11000.soleus.KS                	0.1022613	0.10764557	0.013476048	
S00011.vasti.KF                 	0.82123255	0.82029974	0.0023197739	
S00011.vasti.C0                 	0.08054407	0.080504626	0.00050235638	
S00011.vasti-knee_angle.pos_max 	-0.30233816	-0.30159748	0.00082822384	
S00011.hamstrings-pelvis_tilt.KP	0.70036643	0.70606556	0.0091516126	
S00011.hamstrings-pelvis_tilt.KV	0.56513262	0.56536227	0.00047932586	
S00011.hamstrings-pelvis_tilt.C0	0.02605102	0.026390217	0.00093899008	
S00011.glut_max-pelvis_tilt.KP  	1.4834866	1.4870101	0.0076529007	
S00011.glut_max-pelvis_tilt.KV  	0.31608622	0.31574751	0.00048882918	
S00011.glut_max-pelvis_tilt.C0  	0.15466703	0.15475085	0.00081251504	
S00011.iliopsoas-pelvis_tilt.KP 	-3.6338566	-3.6412429	0.0129075	
S00011.iliopsoas-pelvis_tilt.KV 	-0.54766571	-0.54719633	0.00058958139	
S00011.iliopsoas-pelvis_tilt.C0 	0.3384265	0.3386354	0.0012829633	
S00100.iliopsoas.C0             	0.34227348	0.34176005	0.0007048169	
S00100.glut_max.C0              	-0.023844847	-0.024208277	0.00050314618	
S11000.iliopsoas.KL             	0.56349019	0.5633975	0.00059353501	
S11000.iliopsoas.L0             	0.39524995	0.39519079	0.00066398062	
S11000.iliopsoas-pelvis_tilt.P0 	-0.04641831	-0.045275018	0.00051855929	
S11000.iliopsoas-pelvis_tilt.KP 	0.01196527	0.01145989	0.0029045007	
S11000.iliopsoas-pelvis_tilt.KV 	0.14589673	0.14691223	0.00060456612	
S11000.iliopsoas-hamstrings.KL  	-8.1822139	-8.2172066	0.022345436	
S11000.iliopsoas-hamstrings.L0  	1.1677504	1.1679272	0.00049138017	
S11000.hamstrings.KF            	0.57460447	0.5742274	0.00047232098	
S11000.glut_max.KF              	0.62048093	0.61976122	0.0005424338	
