pelvis_tilt.offset              	0.025923957	0.02580689	0.00033032759	
hip_flexion_r.offset            	0.070235909	0.070341712	0.00029968589	
knee_angle_r.offset             	0.00073923289	0.00084253371	0.00032590151	
ankle_angle_r.offset            	-0.056816398	-0.056612193	0.00042432404	
hip_flexion_l.offset            	-0.0047680667	-0.0044220408	0.00060909866	
knee_angle_l.offset             	0.059137898	0.05962846	0.00046856655	
ankle_angle_l.offset            	0.18692965	0.187436	0.00044688811	
stance_load_threshold           	0.14867484	0.14891369	0.00050294236	
S00111.tib_ant.KL               	1.2215845	1.2132366	0.0080340776	
S00111.tib_ant.L0               	0.75753734	0.75843017	0.00086346919	
S00111.tib_ant.KS               	0.00015652	0.00016571097	0.00029454512	
S11000.tib_ant.KL               	1.2382527	1.2341969	0.0046451416	
S11000.tib_ant.L0               	0.73513065	0.73539927	0.00069602293	
S11000.tib_ant.KS               	0.03604292	0.035669242	0.00041563482	
S11111.tib_ant-soleus.KF        	-0.11519894	-0.1146967	0.00073218784	
S00111.soleus-tib_ant.KS        	-0.80909644	-0.81740858	0.0088757541	
S11000.soleus-tib_ant.KS        	-3.2716646	-3.2796023	0.010902954	
S00111.gastroc-tib_ant.KS       	-0.32171493	-0.32412336	0.0071353242	
S11000.gastroc-tib_ant.KS       	-1.6837968	-1.6790546	0.0089605025	
S00111.tib_ant-gastroc.KS       	-0.00357534	-0.0038189121	0.058282854	
S11000.tib_ant-gastroc.KS       	-0.00331551	-0.0034734377	0.056965769	
S00111.tib_ant-soleus.KS        	-0.00313515	-0.0032612948	0.059830354	
S11000.tib_ant-soleus.KS        	-0.0034666	-0.0032574	0.057288773	
S00111.gastroc.L0               	0.84861888	0.85138941	0.0035770655	
S00111.gastroc.KS               	0.17739288	0.17669444	0.0035542635	
S00111.soleus.L0                	0.92530858	0.92868322	0.0021372607	
S00111.soleus.KS                	0.16520068	0.16223043	0.0051996673	
S11000.gastroc.KL               	0.00837043	0.008832643	0.0058146319	
S11000.gastroc.L0               	0.52775521	0.52122726	0.0037050833	
S11000.gastroc.KF               	-1.7550642	-1.7476353	0.0087539861	
S11000.gastroc.KS               	0.25935706	0.25849789	0.0073582505	
S11000.soleus.KL                	0.77611044	0.78242511	0.014645466	
S11000.soleus.L0                	0.86055116	0.85905204	0.0034955435	
S11000.soleus.KF                	-0.90931991	-0.88860159	0.014023087	
S11000.soleus.KS                	0.10598619	0.10744169	0.010908169	
S00011.vasti.KF                 	0.8222448	0.82135315	0.0018987684	
S00011.vasti.C0                 	0.080164228	0.080520955	0.00040966817	
S00011.vasti-knee_angle.pos_max 	-0.30281808	-0.30199971	0.0006782688	
S00011.hamstrings-pelvis_tilt.KP	0.70860205	0.70360103	0.0075187434	
S00011.hamstrings-pelvis_tilt.KV	0.56526373	0.56562316	0.00039477505	
S00011.hamstrings-pelvis_tilt.C0	0.026719746	0.026895536	0.00076725385	
S00011.glut_max-pelvis_tilt.KP  	1.4946587	1.486903	0.0062771662	
S00011.glut_max-pelvis_tilt.KV  	0.31594674	0.315884	0.00040267002	
S00011.glut_max-pelvis_tilt.C0  	0.15512654	0.15485155	0.00066797467	
S00011.iliopsoas-pelvis_tilt.KP 	-3.6352113	-3.6399202	0.010607799	
S00011.iliopsoas-pelvis_tilt.KV 	-0.54719688	-0.54743294	0.00048357043	
S00011.iliopsoas-pelvis_tilt.C0 	0.33703023	0.33809484	0.0010509808	
S00100.iliopsoas.C0             	0.34081272	0.34148604	0.00057631192	
S00100.glut_max.C0              	-0.023802347	-0.02413412	0.00041200627	
S11000.iliopsoas.KL             	0.56266296	0.56317386	0.00048512081	
S11000.iliopsoas.L0             	0.39350664	0.39460901	0.00054341547	
S11000.iliopsoas-pelvis_tilt.P0 	-0.044661837	-0.045283367	0.00042527036	
S11000.iliopsoas-pelvis_tilt.KP 	0.01196527	0.011530282	0.002346324	
S11000.iliopsoas-pelvis_tilt.KV 	0.14780627	0.14724459	0.00049597387	
S11000.iliopsoas-hamstrings.KL  	-8.2116523	-8.2260494	0.018466321	
S11000.iliopsoas-hamstrings.L0  	1.1687674	1.1680379	0.00040162627	
S11000.hamstrings.KF            	0.57482252	0.5749457	0.00038834792	
S11000.glut_max.KF              	0.61972721	0.61975894	0.00044412743	
