pelvis_tilt.offset              	0.02586787	0.025703275	0.00023713152	
hip_flexion_r.offset            	0.070879292	0.070721832	0.00021556088	
knee_angle_r.offset             	0.00057434605	0.00031861574	0.00023455136	
ankle_angle_r.offset            	-0.056512245	-0.056243991	0.00030517165	
hip_flexion_l.offset            	-0.0032904257	-0.0036036561	0.00044071276	
knee_angle_l.offset             	0.059252926	0.059071571	0.00034037189	
ankle_angle_l.offset            	0.1882035	0.18775133	0.00032280774	
stance_load_threshold           	0.14778915	0.14827067	0.00036171901	
S00111.tib_ant.KL               	1.2089774	1.2087654	0.0057834409	
S00111.tib_ant.L0               	0.75811885	0.75841286	0.00064059697	
S00111.tib_ant.KS               	0.000173	0.00016551233	0.00020076692	
S11000.tib_ant.KL               	1.2341115	1.2321621	0.0033562636	
S11000.tib_ant.L0               	0.73604473	0.73543181	0.00050169112	
S11000.tib_ant.KS               	0.03517895	0.035409175	0.00029859412	
S11111.tib_ant-soleus.KF        	-0.11452383	-0.11473905	0.00052782234	
S00111.soleus-tib_ant.KS        	-0.81217459	-0.81479509	0.0063111935	
S11000.soleus-tib_ant.KS        	-3.2622305	-3.2651511	0.007861067	
S00111.gastroc-tib_ant.KS       	-0.32171493	-0.3225677	0.0048958326	
S11000.gastroc-tib_ant.KS       	-1.6978553	-1.6820127	0.0064803788	
S00111.tib_ant-gastroc.KS       	-0.00357534	-0.0038002809	0.039724267	
S11000.tib_ant-gastroc.KS       	-0.00331551	-0.0034613946	0.038826564	
S00111.tib_ant-soleus.KS        	-0.00313515	-0.0032968578	0.040778993	
S11000.tib_ant-soleus.KS        	-0.0034666	-0.0032734382	0.039046713	
S00111.gastroc.L0               	0.85571623	0.85502153	0.0026294355	
S00111.gastroc.KS               	0.17739288	0.17714091	0.002442363	
S00111.soleus.L0                	0.92166371	0.92389122	0.0015807284	
S00111.soleus.KS                	0.16292546	0.16222122	0.0036686608	
S11000.gastroc.KL               	0.00925153	0.008976996	0.0039650436	
S11000.gastroc.L0               	0.52409876	0.52223485	0.0026773273	
S11000.gastroc.KF               	-1.7454128	-1.7549485	0.0062562084	
S11000.gastroc.KS               	0.25486429	0.2612217	0.0052731156	
S11000.soleus.KL                	0.7976669	0.78313105	0.010439196	
S11000.soleus.L0                	0.86754662	0.86581412	0.0025243425	
S11000.soleus.KF                	-0.89809191	-0.88551713	0.01004459	
S11000.soleus.KS                	0.11302564	0.10839921	0.0075302317	
S00011.vasti.KF                 	0.82137418	0.82288174	0.0013790515	
S00011.vasti.C0                 	0.080278621	0.080374565	0.00029065081	
S00011.vasti-knee_angle.pos_max 	-0.30288557	-0.3026559	0.00048656358	
S00011.hamstrings-pelvis_tilt.KP	0.69861291	0.70418697	0.0053907151	
S00011.hamstrings-pelvis_tilt.KV	0.56538146	0.56604299	0.00028458517	
S00011.hamstrings-pelvis_tilt.C0	0.026793237	0.027520682	0.00054301705	
S00011.glut_max-pelvis_tilt.KP  	1.4983474	1.4975221	0.0045827317	
S00011.glut_max-pelvis_tilt.KV  	0.3159339	0.31588333	0.0002902186	
S00011.glut_max-pelvis_tilt.C0  	0.15478076	0.1546477	0.00047973168	
S00011.iliopsoas-pelvis_tilt.KP 	-3.6433454	-3.6352794	0.0076389403	
S00011.iliopsoas-pelvis_tilt.KV 	-0.54645622	-0.54680024	0.00034619298	
S00011.iliopsoas-pelvis_tilt.C0 	0.33533464	0.33630713	0.0007600174	
S00100.iliopsoas.C0             	0.34069091	0.34131688	0.0004134487	
S00100.glut_max.C0              	-0.02342065	-0.023736869	0.00029418111	
S11000.iliopsoas.KL             	0.56450364	0.563944	0.0003554709	
S11000.iliopsoas.L0             	0.3952627	0.39543301	0.00039083008	
S11000.iliopsoas-pelvis_tilt.P0 	-0.045895881	-0.045924316	0.00030812344	
S11000.iliopsoas-pelvis_tilt.KP 	0.01082572	0.011584359	0.0016054286	
S11000.iliopsoas-pelvis_tilt.KV 	0.14657186	0.14592352	0.00035750005	
S11000.iliopsoas-hamstrings.KL  	-8.234477	-8.2261483	0.013308925	
S11000.iliopsoas-hamstrings.L0  	1.1679929	1.1681622	0.00028926061	
S11000.hamstrings.KF            	0.57444879	0.57457419	0.00027855146	
S11000.glut_max.KF              	0.62033689	0.62008223	0.00032120115	
