pelvis_tilt.offset              	0.026446284	0.02623028	9.3095264e-05	
hip_flexion_r.offset            	0.070556909	0.070560148	8.338078e-05	
knee_angle_r.offset             	0.00041596304	0.00050146271	9.2156412e-05	
ankle_angle_r.offset            	-0.05585884	-0.055766092	0.00012014994	
hip_flexion_l.offset            	-0.002918374	-0.0030260472	0.00017649018	
knee_angle_l.offset             	0.058768623	0.05888574	0.00013289762	
ankle_angle_l.offset            	0.18824271	0.18814716	0.00012615682	
stance_load_threshold           	0.14721419	0.14713496	0.00014710421	
S00111.tib_ant.KL               	1.1993983	1.200082	0.0022609439	
S00111.tib_ant.L0               	0.75853746	0.75862937	0.00024893432	
S00111.tib_ant.KS               	0.000173	0.00016264827	6.5947793e-05	
S11000.tib_ant.KL               	1.2309936	1.2310918	0.0013128016	
S11000.tib_ant.L0               	0.73634125	0.73628921	0.00019830533	
S11000.tib_ant.KS               	0.035484701	0.035671754	0.00011714137	
S11111.tib_ant-soleus.KF        	-0.11470881	-0.11492617	0.00020626907	
S00111.soleus-tib_ant.KS        	-0.8107194	-0.81241342	0.0023468274	
S11000.soleus-tib_ant.KS        	-3.2835248	-3.284485	0.0030162018	
S00111.gastroc-tib_ant.KS       	-0.32171493	-0.32191657	0.001629678	
S11000.gastroc-tib_ant.KS       	-1.676743	-1.6754118	0.0025248021	
S00111.tib_ant-gastroc.KS       	-0.00395169	-0.0037987131	0.013032551	
S11000.tib_ant-gastroc.KS       	-0.00366451	-0.003513471	0.01273803	
S00111.tib_ant-soleus.KS        	-0.00313515	-0.0033328515	0.013378526	
S11000.tib_ant-soleus.KS        	-0.0034666	-0.0032644657	0.012810228	
S00111.gastroc.L0               	0.84644334	0.84747999	0.0010414182	
S00111.gastroc.KS               	0.17729118	0.17725836	0.00081288935	
S00111.soleus.L0                	0.91939494	0.91975267	0.00060170115	
S00111.soleus.KS                	0.16520068	0.16483841	0.0013266814	
S11000.gastroc.KL               	0.00837043	0.008766551	0.001311452	
S11000.gastroc.L0               	0.52216634	0.52265856	0.0010355923	
S11000.gastroc.KF               	-1.7540715	-1.7584359	0.0025057167	
S11000.gastroc.KS               	0.26187019	0.25821583	0.0020440196	
S11000.soleus.KL                	0.80131264	0.79714494	0.0041353938	
S11000.soleus.L0                	0.86228234	0.86351953	0.00099750272	
S11000.soleus.KF                	-0.8982401	-0.90265386	0.0038896715	
S11000.soleus.KS                	0.11205231	0.1103177	0.0027145386	
S00011.vasti.KF                 	0.82245113	0.82269903	0.00053724989	
S00011.vasti.C0                 	0.080107173	0.080053111	0.00011072223	
S00011.vasti-knee_angle.pos_max 	-0.30267342	-0.302835	0.00018669236	
S00011.hamstrings-pelvis_tilt.KP	0.7091287	0.71154569	0.0021210613	
S00011.hamstrings-pelvis_tilt.KV	0.56556858	0.56560185	0.00011172008	
S00011.hamstrings-pelvis_tilt.C0	0.027399672	0.027360534	0.0002103844	
S00011.glut_max-pelvis_tilt.KP  	1.500936	1.5008435	0.0017830359	
S00011.glut_max-pelvis_tilt.KV  	0.31546444	0.31539327	0.00011464809	
S00011.glut_max-pelvis_tilt.C0  	0.15469406	0.15473558	0.00018540466	
S00011.iliopsoas-pelvis_tilt.KP 	-3.6506954	-3.6507476	0.0030037477	
S00011.iliopsoas-pelvis_tilt.KV 	-0.54631868	-0.54633049	0.00014019272	
S00011.iliopsoas-pelvis_tilt.C0 	0.33368683	0.33351772	0.00030102282	
S00100.iliopsoas.C0             	0.34054001	0.34077173	0.00016203177	
S00100.glut_max.C0              	-0.02441825	-0.024340191	0.00011570282	
S11000.iliopsoas.KL             	0.56345469	0.56359175	0.00013797991	
S11000.iliopsoas.L0             	0.39545103	0.39534834	0.00014933585	
S11000.iliopsoas-pelvis_tilt.P0 	-0.045699421	-0.045697265	0.00011864418	
S11000.iliopsoas-pelvis_tilt.KP 	0.01082572	0.011400188	0.00055328818	
S11000.iliopsoas-pelvis_tilt.KV 	0.14690229	0.14700298	0.00014331656	
S11000.iliopsoas-hamstrings.KL  	-8.1975612	-8.1994346	0.0052961904	
S11000.iliopsoas-hamstrings.L0  	1.1684932	1.1684339	0.00011035227	
S11000.hamstrings.KF            	0.57452435	0.57451153	0.00010782378	
S11000.glut_max.KF              	0.62027008	0.62040754	0.00012550751	
