pelvis_tilt.offset              	0.026524394	0.026536933	4.0353081e-05	
hip_flexion_r.offset            	0.070524432	0.070480199	3.4851208e-05	
knee_angle_r.offset             	0.00047892116	0.00053284947	3.8946772e-05	
ankle_angle_r.offset            	-0.055789559	-0.05579985	4.9868811e-05	
hip_flexion_l.offset            	-0.0030479828	-0.003057534	7.5092359e-05	
knee_angle_l.offset             	0.05861017	0.058681262	5.552648e-05	
ankle_angle_l.offset            	0.18833204	0.18827932	5.2967929e-05	
stance_load_threshold           	0.14692466	0.14692203	6.3245544e-05	
S00111.tib_ant.KL               	1.1967569	1.1973001	0.000966628	
S00111.tib_ant.L0               	0.75884547	0.75881259	0.00010457747	
S00111.tib_ant.KS               	0.00015652	0.00016482896	2.4936061e-05	
S11000.tib_ant.KL               	1.2289231	1.2290914	0.00055256677	
S11000.tib_ant.L0               	0.73618342	0.73615258	8.2311693e-05	
S11000.tib_ant.KS               	0.035338088	0.035423159	4.9251482e-05	
S11111.tib_ant-soleus.KF        	-0.1144639	-0.11446438	8.707172e-05	
S00111.soleus-tib_ant.KS        	-0.80914777	-0.80964278	0.0009348831	
S11000.soleus-tib_ant.KS        	-3.2863869	-3.2854625	0.0012682313	
S00111.gastroc-tib_ant.KS       	-0.32184835	-0.32198176	0.00062340766	
S11000.gastroc-tib_ant.KS       	-1.6832628	-1.6826282	0.0010713673	
S00111.tib_ant-gastroc.KS       	-0.00395169	-0.0037930902	0.0049058839	
S11000.tib_ant-gastroc.KS       	-0.00366451	-0.0034735906	0.0047949913	
S00111.tib_ant-soleus.KS        	-0.00313515	-0.0032796927	0.0050360464	
S11000.tib_ant-soleus.KS        	-0.00313645	-0.0032647708	0.0048221235	
S00111.gastroc.L0               	0.84465965	0.844534	0.0004469694	
S00111.gastroc.KS               	0.17739288	0.17729011	0.00031052808	
S00111.soleus.L0                	0.91939494	0.91959967	0.00024020082	
S00111.soleus.KS                	0.16520068	0.16484193	0.00052397398	
S11000.gastroc.KL               	0.0091538673	0.0087263231	0.00050562804	
S11000.gastroc.L0               	0.52196712	0.52192022	0.00043159015	
S11000.gastroc.KF               	-1.7620453	-1.7615281	0.0010456498	
S11000.gastroc.KS               	0.26076789	0.25982411	0.00085892501	
S11000.soleus.KL                	0.79652075	0.79780764	0.0017449488	
S11000.soleus.L0                	0.86478988	0.86438406	0.00041680799	
S11000.soleus.KF                	-0.89772508	-0.89767685	0.0016301236	
S11000.soleus.KS                	0.11086994	0.11090501	0.0011078667	
S00011.vasti.KF                 	0.82180115	0.82166174	0.0002269089	
S00011.vasti.C0                 	0.080032531	0.080067649	4.5677737e-05	
S00011.vasti-knee_angle.pos_max 	-0.30273479	-0.30275899	7.8424823e-05	
S00011.hamstrings-pelvis_tilt.KP	0.71243009	0.71194014	0.00089243877	
S00011.hamstrings-pelvis_tilt.KV	0.5658997	0.56584353	4.7033232e-05	
S00011.hamstrings-pelvis_tilt.C0	0.02732555	0.02715457	8.8163447e-05	
S00011.glut_max-pelvis_tilt.KP  	1.5023084	1.5021535	0.00074775517	
S00011.glut_max-pelvis_tilt.KV  	0.31543297	0.31545893	4.8011045e-05	
S00011.glut_max-pelvis_tilt.C0  	0.15420028	0.15429407	7.9566164e-05	
S00011.iliopsoas-pelvis_tilt.KP 	-3.6483847	-3.6487009	0.0012437572	
S00011.iliopsoas-pelvis_tilt.KV 	-0.5463713	-0.54636712	5.8500352e-05	
S00011.iliopsoas-pelvis_tilt.C0 	0.33214454	0.33239899	0.00013490869	
S00100.iliopsoas.C0             	0.34061547	0.34072162	6.7986963e-05	
S00100.glut_max.C0              	-0.024592067	-0.02454946	4.8693791e-05	
S11000.iliopsoas.KL             	0.56381303	0.5637812	5.7539849e-05	
S11000.iliopsoas.L0             	0.39560314	0.39549977	6.3529934e-05	
S11000.iliopsoas-pelvis_tilt.P0 	-0.045917184	-0.045911999	5.0410051e-05	
S11000.iliopsoas-pelvis_tilt.KP 	0.011513586	0.011274654	0.00022460491	
S11000.iliopsoas-pelvis_tilt.KV 	0.14682345	0.14687594	6.0500624e-05	
S11000.iliopsoas-hamstrings.KL  	-8.1931125	-8.1932338	0.0022160228	
S11000.iliopsoas-hamstrings.L0  	1.1682174	1.1681892	4.6559861e-05	
S11000.hamstrings.KF            	0.57457076	0.57449426	4.4408454e-05	
S11000.glut_max.KF              	0.62044455	0.62039076	5.2739725e-05	
