pelvis_tilt.offset              	0.022188353	0.024132411	0.0010879803	
hip_flexion_r.offset            	0.068700259	0.068627307	0.0010233904	
knee_angle_r.offset             	0.0018269457	0.0024477652	0.0011217667	
ankle_angle_r.offset            	-0.059402059	-0.058103459	0.0014683252	
hip_flexion_l.offset            	-0.00084851502	-0.0024948243	0.0020832574	
knee_angle_l.offset             	0.056042515	0.059125663	0.0016089388	
ankle_angle_l.offset            	0.18448956	0.18586239	0.00153665	
stance_load_threshold           	0.15279664	0.15091366	0.0016948673	
S00111.tib_ant.KL               	1.1968392	1.2149346	0.027932796	
S00111.tib_ant.L0               	0.75499062	0.76048599	0.003015288	
S00111.tib_ant.KS               	0.00015652	0.00016145255	0.0011872992	
S11000.tib_ant.KL               	1.2377485	1.2077103	0.015830105	
S11000.tib_ant.L0               	0.73646434	0.73713458	0.0023153943	
S11000.tib_ant.KS               	0.036019103	0.035605785	0.0014649864	
S11111.tib_ant-soleus.KF        	-0.11011936	-0.1127114	0.0025124042	
S00111.soleus-tib_ant.KS        	-0.80888339	-0.86113793	0.031892158	
S00111.gastroc-tib_ant.KS       	-0.32171493	-0.33892093	0.027574977	
S11000.soleus-tib_ant.KS        	-3.2444144	-3.2658549	0.036785021	
S11000.gastroc-tib_ant.KS       	-1.6622931	-1.6671231	0.030851662	
S00111.tib_ant-soleus.KS        	-0.00346517	-0.0032736232	0.24118272	
S00111.tib_ant-gastroc.KS       	-0.00357534	-0.0037739733	0.23494455	
S11000.tib_ant-soleus.KS        	-0.0034666	-0.0032841323	0.23093732	
S11000.tib_ant-gastroc.KS       	-0.00331551	-0.0035975485	0.22963524	
S00111.soleus.KL                	4.0729855	4.0261808	0.027380185	
S00111.soleus.L0                	0.96488501	0.96823432	0.0069934913	
S00111.soleus.KF                	0.22651041	0.23131824	0.0022596481	
S00111.soleus.KS                	0.14946728	0.15905777	0.0198738	
S00111.gastroc.KL               	0.07523758	0.078828822	0.029372455	
S00111.gastroc.L0               	0.86777729	0.85382458	0.012282021	
S00111.gastroc.KF               	1.411823	1.4110188	0.0015611089	
S00111.gastroc.KS               	0.16049832	0.16310937	0.013621748	
S11000.soleus.KL                	0.78136204	0.81580712	0.053513515	
S11000.soleus.L0                	0.91142562	0.90437711	0.011845558	
S11000.soleus.KF                	-0.89595565	-0.9017354	0.049808816	
S11000.soleus.KS                	0.1022613	0.10493731	0.043519986	
S11000.gastroc.KL               	0.00837043	0.0088494723	0.023433358	
S11000.gastroc.L0               	0.51440476	0.51283421	0.012817988	
S11000.gastroc.KF               	-1.8999181	-1.8625504	0.030258614	
S11000.gastroc.KS               	0.27887874	0.27083885	0.027814829	
S00011.vasti.KF                 	0.80978738	0.80751212	0.006655316	
S00011.vasti.C0                 	0.07992329	0.080824195	0.0014925599	
S00011.vasti-knee_angle.pos_max 	-0.30769983	-0.30396163	0.002292536	
S00011.hamstrings-pelvis_tilt.KP	0.69487811	0.72993794	0.026231279	
S00011.hamstrings-pelvis_tilt.KV	0.56657554	0.56658606	0.0013368944	
S00011.hamstrings-pelvis_tilt.C0	0.025884586	0.026350229	0.002887467	
S00011.glut_max-pelvis_tilt.KP  	1.4514695	1.4595196	0.021795891	
S00011.glut_max-pelvis_tilt.KV  	0.31544114	0.31406416	0.001359577	
S00011.glut_max-pelvis_tilt.C0  	0.16123802	0.15969455	0.0022861296	
S00011.iliopsoas-pelvis_tilt.KP 	-3.4704767	-3.4808051	0.036449899	
S00011.iliopsoas-pelvis_tilt.KV 	-0.54527054	-0.5419428	0.0016698188	
S00011.iliopsoas-pelvis_tilt.C0 	0.33378632	0.33528751	0.0035965652	
S00100.iliopsoas.C0             	0.33853813	0.33971415	0.0019680177	
S00100.glut_max.C0              	-0.02588599	-0.024925678	0.0015019728	
S11000.iliopsoas.KL             	0.55621535	0.55852733	0.0016856127	
S11000.iliopsoas.L0             	0.39129277	0.38998748	0.001876086	
S11000.iliopsoas-pelvis_tilt.P0 	-0.045004592	-0.043697374	0.0014989186	
S11000.iliopsoas-pelvis_tilt.KP 	0.01196527	0.011216828	0.0094335195	
S11000.iliopsoas-pelvis_tilt.KV 	0.14786339	0.14866442	0.0017482647	
S11000.iliopsoas-hamstrings.KL  	-8.2425059	-8.2055993	0.061300072	
S11000.iliopsoas-hamstrings.L0  	1.1699301	1.1684888	0.0014021397	
S11000.hamstrings.KF            	0.57665934	0.57546838	0.0013427554	
S11000.glut_max.KF              	0.62078493	0.62285205	0.0015262503	
