pelvis_tilt.offset              	0.020791021	0.021553714	0.0012104104	
hip_flexion_r.offset            	0.067791425	0.067911867	0.0011354402	
knee_angle_r.offset             	-0.00028755132	0.00017757082	0.0012453961	
ankle_angle_r.offset            	-0.053925731	-0.054544729	0.0016255126	
hip_flexion_l.offset            	-0.0078105724	-0.0066142891	0.0023001325	
knee_angle_l.offset             	0.057676239	0.058626024	0.0017788774	
ankle_angle_l.offset            	0.18984274	0.18924478	0.0017051178	
stance_load_threshold           	0.15088483	0.15103053	0.0018666609	
S00111.tib_ant.KL               	1.1908738	1.2480038	0.031013025	
S00111.tib_ant.L0               	0.76053066	0.76120208	0.0033381867	
S00111.tib_ant.KS               	0.000173	0.00016869312	0.0013333688	
S11000.tib_ant.KL               	1.2042056	1.2057446	0.0176376	
S11000.tib_ant.L0               	0.74117062	0.7406062	0.0025785162	
S11000.tib_ant.KS               	0.03521974	0.036316303	0.001637476	
S11111.tib_ant-soleus.KF        	-0.11278234	-0.11155067	0.0027957626	
S00111.soleus-tib_ant.KS        	-0.83135504	-0.85749405	0.035607622	
S11000.soleus-tib_ant.KS        	-3.3586832	-3.2995508	0.041144647	
S00111.gastroc-tib_ant.KS       	-0.35557966	-0.33937587	0.030895798	
S11000.gastroc-tib_ant.KS       	-1.7002991	-1.6879107	0.034409351	
S00111.tib_ant-gastroc.KS       	-0.00357534	-0.0037573602	0.26384914	
S11000.tib_ant-gastroc.KS       	-0.00366451	-0.0034556036	0.25788664	
S00111.tib_ant-soleus.KS        	-0.00346517	-0.0033216306	0.27085478	
S11000.tib_ant-soleus.KS        	-0.00313645	-0.0032380488	0.25934892	
S00111.gastroc.KL               	0.08315732	0.079909464	0.032982418	
S00111.gastroc.L0               	0.84774982	0.83658843	0.01359846	
S00111.gastroc.KF               	1.4087122	1.41083	0.0017336992	
S00111.soleus.KL                	4.0783934	4.0629483	0.030318519	
S00111.soleus.L0                	0.97394742	0.97817225	0.0078873491	
S00111.soleus.KF                	0.23213038	0.22853813	0.0025145901	
S11000.gastroc.KL               	0.00837043	0.0085431462	0.026316209	
S11000.gastroc.L0               	0.54989184	0.53800221	0.014341591	
S11000.gastroc.KF               	-1.8611986	-1.8343895	0.033850292	
S11000.gastroc.KS               	0.26466047	0.26107556	0.031195785	
S11000.soleus.KL                	0.76235452	0.79203314	0.059908851	
S11000.soleus.L0                	0.89508711	0.89744434	0.013139129	
S11000.soleus.KF                	-0.90397768	-0.91910956	0.05574025	
S11000.soleus.KS                	0.11302564	0.10820828	0.048868114	
S00011.vasti.KF                 	0.80815347	0.81114302	0.0073732884	
S00011.vasti.C0                 	0.083488366	0.082655827	0.0016629472	
S00011.vasti-knee_angle.pos_max 	-0.30049666	-0.30363862	0.0025452823	
S00011.hamstrings-pelvis_tilt.KP	0.74162866	0.6975425	0.029255829	
S00011.hamstrings-pelvis_tilt.KV	0.56739793	0.56643087	0.0014826871	
S00011.hamstrings-pelvis_tilt.C0	0.02778807	0.0267207	0.0032389358	
S00011.glut_max-pelvis_tilt.KP  	1.4993879	1.5183433	0.024118487	
S00011.glut_max-pelvis_tilt.KV  	0.31920898	0.31630621	0.0015107881	
S00011.glut_max-pelvis_tilt.C0  	0.15812433	0.16275877	0.002546519	
S00011.iliopsoas-pelvis_tilt.KP 	-3.5074377	-3.4651597	0.040604219	
S00011.iliopsoas-pelvis_tilt.KV 	-0.54547431	-0.54300196	0.0018557651	
S00011.iliopsoas-pelvis_tilt.C0 	0.33442375	0.33435764	0.0040098386	
S00100.iliopsoas.C0             	0.33597032	0.33612961	0.0021857098	
S00100.glut_max.C0              	-0.02472528	-0.024886589	0.0016800429	
S11000.iliopsoas.KL             	0.56388079	0.56301064	0.0018816639	
S11000.iliopsoas.L0             	0.3862541	0.38855091	0.0020819162	
S11000.iliopsoas-pelvis_tilt.P0 	-0.043600286	-0.044343787	0.0016732223	
S11000.iliopsoas-pelvis_tilt.KP 	0.01082572	0.011311118	0.010593782	
S11000.iliopsoas-pelvis_tilt.KV 	0.14151541	0.14265949	0.0019323108	
S11000.iliopsoas-hamstrings.KL  	-8.3283551	-8.2805681	0.068132812	
S11000.iliopsoas-hamstrings.L0  	1.1706484	1.1692555	0.0015605562	
S11000.hamstrings.KF            	0.57564004	0.57654224	0.0014956001	
S11000.glut_max.KF              	0.62088326	0.62152528	0.0016963838	
