pelvis_tilt.offset              	0.019231845	0.019309789	0.00046713604	
hip_flexion_r.offset            	0.067661069	0.067126333	0.0004438693	
knee_angle_r.offset             	0.00053449289	0.00046851501	0.00048390349	
ankle_angle_r.offset            	-0.052893147	-0.052859936	0.00063185836	
hip_flexion_l.offset            	-0.0043766371	-0.004724493	0.00089010216	
knee_angle_l.offset             	0.057830604	0.057686322	0.00068907271	
ankle_angle_l.offset            	0.18888491	0.18925154	0.0006510722	
stance_load_threshold           	0.15093999	0.14988651	0.00073901259	
S00111.tib_ant.KL               	1.2487028	1.2530709	0.01194084	
S00111.tib_ant.L0               	0.7599144	0.75915311	0.0012913631	
S00111.tib_ant.KS               	0.000173	0.00016814331	0.00045905862	
S11000.tib_ant.KL               	1.2154126	1.2198156	0.0068414571	
S11000.tib_ant.L0               	0.73942343	0.73855538	0.00099529081	
S11000.tib_ant.KS               	0.035176245	0.03540585	0.00062347481	
S11111.tib_ant-soleus.KF        	-0.11232016	-0.11156347	0.0010769911	
S00111.soleus-tib_ant.KS        	-0.86054672	-0.86982097	0.013321629	
S11000.soleus-tib_ant.KS        	-3.3092705	-3.3320119	0.015764158	
S00111.gastroc-tib_ant.KS       	-0.32933615	-0.32714241	0.011151575	
S11000.gastroc-tib_ant.KS       	-1.6428571	-1.6493838	0.013263198	
S00111.tib_ant-gastroc.KS       	-0.00395169	-0.0038174924	0.090837692	
S11000.tib_ant-gastroc.KS       	-0.00366451	-0.0034324598	0.088784927	
S00111.tib_ant-soleus.KS        	-0.00313515	-0.0033679629	0.09324958	
S11000.tib_ant-soleus.KS        	-0.0034666	-0.0031949563	0.089288356	
S00111.gastroc.KL               	0.07523758	0.081173906	0.011419159	
S00111.gastroc.L0               	0.82987535	0.83152899	0.0052007325	
S00111.gastroc.KF               	1.4081441	1.4073843	0.00067443664	
S00111.soleus.KL                	4.0506178	4.0536589	0.011755613	
S00111.soleus.L0                	0.96096977	0.96242745	0.0030509593	
S00111.soleus.KF                	0.22579311	0.22517748	0.00096946198	
S11000.gastroc.KL               	0.00925153	0.0089150879	0.009061256	
S11000.gastroc.L0               	0.5484741	0.54017654	0.0054485284	
S11000.gastroc.KF               	-1.8460302	-1.8310836	0.012929185	
S11000.gastroc.KS               	0.25231886	0.2687842	0.011194784	
S11000.soleus.KL                	0.78383638	0.79881758	0.021914579	
S11000.soleus.L0                	0.89465857	0.89545698	0.0049942774	
S11000.soleus.KF                	-0.8875825	-0.90212452	0.020708881	
S11000.soleus.KS                	0.11302564	0.10914842	0.016903363	
S00011.vasti.KF                 	0.80113079	0.8070965	0.0028827478	
S00011.vasti.C0                 	0.085007924	0.085261785	0.00063265526	
S00011.vasti-knee_angle.pos_max 	-0.29784624	-0.29821905	0.0010021313	
S00011.hamstrings-pelvis_tilt.KP	0.71057831	0.70789866	0.011101089	
S00011.hamstrings-pelvis_tilt.KV	0.56406045	0.56375258	0.00056806553	
S00011.hamstrings-pelvis_tilt.C0	0.026656957	0.026957002	0.0011587432	
S00011.glut_max-pelvis_tilt.KP  	1.5577589	1.5596373	0.0095027115	
S00011.glut_max-pelvis_tilt.KV  	0.32050625	0.31967642	0.00059110898	
S00011.glut_max-pelvis_tilt.C0  	0.15873757	0.15888276	0.0009758531	
S00011.iliopsoas-pelvis_tilt.KP 	-3.4276671	-3.4693232	0.015873689	
S00011.iliopsoas-pelvis_tilt.KV 	-0.54323348	-0.54329364	0.00071305048	
S00011.iliopsoas-pelvis_tilt.C0 	0.33691253	0.33640943	0.0015438375	
S00100.iliopsoas.C0             	0.33894922	0.33795529	0.00084330772	
S00100.glut_max.C0              	-0.025116334	-0.024229137	0.00062272556	
S11000.iliopsoas.KL             	0.56589906	0.56526021	0.00073374068	
S11000.iliopsoas.L0             	0.38959682	0.38904138	0.00079892544	
S11000.iliopsoas-pelvis_tilt.P0 	-0.045090557	-0.04553544	0.00062841952	
S11000.iliopsoas-pelvis_tilt.KP 	0.01196527	0.011011948	0.003652027	
S11000.iliopsoas-pelvis_tilt.KV 	0.13890779	0.14002747	0.00074701087	
S11000.iliopsoas-hamstrings.KL  	-8.3404403	-8.3212091	0.026095709	
S11000.iliopsoas-hamstrings.L0  	1.1748354	1.1751051	0.00062594367	
S11000.hamstrings.KF            	0.57343977	0.5737548	0.00057157578	
S11000.glut_max.KF              	0.61982897	0.62087324	0.00065190561	
