pelvis_tilt.offset              	0.020207024	0.02038843	0.0001893622	
hip_flexion_r.offset            	0.067751218	0.067640679	0.00017239936	
knee_angle_r.offset             	0.0012806919	0.0012275698	0.00019446782	
ankle_angle_r.offset            	-0.053053422	-0.052922345	0.00025408233	
hip_flexion_l.offset            	-0.0037161673	-0.0047065342	0.00035444487	
knee_angle_l.offset             	0.058631206	0.058799331	0.00027324145	
ankle_angle_l.offset            	0.18804956	0.1886613	0.00026138325	
stance_load_threshold           	0.14999349	0.14974897	0.00029329475	
S00111.tib_ant.KL               	1.2861914	1.281357	0.0047981758	
S00111.tib_ant.L0               	0.75979678	0.75994406	0.00051479935	
S00111.tib_ant.KS               	0.00015652	0.00015969274	0.00015811523	
S11000.tib_ant.KL               	1.2439835	1.2411514	0.0027719174	
S11000.tib_ant.L0               	0.7380542	0.73783334	0.00039879516	
S11000.tib_ant.KS               	0.035206092	0.035023549	0.00024846933	
S11111.tib_ant-soleus.KF        	-0.10958148	-0.10940443	0.00042986165	
S00111.soleus-tib_ant.KS        	-0.86865776	-0.8723021	0.0052490821	
S11000.soleus-tib_ant.KS        	-3.3355724	-3.3289343	0.00635681	
S00111.gastroc-tib_ant.KS       	-0.3251135	-0.33076918	0.0041814941	
S11000.gastroc-tib_ant.KS       	-1.6844428	-1.6708928	0.0052937005	
S00111.tib_ant-gastroc.KS       	-0.00357534	-0.0038615539	0.031282865	
S11000.tib_ant-gastroc.KS       	-0.00366451	-0.0034437244	0.030575923	
S00111.tib_ant-soleus.KS        	-0.00346517	-0.003204098	0.032113456	
S11000.tib_ant-soleus.KS        	-0.0034666	-0.0033227122	0.030749289	
S00111.gastroc.KL               	0.080466768	0.079032164	0.0040841541	
S00111.gastroc.L0               	0.82685287	0.82835987	0.0020354983	
S00111.gastroc.KF               	1.4100779	1.4097795	0.00027800255	
S00111.soleus.KL                	4.0623546	4.0640802	0.0046740725	
S00111.soleus.L0                	0.96479146	0.96393056	0.0012116348	
S00111.soleus.KF                	0.22718913	0.22657452	0.00039380479	
S11000.gastroc.KL               	0.00837043	0.0090270871	0.0031238921	
S11000.gastroc.L0               	0.53878595	0.53713702	0.0021655053	
S11000.gastroc.KF               	-1.8336674	-1.8238348	0.0051021798	
S11000.gastroc.KS               	0.26387228	0.2639288	0.0043082098	
S11000.soleus.KL                	0.80363693	0.80872813	0.0085571035	
S11000.soleus.L0                	0.89036794	0.88691199	0.002017962	
S11000.soleus.KF                	-0.89134382	-0.90170567	0.0081569179	
S11000.soleus.KS                	0.11302564	0.10842164	0.0060021836	
S00011.vasti.KF                 	0.81637356	0.81548482	0.001150639	
S00011.vasti.C0                 	0.085384682	0.085485057	0.00024555168	
S00011.vasti-knee_angle.pos_max 	-0.29808265	-0.29841553	0.00039638015	
S00011.hamstrings-pelvis_tilt.KP	0.72066736	0.7184224	0.0043203833	
S00011.hamstrings-pelvis_tilt.KV	0.56325413	0.56315103	0.00022593109	
S00011.hamstrings-pelvis_tilt.C0	0.025790912	0.026380292	0.00045073346	
S00011.glut_max-pelvis_tilt.KP  	1.5497465	1.5569003	0.0037404016	
S00011.glut_max-pelvis_tilt.KV  	0.31875426	0.31861043	0.00023681627	
S00011.glut_max-pelvis_tilt.C0  	0.1586953	0.15832295	0.00038647	
S00011.iliopsoas-pelvis_tilt.KP 	-3.4620873	-3.4633956	0.0063277882	
S00011.iliopsoas-pelvis_tilt.KV 	-0.54428625	-0.54431465	0.00028330706	
S00011.iliopsoas-pelvis_tilt.C0 	0.33632568	0.33565034	0.0006112032	
S00100.iliopsoas.C0             	0.33736292	0.3382503	0.00034154162	
S00100.glut_max.C0              	-0.024594945	-0.0245602	0.00024629516	
S11000.iliopsoas.KL             	0.56411026	0.56393364	0.00028903523	
S11000.iliopsoas.L0             	0.38773272	0.3880322	0.00032117433	
S11000.iliopsoas-pelvis_tilt.P0 	-0.0448243	-0.044675825	0.00025186769	
S11000.iliopsoas-pelvis_tilt.KP 	0.01082572	0.011362214	0.0012696759	
S11000.iliopsoas-pelvis_tilt.KV 	0.1397395	0.13940106	0.00029688844	
S11000.iliopsoas-hamstrings.KL  	-8.3540771	-8.3564711	0.010470917	
S11000.iliopsoas-hamstrings.L0  	1.1775313	1.1772215	0.0002623162	
S11000.hamstrings.KF            	0.57236699	0.57193164	0.00023060627	
S11000.glut_max.KF              	0.62076826	0.62116942	0.00026197536	
