pelvis_tilt.offset              	0.021073227	0.021143519	0.0006220629	
hip_flexion_r.offset            	0.070378896	0.069834276	0.00059358088	
knee_angle_r.offset             	-0.0012503362	-0.00081402301	0.00064661979	
ankle_angle_r.offset            	-0.055933332	-0.056636966	0.00085193274	
hip_flexion_l.offset            	-0.0047049154	-0.0037593298	0.0012248054	
knee_angle_l.offset             	0.055972313	0.056790915	0.00092447162	
ankle_angle_l.offset            	0.18831054	0.18923272	0.00088578648	
stance_load_threshold           	0.15305225	0.15260152	0.00097277196	
S00111.tib_ant.KL               	1.2690138	1.2697097	0.01614435	
S00111.tib_ant.L0               	0.76428328	0.76395734	0.0017296365	
S00111.tib_ant.KS               	0.000173	0.00016491969	0.00065567983	
S11000.tib_ant.KL               	1.2300749	1.2183671	0.0091947841	
S11000.tib_ant.L0               	0.73269873	0.73124022	0.001363251	
S11000.tib_ant.KS               	0.034294836	0.035415633	0.00083768811	
S11111.tib_ant-soleus.KF        	-0.11118249	-0.11167203	0.0014368358	
S00111.soleus-tib_ant.KS        	-0.82075397	-0.84425529	0.018182011	
S11000.soleus-tib_ant.KS        	-3.263056	-3.295581	0.021472445	
S00111.gastroc-tib_ant.KS       	-0.33540242	-0.33671409	0.015441109	
S11000.gastroc-tib_ant.KS       	-1.7150778	-1.7380432	0.017953221	
S00111.tib_ant-gastroc.KS       	-0.00395169	-0.0038084321	0.12974639	
S11000.tib_ant-gastroc.KS       	-0.00366451	-0.0034974076	0.12681436	
S00111.tib_ant-soleus.KS        	-0.00313515	-0.0033736674	0.13319137	
S11000.tib_ant-soleus.KS        	-0.00313645	-0.0033689328	0.12753343	
S00111.gastroc.KL               	0.08315732	0.079940153	0.016245503	
S00111.gastroc.L0               	0.82105827	0.82079085	0.0071036356	
S00111.gastroc.KF               	1.414726	1.4143107	0.00091436976	
S00111.gastroc.KS               	0.16389752	0.1725489	0.0076351034	
S00111.soleus.KL                	3.9794043	3.9654232	0.016035201	
S00111.soleus.L0                	0.96918983	0.96521962	0.0039844367	
S00111.soleus.KF                	0.22173054	0.22031893	0.0013377699	
S00111.soleus.KS                	0.14946728	0.15338653	0.011061958	
S11000.gastroc.KL               	0.00925153	0.0089338236	0.012941264	
S11000.gastroc.L0               	0.51406813	0.51809968	0.007406402	
S11000.gastroc.KF               	-1.7707187	-1.8014873	0.01764879	
S11000.soleus.KL                	0.84260236	0.82242969	0.030159925	
S11000.soleus.L0                	0.89429265	0.89332127	0.0068627144	
S11000.soleus.KF                	-0.93805205	-0.93003568	0.028287502	
S00011.vasti.KF                 	0.83273762	0.82934307	0.0038113666	
S00011.vasti.C0                 	0.080904401	0.080796704	0.00084048636	
S00011.vasti-knee_angle.pos_max 	-0.30121022	-0.30195779	0.0013208594	
S00011.hamstrings-pelvis_tilt.KP	0.71188667	0.69264175	0.015018508	
S00011.hamstrings-pelvis_tilt.KV	0.56413485	0.56442561	0.00077622412	
S00011.hamstrings-pelvis_tilt.C0	0.026668112	0.026991348	0.0016135323	
S00011.glut_max-pelvis_tilt.KP  	1.5144065	1.5323814	0.012470893	
S00011.glut_max-pelvis_tilt.KV  	0.31372539	0.31278358	0.00078736464	
S00011.glut_max-pelvis_tilt.C0  	0.15944314	0.15802273	0.0013180277	
S00011.iliopsoas-pelvis_tilt.KP 	-3.5244215	-3.5163456	0.021139338	
S00011.iliopsoas-pelvis_tilt.KV 	-0.54308327	-0.54295337	0.00096887496	
S00011.iliopsoas-pelvis_tilt.C0 	0.33357879	0.33727126	0.0020777588	
S00100.iliopsoas.C0             	0.33818862	0.33748861	0.001141688	
S00100.glut_max.C0              	-0.025344627	-0.024641866	0.00085031204	
S11000.iliopsoas.KL             	0.56493785	0.56495035	0.00097927345	
S11000.iliopsoas.L0             	0.39342136	0.39257169	0.0010863462	
S11000.iliopsoas-pelvis_tilt.P0 	-0.043669808	-0.044586616	0.00086127039	
S11000.iliopsoas-pelvis_tilt.KP 	0.011905084	0.011242716	0.0052110609	
S11000.iliopsoas-pelvis_tilt.KV 	0.14407916	0.14217624	0.0010068421	
S11000.iliopsoas-hamstrings.KL  	-8.2731557	-8.2184273	0.035671694	
S11000.iliopsoas-hamstrings.L0  	1.1650975	1.1648786	0.00080143316	
S11000.hamstrings.KF            	0.57673975	0.57554919	0.00077775501	
S11000.glut_max.KF              	0.62129526	0.6208662	0.0008881124	
