pelvis_tilt.offset              	0.020505692	0.020515847	1.2380765e-05	
hip_flexion_r.offset            	0.070330426	0.070344824	1.1468518e-05	
knee_angle_r.offset             	7.4736653e-05	6.2264384e-05	1.2714112e-05	
ankle_angle_r.offset            	-0.056910703	-0.056915359	1.625943e-05	
hip_flexion_l.offset            	-0.0030822988	-0.0031017271	2.3906553e-05	
knee_angle_l.offset             	0.056664386	0.056687808	1.8460409e-05	
ankle_angle_l.offset            	0.1885936	0.18858902	1.7829359e-05	
stance_load_threshold           	0.15077544	0.15075778	1.9311989e-05	
S00111.tib_ant.KL               	1.2645929	1.2647022	0.00033072987	
S00111.tib_ant.L0               	0.76259882	0.76264564	3.3441301e-05	
S00111.tib_ant.KS               	0.00015718956	0.0001622577	6.4204389e-06	
S11000.tib_ant.KL               	1.2207488	1.2207366	0.0001814377	
S11000.tib_ant.L0               	0.73102389	0.73099779	2.6832664e-05	
S11000.tib_ant.KS               	0.035538499	0.035533132	1.6142707e-05	
S11111.tib_ant-soleus.KF        	-0.11263499	-0.11265196	2.860706e-05	
S00111.soleus-tib_ant.KS        	-0.80908662	-0.80951692	0.00031089015	
S11000.soleus-tib_ant.KS        	-3.2710684	-3.2701995	0.00043047303	
S00111.gastroc-tib_ant.KS       	-0.32917096	-0.32916987	0.0002443066	
S11000.gastroc-tib_ant.KS       	-1.7054275	-1.7049468	0.00035222034	
S00111.tib_ant-gastroc.KS       	-0.00357534	-0.0037385713	0.0011613088	
S11000.tib_ant-gastroc.KS       	-0.00366451	-0.0033978522	0.001134843	
S00111.tib_ant-soleus.KS        	-0.00346517	-0.0033355023	0.0011913853	
S11000.tib_ant-soleus.KS        	-0.00313645	-0.0033381936	0.0011410235	
S00111.gastroc.KL               	0.079715442	0.079654877	0.00025223282	
S00111.gastroc.L0               	0.82511059	0.82519573	0.00013817781	
S00111.gastroc.KF               	1.4134835	1.4134529	1.8321941e-05	
S00111.gastroc.KS               	0.1657619	0.16591505	0.000123298	
S00111.soleus.KL                	3.9989671	3.9986452	0.00032493302	
S00111.soleus.L0                	0.97231147	0.97226878	7.336762e-05	
S00111.soleus.KF                	0.2206892	0.22070398	2.5739927e-05	
S00111.soleus.KS                	0.15515224	0.15476895	0.00019263628	
S11000.gastroc.KL               	0.0085787595	0.0086313782	0.00014770123	
S11000.gastroc.L0               	0.52351069	0.52335101	0.00014133128	
S11000.gastroc.KF               	-1.8451646	-1.8457131	0.00035886676	
S11000.soleus.KL                	0.76616048	0.7667299	0.00055800354	
S11000.soleus.L0                	0.88626862	0.88617512	0.00013621962	
S11000.soleus.KF                	-0.90833292	-0.90753903	0.00055466066	
S00011.vasti.KF                 	0.82850419	0.82862696	7.428016e-05	
S00011.vasti.C0                 	0.082327283	0.082334893	1.5032654e-05	
S00011.vasti-knee_angle.pos_max 	-0.30062611	-0.30059707	2.5766673e-05	
S00011.hamstrings-pelvis_tilt.KP	0.70717339	0.70720901	0.00030306763	
S00011.hamstrings-pelvis_tilt.KV	0.56534403	0.56535638	1.5361096e-05	
S00011.hamstrings-pelvis_tilt.C0	0.027278822	0.027278077	3.0920428e-05	
S00011.glut_max-pelvis_tilt.KP  	1.4949856	1.4948057	0.00024766206	
S00011.glut_max-pelvis_tilt.KV  	0.31311152	0.31308464	1.4995733e-05	
S00011.glut_max-pelvis_tilt.C0  	0.15936707	0.15933925	2.5193229e-05	
S00011.iliopsoas-pelvis_tilt.KP 	-3.5792814	-3.5793516	0.0004331374	
S00011.iliopsoas-pelvis_tilt.KV 	-0.54172144	-0.54174892	1.8387053e-05	
S00011.iliopsoas-pelvis_tilt.C0 	0.33925258	0.33924139	4.2340902e-05	
S00100.iliopsoas.C0             	0.33603876	0.3360152	2.2126424e-05	
S00100.glut_max.C0              	-0.023878329	-0.023862855	1.624429e-05	
S11000.iliopsoas.KL             	0.56110759	0.56110673	2.0082184e-05	
S11000.iliopsoas.L0             	0.39312576	0.39312467	2.0709687e-05	
S11000.iliopsoas-pelvis_tilt.P0 	-0.043190355	-0.043167748	1.677592e-05	
S11000.iliopsoas-pelvis_tilt.KP 	0.011444814	0.011398839	7.1209566e-05	
S11000.iliopsoas-pelvis_tilt.KV 	0.14198531	0.14198914	1.9707854e-05	
S11000.iliopsoas-hamstrings.KL  	-8.2221702	-8.2221003	0.00073966585	
S11000.iliopsoas-hamstrings.L0  	1.1659707	1.1659684	1.5186193e-05	
S11000.hamstrings.KF            	0.57665658	0.57665926	1.4708437e-05	
S11000.glut_max.KF              	0.62098589	0.62098249	1.8397999e-05	
