pelvis_tilt.offset              	0.020498359	0.020493016	7.1824564e-06	
hip_flexion_r.offset            	0.070307434	0.070300053	6.8995252e-06	
knee_angle_r.offset             	0.00012030447	0.000126116	7.541237e-06	
ankle_angle_r.offset            	-0.056919672	-0.056917659	9.8409842e-06	
hip_flexion_l.offset            	-0.0032510839	-0.0032734913	1.470799e-05	
knee_angle_l.offset             	0.056699241	0.056691711	1.0768204e-05	
ankle_angle_l.offset            	0.18850826	0.18851109	1.0659925e-05	
stance_load_threshold           	0.15067695	0.15069332	1.1269901e-05	
S00111.tib_ant.KL               	1.2639959	1.2642922	0.00019187105	
S00111.tib_ant.L0               	0.76256649	0.76259809	1.9496049e-05	
S00111.tib_ant.KS               	0.00016740134	0.00016673062	3.4084549e-06	
S11000.tib_ant.KL               	1.2208234	1.2209799	0.00010517068	
S11000.tib_ant.L0               	0.7310509	0.73104131	1.5605261e-05	
S11000.tib_ant.KS               	0.035535056	0.035538832	9.9188374e-06	
S11111.tib_ant-soleus.KF        	-0.11245102	-0.11244859	1.7816196e-05	
S00111.soleus-tib_ant.KS        	-0.80909441	-0.80926086	0.00017482191	
S11000.soleus-tib_ant.KS        	-3.2696841	-3.2696243	0.00025198485	
S00111.gastroc-tib_ant.KS       	-0.32871207	-0.32871628	0.00013966453	
S11000.gastroc-tib_ant.KS       	-1.7032123	-1.7032989	0.0002119913	
S00111.tib_ant-gastroc.KS       	-0.00357534	-0.0038010621	0.00049633103	
S11000.tib_ant-gastroc.KS       	-0.0034835129	-0.0034636342	0.00048438431	
S00111.tib_ant-soleus.KS        	-0.00313515	-0.003343723	0.00050733219	
S11000.tib_ant-soleus.KS        	-0.0031575423	-0.0032550141	0.00048633482	
S00111.gastroc.KL               	0.078506537	0.078481972	0.00015584917	
S00111.gastroc.L0               	0.82563011	0.82568576	8.2837736e-05	
S00111.gastroc.KF               	1.4133561	1.4133748	1.0764235e-05	
S00111.gastroc.KS               	0.1660843	0.16597843	7.0705722e-05	
S00111.soleus.KL                	3.9993391	3.9993427	0.00018824837	
S00111.soleus.L0                	0.97220523	0.97222573	4.1978573e-05	
S00111.soleus.KF                	0.22084487	0.22084659	1.5278001e-05	
S00111.soleus.KS                	0.15509878	0.15493271	0.00011345435	
S11000.gastroc.KL               	0.0087538331	0.0087173483	8.6138181e-05	
S11000.gastroc.L0               	0.52295514	0.52287031	8.2348812e-05	
S11000.gastroc.KF               	-1.844656	-1.8450007	0.00021106544	
S11000.soleus.KL                	0.7641941	0.76491057	0.00033497039	
S11000.soleus.L0                	0.88548185	0.88557351	8.0321062e-05	
S11000.soleus.KF                	-0.90775946	-0.90800047	0.00032287559	
S00011.vasti.KF                 	0.82843632	0.82850063	4.3172457e-05	
S00011.vasti.C0                 	0.082332824	0.082328773	8.6971448e-06	
S00011.vasti-knee_angle.pos_max 	-0.30074824	-0.30076264	1.5257881e-05	
S00011.hamstrings-pelvis_tilt.KP	0.70634078	0.70658498	0.0001814857	
S00011.hamstrings-pelvis_tilt.KV	0.56532326	0.56532325	9.3184243e-06	
S00011.hamstrings-pelvis_tilt.C0	0.027200435	0.027185757	1.8769046e-05	
S00011.glut_max-pelvis_tilt.KP  	1.4941609	1.4941177	0.00014323698	
S00011.glut_max-pelvis_tilt.KV  	0.31308937	0.31308654	8.6674573e-06	
S00011.glut_max-pelvis_tilt.C0  	0.15932254	0.15932071	1.4443013e-05	
S00011.iliopsoas-pelvis_tilt.KP 	-3.5813184	-3.5812416	0.00025926425	
S00011.iliopsoas-pelvis_tilt.KV 	-0.54174472	-0.54174761	1.0531249e-05	
S00011.iliopsoas-pelvis_tilt.C0 	0.33941727	0.33937375	2.4889813e-05	
S00100.iliopsoas.C0             	0.33600256	0.33602314	1.3023916e-05	
S00100.glut_max.C0              	-0.023846755	-0.023850484	9.5424794e-06	
S11000.iliopsoas.KL             	0.56118995	0.56119174	1.1499989e-05	
S11000.iliopsoas.L0             	0.39316532	0.39314327	1.2471933e-05	
S11000.iliopsoas-pelvis_tilt.P0 	-0.043198583	-0.043191123	9.9623301e-06	
S11000.iliopsoas-pelvis_tilt.KP 	0.011767888	0.011760042	4.2463128e-05	
S11000.iliopsoas-pelvis_tilt.KV 	0.14208255	0.14208424	1.1614265e-05	
S11000.iliopsoas-hamstrings.KL  	-8.2220416	-8.2218245	0.00043213323	
S11000.iliopsoas-hamstrings.L0  	1.1660076	1.1659861	8.9322274e-06	
S11000.hamstrings.KF            	0.57654214	0.57654488	9.0639928e-06	
S11000.glut_max.KF              	0.62100612	0.6210049	1.0741806e-05	
