pelvis_tilt.offset              	0.022517933	0.022703903	0.001250799	
hip_flexion_r.offset            	0.071978871	0.070449732	0.0011723892	
knee_angle_r.offset             	0.00011060773	-0.00061177837	0.0012841134	
ankle_angle_r.offset            	-0.056760146	-0.056098271	0.0016787837	
hip_flexion_l.offset            	-0.0045053147	-0.0057310862	0.0023834975	
knee_angle_l.offset             	0.056230959	0.056343578	0.0018336268	
ankle_angle_l.offset            	0.1868741	0.18799547	0.0017544605	
stance_load_threshold           	0.15425321	0.15233854	0.0019315215	
S00111.tib_ant.KL               	1.2687084	1.2483608	0.031980036	
S00111.tib_ant.L0               	0.77042068	0.77151784	0.0034490903	
S00111.tib_ant.KS               	0.000173	0.00016200538	0.0013805298	
S11000.tib_ant.KL               	1.1673859	1.1720048	0.018178451	
S11000.tib_ant.L0               	0.73509344	0.73834769	0.0026517752	
S11000.tib_ant.KS               	0.03489109	0.036273842	0.0016931821	
S11111.tib_ant-soleus.KF        	-0.1095202	-0.10979112	0.002892009	
S00111.soleus-tib_ant.KS        	-0.82603329	-0.85139444	0.036809311	
S11000.soleus-tib_ant.KS        	-3.2938446	-3.2452929	0.042463755	
S00111.gastroc-tib_ant.KS       	-0.32171493	-0.33224824	0.031963765	
S11000.gastroc-tib_ant.KS       	-1.6668855	-1.6756664	0.035452424	
S00111.tib_ant-gastroc.KS       	-0.00395169	-0.0038047097	0.27318147	
S11000.tib_ant-gastroc.KS       	-0.00366451	-0.0034714987	0.26700808	
S00111.tib_ant-soleus.KS        	-0.00346517	-0.0032119506	0.2804349	
S11000.tib_ant-soleus.KS        	-0.00313645	-0.0031844861	0.26852207	
S00111.gastroc.KL               	0.08315732	0.078269323	0.03414768	
S00111.gastroc.L0               	0.81683623	0.81893179	0.014056229	
S00111.gastroc.KF               	1.4160191	1.4122857	0.0017938398	
S00111.soleus.KL                	3.9809275	4.0256	0.031287986	
S00111.soleus.L0                	0.96535219	0.96093117	0.0080959679	
S00111.soleus.KF                	0.22974475	0.22943824	0.0026009602	
S11000.gastroc.KL               	0.00837043	0.0089341021	0.027246997	
S11000.gastroc.L0               	0.53761892	0.52936743	0.014844735	
S11000.gastroc.KF               	-1.8804679	-1.8210815	0.034931298	
S11000.gastroc.KS               	0.25231886	0.2651066	0.032290779	
S11000.soleus.KL                	0.84260236	0.81416475	0.061988257	
S11000.soleus.L0                	0.89078039	0.8900248	0.013597473	
S11000.soleus.KF                	-0.9242084	-0.92092836	0.057609359	
S11000.soleus.KS                	0.1022613	0.10947972	0.05059528	
S00011.vasti.KF                 	0.82477558	0.82207115	0.0076273493	
S00011.vasti.C0                 	0.084966584	0.083192136	0.0017208749	
S00011.vasti-knee_angle.pos_max 	-0.30659125	-0.30679528	0.0026416368	
S00011.hamstrings-pelvis_tilt.KP	0.70302179	0.72422076	0.030224067	
S00011.hamstrings-pelvis_tilt.KV	0.56337981	0.56500621	0.0015376446	
S00011.hamstrings-pelvis_tilt.C0	0.027266633	0.02595385	0.003352586	
S00011.glut_max-pelvis_tilt.KP  	1.5291247	1.5045493	0.024899395	
S00011.glut_max-pelvis_tilt.KV  	0.31621292	0.31655992	0.0015606834	
S00011.glut_max-pelvis_tilt.C0  	0.1587502	0.15971921	0.0026326572	
S00011.iliopsoas-pelvis_tilt.KP 	-3.5641125	-3.4834513	0.04187412	
S00011.iliopsoas-pelvis_tilt.KV 	-0.54462263	-0.54408112	0.001911022	
S00011.iliopsoas-pelvis_tilt.C0 	0.34072254	0.3374084	0.0041280055	
S00100.iliopsoas.C0             	0.33628821	0.3371075	0.0022605227	
S00100.glut_max.C0              	-0.02342065	-0.024432483	0.0017383718	
S11000.iliopsoas.KL             	0.56227823	0.56277016	0.0019436043	
S11000.iliopsoas.L0             	0.38645303	0.38955047	0.0021499805	
S11000.iliopsoas-pelvis_tilt.P0 	-0.044755635	-0.043796522	0.0017272072	
S11000.iliopsoas-pelvis_tilt.KP 	0.01196527	0.01121897	0.010968402	
S11000.iliopsoas-pelvis_tilt.KV 	0.14642111	0.14424164	0.0019923378	
S11000.iliopsoas-hamstrings.KL  	-8.3094718	-8.3113949	0.070381754	
S11000.iliopsoas-hamstrings.L0  	1.1662202	1.1672519	0.0016120663	
S11000.hamstrings.KF            	0.57620342	0.57503036	0.0015410561	
S11000.glut_max.KF              	0.62339978	0.62324892	0.001753452	
