pelvis_tilt.offset              	0.022958987	0.02095845	0.001396514	
hip_flexion_r.offset            	0.068129368	0.0691545	0.0013206759	
knee_angle_r.offset             	-0.0015306119	0.0010138948	0.0014447941	
ankle_angle_r.offset            	-0.057047514	-0.056651524	0.0018835041	
hip_flexion_l.offset            	-0.0066536474	-0.0055304129	0.0026774562	
knee_angle_l.offset             	0.056302813	0.056722105	0.0020580288	
ankle_angle_l.offset            	0.18866419	0.18740254	0.0019720705	
stance_load_threshold           	0.15123251	0.15239158	0.0021649242	
S00111.tib_ant.KL               	1.2729411	1.2584044	0.035926518	
S00111.tib_ant.L0               	0.76068606	0.76502912	0.0038587678	
S00111.tib_ant.KS               	0.000173	0.00016397675	0.001563819	
S11000.tib_ant.KL               	1.1999149	1.197441	0.0204287	
S11000.tib_ant.L0               	0.74032502	0.7381874	0.0029782006	
S11000.tib_ant.KS               	0.03726336	0.035719082	0.0019098895	
S11111.tib_ant-soleus.KF        	-0.11518397	-0.10998213	0.0032437448	
S00111.soleus-tib_ant.KS        	-0.89402901	-0.87919579	0.041469268	
S11000.soleus-tib_ant.KS        	-3.2899751	-3.2725103	0.047600457	
S00111.gastroc-tib_ant.KS       	-0.32280516	-0.33140315	0.036159017	
S11000.gastroc-tib_ant.KS       	-1.6719541	-1.666942	0.039812937	
S00111.tib_ant-gastroc.KS       	-0.00395169	-0.0038133965	0.30945111	
S11000.tib_ant-gastroc.KS       	-0.00331551	-0.0035142087	0.30245809	
S00111.tib_ant-soleus.KS        	-0.00313515	-0.00332359	0.31766755	
S11000.tib_ant-soleus.KS        	-0.00313645	-0.003331166	0.30417309	
S00111.gastroc.L0               	0.82857142	0.83519275	0.015776474	
S00111.gastroc.KF               	1.4103717	1.4114251	0.0020098269	
S00111.gastroc.KS               	0.16049832	0.17225311	0.017868817	
S00111.soleus.L0                	0.99077381	0.97378668	0.0090491621	
S00111.soleus.KF                	0.22680284	0.2298649	0.0029150289	
S00111.soleus.KS                	0.14946728	0.15665904	0.026110884	
S11000.gastroc.KL               	0.00925153	0.0088269421	0.030864446	
S11000.gastroc.L0               	0.50122225	0.52429731	0.016642944	
S11000.gastroc.KF               	-1.8798252	-1.8107967	0.039159634	
S11000.gastroc.KS               	0.25231886	0.26736306	0.036530175	
S11000.soleus.KL                	0.76235452	0.81260965	0.070035247	
S11000.soleus.L0                	0.90513611	0.90219963	0.015274492	
S11000.soleus.KF                	-0.86753488	-0.90770568	0.065055046	
S11000.soleus.KS                	0.11302564	0.10684832	0.057307191	
S00011.vasti.KF                 	0.81306843	0.81494911	0.0085573429	
S00011.vasti.C0                 	0.083778543	0.083714293	0.0019335057	
S00011.vasti-knee_angle.pos_max 	-0.31040079	-0.30507104	0.0029497381	
S00011.hamstrings-pelvis_tilt.KP	0.70097406	0.69618347	0.034099581	
S00011.hamstrings-pelvis_tilt.KV	0.56465123	0.56633053	0.0017220142	
S00011.hamstrings-pelvis_tilt.C0	0.02514159	0.025746794	0.0037932217	
S00011.glut_max-pelvis_tilt.KP  	1.5060719	1.4901467	0.02789148	
S00011.glut_max-pelvis_tilt.KV  	0.31327363	0.31355788	0.0017502565	
S00011.glut_max-pelvis_tilt.C0  	0.16042935	0.15949791	0.0029445825	
S00011.iliopsoas-pelvis_tilt.KP 	-3.4754738	-3.4968602	0.047077113	
S00011.iliopsoas-pelvis_tilt.KV 	-0.54726857	-0.54396736	0.0021452212	
S00011.iliopsoas-pelvis_tilt.C0 	0.33124188	0.3315103	0.0046311593	
S00100.iliopsoas.C0             	0.33791797	0.33672308	0.0025341605	
S00100.glut_max.C0              	-0.02342065	-0.024528529	0.0019640852	
S11000.iliopsoas.KL             	0.56170115	0.56057821	0.0021675925	
S11000.iliopsoas.L0             	0.39025697	0.39114918	0.0024067441	
S11000.iliopsoas-pelvis_tilt.P0 	-0.04641831	-0.044864407	0.0019435515	
S11000.iliopsoas-pelvis_tilt.KP 	0.01082572	0.011282126	0.012424384	
S11000.iliopsoas-pelvis_tilt.KV 	0.1450794	0.14513094	0.0022311509	
S11000.iliopsoas-hamstrings.KL  	-8.3294431	-8.2628295	0.078912165	
S11000.iliopsoas-hamstrings.L0  	1.1645344	1.1659042	0.0018035005	
S11000.hamstrings.KF            	0.57452199	0.57516864	0.0017321539	
S11000.glut_max.KF              	0.62279807	0.62159788	0.0019676452	
