pelvis_tilt.offset              	0.021156039	0.02212408	0.0010924433	
hip_flexion_r.offset            	0.067121585	0.067691279	0.0010290493	
knee_angle_r.offset             	-0.00082823966	-0.0015015002	0.0011330318	
ankle_angle_r.offset            	-0.056109582	-0.057184336	0.0014663005	
hip_flexion_l.offset            	-0.0099942741	-0.0091095024	0.0020962105	
knee_angle_l.offset             	0.055764057	0.056507364	0.0016071808	
ankle_angle_l.offset            	0.18473345	0.18536019	0.0015324803	
stance_load_threshold           	0.15119504	0.14956189	0.0016921535	
S00111.tib_ant.KL               	1.2189269	1.2499305	0.027945786	
S00111.tib_ant.L0               	0.75649935	0.76072288	0.0030132131	
S00111.tib_ant.KS               	0.00015652	0.00016731643	0.001190379	
S11000.tib_ant.KL               	1.176507	1.1974409	0.015923157	
S11000.tib_ant.L0               	0.73167755	0.73573325	0.0023247297	
S11000.tib_ant.KS               	0.036143828	0.036902544	0.0014705871	
S11111.tib_ant-soleus.KF        	-0.10965687	-0.1108267	0.0025226457	
S00111.soleus-tib_ant.KS        	-0.8354981	-0.85017169	0.032115238	
S11000.soleus-tib_ant.KS        	-3.3249971	-3.3020767	0.037250811	
S00111.gastroc-tib_ant.KS       	-0.33823655	-0.33980597	0.027675623	
S11000.gastroc-tib_ant.KS       	-1.6084914	-1.6530393	0.03107304	
S00111.tib_ant-gastroc.KS       	-0.00395169	-0.0037580061	0.23555395	
S11000.tib_ant-gastroc.KS       	-0.00331551	-0.0034917094	0.23023087	
S00111.tib_ant-soleus.KS        	-0.00313515	-0.0032943962	0.2418083	
S11000.tib_ant-soleus.KS        	-0.0034666	-0.0033687985	0.23153633	
S00111.gastroc.L0               	0.84972415	0.8317052	0.01234399	
S00111.gastroc.KF               	1.4118789	1.4108202	0.0015696263	
S00111.gastroc.KS               	0.16981519	0.17337872	0.013667435	
S00111.soleus.L0                	1.0161734	1.0017246	0.0071816188	
S00111.soleus.KF                	0.2301762	0.23314204	0.0022884098	
S00111.soleus.KS                	0.15692959	0.15620984	0.019920193	
S11000.gastroc.KL               	0.00837043	0.0087663696	0.023494164	
S11000.gastroc.L0               	0.51243399	0.52130277	0.012932841	
S11000.gastroc.KF               	-1.9071362	-1.8622339	0.030563195	
S11000.gastroc.KS               	0.25231886	0.26755566	0.027907237	
S11000.soleus.KL                	0.84260236	0.7929527	0.053727513	
S11000.soleus.L0                	0.89837654	0.91030162	0.01189837	
S11000.soleus.KF                	-0.90845633	-0.9171114	0.049977308	
S11000.soleus.KS                	0.11220538	0.1089408	0.0436347	
S00011.vasti.KF                 	0.81673268	0.81631405	0.006659875	
S00011.vasti.C0                 	0.08353049	0.083972461	0.0014992422	
S00011.vasti-knee_angle.pos_max 	-0.3039032	-0.30565909	0.0023033771	
S00011.hamstrings-pelvis_tilt.KP	0.70327877	0.68134926	0.026233727	
S00011.hamstrings-pelvis_tilt.KV	0.56731209	0.56746071	0.0013385362	
S00011.hamstrings-pelvis_tilt.C0	0.02514159	0.026342731	0.0028962662	
S00011.glut_max-pelvis_tilt.KP  	1.4623285	1.4953122	0.021713208	
S00011.glut_max-pelvis_tilt.KV  	0.31366323	0.3144848	0.0013648588	
S00011.glut_max-pelvis_tilt.C0  	0.15253372	0.15704511	0.0022987076	
S00011.iliopsoas-pelvis_tilt.KP 	-3.4549845	-3.4823486	0.03659869	
S00011.iliopsoas-pelvis_tilt.KV 	-0.54353337	-0.5438204	0.001673447	
S00011.iliopsoas-pelvis_tilt.C0 	0.33080913	0.33268036	0.0036012819	
S00100.iliopsoas.C0             	0.33980787	0.33773503	0.0019743108	
S00100.glut_max.C0              	-0.02588599	-0.025298017	0.0015076288	
S11000.iliopsoas.KL             	0.56018004	0.56031915	0.0016947902	
S11000.iliopsoas.L0             	0.3903849	0.38845646	0.0018811827	
S11000.iliopsoas-pelvis_tilt.P0 	-0.045616706	-0.044760274	0.0015058575	
S11000.iliopsoas-pelvis_tilt.KP 	0.01082572	0.011551082	0.0094581279	
S11000.iliopsoas-pelvis_tilt.KV 	0.14890888	0.14663531	0.0017407069	
S11000.iliopsoas-hamstrings.KL  	-8.0792355	-8.1369751	0.061384961	
S11000.iliopsoas-hamstrings.L0  	1.1640892	1.1654084	0.0013965531	
S11000.hamstrings.KF            	0.57734017	0.57742533	0.0013518885	
S11000.glut_max.KF              	0.61964716	0.6221826	0.0015465405	
