pelvis_tilt.offset              	0.020097788	0.021821418	0.0010863095	
hip_flexion_r.offset            	0.066186527	0.067398077	0.0010248821	
knee_angle_r.offset             	-0.0019233845	-0.0011799241	0.0011265902	
ankle_angle_r.offset            	-0.05911296	-0.057201795	0.0014578099	
hip_flexion_l.offset            	-0.012072925	-0.0098832014	0.0020855158	
knee_angle_l.offset             	0.055293081	0.056656593	0.0015975018	
ankle_angle_l.offset            	0.18241777	0.18472234	0.0015251742	
stance_load_threshold           	0.15103387	0.15028693	0.0016821677	
S00111.tib_ant.KL               	1.2072054	1.2507473	0.027857531	
S00111.tib_ant.L0               	0.76063012	0.75970546	0.0029971818	
S00111.tib_ant.KS               	0.000173	0.00016254893	0.0011817308	
S11000.tib_ant.KL               	1.1946924	1.2021389	0.015853374	
S11000.tib_ant.L0               	0.7333564	0.73431517	0.0023179624	
S11000.tib_ant.KS               	0.03726336	0.036580222	0.0014612946	
S11111.tib_ant-soleus.KF        	-0.11167341	-0.11071355	0.0025077059	
S00111.soleus-tib_ant.KS        	-0.87212803	-0.85401299	0.031940409	
S11000.soleus-tib_ant.KS        	-3.3219228	-3.3121166	0.037065715	
S00111.gastroc-tib_ant.KS       	-0.32171493	-0.33379183	0.02749209	
S11000.gastroc-tib_ant.KS       	-1.7248353	-1.655415	0.030931649	
S00111.tib_ant-gastroc.KS       	-0.00395169	-0.0038668343	0.2338426	
S11000.tib_ant-gastroc.KS       	-0.00331551	-0.0034447705	0.22855819	
S00111.tib_ant-soleus.KS        	-0.00346517	-0.0033531746	0.24005151	
S11000.tib_ant-soleus.KS        	-0.0034666	-0.003364707	0.22985417	
S00111.gastroc.L0               	0.83738021	0.83628786	0.012278897	
S00111.gastroc.KF               	1.4079955	1.4101092	0.0015654066	
S00111.gastroc.KS               	0.17554263	0.16932372	0.013577078	
S00111.soleus.L0                	1.0051015	1.0039481	0.007174279	
S00111.soleus.KF                	0.23283044	0.23401598	0.0022831249	
S00111.soleus.KS                	0.16520068	0.15270173	0.019780039	
S11000.gastroc.KL               	0.00925153	0.0087992849	0.023323494	
S11000.gastroc.L0               	0.51363871	0.51824072	0.012856243	
S11000.gastroc.KF               	-1.8843438	-1.8671904	0.03043761	
S11000.gastroc.KS               	0.25352112	0.26259278	0.027717162	
S11000.soleus.KL                	0.83517801	0.80162565	0.053386412	
S11000.soleus.L0                	0.90374265	0.90990636	0.011827943	
S11000.soleus.KF                	-0.95885434	-0.91544081	0.049666341	
S11000.soleus.KS                	0.1022613	0.10894482	0.043318948	
S00011.vasti.KF                 	0.81533181	0.81638301	0.0066294212	
S00011.vasti.C0                 	0.085019492	0.08368939	0.0014903304	
S00011.vasti-knee_angle.pos_max 	-0.30110257	-0.30514054	0.0022915509	
S00011.hamstrings-pelvis_tilt.KP	0.70661347	0.69130217	0.026069235	
S00011.hamstrings-pelvis_tilt.KV	0.56730648	0.56676668	0.0013320409	
S00011.hamstrings-pelvis_tilt.C0	0.02778807	0.025900026	0.0028762277	
S00011.glut_max-pelvis_tilt.KP  	1.4940189	1.5011351	0.021637222	
S00011.glut_max-pelvis_tilt.KV  	0.31354543	0.31383515	0.0013588102	
S00011.glut_max-pelvis_tilt.C0  	0.15490061	0.15570299	0.0022895398	
S00011.iliopsoas-pelvis_tilt.KP 	-3.5611246	-3.4816223	0.036398727	
S00011.iliopsoas-pelvis_tilt.KV 	-0.54735233	-0.54385109	0.0016683063	
S00011.iliopsoas-pelvis_tilt.C0 	0.33898687	0.33199805	0.0035847635	
S00100.iliopsoas.C0             	0.3367435	0.3384221	0.001963525	
S00100.glut_max.C0              	-0.02457243	-0.02544612	0.0014975214	
S11000.iliopsoas.KL             	0.56105674	0.56069901	0.00168455	
S11000.iliopsoas.L0             	0.38943395	0.38962705	0.0018716478	
S11000.iliopsoas-pelvis_tilt.P0 	-0.043240612	-0.04478126	0.0014974895	
S11000.iliopsoas-pelvis_tilt.KP 	0.01082572	0.011344725	0.0093895054	
S11000.iliopsoas-pelvis_tilt.KV 	0.14989422	0.14747587	0.0017375268	
S11000.iliopsoas-hamstrings.KL  	-8.0622151	-8.1129384	0.061132671	
S11000.iliopsoas-hamstrings.L0  	1.1673964	1.1654194	0.0013895865	
S11000.hamstrings.KF            	0.57733585	0.57778372	0.0013445521	
S11000.glut_max.KF              	0.62101741	0.62101235	0.0015413427	
