pelvis_tilt.offset              	0.021051826	0.022452075	0.0011274246	
hip_flexion_r.offset            	0.067044904	0.066229096	0.0010624036	
knee_angle_r.offset             	0.00045322968	-0.0016593695	0.0011652134	
ankle_angle_r.offset            	-0.057033948	-0.057334555	0.0015104981	
hip_flexion_l.offset            	-0.009199805	-0.011291015	0.0021603453	
knee_angle_l.offset             	0.056932824	0.057216729	0.0016523454	
ankle_angle_l.offset            	0.18424205	0.18398239	0.001581864	
stance_load_threshold           	0.15116368	0.15040771	0.0017420715	
S00111.tib_ant.KL               	1.2277366	1.2188151	0.028867755	
S00111.tib_ant.L0               	0.76175953	0.76106352	0.0031073142	
S00111.tib_ant.KS               	0.000173	0.00016682566	0.0012139553	
S11000.tib_ant.KL               	1.2121096	1.1927551	0.016447399	
S11000.tib_ant.L0               	0.73230855	0.73069898	0.0024128595	
S11000.tib_ant.KS               	0.03726336	0.036428146	0.0015082856	
S11111.tib_ant-soleus.KF        	-0.11115594	-0.11225119	0.0025875421	
S00111.soleus-tib_ant.KS        	-0.8732234	-0.85948897	0.032959065	
S11000.soleus-tib_ant.KS        	-3.3171405	-3.3197473	0.038317723	
S00111.gastroc-tib_ant.KS       	-0.3407851	-0.33459346	0.028287176	
S11000.gastroc-tib_ant.KS       	-1.6703299	-1.6758306	0.032105371	
S00111.tib_ant-gastroc.KS       	-0.00395169	-0.0038002364	0.24021913	
S11000.tib_ant-gastroc.KS       	-0.00331551	-0.0034461077	0.23479062	
S00111.tib_ant-soleus.KS        	-0.00346517	-0.0033140077	0.24659735	
S11000.tib_ant-soleus.KS        	-0.0034666	-0.0032983229	0.23612194	
S00111.gastroc.L0               	0.81710283	0.8375865	0.012715301	
S00111.gastroc.KF               	1.4085508	1.4104452	0.0016182981	
S00111.gastroc.KS               	0.17739288	0.17348909	0.01396438	
S00111.soleus.L0                	1.0085076	1.0068289	0.0074570236	
S00111.soleus.KF                	0.23547115	0.23391084	0.0023687866	
S00111.soleus.KS                	0.16520068	0.1530313	0.020336661	
S11000.gastroc.KL               	0.00837043	0.008941677	0.023959551	
S11000.gastroc.L0               	0.50986637	0.51771744	0.013296439	
S11000.gastroc.KF               	-1.8791609	-1.8613946	0.031461208	
S11000.gastroc.KS               	0.26253331	0.25874908	0.028507577	
S11000.soleus.KL                	0.77401381	0.81512406	0.054967702	
S11000.soleus.L0                	0.90976329	0.90754179	0.012237721	
S11000.soleus.KF                	-0.92052551	-0.93647924	0.05119761	
S11000.soleus.KS                	0.1022613	0.10858749	0.04450423	
S00011.vasti.KF                 	0.82807605	0.81783838	0.0068578892	
S00011.vasti.C0                 	0.081828418	0.084370606	0.0015371983	
S00011.vasti-knee_angle.pos_max 	-0.30127488	-0.30334325	0.0023718229	
S00011.hamstrings-pelvis_tilt.KP	0.67671317	0.70281014	0.026908126	
S00011.hamstrings-pelvis_tilt.KV	0.56746658	0.56770401	0.0013782197	
S00011.hamstrings-pelvis_tilt.C0	0.02718598	0.027009254	0.0029587531	
S00011.glut_max-pelvis_tilt.KP  	1.4794341	1.4877509	0.022398974	
S00011.glut_max-pelvis_tilt.KV  	0.31402178	0.31395133	0.0014058151	
S00011.glut_max-pelvis_tilt.C0  	0.15620359	0.15545966	0.0023696768	
S00011.iliopsoas-pelvis_tilt.KP 	-3.4668053	-3.5170824	0.037670942	
S00011.iliopsoas-pelvis_tilt.KV 	-0.54680341	-0.54365009	0.0017299437	
S00011.iliopsoas-pelvis_tilt.C0 	0.33620899	0.3317943	0.0037201837	
S00100.iliopsoas.C0             	0.34076937	0.33784883	0.0020284974	
S00100.glut_max.C0              	-0.024484959	-0.024374485	0.0015430245	
S11000.iliopsoas.KL             	0.56550637	0.56311515	0.0017441211	
S11000.iliopsoas.L0             	0.39471525	0.39042655	0.0019345132	
S11000.iliopsoas-pelvis_tilt.P0 	-0.044308002	-0.04446438	0.0015475291	
S11000.iliopsoas-pelvis_tilt.KP 	0.01082572	0.011184735	0.0096457969	
S11000.iliopsoas-pelvis_tilt.KV 	0.14531055	0.14699406	0.0017989031	
S11000.iliopsoas-hamstrings.KL  	-8.0413974	-8.0915934	0.063445152	
S11000.iliopsoas-hamstrings.L0  	1.1662823	1.1662556	0.0014376773	
S11000.hamstrings.KF            	0.57864741	0.57769307	0.001394833	
S11000.glut_max.KF              	0.62283677	0.62181762	0.0015955303	
