pelvis_tilt.offset              	0.023381	0.023452661	0.00027522398	
hip_flexion_r.offset            	0.065833119	0.06609484	0.00026246311	
knee_angle_r.offset             	-8.6222009e-05	-0.00038758185	0.00028355936	
ankle_angle_r.offset            	-0.059074041	-0.059521057	0.00037112222	
hip_flexion_l.offset            	-0.010613989	-0.011062613	0.00053040405	
knee_angle_l.offset             	0.057104474	0.057370661	0.00039528785	
ankle_angle_l.offset            	0.18293122	0.18320429	0.00038960985	
stance_load_threshold           	0.15411456	0.15361749	0.00042705007	
S00111.tib_ant.KL               	1.2321496	1.2405472	0.0070225928	
S00111.tib_ant.L0               	0.75849186	0.75897478	0.00076486431	
S00111.tib_ant.KS               	0.00015652	0.00016445438	0.00025622667	
S11000.tib_ant.KL               	1.1572718	1.1657412	0.0039926771	
S11000.tib_ant.L0               	0.72591562	0.72613995	0.00061059811	
S11000.tib_ant.KS               	0.034702964	0.034968457	0.0003611725	
S11111.tib_ant-soleus.KF        	-0.1154196	-0.11476921	0.00062635745	
S00111.soleus-tib_ant.KS        	-0.86395648	-0.85117825	0.0079054169	
S11000.soleus-tib_ant.KS        	-3.2796942	-3.2923741	0.0095347735	
S00111.gastroc-tib_ant.KS       	-0.33439696	-0.33392499	0.0063653433	
S11000.gastroc-tib_ant.KS       	-1.732449	-1.7232022	0.0078289003	
S00111.tib_ant-gastroc.KS       	-0.00357534	-0.0038033379	0.0507	
S11000.tib_ant-gastroc.KS       	-0.00366451	-0.003447528	0.04955427	
S00111.tib_ant-soleus.KS        	-0.00346517	-0.0033318454	0.05204616	
S11000.tib_ant-soleus.KS        	-0.0034666	-0.0033253611	0.049835251	
S00111.gastroc.L0               	0.81640307	0.81771575	0.00309329	
S00111.gastroc.KF               	1.4115102	1.4120762	0.00039785899	
S00111.gastroc.KS               	0.16136661	0.16551492	0.0031455946	
S00111.soleus.L0                	1.0138295	1.0146165	0.0017317637	
S00111.soleus.KF                	0.23342553	0.23421697	0.00058969333	
S00111.soleus.KS                	0.15032836	0.15440401	0.0045437789	
S11000.gastroc.KL               	0.00925153	0.0086766409	0.0050586005	
S11000.gastroc.L0               	0.5090843	0.50816449	0.0032076825	
S11000.gastroc.KF               	-1.8471067	-1.8522303	0.0076992944	
S11000.gastroc.KS               	0.25231886	0.25950642	0.0064639082	
S11000.soleus.KL                	0.80554582	0.80156229	0.012796079	
S11000.soleus.L0                	0.88898137	0.88876063	0.0029985111	
S11000.soleus.KF                	-0.92947405	-0.92866679	0.012178094	
S11000.soleus.KS                	0.1022613	0.10812504	0.0095117218	
S00011.vasti.KF                 	0.8358571	0.836746	0.0016882399	
S00011.vasti.C0                 	0.081786381	0.081661253	0.00036436256	
S00011.vasti-knee_angle.pos_max 	-0.30385338	-0.30378742	0.00057918201	
S00011.hamstrings-pelvis_tilt.KP	0.70810569	0.70418332	0.0064606421	
S00011.hamstrings-pelvis_tilt.KV	0.57126989	0.57156595	0.00034646166	
S00011.hamstrings-pelvis_tilt.C0	0.02689705	0.026863105	0.00067260873	
S00011.glut_max-pelvis_tilt.KP  	1.4647392	1.4637109	0.0054390886	
S00011.glut_max-pelvis_tilt.KV  	0.31309499	0.31320414	0.00034268182	
S00011.glut_max-pelvis_tilt.C0  	0.15234361	0.15277731	0.00057171977	
S00011.iliopsoas-pelvis_tilt.KP 	-3.4887357	-3.4688114	0.0092173611	
S00011.iliopsoas-pelvis_tilt.KV 	-0.54330997	-0.54388047	0.00041422693	
S00011.iliopsoas-pelvis_tilt.C0 	0.33166448	0.33131013	0.00091221273	
S00100.iliopsoas.C0             	0.3372288	0.33725961	0.0004969752	
S00100.glut_max.C0              	-0.025128938	-0.024712735	0.00036625458	
S11000.iliopsoas.KL             	0.56514516	0.56507827	0.00043601432	
S11000.iliopsoas.L0             	0.39284005	0.39228139	0.00047860861	
S11000.iliopsoas-pelvis_tilt.P0 	-0.045960399	-0.045575118	0.00037620665	
S11000.iliopsoas-pelvis_tilt.KP 	0.011033756	0.011093291	0.0020420723	
S11000.iliopsoas-pelvis_tilt.KV 	0.14976379	0.14981682	0.00044580184	
S11000.iliopsoas-hamstrings.KL  	-7.9403798	-7.9204351	0.016425475	
S11000.iliopsoas-hamstrings.L0  	1.166817	1.1666134	0.00034937148	
S11000.hamstrings.KF            	0.57499439	0.57535344	0.00034102598	
S11000.glut_max.KF              	0.62147066	0.62159124	0.00038568608	
