pelvis_tilt.offset              	0.023656775	0.023197436	0.00026444086	
hip_flexion_r.offset            	0.065978528	0.06596505	0.00025280786	
knee_angle_r.offset             	-0.0004210768	-0.00023558817	0.00027348062	
ankle_angle_r.offset            	-0.059791982	-0.059946039	0.00035762281	
hip_flexion_l.offset            	-0.010917485	-0.010973462	0.00051022995	
knee_angle_l.offset             	0.057059302	0.057191252	0.00038009561	
ankle_angle_l.offset            	0.18291295	0.18303208	0.00037468535	
stance_load_threshold           	0.15444263	0.15389639	0.0004110365	
S00111.tib_ant.KL               	1.2238493	1.231693	0.006748098	
S00111.tib_ant.L0               	0.75944011	0.75861437	0.00073566538	
S00111.tib_ant.KS               	0.00015652	0.0001673387	0.00024385895	
S11000.tib_ant.KL               	1.1657856	1.1654283	0.0038438593	
S11000.tib_ant.L0               	0.72524565	0.72550305	0.00058718605	
S11000.tib_ant.KS               	0.034753403	0.034808057	0.0003473653	
S11111.tib_ant-soleus.KF        	-0.11642115	-0.11481957	0.00060183828	
S00111.soleus-tib_ant.KS        	-0.85704594	-0.84931156	0.0076044403	
S11000.soleus-tib_ant.KS        	-3.2940762	-3.3001188	0.0091562886	
S00111.gastroc-tib_ant.KS       	-0.33490658	-0.33671076	0.0060984026	
S11000.gastroc-tib_ant.KS       	-1.7314878	-1.7265454	0.0075049794	
S00111.tib_ant-gastroc.KS       	-0.00357534	-0.0038636285	0.048252269	
S11000.tib_ant-gastroc.KS       	-0.00331551	-0.0034462651	0.047161853	
S00111.tib_ant-soleus.KS        	-0.00346517	-0.0033042257	0.049533435	
S11000.tib_ant-soleus.KS        	-0.0034666	-0.0032332346	0.047429268	
S00111.gastroc.L0               	0.81531564	0.81786257	0.0029686988	
S00111.gastroc.KF               	1.4116516	1.4124799	0.0003830659	
S00111.gastroc.KS               	0.16156378	0.16672673	0.003010043	
S00111.soleus.L0                	1.013657	1.0150842	0.0016568805	
S00111.soleus.KF                	0.23448444	0.23472564	0.00056819259	
S00111.soleus.KS                	0.15275533	0.15316222	0.0043563949	
S11000.gastroc.KL               	0.00925153	0.0088474375	0.004814813	
S11000.gastroc.L0               	0.50820226	0.50867927	0.0030752413	
S11000.gastroc.KF               	-1.8476561	-1.8491659	0.0073966224	
S11000.gastroc.KS               	0.2645014	0.25525802	0.0061907256	
S11000.soleus.KL                	0.79833704	0.80187482	0.012262374	
S11000.soleus.L0                	0.88796609	0.89017924	0.0028770799	
S11000.soleus.KF                	-0.94041641	-0.94136732	0.011657127	
S11000.soleus.KS                	0.11302564	0.10609729	0.0090760071	
S00011.vasti.KF                 	0.83942944	0.83729514	0.0016192072	
S00011.vasti.C0                 	0.08115911	0.081593516	0.00034951066	
S00011.vasti-knee_angle.pos_max 	-0.30426515	-0.30406558	0.00055790369	
S00011.hamstrings-pelvis_tilt.KP	0.7118966	0.70545973	0.0062147496	
S00011.hamstrings-pelvis_tilt.KV	0.57068907	0.5714643	0.00033345425	
S00011.hamstrings-pelvis_tilt.C0	0.026846093	0.026641416	0.00064627714	
S00011.glut_max-pelvis_tilt.KP  	1.4646656	1.4679406	0.0052311283	
S00011.glut_max-pelvis_tilt.KV  	0.31361468	0.31350396	0.00033065732	
S00011.glut_max-pelvis_tilt.C0  	0.15217682	0.15231598	0.00054830338	
S00011.iliopsoas-pelvis_tilt.KP 	-3.4645028	-3.4738062	0.0089103677	
S00011.iliopsoas-pelvis_tilt.KV 	-0.5437938	-0.54407063	0.00039781627	
S00011.iliopsoas-pelvis_tilt.C0 	0.33065721	0.33081087	0.00087665923	
S00100.iliopsoas.C0             	0.33729886	0.33746192	0.00047684928	
S00100.glut_max.C0              	-0.025025636	-0.024848133	0.00035188026	
S11000.iliopsoas.KL             	0.5654097	0.56553048	0.0004197579	
S11000.iliopsoas.L0             	0.39237453	0.39282922	0.00046205058	
S11000.iliopsoas-pelvis_tilt.P0 	-0.046013372	-0.045794824	0.00036210121	
S11000.iliopsoas-pelvis_tilt.KP 	0.01196527	0.011350317	0.0019448555	
S11000.iliopsoas-pelvis_tilt.KV 	0.15033226	0.15017516	0.00042865815	
S11000.iliopsoas-hamstrings.KL  	-7.9288773	-7.916833	0.015904639	
S11000.iliopsoas-hamstrings.L0  	1.1666797	1.1662895	0.00033565015	
S11000.hamstrings.KF            	0.57517622	0.5753859	0.00032753658	
S11000.glut_max.KF              	0.62081744	0.62145263	0.00037048672	
