pelvis_tilt.offset              	0.023471176	0.023496954	0.00023108332	
hip_flexion_r.offset            	0.065795995	0.066041112	0.00022040491	
knee_angle_r.offset             	0.00021156582	-5.1162199e-06	0.00023924081	
ankle_angle_r.offset            	-0.059563594	-0.05978889	0.00031237694	
hip_flexion_l.offset            	-0.010459367	-0.010696252	0.00044485316	
knee_angle_l.offset             	0.057258492	0.057308178	0.00033249317	
ankle_angle_l.offset            	0.1836408	0.18333712	0.00032647599	
stance_load_threshold           	0.15317988	0.15403237	0.00035849564	
S00111.tib_ant.KL               	1.2223416	1.2255606	0.0059117674	
S00111.tib_ant.L0               	0.76013503	0.75926264	0.0006400824	
S00111.tib_ant.KS               	0.00015652	0.00016282641	0.00021009529	
S11000.tib_ant.KL               	1.1667562	1.1642205	0.0033492201	
S11000.tib_ant.L0               	0.72568903	0.72544186	0.00051429629	
S11000.tib_ant.KS               	0.034658742	0.035021664	0.0003018428	
S11111.tib_ant-soleus.KF        	-0.11427332	-0.11428299	0.00052894044	
S00111.soleus-tib_ant.KS        	-0.84790095	-0.85119147	0.0066128789	
S11000.soleus-tib_ant.KS        	-3.3118772	-3.2989331	0.0079935622	
S00111.gastroc-tib_ant.KS       	-0.34359286	-0.33727786	0.0053007378	
S11000.gastroc-tib_ant.KS       	-1.7138167	-1.7260105	0.0065335663	
S00111.tib_ant-gastroc.KS       	-0.00395169	-0.0037042373	0.04157081	
S11000.tib_ant-gastroc.KS       	-0.00366451	-0.0034966241	0.040631379	
S00111.tib_ant-soleus.KS        	-0.00313515	-0.0032659612	0.042674568	
S11000.tib_ant-soleus.KS        	-0.0034666	-0.0032844053	0.040861765	
S00111.gastroc.L0               	0.82189658	0.8178792	0.0025839911	
S00111.gastroc.KF               	1.4125361	1.4121837	0.00033505446	
S00111.gastroc.KS               	0.16555498	0.1662391	0.0026173341	
S00111.soleus.L0                	1.0161734	1.0145284	0.001439511	
S00111.soleus.KF                	0.23480754	0.23452712	0.00049755314	
S00111.soleus.KS                	0.15629262	0.1535524	0.0037926917	
S11000.gastroc.KL               	0.00837043	0.0089465184	0.0041485826	
S11000.gastroc.L0               	0.51248469	0.50922678	0.0026796199	
S11000.gastroc.KF               	-1.8405086	-1.8493197	0.0064475043	
S11000.gastroc.KS               	0.25502808	0.25769586	0.005378874	
S11000.soleus.KL                	0.80173624	0.79375315	0.010673746	
S11000.soleus.L0                	0.8898362	0.88800995	0.002515677	
S11000.soleus.KF                	-0.92982238	-0.94250357	0.01015165	
S11000.soleus.KS                	0.11302564	0.10969066	0.0078450257	
S00011.vasti.KF                 	0.83626512	0.83677694	0.0014117362	
S00011.vasti.C0                 	0.081409722	0.081480445	0.00030488154	
S00011.vasti-knee_angle.pos_max 	-0.3043473	-0.30413263	0.00048659016	
S00011.hamstrings-pelvis_tilt.KP	0.7115587	0.70920504	0.0054125215	
S00011.hamstrings-pelvis_tilt.KV	0.57137579	0.57139997	0.00029181925	
S00011.hamstrings-pelvis_tilt.C0	0.026952271	0.026991176	0.00056284581	
S00011.glut_max-pelvis_tilt.KP  	1.4687782	1.466385	0.0045521387	
S00011.glut_max-pelvis_tilt.KV  	0.31354856	0.31356042	0.00028755317	
S00011.glut_max-pelvis_tilt.C0  	0.15244524	0.15207564	0.00047890204	
S00011.iliopsoas-pelvis_tilt.KP 	-3.4679834	-3.4684858	0.0077716355	
S00011.iliopsoas-pelvis_tilt.KV 	-0.54464471	-0.54452417	0.00034730237	
S00011.iliopsoas-pelvis_tilt.C0 	0.33123043	0.33092628	0.00076579125	
S00100.iliopsoas.C0             	0.33798749	0.33746772	0.00041928317	
S00100.glut_max.C0              	-0.024737329	-0.024788902	0.00030696998	
S11000.iliopsoas.KL             	0.56527838	0.56542942	0.00036762733	
S11000.iliopsoas.L0             	0.39224524	0.39255927	0.00040492299	
S11000.iliopsoas-pelvis_tilt.P0 	-0.045660068	-0.045887421	0.00031679609	
S11000.iliopsoas-pelvis_tilt.KP 	0.01196527	0.01119045	0.0016774968	
S11000.iliopsoas-pelvis_tilt.KV 	0.15066189	0.1503357	0.000373061	
S11000.iliopsoas-hamstrings.KL  	-7.9066659	-7.9225622	0.013882195	
S11000.iliopsoas-hamstrings.L0  	1.1660309	1.1659995	0.00029262655	
S11000.hamstrings.KF            	0.57560278	0.57510614	0.00028537629	
S11000.glut_max.KF              	0.6219708	0.62136532	0.00032344703	
