pelvis_tilt.offset              	0.023817196	0.023444013	0.00022227637	
hip_flexion_r.offset            	0.065887564	0.065959535	0.00021241496	
knee_angle_r.offset             	-2.1767183e-05	3.7998266e-05	0.00023037568	
ankle_angle_r.offset            	-0.060032721	-0.059721333	0.00030069239	
hip_flexion_l.offset            	-0.010461751	-0.010924724	0.0004293411	
knee_angle_l.offset             	0.056990386	0.057300543	0.0003199889	
ankle_angle_l.offset            	0.18313146	0.18333455	0.00031409713	
stance_load_threshold           	0.15436257	0.15392961	0.00034573794	
S00111.tib_ant.KL               	1.2161801	1.2262792	0.0057077122	
S00111.tib_ant.L0               	0.75953337	0.75929205	0.00061664624	
S00111.tib_ant.KS               	0.00015652	0.00016253018	0.00020179874	
S11000.tib_ant.KL               	1.1591771	1.1641968	0.0032231756	
S11000.tib_ant.L0               	0.72569332	0.7252636	0.00049511859	
S11000.tib_ant.KS               	0.034969983	0.034923674	0.00029061736	
S11111.tib_ant-soleus.KF        	-0.11436506	-0.11438386	0.00050860942	
S00111.soleus-tib_ant.KS        	-0.86055148	-0.85137881	0.0063622416	
S11000.soleus-tib_ant.KS        	-3.3007111	-3.3012279	0.0076943979	
S00111.gastroc-tib_ant.KS       	-0.3425884	-0.33812241	0.0051022946	
S11000.gastroc-tib_ant.KS       	-1.7365945	-1.7236952	0.006290791	
S00111.tib_ant-gastroc.KS       	-0.00395169	-0.0038378879	0.039929065	
S11000.tib_ant-gastroc.KS       	-0.00331551	-0.0034885673	0.039026734	
S00111.tib_ant-soleus.KS        	-0.00346517	-0.0032845946	0.040989232	
S11000.tib_ant-soleus.KS        	-0.0034666	-0.0032933858	0.03924802	
S00111.gastroc.L0               	0.81791937	0.81880515	0.0024913972	
S00111.gastroc.KF               	1.4124376	1.4122499	0.00032221556	
S00111.gastroc.KS               	0.16328938	0.16503875	0.0025190731	
S00111.soleus.L0                	1.0161734	1.0152235	0.0013851014	
S00111.soleus.KF                	0.23442106	0.23451792	0.00047861046	
S00111.soleus.KS                	0.15556165	0.15361608	0.0036479258	
S11000.gastroc.KL               	0.00837043	0.0086457863	0.0039848829	
S11000.gastroc.L0               	0.50842052	0.5081411	0.0025875932	
S11000.gastroc.KF               	-1.842209	-1.8503591	0.0062164823	
S11000.gastroc.KS               	0.25231886	0.25788927	0.005175827	
S11000.soleus.KL                	0.79254879	0.79329083	0.010275044	
S11000.soleus.L0                	0.88896206	0.88794405	0.0024225575	
S11000.soleus.KF                	-0.94621578	-0.93897337	0.0097719434	
S11000.soleus.KS                	0.10939581	0.10793556	0.0075427173	
S00011.vasti.KF                 	0.83704398	0.83708154	0.0013595367	
S00011.vasti.C0                 	0.08148731	0.081307516	0.00029354765	
S00011.vasti-knee_angle.pos_max 	-0.30436733	-0.30413714	0.00046876016	
S00011.hamstrings-pelvis_tilt.KP	0.70984589	0.71096875	0.0052068261	
S00011.hamstrings-pelvis_tilt.KV	0.571526	0.57140254	0.00028105337	
S00011.hamstrings-pelvis_tilt.C0	0.027037021	0.027117558	0.00054167426	
S00011.glut_max-pelvis_tilt.KP  	1.4723288	1.4662206	0.0043891406	
S00011.glut_max-pelvis_tilt.KV  	0.31340537	0.31355011	0.00027689276	
S00011.glut_max-pelvis_tilt.C0  	0.15192578	0.15203872	0.00046077181	
S00011.iliopsoas-pelvis_tilt.KP 	-3.4595797	-3.4686448	0.0074810242	
S00011.iliopsoas-pelvis_tilt.KV 	-0.54413011	-0.54449219	0.00033408965	
S00011.iliopsoas-pelvis_tilt.C0 	0.33071322	0.33098526	0.00073673138	
S00100.iliopsoas.C0             	0.33705972	0.33757583	0.00040361187	
S00100.glut_max.C0              	-0.024342558	-0.024816918	0.00029572023	
S11000.iliopsoas.KL             	0.56561554	0.56546901	0.00035386626	
S11000.iliopsoas.L0             	0.39270468	0.39236847	0.00038951082	
S11000.iliopsoas-pelvis_tilt.P0 	-0.04615368	-0.045793939	0.00030538853	
S11000.iliopsoas-pelvis_tilt.KP 	0.01082572	0.011374903	0.0016116972	
S11000.iliopsoas-pelvis_tilt.KV 	0.15060407	0.1504812	0.00035923252	
S11000.iliopsoas-hamstrings.KL  	-7.8880408	-7.9180035	0.013367145	
S11000.iliopsoas-hamstrings.L0  	1.1657139	1.1660313	0.00028196534	
S11000.hamstrings.KF            	0.5746775	0.57517342	0.00027494735	
S11000.glut_max.KF              	0.62160132	0.62127492	0.00031174912	
