pelvis_tilt.offset              	0.023625343	0.023701087	8.3800438e-05	
hip_flexion_r.offset            	0.065706629	0.065736471	7.9345106e-05	
knee_angle_r.offset             	0.00068409417	0.00073176554	8.9832437e-05	
ankle_angle_r.offset            	-0.060573968	-0.060633352	0.0001160847	
hip_flexion_l.offset            	-0.010231205	-0.010292665	0.00016377929	
knee_angle_l.offset             	0.057467424	0.057328617	0.00012031576	
ankle_angle_l.offset            	0.18274582	0.18276225	0.00012048	
stance_load_threshold           	0.15416984	0.1543058	0.00013551155	
S00111.tib_ant.KL               	1.2037351	1.2083652	0.0021981386	
S00111.tib_ant.L0               	0.76097247	0.76070105	0.00023686464	
S00111.tib_ant.KS               	0.000173	0.00016363335	6.2796634e-05	
S11000.tib_ant.KL               	1.1663906	1.1626921	0.0012299479	
S11000.tib_ant.L0               	0.7223862	0.72250147	0.00020191082	
S11000.tib_ant.KS               	0.035932408	0.035922109	0.00011328568	
S11111.tib_ant-soleus.KF        	-0.11478206	-0.11499766	0.00019016124	
S00111.soleus-tib_ant.KS        	-0.89402901	-0.89180161	0.0026602873	
S11000.soleus-tib_ant.KS        	-3.2933124	-3.2978136	0.0029048581	
S00111.gastroc-tib_ant.KS       	-0.34628388	-0.3454525	0.0018538126	
S11000.gastroc-tib_ant.KS       	-1.737374	-1.7380664	0.0024055496	
S00111.tib_ant-gastroc.KS       	-0.00395169	-0.0037375389	0.012403909	
S11000.tib_ant-gastroc.KS       	-0.00366451	-0.0034984439	0.012123568	
S00111.tib_ant-soleus.KS        	-0.00346517	-0.0032931257	0.01273316	
S11000.tib_ant-soleus.KS        	-0.00313645	-0.0033083278	0.012192278	
S00111.gastroc.L0               	0.82183771	0.8213248	0.00093282559	
S00111.gastroc.KF               	1.4126429	1.4126413	0.00012256477	
S00111.gastroc.KS               	0.16149404	0.1619935	0.00089292462	
S00111.soleus.L0                	1.0160877	1.0157423	0.0004826874	
S00111.soleus.KF                	0.23528972	0.23526262	0.00018064077	
S00111.soleus.KS                	0.15308421	0.15106874	0.0012883704	
S11000.gastroc.KL               	0.00837043	0.0086520375	0.0012517074	
S11000.gastroc.L0               	0.50337032	0.50393491	0.00098304454	
S11000.gastroc.KF               	-1.8474515	-1.8446107	0.002370048	
S11000.gastroc.KS               	0.25983582	0.25861869	0.0019793798	
S11000.soleus.KL                	0.7833527	0.78302802	0.0039441656	
S11000.soleus.L0                	0.87963035	0.88079403	0.00093890504	
S11000.soleus.KF                	-0.91678327	-0.91840495	0.0037152868	
S11000.soleus.KS                	0.1047303	0.10468975	0.0026630361	
S00011.vasti.KF                 	0.83684556	0.83648848	0.00050521368	
S00011.vasti.C0                 	0.081226363	0.081250016	0.00010951975	
S00011.vasti-knee_angle.pos_max 	-0.30462979	-0.30461604	0.00017532606	
S00011.hamstrings-pelvis_tilt.KP	0.71268838	0.71499656	0.0019581021	
S00011.hamstrings-pelvis_tilt.KV	0.5718095	0.57190604	0.0001071459	
S00011.hamstrings-pelvis_tilt.C0	0.026675304	0.026706715	0.00020482323	
S00011.glut_max-pelvis_tilt.KP  	1.469414	1.4679267	0.0016767468	
S00011.glut_max-pelvis_tilt.KV  	0.31365555	0.31355117	0.00010408576	
S00011.glut_max-pelvis_tilt.C0  	0.15200714	0.15211123	0.00017125963	
S00011.iliopsoas-pelvis_tilt.KP 	-3.4891	-3.4909364	0.0028400115	
S00011.iliopsoas-pelvis_tilt.KV 	-0.54536492	-0.54527637	0.00012851533	
S00011.iliopsoas-pelvis_tilt.C0 	0.32955826	0.3295456	0.00027913557	
S00100.iliopsoas.C0             	0.33770208	0.33767213	0.00015035018	
S00100.glut_max.C0              	-0.024345783	-0.024355093	0.00011138851	
S11000.iliopsoas.KL             	0.5668272	0.56672713	0.00013907216	
S11000.iliopsoas.L0             	0.39260747	0.39283843	0.00014567737	
S11000.iliopsoas-pelvis_tilt.P0 	-0.045897266	-0.046242101	0.00011760656	
S11000.iliopsoas-pelvis_tilt.KP 	0.01082572	0.011505547	0.00053481114	
S11000.iliopsoas-pelvis_tilt.KV 	0.15133071	0.15133403	0.00013962638	
S11000.iliopsoas-hamstrings.KL  	-7.9140781	-7.9154616	0.0051016112	
S11000.iliopsoas-hamstrings.L0  	1.1663308	1.1661443	0.00010703996	
S11000.hamstrings.KF            	0.57496051	0.57499705	0.00010445019	
S11000.glut_max.KF              	0.62106833	0.6211701	0.00011759548	
