pelvis_tilt.offset              	0.023612655	0.023677144	8.3540342e-05	
hip_flexion_r.offset            	0.065665882	0.065716382	7.9028445e-05	
knee_angle_r.offset             	0.00065070505	0.00076873141	8.9508147e-05	
ankle_angle_r.offset            	-0.060807116	-0.060599029	0.00011567271	
hip_flexion_l.offset            	-0.010432214	-0.010214424	0.00016334759	
knee_angle_l.offset             	0.057365136	0.057384708	0.00012018447	
ankle_angle_l.offset            	0.1827201	0.18274513	0.00012007685	
stance_load_threshold           	0.15441041	0.15427755	0.00013484856	
S00111.tib_ant.KL               	1.2081377	1.2081314	0.0021944121	
S00111.tib_ant.L0               	0.76058425	0.76063764	0.00023621296	
S00111.tib_ant.KS               	0.000173	0.00016686177	6.2412215e-05	
S11000.tib_ant.KL               	1.1610682	1.1633296	0.0012301127	
S11000.tib_ant.L0               	0.72222455	0.72248839	0.00020126339	
S11000.tib_ant.KS               	0.035871936	0.035903887	0.00011283521	
S11111.tib_ant-soleus.KF        	-0.11503457	-0.11497029	0.00018978666	
S00111.soleus-tib_ant.KS        	-0.89402901	-0.89156147	0.0026523867	
S11000.soleus-tib_ant.KS        	-3.2999068	-3.2968996	0.0028944252	
S00111.gastroc-tib_ant.KS       	-0.34739216	-0.34560413	0.0018473972	
S11000.gastroc-tib_ant.KS       	-1.7381295	-1.7373081	0.002393468	
S00111.tib_ant-gastroc.KS       	-0.00395169	-0.0037661214	0.012327421	
S11000.tib_ant-gastroc.KS       	-0.00331551	-0.0035474338	0.012048807	
S00111.tib_ant-soleus.KS        	-0.00346517	-0.003260999	0.012654639	
S11000.tib_ant-soleus.KS        	-0.0034666	-0.0032899283	0.012117093	
S00111.gastroc.L0               	0.82094497	0.82152381	0.00093027282	
S00111.gastroc.KF               	1.4126562	1.4126049	0.00012210597	
S00111.gastroc.KS               	0.16129432	0.16158236	0.00088873257	
S00111.soleus.L0                	1.0158163	1.0159723	0.00048039759	
S00111.soleus.KF                	0.23532225	0.23529758	0.00018026228	
S00111.soleus.KS                	0.15175188	0.15149673	0.001284364	
S11000.gastroc.KL               	0.00837043	0.0086903646	0.001244282	
S11000.gastroc.L0               	0.50429759	0.50421333	0.00097886853	
S11000.gastroc.KF               	-1.8443631	-1.8465768	0.0023649232	
S11000.gastroc.KS               	0.25915801	0.25881199	0.0019710715	
S11000.soleus.KL                	0.77971823	0.78358982	0.0039321245	
S11000.soleus.L0                	0.87911031	0.8807766	0.00093646669	
S11000.soleus.KF                	-0.91831749	-0.91669637	0.0037043605	
S11000.soleus.KS                	0.10770618	0.10547553	0.0026514924	
S00011.vasti.KF                 	0.83632227	0.83675764	0.00050311754	
S00011.vasti.C0                 	0.081349848	0.081256878	0.00010927421	
S00011.vasti-knee_angle.pos_max 	-0.30457143	-0.3045952	0.0001748411	
S00011.hamstrings-pelvis_tilt.KP	0.71349661	0.71512836	0.0019511964	
S00011.hamstrings-pelvis_tilt.KV	0.57215373	0.57192192	0.00010670146	
S00011.hamstrings-pelvis_tilt.C0	0.026647807	0.026693135	0.00020409462	
S00011.glut_max-pelvis_tilt.KP  	1.4691537	1.4680942	0.0016707928	
S00011.glut_max-pelvis_tilt.KV  	0.31364026	0.31356389	0.00010371678	
S00011.glut_max-pelvis_tilt.C0  	0.15199751	0.15209652	0.00017043583	
S00011.iliopsoas-pelvis_tilt.KP 	-3.4904873	-3.4903082	0.0028356421	
S00011.iliopsoas-pelvis_tilt.KV 	-0.54520762	-0.54529051	0.00012802375	
S00011.iliopsoas-pelvis_tilt.C0 	0.32990475	0.3295573	0.0002779121	
S00100.iliopsoas.C0             	0.33747119	0.33764991	0.00014967308	
S00100.glut_max.C0              	-0.024404209	-0.024373508	0.00011099842	
S11000.iliopsoas.KL             	0.56668777	0.56674162	0.0001385568	
S11000.iliopsoas.L0             	0.39290495	0.39278068	0.00014524362	
S11000.iliopsoas-pelvis_tilt.P0 	-0.046147554	-0.046186506	0.00011755931	
S11000.iliopsoas-pelvis_tilt.KP 	0.01082572	0.011172002	0.00053258493	
S11000.iliopsoas-pelvis_tilt.KV 	0.15130486	0.15131314	0.00013890643	
S11000.iliopsoas-hamstrings.KL  	-7.914406	-7.9180406	0.0050912024	
S11000.iliopsoas-hamstrings.L0  	1.1661473	1.1661749	0.00010672612	
S11000.hamstrings.KF            	0.57500918	0.57498647	0.00010420306	
S11000.glut_max.KF              	0.62113319	0.62116605	0.00011711742	
