pelvis_tilt.offset              	0.023097102	0.022271562	0.0010704153	
hip_flexion_r.offset            	0.070057396	0.070155528	0.0010093716	
knee_angle_r.offset             	-0.0017286641	0.00043793286	0.0011045227	
ankle_angle_r.offset            	-0.057899742	-0.058342584	0.0014394878	
hip_flexion_l.offset            	-0.0099324633	-0.010105582	0.0020563975	
knee_angle_l.offset             	0.05883399	0.057392117	0.0015734424	
ankle_angle_l.offset            	0.19134651	0.19054346	0.0015085907	
stance_load_threshold           	0.15429645	0.15100062	0.0016642479	
S00111.tib_ant.KL               	1.2191891	1.233986	0.027442294	
S00111.tib_ant.L0               	0.76079822	0.7644275	0.002951988	
S00111.tib_ant.KS               	0.000173	0.00016532004	0.0011736264	
S11000.tib_ant.KL               	1.1876473	1.201668	0.015693667	
S11000.tib_ant.L0               	0.73782035	0.73614443	0.0022843225	
S11000.tib_ant.KS               	0.033797349	0.035007657	0.0014485176	
S11111.tib_ant-soleus.KF        	-0.11171675	-0.11117973	0.0024840032	
S00111.soleus-tib_ant.KS        	-0.86740021	-0.87480719	0.031404875	
S11000.soleus-tib_ant.KS        	-3.2998528	-3.2635139	0.036281453	
S00111.gastroc-tib_ant.KS       	-0.35557966	-0.33662296	0.027245551	
S11000.gastroc-tib_ant.KS       	-1.7153038	-1.6787669	0.030540243	
S00111.tib_ant-gastroc.KS       	-0.00357534	-0.0037938216	0.23223896	
S11000.tib_ant-gastroc.KS       	-0.00366451	-0.003565621	0.22699079	
S00111.tib_ant-soleus.KS        	-0.00313515	-0.0033081109	0.23840529	
S11000.tib_ant-soleus.KS        	-0.0034666	-0.003275534	0.22827788	
S00111.gastroc.KL               	0.08315732	0.079515555	0.029035244	
S00111.gastroc.L0               	0.83586328	0.83773307	0.012069561	
S00111.gastroc.KF               	1.4127806	1.4121196	0.0015445477	
S00111.gastroc.KS               	0.17370088	0.16845775	0.013466285	
S00111.soleus.KL                	4.0816638	4.1282322	0.027233691	
S00111.soleus.L0                	0.96718325	0.96589191	0.0069290614	
S00111.soleus.KF                	0.22590255	0.22602016	0.0022326036	
S00111.soleus.KS                	0.16520068	0.15570412	0.019633901	
S11000.gastroc.KL               	0.00837043	0.0089842051	0.02316348	
S11000.gastroc.L0               	0.53081962	0.51551494	0.012700165	
S11000.gastroc.KF               	-1.779472	-1.7941176	0.030041842	
S11000.soleus.KL                	0.80639665	0.80442056	0.052879364	
S11000.soleus.L0                	0.89025475	0.90538966	0.011647992	
S11000.soleus.KF                	-0.86753488	-0.91302918	0.049218071	
S00011.vasti.KF                 	0.82055013	0.8124194	0.0065326652	
S00011.vasti.C0                 	0.082463374	0.083353064	0.0014706433	
S00011.vasti-knee_angle.pos_max 	-0.29871141	-0.30285095	0.0022732538	
S00011.hamstrings-pelvis_tilt.KP	0.74162866	0.70401368	0.025932585	
S00011.hamstrings-pelvis_tilt.KV	0.56584891	0.56694902	0.0013117375	
S00011.hamstrings-pelvis_tilt.C0	0.02514159	0.026251169	0.0028539897	
S00011.glut_max-pelvis_tilt.KP  	1.4853413	1.4957099	0.021351104	
S00011.glut_max-pelvis_tilt.KV  	0.31549076	0.31389527	0.001340413	
S00011.glut_max-pelvis_tilt.C0  	0.16494983	0.16036836	0.002259714	
S00011.iliopsoas-pelvis_tilt.KP 	-3.4678707	-3.5143426	0.035811494	
S00011.iliopsoas-pelvis_tilt.KV 	-0.54546543	-0.54285183	0.0016491421	
S00011.iliopsoas-pelvis_tilt.C0 	0.32991928	0.33151994	0.0035340947	
S00100.iliopsoas.C0             	0.33638469	0.33786267	0.0019342732	
S00100.glut_max.C0              	-0.024735568	-0.024940024	0.0014832724	
S11000.iliopsoas.KL             	0.56245298	0.56312725	0.0016620407	
S11000.iliopsoas.L0             	0.39259314	0.39278421	0.0018487206	
S11000.iliopsoas-pelvis_tilt.P0 	-0.042595811	-0.044117195	0.0014827653	
S11000.iliopsoas-pelvis_tilt.KP 	0.01082572	0.010995171	0.0093249304	
S11000.iliopsoas-pelvis_tilt.KV 	0.14488652	0.14819001	0.0017209772	
S11000.iliopsoas-hamstrings.KL  	-8.2962324	-8.3465073	0.060494579	
S11000.iliopsoas-hamstrings.L0  	1.1666706	1.1662892	0.00137413	
S11000.hamstrings.KF            	0.57523099	0.57506886	0.0013271037	
S11000.glut_max.KF              	0.62265057	0.62321429	0.0015188497	
