pelvis_tilt.offset              	0.023677556	0.024142469	0.00025216101	
hip_flexion_r.offset            	0.067608497	0.067548782	0.00024271958	
knee_angle_r.offset             	-6.4971488e-05	-0.0003516721	0.00026152127	
ankle_angle_r.offset            	-0.062424215	-0.062058634	0.00033968357	
hip_flexion_l.offset            	-0.0095766349	-0.0090560742	0.00048651406	
knee_angle_l.offset             	0.058300013	0.057490281	0.0003655192	
ankle_angle_l.offset            	0.18841808	0.18804435	0.00036053177	
stance_load_threshold           	0.15503943	0.15513634	0.00038813097	
S00111.tib_ant.KL               	1.2466765	1.243574	0.0064362693	
S00111.tib_ant.L0               	0.75939696	0.75910087	0.00068961067	
S00111.tib_ant.KS               	0.000173	0.00016738426	0.00022389295	
S11000.tib_ant.KL               	1.1856592	1.1883763	0.0036148101	
S11000.tib_ant.L0               	0.73252339	0.73215618	0.00054154738	
S11000.tib_ant.KS               	0.035069376	0.034891678	0.0003254306	
S11111.tib_ant-soleus.KF        	-0.11378067	-0.11382816	0.00057433775	
S00111.soleus-tib_ant.KS        	-0.84754091	-0.84748207	0.0071534942	
S11000.soleus-tib_ant.KS        	-3.3450232	-3.3374145	0.0083651842	
S00111.gastroc-tib_ant.KS       	-0.34072808	-0.33670392	0.0057274684	
S11000.gastroc-tib_ant.KS       	-1.6885036	-1.696673	0.0072796636	
S00111.tib_ant-gastroc.KS       	-0.00395169	-0.0037370134	0.044300085	
S11000.tib_ant-gastroc.KS       	-0.00331551	-0.0035604178	0.043298979	
S00111.tib_ant-soleus.KS        	-0.00313515	-0.0033970793	0.045476311	
S11000.tib_ant-soleus.KS        	-0.0034666	-0.0033165014	0.043544493	
S00111.gastroc.KL               	0.08315732	0.080705942	0.0056736202	
S00111.gastroc.L0               	0.85796413	0.85748583	0.0027814386	
S00111.gastroc.KF               	1.4085684	1.4090075	0.00035909622	
S00111.gastroc.KS               	0.16840405	0.16812676	0.0028662364	
S00111.soleus.KL                	4.1922679	4.1914154	0.0066023908	
S00111.soleus.L0                	0.97295826	0.97344031	0.0015461423	
S00111.soleus.KF                	0.23040603	0.23113783	0.00052544226	
S00111.soleus.KS                	0.15348428	0.15611759	0.0041075143	
S11000.gastroc.KL               	0.00837043	0.0089452804	0.0044213185	
S11000.gastroc.L0               	0.52719946	0.52446048	0.0029177452	
S11000.gastroc.KF               	-1.7904369	-1.7999788	0.0069435182	
S11000.soleus.KL                	0.77651241	0.77758395	0.011651872	
S11000.soleus.L0                	0.90110746	0.89711152	0.0027178141	
S11000.soleus.KF                	-0.95162064	-0.93723776	0.0109613	
S00011.vasti.KF                 	0.82511589	0.82206644	0.0014898338	
S00011.vasti.C0                 	0.082368431	0.082601511	0.00032516242	
S00011.vasti-knee_angle.pos_max 	-0.30349988	-0.30398849	0.00052274556	
S00011.hamstrings-pelvis_tilt.KP	0.68725546	0.6834491	0.0060311382	
S00011.hamstrings-pelvis_tilt.KV	0.56698402	0.56718294	0.00029871832	
S00011.hamstrings-pelvis_tilt.C0	0.025707119	0.02631674	0.00060879992	
S00011.glut_max-pelvis_tilt.KP  	1.4933423	1.491633	0.0050117185	
S00011.glut_max-pelvis_tilt.KV  	0.31382381	0.31337445	0.00031605283	
S00011.glut_max-pelvis_tilt.C0  	0.15561421	0.15528323	0.00053324088	
S00011.iliopsoas-pelvis_tilt.KP 	-3.5594567	-3.548926	0.0083924402	
S00011.iliopsoas-pelvis_tilt.KV 	-0.54289228	-0.54274745	0.0003863925	
S00011.iliopsoas-pelvis_tilt.C0 	0.33037658	0.33027374	0.00083144372	
S00100.iliopsoas.C0             	0.33712094	0.33677519	0.00044929332	
S00100.glut_max.C0              	-0.025558116	-0.025538957	0.0003251121	
S11000.iliopsoas.KL             	0.56516689	0.56565067	0.00039113445	
S11000.iliopsoas.L0             	0.39286149	0.39349482	0.00043908935	
S11000.iliopsoas-pelvis_tilt.P0 	-0.043231485	-0.043386368	0.00033681386	
S11000.iliopsoas-pelvis_tilt.KP 	0.01196527	0.01128207	0.0017898098	
S11000.iliopsoas-pelvis_tilt.KV 	0.15113336	0.15108116	0.00040902879	
S11000.iliopsoas-hamstrings.KL  	-8.3208996	-8.3558377	0.01428089	
S11000.iliopsoas-hamstrings.L0  	1.1646459	1.1658607	0.00031909199	
S11000.hamstrings.KF            	0.57576873	0.57585824	0.0003044439	
S11000.glut_max.KF              	0.62376243	0.62402152	0.00035717297	
