pelvis_tilt.offset              	0.021097769	0.020721629	0.0014130118	
hip_flexion_r.offset            	0.070681191	0.069183552	0.0013343337	
knee_angle_r.offset             	0.00059156957	0.00013167811	0.0014587963	
ankle_angle_r.offset            	-0.055943453	-0.057371304	0.001905646	
hip_flexion_l.offset            	-0.010447464	-0.0077850034	0.00270539	
knee_angle_l.offset             	0.056504605	0.056778639	0.0020819741	
ankle_angle_l.offset            	0.18838096	0.18799938	0.0019946195	
stance_load_threshold           	0.1526819	0.15150029	0.0021926248	
S00111.tib_ant.KL               	1.1870029	1.2391707	0.036376142	
S00111.tib_ant.L0               	0.76207019	0.76318255	0.0038979953	
S00111.tib_ant.KS               	0.00015652	0.00016702385	0.0015821746	
S11000.tib_ant.KL               	1.2006132	1.1930141	0.020679197	
S11000.tib_ant.L0               	0.73967024	0.73779827	0.0030143655	
S11000.tib_ant.KS               	0.034262093	0.035623523	0.0019320277	
S11111.tib_ant-soleus.KF        	-0.1092066	-0.11114524	0.0032847534	
S00111.soleus-tib_ant.KS        	-0.85289758	-0.8661107	0.041955449	
S00111.gastroc-tib_ant.KS       	-0.3264411	-0.33340841	0.036585155	
S00111.tib_ant-gastroc.KS       	-0.00395169	-0.0037723782	0.31308335	
S11000.tib_ant-gastroc.KS       	-0.00331551	-0.0034226546	0.30600825	
S00111.tib_ant-soleus.KS        	-0.00346517	-0.0033868013	0.32139624	
S11000.tib_ant-soleus.KS        	-0.0034666	-0.0033379447	0.30774339	
S00111.gastroc.KL               	0.078656122	0.078905647	0.039130737	
S00111.gastroc.L0               	0.84530757	0.84316671	0.015991405	
S00111.gastroc.KF               	1.4127042	1.4103936	0.0020354621	
S00111.gastroc.KS               	0.17556895	0.17009115	0.018076838	
S00111.soleus.KL                	4.0299823	4.0079078	0.035673915	
S00111.soleus.L0                	0.96864652	0.96315585	0.009156226	
S00111.soleus.KF                	0.23383783	0.22761347	0.0029453312	
S00111.soleus.KS                	0.14946728	0.15976093	0.026418738	
S11000.gastroc.KL               	0.00837043	0.0087392906	0.031226724	
S11000.gastroc.L0               	0.52295543	0.52632987	0.016823459	
S11000.gastroc.KF               	-1.8120868	-1.8142595	0.039605845	
S11000.gastroc.KS               	0.27887874	0.26368948	0.036958994	
S11000.soleus.KL                	0.76235452	0.81875727	0.070851422	
S11000.soleus.L0                	0.88614906	0.90091111	0.015457176	
S11000.soleus.KF                	-0.94202559	-0.90566878	0.065800867	
S11000.soleus.KS                	0.1022613	0.10985233	0.057979861	
S00011.vasti.KF                 	0.8132598	0.82157122	0.0086513263	
S00011.vasti.C0                 	0.082395564	0.083267362	0.0019566125	
S00011.vasti-knee_angle.pos_max 	-0.30442812	-0.3042048	0.002986755	
S00011.hamstrings-pelvis_tilt.KP	0.69963994	0.70356735	0.034493827	
S00011.hamstrings-pelvis_tilt.KV	0.5710193	0.56620962	0.0017400386	
S00011.hamstrings-pelvis_tilt.C0	0.02514159	0.026219215	0.0038375485	
S00011.glut_max-pelvis_tilt.KP  	1.5194401	1.4882769	0.028263294	
S00011.glut_max-pelvis_tilt.KV  	0.31351907	0.31330885	0.0017674737	
S00011.glut_max-pelvis_tilt.C0  	0.16642927	0.16199202	0.0029829586	
S00011.iliopsoas-pelvis_tilt.KP 	-3.4232102	-3.5040617	0.047606471	
S00011.iliopsoas-pelvis_tilt.KV 	-0.5400947	-0.54313171	0.0021697094	
S00011.iliopsoas-pelvis_tilt.C0 	0.32531815	0.33401525	0.0046874344	
S00100.iliopsoas.C0             	0.33703592	0.33668095	0.0025673324	
S00100.glut_max.C0              	-0.02588599	-0.024490789	0.0019872872	
S11000.iliopsoas.KL             	0.56360189	0.56122806	0.0021941634	
S11000.iliopsoas.L0             	0.39090286	0.39183946	0.002437584	
S11000.iliopsoas-pelvis_tilt.P0 	-0.043027991	-0.044498982	0.0019672848	
S11000.iliopsoas-pelvis_tilt.KP 	0.01196527	0.011622818	0.012570217	
S11000.iliopsoas-pelvis_tilt.KV 	0.147382	0.14528215	0.0022584008	
S11000.iliopsoas-hamstrings.KL  	-8.2557288	-8.2628253	0.079889416	
S11000.iliopsoas-hamstrings.L0  	1.1660982	1.1663772	0.0018250077	
S11000.hamstrings.KF            	0.57580354	0.57467817	0.0017524966	
S11000.glut_max.KF              	0.62360607	0.62112815	0.0019911957	
