pelvis_tilt.offset              	0.018821732	0.02009217	0.001312955	
hip_flexion_r.offset            	0.068153402	0.069265756	0.0012359199	
knee_angle_r.offset             	4.9538675e-05	-1.7992852e-05	0.0013536343	
ankle_angle_r.offset            	-0.0528207	-0.05613081	0.0017691294	
hip_flexion_l.offset            	-0.0050123739	-0.0068389342	0.0025070065	
knee_angle_l.offset             	0.055938388	0.057111172	0.00193067	
ankle_angle_l.offset            	0.1875778	0.18775703	0.0018519135	
stance_load_threshold           	0.1507672	0.15152165	0.0020422344	
S00111.tib_ant.KL               	1.2209198	1.26029	0.033721404	
S00111.tib_ant.L0               	0.76135606	0.76053769	0.0036166859	
S00111.tib_ant.KS               	0.00015652	0.00016848021	0.0014615451	
S11000.tib_ant.KL               	1.2010224	1.1895791	0.019204779	
S11000.tib_ant.L0               	0.7368914	0.73491316	0.0028179133	
S11000.tib_ant.KS               	0.036170775	0.035988591	0.0017874118	
S11111.tib_ant-soleus.KF        	-0.11095079	-0.10994109	0.0030493481	
S00111.soleus-tib_ant.KS        	-0.83226772	-0.84079133	0.038863356	
S11000.soleus-tib_ant.KS        	-3.2690575	-3.2749065	0.044842832	
S00111.gastroc-tib_ant.KS       	-0.34864859	-0.35101075	0.033814873	
S11000.gastroc-tib_ant.KS       	-1.6777187	-1.6808106	0.037375946	
S00111.tib_ant-gastroc.KS       	-0.00357534	-0.0037934903	0.28921294	
S11000.tib_ant-gastroc.KS       	-0.00331551	-0.0035091636	0.28267726	
S00111.tib_ant-soleus.KS        	-0.00313515	-0.003319205	0.29689203	
S11000.tib_ant-soleus.KS        	-0.00313645	-0.0033218441	0.28428011	
S00111.gastroc.KL               	0.080658834	0.078584087	0.036149494	
S00111.gastroc.L0               	0.83468969	0.84375681	0.014802762	
S00111.gastroc.KS               	0.16134956	0.16892598	0.016713511	
S00111.soleus.KL                	4.063648	4.0272104	0.033051918	
S00111.soleus.L0                	0.96229647	0.95456524	0.0085175955	
S00111.soleus.KS                	0.14946728	0.15619087	0.024414357	
S11000.gastroc.KL               	0.00925153	0.008975906	0.028845935	
S11000.gastroc.L0               	0.54848264	0.52353208	0.015586339	
S11000.gastroc.KF               	-1.798751	-1.8399658	0.036777743	
S11000.gastroc.KS               	0.25231886	0.26830581	0.034159322	
S11000.soleus.KL                	0.84260236	0.81834263	0.065518343	
S11000.soleus.L0                	0.90892445	0.89123101	0.014347707	
S11000.soleus.KF                	-0.86753488	-0.90081495	0.060899733	
S11000.soleus.KS                	0.11302564	0.11054146	0.053561854	
S00011.vasti.KF                 	0.84544132	0.83463206	0.0080542663	
S00011.vasti.C0                 	0.080621367	0.082233597	0.0018142033	
S00011.vasti-knee_angle.pos_max 	-0.29917931	-0.30265024	0.0027848127	
S00011.hamstrings-pelvis_tilt.KP	0.70765349	0.70642151	0.031949544	
S00011.hamstrings-pelvis_tilt.KV	0.56710498	0.56519521	0.0016218596	
S00011.hamstrings-pelvis_tilt.C0	0.02514159	0.026428313	0.0035467433	
S00011.glut_max-pelvis_tilt.KP  	1.5138022	1.4957594	0.026151583	
S00011.glut_max-pelvis_tilt.KV  	0.31299368	0.31425993	0.0016380069	
S00011.glut_max-pelvis_tilt.C0  	0.15664155	0.15802291	0.0027707076	
S00011.iliopsoas-pelvis_tilt.KP 	-3.5152384	-3.4861706	0.044211915	
S00011.iliopsoas-pelvis_tilt.KV 	-0.54490606	-0.54365868	0.002011961	
S00011.iliopsoas-pelvis_tilt.C0 	0.33536605	0.33575856	0.0043482842	
S00100.iliopsoas.C0             	0.33695347	0.33761312	0.0023774672	
S00100.glut_max.C0              	-0.02588599	-0.024676869	0.0018380117	
S11000.iliopsoas.KL             	0.56599514	0.56227295	0.0020396625	
S11000.iliopsoas.L0             	0.39249333	0.39237838	0.002265155	
S11000.iliopsoas-pelvis_tilt.P0 	-0.043443732	-0.044406344	0.0018249867	
S11000.iliopsoas-pelvis_tilt.KP 	0.01082572	0.011467236	0.011611959	
S11000.iliopsoas-pelvis_tilt.KV 	0.14635097	0.14644442	0.0020987424	
S11000.iliopsoas-hamstrings.KL  	-8.3382396	-8.232254	0.074116957	
S11000.iliopsoas-hamstrings.L0  	1.1632067	1.1657268	0.0016913846	
S11000.hamstrings.KF            	0.57754302	0.57517591	0.001625703	
S11000.glut_max.KF              	0.62374437	0.62213183	0.0018499258	
