pelvis_tilt.offset              	0.018295382	0.01938405	0.00079645295	
hip_flexion_r.offset            	0.066880265	0.067685216	0.00074866417	
knee_angle_r.offset             	-0.0029983782	-0.0030175845	0.00082835183	
ankle_angle_r.offset            	-0.059092702	-0.058333457	0.0010711306	
hip_flexion_l.offset            	-0.0053402044	-0.0026841521	0.0015252554	
knee_angle_l.offset             	0.05848707	0.057678957	0.0011656293	
ankle_angle_l.offset            	0.18328575	0.1844186	0.0011269634	
stance_load_threshold           	0.15307159	0.15286558	0.0012314092	
S00111.tib_ant.KL               	1.2521744	1.240634	0.020402116	
S00111.tib_ant.L0               	0.75856445	0.7591877	0.002174688	
S00111.tib_ant.KS               	0.00015652	0.00016608854	0.0008391829	
S11000.tib_ant.KL               	1.2009883	1.1965542	0.011565557	
S11000.tib_ant.L0               	0.72694185	0.72924201	0.0017316956	
S11000.tib_ant.KS               	0.034598981	0.034448586	0.001053907	
S11111.tib_ant-soleus.KF        	-0.11461748	-0.11330303	0.0018438042	
S00111.soleus-tib_ant.KS        	-0.82411125	-0.82089481	0.022944796	
S11000.soleus-tib_ant.KS        	-3.190207	-3.2633848	0.027117918	
S00111.gastroc-tib_ant.KS       	-0.35557966	-0.34654862	0.019655577	
S11000.gastroc-tib_ant.KS       	-1.6473658	-1.6330471	0.022597355	
S00111.tib_ant-gastroc.KS       	-0.00357534	-0.0036969611	0.16605832	
S11000.tib_ant-gastroc.KS       	-0.00366451	-0.0034911686	0.16230571	
S00111.tib_ant-soleus.KS        	-0.00346517	-0.0033564008	0.17046745	
S11000.tib_ant-soleus.KS        	-0.00313645	-0.0033538566	0.16322602	
S00111.gastroc.KL               	0.078547807	0.079197453	0.020781387	
S00111.gastroc.L0               	0.83602752	0.83450817	0.0089702385	
S00111.gastroc.KS               	0.16471784	0.16506643	0.0097397825	
S00111.soleus.KL                	3.9113386	3.9266019	0.020447909	
S00111.soleus.L0                	0.95066466	0.95498566	0.0051447625	
S00111.soleus.KS                	0.14946728	0.15546454	0.014131141	
S11000.gastroc.KL               	0.00837043	0.0088389839	0.016563009	
S11000.gastroc.L0               	0.52754702	0.52805793	0.0093913911	
S11000.gastroc.KF               	-1.7958477	-1.8223962	0.022290284	
S11000.gastroc.KS               	0.25231886	0.26141734	0.019843902	
S11000.soleus.KL                	0.77014949	0.81128976	0.038397037	
S11000.soleus.L0                	0.87995293	0.88388819	0.0086816035	
S11000.soleus.KF                	-0.87534487	-0.89717977	0.036014616	
S11000.soleus.KS                	0.11302564	0.10547624	0.030785444	
S00011.vasti.KF                 	0.85466986	0.84798371	0.0049505576	
S00011.vasti.C0                 	0.081042875	0.081299298	0.0010768544	
S00011.vasti-knee_angle.pos_max 	-0.30177326	-0.30015417	0.0016947629	
S00011.hamstrings-pelvis_tilt.KP	0.72774242	0.72712554	0.018991088	
S00011.hamstrings-pelvis_tilt.KV	0.56657314	0.56615486	0.00098116133	
S00011.hamstrings-pelvis_tilt.C0	0.027181431	0.02650297	0.002058078	
S00011.glut_max-pelvis_tilt.KP  	1.4872953	1.5025911	0.015823193	
S00011.glut_max-pelvis_tilt.KV  	0.31468479	0.31500812	0.00099479122	
S00011.glut_max-pelvis_tilt.C0  	0.15746571	0.15741947	0.0016755768	
S00011.iliopsoas-pelvis_tilt.KP 	-3.423586	-3.4011402	0.027037114	
S00011.iliopsoas-pelvis_tilt.KV 	-0.5452785	-0.54272061	0.0012092226	
S00011.iliopsoas-pelvis_tilt.C0 	0.33447085	0.33723587	0.0026221578	
S00100.iliopsoas.C0             	0.34217611	0.34132474	0.0014423427	
S00100.glut_max.C0              	-0.025184119	-0.025272092	0.0010808778	
S11000.iliopsoas.KL             	0.56789808	0.56550154	0.0012484842	
S11000.iliopsoas.L0             	0.39041896	0.3907199	0.0013721391	
S11000.iliopsoas-pelvis_tilt.P0 	-0.043279	-0.044604244	0.0010923609	
S11000.iliopsoas-pelvis_tilt.KP 	0.01082572	0.011422576	0.0066689812	
S11000.iliopsoas-pelvis_tilt.KV 	0.14671899	0.14702912	0.001273736	
S11000.iliopsoas-hamstrings.KL  	-8.2941799	-8.2084114	0.045313391	
S11000.iliopsoas-hamstrings.L0  	1.1671373	1.1671085	0.0010183245	
S11000.hamstrings.KF            	0.57720177	0.57529363	0.00098007597	
S11000.glut_max.KF              	0.62106667	0.62165278	0.0011209065	
