pelvis_tilt.offset              	0.018878411	0.018964681	5.8229175e-05	
hip_flexion_r.offset            	0.068596559	0.068577617	5.5251046e-05	
knee_angle_r.offset             	-0.0034372972	-0.0034695611	6.2528021e-05	
ankle_angle_r.offset            	-0.059312398	-0.059331607	7.9981887e-05	
hip_flexion_l.offset            	-0.0038630472	-0.0039486151	0.00011632247	
knee_angle_l.offset             	0.060347759	0.060363092	8.6613368e-05	
ankle_angle_l.offset            	0.1869538	0.18699907	8.4022574e-05	
stance_load_threshold           	0.15520229	0.15515557	9.3994601e-05	
S00111.tib_ant.KL               	1.2383806	1.240685	0.0014822064	
S00111.tib_ant.L0               	0.75730584	0.75746161	0.000151522	
S00111.tib_ant.KS               	0.00015652	0.00016256939	4.3518671e-05	
S11000.tib_ant.KL               	1.190696	1.1904387	0.00085341843	
S11000.tib_ant.L0               	0.73150216	0.73177591	0.000134397	
S11000.tib_ant.KS               	0.03503466	0.03513138	7.728942e-05	
S11111.tib_ant-soleus.KF        	-0.11165677	-0.11157422	0.00013608476	
S00111.soleus-tib_ant.KS        	-0.83046613	-0.8304	0.0016607588	
S11000.soleus-tib_ant.KS        	-3.2584889	-3.2609762	0.0019835087	
S00111.gastroc-tib_ant.KS       	-0.35347357	-0.35273132	0.0013188112	
S11000.gastroc-tib_ant.KS       	-1.6073805	-1.6087941	0.0016589823	
S00111.tib_ant-gastroc.KS       	-0.00395169	-0.0037826664	0.0085914516	
S11000.tib_ant-gastroc.KS       	-0.00331551	-0.0034283542	0.0083972846	
S00111.tib_ant-soleus.KS        	-0.00313515	-0.0032465699	0.0088194821	
S11000.tib_ant-soleus.KS        	-0.0034666	-0.0033928179	0.008444853	
S00111.gastroc.KL               	0.077754162	0.079088485	0.0012965682	
S00111.gastroc.L0               	0.8429433	0.84348791	0.00066270764	
S00111.gastroc.KS               	0.16242808	0.16180153	0.00066216188	
S00111.soleus.KL                	3.9422046	3.9418186	0.0015108392	
S00111.soleus.L0                	0.95453306	0.95418505	0.00037277305	
S00111.soleus.KS                	0.16060375	0.15880487	0.0009522679	
S11000.gastroc.KL               	0.00837043	0.0087132729	0.00086990734	
S11000.gastroc.L0               	0.51762881	0.51791391	0.00067860287	
S11000.gastroc.KF               	-1.7910406	-1.7911702	0.0017215046	
S11000.gastroc.KS               	0.25876764	0.25743083	0.001355226	
S11000.soleus.KL                	0.82215296	0.82451334	0.0028022302	
S11000.soleus.L0                	0.88452196	0.88448837	0.00064199805	
S11000.soleus.KF                	-0.92322532	-0.92528383	0.0025759021	
S11000.soleus.KS                	0.10534182	0.10802439	0.0018757338	
S00011.vasti.KF                 	0.85625468	0.85569812	0.00036975426	
S00011.vasti.C0                 	0.080046411	0.080065918	7.2575701e-05	
S00011.vasti-knee_angle.pos_max 	-0.30240981	-0.30239062	0.00012408296	
S00011.hamstrings-pelvis_tilt.KP	0.69957798	0.69951374	0.0013745091	
S00011.hamstrings-pelvis_tilt.KV	0.56694781	0.56697614	7.2765012e-05	
S00011.hamstrings-pelvis_tilt.C0	0.026822615	0.026876635	0.00014173488	
S00011.glut_max-pelvis_tilt.KP  	1.507763	1.508794	0.001170096	
S00011.glut_max-pelvis_tilt.KV  	0.31522637	0.3152742	7.4290776e-05	
S00011.glut_max-pelvis_tilt.C0  	0.15592227	0.15584027	0.00012401737	
S00011.iliopsoas-pelvis_tilt.KP 	-3.482487	-3.4847423	0.0020207127	
S00011.iliopsoas-pelvis_tilt.KV 	-0.54382371	-0.5438514	9.0731611e-05	
S00011.iliopsoas-pelvis_tilt.C0 	0.3412774	0.3413161	0.000197263	
S00100.iliopsoas.C0             	0.34071039	0.34071567	0.00010679902	
S00100.glut_max.C0              	-0.02432717	-0.02440049	7.750263e-05	
S11000.iliopsoas.KL             	0.56624853	0.56613389	9.2482132e-05	
S11000.iliopsoas.L0             	0.38978696	0.38991909	0.00010245714	
S11000.iliopsoas-pelvis_tilt.P0 	-0.044365612	-0.044342866	8.1555893e-05	
S11000.iliopsoas-pelvis_tilt.KP 	0.01082572	0.011147812	0.00037623926	
S11000.iliopsoas-pelvis_tilt.KV 	0.14815397	0.14806511	9.4121664e-05	
S11000.iliopsoas-hamstrings.KL  	-8.2173897	-8.2120607	0.0033126811	
S11000.iliopsoas-hamstrings.L0  	1.1685392	1.1684621	7.4889308e-05	
S11000.hamstrings.KF            	0.57663709	0.57663198	7.1417214e-05	
S11000.glut_max.KF              	0.62019774	0.62016836	8.2619532e-05	
