pelvis_tilt.offset              	0.02057374	0.021222572	0.00093843332	
hip_flexion_r.offset            	0.069975575	0.068585931	0.00087870106	
knee_angle_r.offset             	0.0011379122	0.0015247763	0.00097443555	
ankle_angle_r.offset            	-0.055059399	-0.055147375	0.0012628319	
hip_flexion_l.offset            	-0.0095085727	-0.0092152794	0.0017926628	
knee_angle_l.offset             	0.052515951	0.053642977	0.001391622	
ankle_angle_l.offset            	0.18480509	0.18401903	0.001330816	
stance_load_threshold           	0.15194705	0.15232068	0.0014549867	
S00111.tib_ant.KL               	1.2186144	1.2041011	0.023892591	
S00111.tib_ant.L0               	0.75107445	0.75243054	0.0026183839	
S00111.tib_ant.KS               	0.000173	0.00016301314	0.0010105135	
S11000.tib_ant.KL               	1.2197759	1.2155011	0.013758011	
S11000.tib_ant.L0               	0.74064302	0.74027391	0.0020014589	
S11000.tib_ant.KS               	0.035789076	0.035533185	0.0012635075	
S11111.tib_ant-soleus.KF        	-0.10950295	-0.10956128	0.0021785686	
S00111.soleus-tib_ant.KS        	-0.80888339	-0.82215096	0.027441267	
S11000.soleus-tib_ant.KS        	-3.2961803	-3.2544162	0.031995945	
S00111.gastroc-tib_ant.KS       	-0.343319	-0.350628	0.023514256	
S11000.gastroc-tib_ant.KS       	-1.6416694	-1.6869838	0.026635893	
S00111.tib_ant-gastroc.KS       	-0.00395169	-0.0037894452	0.19996174	
S11000.tib_ant-gastroc.KS       	-0.00331551	-0.0035492627	0.19544298	
S00111.tib_ant-soleus.KS        	-0.00346517	-0.0032697393	0.20527106	
S11000.tib_ant-soleus.KS        	-0.00313645	-0.0033650636	0.19655119	
S00111.gastroc.KL               	0.08315732	0.079207743	0.02500812	
S00111.gastroc.L0               	0.81666429	0.82222342	0.010612162	
S00111.gastroc.KS               	0.1613591	0.16816793	0.011649901	
S00111.soleus.KL                	3.9818059	3.9962394	0.023725575	
S00111.soleus.L0                	0.96046223	0.95904455	0.0060786057	
S00111.soleus.KS                	0.16284566	0.15767793	0.016952479	
S11000.gastroc.KL               	0.00837043	0.0086945851	0.019944296	
S11000.gastroc.L0               	0.51721512	0.52414321	0.011080539	
S11000.gastroc.KF               	-1.8496186	-1.8383468	0.026256864	
S11000.gastroc.KS               	0.25231886	0.26232558	0.023760126	
S11000.soleus.KL                	0.76235452	0.79602205	0.045798199	
S11000.soleus.L0                	0.88810356	0.88946311	0.010234456	
S11000.soleus.KF                	-0.86753488	-0.89605914	0.042688888	
S11000.soleus.KS                	0.11019541	0.10639658	0.037049829	
S00011.vasti.KF                 	0.84508865	0.84812594	0.0058212864	
S00011.vasti.C0                 	0.083473091	0.083685563	0.0012915139	
S00011.vasti-knee_angle.pos_max 	-0.30064189	-0.30263849	0.0019903135	
S00011.hamstrings-pelvis_tilt.KP	0.70509921	0.69020373	0.022525767	
S00011.hamstrings-pelvis_tilt.KV	0.56426441	0.56482191	0.001153435	
S00011.hamstrings-pelvis_tilt.C0	0.02514159	0.027006683	0.0024657795	
S00011.glut_max-pelvis_tilt.KP  	1.4810981	1.4851739	0.018714672	
S00011.glut_max-pelvis_tilt.KV  	0.31461231	0.31484201	0.0011699181	
S00011.glut_max-pelvis_tilt.C0  	0.1633571	0.1619536	0.0019723722	
S00011.iliopsoas-pelvis_tilt.KP 	-3.5621822	-3.5078515	0.031367541	
S00011.iliopsoas-pelvis_tilt.KV 	-0.5419747	-0.54112436	0.0014325058	
S00011.iliopsoas-pelvis_tilt.C0 	0.33621054	0.33796524	0.0031124403	
S00100.iliopsoas.C0             	0.34147242	0.34239315	0.0017130876	
S00100.glut_max.C0              	-0.024400397	-0.024689229	0.0012879564	
S11000.iliopsoas.KL             	0.56147127	0.56074162	0.0014558299	
S11000.iliopsoas.L0             	0.39414708	0.39266319	0.0016163056	
S11000.iliopsoas-pelvis_tilt.P0 	-0.045421628	-0.045301181	0.001289749	
S11000.iliopsoas-pelvis_tilt.KP 	0.01196527	0.011361875	0.0080295653	
S11000.iliopsoas-pelvis_tilt.KV 	0.13840284	0.14028316	0.0015012503	
S11000.iliopsoas-hamstrings.KL  	-8.2579172	-8.2940278	0.053169198	
S11000.iliopsoas-hamstrings.L0  	1.1707983	1.1673423	0.0012134863	
S11000.hamstrings.KF            	0.5735067	0.57389529	0.0011601871	
S11000.glut_max.KF              	0.62249257	0.62182757	0.0013217638	
