pelvis_tilt.offset              	0.019946667	0.019956217	0.00020847457	
hip_flexion_r.offset            	0.0688613	0.069208066	0.0001914106	
knee_angle_r.offset             	-0.0011837802	-0.00088131829	0.0002142883	
ankle_angle_r.offset            	-0.055283643	-0.055249295	0.00028009022	
hip_flexion_l.offset            	-0.016799102	-0.016395566	0.0003944301	
knee_angle_l.offset             	0.052927719	0.053568942	0.0003044004	
ankle_angle_l.offset            	0.18330079	0.18339554	0.00029199761	
stance_load_threshold           	0.15189377	0.15212952	0.00032360615	
S00111.tib_ant.KL               	1.2459297	1.243663	0.0051447536	
S00111.tib_ant.L0               	0.73954984	0.74011968	0.00059649814	
S00111.tib_ant.KS               	0.000173	0.00016774864	0.00016813316	
S11000.tib_ant.KL               	1.2296753	1.2297312	0.0030338386	
S11000.tib_ant.L0               	0.73157738	0.73183802	0.00046120335	
S11000.tib_ant.KS               	0.037148014	0.036976141	0.00026722485	
S11111.tib_ant-soleus.KF        	-0.11153651	-0.11194923	0.00048595725	
S00111.soleus-tib_ant.KS        	-0.81803326	-0.82780176	0.0058577684	
S11000.soleus-tib_ant.KS        	-3.3343776	-3.3329693	0.0072565969	
S00111.gastroc-tib_ant.KS       	-0.35557966	-0.35486942	0.0042369449	
S11000.gastroc-tib_ant.KS       	-1.7236343	-1.7268394	0.0057617468	
S00111.tib_ant-gastroc.KS       	-0.00395169	-0.0037841452	0.033264541	
S11000.tib_ant-gastroc.KS       	-0.00366451	-0.0034628312	0.03251282	
S00111.tib_ant-soleus.KS        	-0.00313515	-0.0033592914	0.034147753	
S11000.tib_ant-soleus.KS        	-0.00313645	-0.0032745792	0.032697164	
S00111.gastroc.KL               	0.076788715	0.077737252	0.004334595	
S00111.gastroc.L0               	0.87971231	0.87743678	0.0023326575	
S00111.gastroc.KS               	0.16207183	0.16171318	0.0021183145	
S00111.soleus.KL                	4.0157256	4.0230967	0.0051743178	
S00111.soleus.L0                	0.95458468	0.95368085	0.0013259457	
S00111.soleus.KS                	0.15788595	0.1531887	0.0032122986	
S11000.gastroc.KL               	0.00837043	0.0087675608	0.0033219563	
S11000.gastroc.L0               	0.51961658	0.5169159	0.0023527491	
S11000.gastroc.KF               	-1.8843738	-1.8833183	0.0056685604	
S11000.gastroc.KS               	0.25807368	0.26236993	0.0046497445	
S11000.soleus.KL                	0.78086416	0.78182278	0.0094028031	
S11000.soleus.L0                	0.91254049	0.91129127	0.0022182807	
S11000.soleus.KF                	-0.92843294	-0.94521319	0.008825869	
S11000.soleus.KS                	0.1022613	0.10754794	0.0063922092	
S00011.vasti.KF                 	0.85574006	0.85625967	0.0012393801	
S00011.vasti.C0                 	0.080221969	0.080154687	0.00025297504	
S00011.vasti-knee_angle.pos_max 	-0.30819544	-0.30771681	0.00045230493	
S00011.hamstrings-pelvis_tilt.KP	0.69356092	0.69169033	0.0047951334	
S00011.hamstrings-pelvis_tilt.KV	0.56069705	0.56095652	0.00025714918	
S00011.hamstrings-pelvis_tilt.C0	0.025190858	0.026256143	0.00047711592	
S00011.glut_max-pelvis_tilt.KP  	1.4319089	1.4302934	0.0039732877	
S00011.glut_max-pelvis_tilt.KV  	0.31242018	0.31250039	0.00025668516	
S00011.glut_max-pelvis_tilt.C0  	0.16209248	0.16214232	0.00043673539	
S00011.iliopsoas-pelvis_tilt.KP 	-3.5420797	-3.5289918	0.0069048493	
S00011.iliopsoas-pelvis_tilt.KV 	-0.54072622	-0.54083709	0.00031734726	
S00011.iliopsoas-pelvis_tilt.C0 	0.34254863	0.3418032	0.00067490849	
S00100.iliopsoas.C0             	0.34706793	0.34662933	0.00038685597	
S00100.glut_max.C0              	-0.024515554	-0.024827026	0.00026440674	
S11000.iliopsoas.KL             	0.56834395	0.56834411	0.00032988988	
S11000.iliopsoas.L0             	0.39198593	0.3921202	0.0003458181	
S11000.iliopsoas-pelvis_tilt.P0 	-0.042720397	-0.04286298	0.00027467328	
S11000.iliopsoas-pelvis_tilt.KP 	0.01196527	0.011644636	0.0013506546	
S11000.iliopsoas-pelvis_tilt.KV 	0.14109639	0.14089073	0.00032617352	
S11000.iliopsoas-hamstrings.KL  	-8.5031923	-8.5138941	0.012055807	
S11000.iliopsoas-hamstrings.L0  	1.1721974	1.1724005	0.00027026431	
S11000.hamstrings.KF            	0.58066499	0.58055021	0.00026574115	
S11000.glut_max.KF              	0.63162406	0.63111455	0.00031492584	
