pelvis_tilt.offset              	0.020022943	0.020077275	0.00013890355	
hip_flexion_r.offset            	0.068978245	0.068970021	0.00012838856	
knee_angle_r.offset             	-0.00049606682	-0.00070337514	0.00014318744	
ankle_angle_r.offset            	-0.055192531	-0.055398232	0.00018810803	
hip_flexion_l.offset            	-0.016104436	-0.016445993	0.00026371677	
knee_angle_l.offset             	0.053810453	0.053667742	0.00020482431	
ankle_angle_l.offset            	0.18336643	0.18337318	0.00019537258	
stance_load_threshold           	0.15248399	0.15230016	0.00021842652	
S00111.tib_ant.KL               	1.2462656	1.2459931	0.0034471647	
S00111.tib_ant.L0               	0.74040098	0.73989269	0.00040153612	
S00111.tib_ant.KS               	0.000173	0.00016757151	0.00010974317	
S11000.tib_ant.KL               	1.2316252	1.2320871	0.00205016	
S11000.tib_ant.L0               	0.73181016	0.7319935	0.000310423	
S11000.tib_ant.KS               	0.036741028	0.036820615	0.00017797212	
S11111.tib_ant-soleus.KF        	-0.11195274	-0.11195534	0.00032494172	
S00111.soleus-tib_ant.KS        	-0.82446354	-0.82431639	0.0039304882	
S11000.soleus-tib_ant.KS        	-3.3410426	-3.3399012	0.0048798759	
S00111.gastroc-tib_ant.KS       	-0.35557966	-0.35496537	0.0027825491	
S11000.gastroc-tib_ant.KS       	-1.7279563	-1.727019	0.0038793649	
S00111.tib_ant-gastroc.KS       	-0.00357534	-0.0038579512	0.021710267	
S11000.tib_ant-gastroc.KS       	-0.00366451	-0.0034353623	0.021219648	
S00111.tib_ant-soleus.KS        	-0.00313515	-0.0032784385	0.022286692	
S11000.tib_ant-soleus.KS        	-0.0034666	-0.003225802	0.021339957	
S00111.gastroc.KL               	0.077172074	0.077660039	0.0028719846	
S00111.gastroc.L0               	0.87996977	0.87828002	0.0015536934	
S00111.gastroc.KS               	0.16072597	0.16105713	0.0013943693	
S00111.soleus.KL                	4.0165078	4.0177189	0.0034622575	
S00111.soleus.L0                	0.95442976	0.95440561	0.00088732336	
S00111.soleus.KS                	0.15367338	0.15488382	0.0021434011	
S11000.gastroc.KL               	0.00837043	0.0089585334	0.002169519	
S11000.gastroc.L0               	0.51532367	0.51629236	0.0015735728	
S11000.gastroc.KF               	-1.8741957	-1.8754091	0.003803094	
S11000.gastroc.KS               	0.25895975	0.25917861	0.0031048659	
S11000.soleus.KL                	0.77759702	0.77603569	0.0063146102	
S11000.soleus.L0                	0.91071394	0.91277686	0.0014919905	
S11000.soleus.KF                	-0.93814393	-0.94391236	0.0059332395	
S11000.soleus.KS                	0.10326306	0.10483513	0.0042326209	
S00011.vasti.KF                 	0.85702045	0.85638269	0.00082809758	
S00011.vasti.C0                 	0.080238786	0.080135576	0.00016736069	
S00011.vasti-knee_angle.pos_max 	-0.30801414	-0.30788606	0.0003018323	
S00011.hamstrings-pelvis_tilt.KP	0.68937833	0.69412301	0.0031940799	
S00011.hamstrings-pelvis_tilt.KV	0.56093728	0.56084453	0.00017257847	
S00011.hamstrings-pelvis_tilt.C0	0.026122477	0.026014208	0.000319314	
S00011.glut_max-pelvis_tilt.KP  	1.432249	1.4328703	0.0026547971	
S00011.glut_max-pelvis_tilt.KV  	0.31243302	0.31208378	0.00017205634	
S00011.glut_max-pelvis_tilt.C0  	0.16197018	0.16185878	0.00029274055	
S00011.iliopsoas-pelvis_tilt.KP 	-3.5377227	-3.5348815	0.0046103811	
S00011.iliopsoas-pelvis_tilt.KV 	-0.54067691	-0.54050783	0.00021170307	
S00011.iliopsoas-pelvis_tilt.C0 	0.34219382	0.34183352	0.00045088751	
S00100.iliopsoas.C0             	0.34650208	0.34680114	0.00025914942	
S00100.glut_max.C0              	-0.025010446	-0.024868626	0.00017655007	
S11000.iliopsoas.KL             	0.56815679	0.56843623	0.00022166377	
S11000.iliopsoas.L0             	0.39216844	0.39200347	0.00023156837	
S11000.iliopsoas-pelvis_tilt.P0 	-0.042937661	-0.042888649	0.00018452671	
S11000.iliopsoas-pelvis_tilt.KP 	0.01196527	0.011604525	0.00088626563	
S11000.iliopsoas-pelvis_tilt.KV 	0.14108547	0.1410147	0.00021840671	
S11000.iliopsoas-hamstrings.KL  	-8.5170559	-8.5194448	0.0081066872	
S11000.iliopsoas-hamstrings.L0  	1.1723883	1.1724137	0.00018093395	
S11000.hamstrings.KF            	0.5808209	0.58055165	0.00017756883	
S11000.glut_max.KF              	0.63120428	0.63120138	0.00021183448	
