pelvis_tilt.offset              	0.020323846	0.020366718	0.00010911832	
hip_flexion_r.offset            	0.06867878	0.068520256	0.00010176668	
knee_angle_r.offset             	-0.00085359047	-0.0011059658	0.00011262271	
ankle_angle_r.offset            	-0.055421243	-0.055593342	0.00014757411	
hip_flexion_l.offset            	-0.017308749	-0.01704562	0.00020623385	
knee_angle_l.offset             	0.053753392	0.053959895	0.00015949254	
ankle_angle_l.offset            	0.18332083	0.1833289	0.00015333186	
stance_load_threshold           	0.15247983	0.15258126	0.00017073727	
S00111.tib_ant.KL               	1.2560211	1.2541446	0.0027320599	
S00111.tib_ant.L0               	0.73938244	0.73868163	0.00032420385	
S00111.tib_ant.KS               	0.00015652	0.00016000749	7.9293085e-05	
S11000.tib_ant.KL               	1.234847	1.2344593	0.0016026253	
S11000.tib_ant.L0               	0.73114916	0.73087691	0.00024835654	
S11000.tib_ant.KS               	0.036718022	0.036629504	0.00013914176	
S11111.tib_ant-soleus.KF        	-0.11272096	-0.11266105	0.00025630411	
S00111.soleus-tib_ant.KS        	-0.81978994	-0.81728485	0.0030694776	
S11000.soleus-tib_ant.KS        	-3.3420424	-3.3433649	0.0038365934	
S00111.gastroc-tib_ant.KS       	-0.35557966	-0.35468038	0.0020619863	
S11000.gastroc-tib_ant.KS       	-1.7260962	-1.7296214	0.0030045267	
S00111.tib_ant-gastroc.KS       	-0.00357534	-0.0037761731	0.015678068	
S11000.tib_ant-gastroc.KS       	-0.00331551	-0.003449067	0.015323756	
S00111.tib_ant-soleus.KS        	-0.00346517	-0.0032251051	0.016094298	
S11000.tib_ant-soleus.KS        	-0.0034666	-0.0033645564	0.01541062	
S00111.gastroc.KL               	0.07523758	0.078693476	0.0021944177	
S00111.gastroc.L0               	0.87790509	0.87786741	0.0012082175	
S00111.gastroc.KS               	0.16049832	0.16106402	0.0010341409	
S00111.soleus.KL                	4.0320967	4.0329428	0.002772376	
S00111.soleus.L0                	0.95446618	0.95391745	0.00069391815	
S00111.soleus.KS                	0.16121577	0.15972223	0.0016750232	
S11000.gastroc.KL               	0.00925153	0.0088234156	0.0015722675	
S11000.gastroc.L0               	0.51840009	0.51694427	0.0012251063	
S11000.gastroc.KF               	-1.8762538	-1.8753907	0.0029397555	
S11000.gastroc.KS               	0.26494498	0.26373003	0.0024033803	
S11000.soleus.KL                	0.76981442	0.76896197	0.004928675	
S11000.soleus.L0                	0.91659371	0.91681295	0.0011791881	
S11000.soleus.KF                	-0.9532551	-0.95601781	0.0045935864	
S11000.soleus.KS                	0.11302564	0.10835542	0.003210554	
S00011.vasti.KF                 	0.85672799	0.85753352	0.00064428243	
S00011.vasti.C0                 	0.080026621	0.080029863	0.00012594097	
S00011.vasti-knee_angle.pos_max 	-0.30817467	-0.30812121	0.00023531543	
S00011.hamstrings-pelvis_tilt.KP	0.68687045	0.68823032	0.0025247343	
S00011.hamstrings-pelvis_tilt.KV	0.56090984	0.56087878	0.00013495789	
S00011.hamstrings-pelvis_tilt.C0	0.026964502	0.026375814	0.00024779616	
S00011.glut_max-pelvis_tilt.KP  	1.4292643	1.4290429	0.0020529485	
S00011.glut_max-pelvis_tilt.KV  	0.31164037	0.31164765	0.00013634329	
S00011.glut_max-pelvis_tilt.C0  	0.16125996	0.16125065	0.0002316809	
S00011.iliopsoas-pelvis_tilt.KP 	-3.5226971	-3.5264012	0.0036104258	
S00011.iliopsoas-pelvis_tilt.KV 	-0.54035706	-0.54038887	0.00016626482	
S00011.iliopsoas-pelvis_tilt.C0 	0.34326094	0.34298144	0.00035268953	
S00100.iliopsoas.C0             	0.34760363	0.34737989	0.00020518168	
S00100.glut_max.C0              	-0.025207432	-0.02499097	0.00013746654	
S11000.iliopsoas.KL             	0.56905761	0.5688325	0.00017610448	
S11000.iliopsoas.L0             	0.3925052	0.39259708	0.00018245494	
S11000.iliopsoas-pelvis_tilt.P0 	-0.042939254	-0.042792885	0.00014162102	
S11000.iliopsoas-pelvis_tilt.KP 	0.01082572	0.011633504	0.00065632524	
S11000.iliopsoas-pelvis_tilt.KV 	0.14139389	0.1413272	0.00017156103	
S11000.iliopsoas-hamstrings.KL  	-8.5421707	-8.544586	0.0064701933	
S11000.iliopsoas-hamstrings.L0  	1.1724902	1.1726453	0.00014063097	
S11000.hamstrings.KF            	0.58095967	0.58090734	0.00013957515	
S11000.glut_max.KF              	0.63183336	0.63170376	0.00016880744	
