pelvis_tilt.offset              	0.020230095	0.020312127	9.7236116e-05	
hip_flexion_r.offset            	0.068440013	0.068569758	9.122036e-05	
knee_angle_r.offset             	-0.0011522159	-0.0011807069	0.00010085888	
ankle_angle_r.offset            	-0.055589505	-0.055512674	0.00013100315	
hip_flexion_l.offset            	-0.016543026	-0.016923566	0.00018387075	
knee_angle_l.offset             	0.054021356	0.053894894	0.00014197696	
ankle_angle_l.offset            	0.18342384	0.18327334	0.00013639395	
stance_load_threshold           	0.15253011	0.15242602	0.00015267205	
S00111.tib_ant.KL               	1.2482794	1.248369	0.0024425344	
S00111.tib_ant.L0               	0.73922746	0.73881242	0.00028930774	
S00111.tib_ant.KS               	0.00015652	0.00016237142	6.9231019e-05	
S11000.tib_ant.KL               	1.2341072	1.2357338	0.0014389425	
S11000.tib_ant.L0               	0.73126502	0.73094712	0.00022106246	
S11000.tib_ant.KS               	0.036909006	0.036816564	0.00012383626	
S11111.tib_ant-soleus.KF        	-0.1127132	-0.11288937	0.00022930466	
S00111.soleus-tib_ant.KS        	-0.81344651	-0.81758953	0.0027503192	
S11000.soleus-tib_ant.KS        	-3.3388037	-3.3401425	0.0034176325	
S00111.gastroc-tib_ant.KS       	-0.35557966	-0.3539399	0.0018138676	
S11000.gastroc-tib_ant.KS       	-1.7307533	-1.7297828	0.0026747575	
S00111.tib_ant-gastroc.KS       	-0.00395169	-0.0037952211	0.013685151	
S11000.tib_ant-gastroc.KS       	-0.00331551	-0.0034989279	0.013375857	
S00111.tib_ant-soleus.KS        	-0.00346517	-0.0032650383	0.014048445	
S11000.tib_ant-soleus.KS        	-0.00313645	-0.0032933072	0.013451676	
S00111.gastroc.KL               	0.078821455	0.079633448	0.0019517025	
S00111.gastroc.L0               	0.87773772	0.87768835	0.0010750301	
S00111.gastroc.KS               	0.16153239	0.16101828	0.0009080621	
S00111.soleus.KL                	4.0301047	4.0316578	0.0024760076	
S00111.soleus.L0                	0.95253456	0.95309695	0.00061665898	
S00111.soleus.KS                	0.15851339	0.15858873	0.0014935136	
S11000.gastroc.KL               	0.00925153	0.0087184037	0.0013746483	
S11000.gastroc.L0               	0.51769662	0.51678105	0.0010864164	
S11000.gastroc.KF               	-1.8724706	-1.8749795	0.0026180888	
S11000.gastroc.KS               	0.26195154	0.26166745	0.0021369509	
S11000.soleus.KL                	0.77265982	0.7665697	0.0044015956	
S11000.soleus.L0                	0.91764623	0.91649314	0.0010571461	
S11000.soleus.KF                	-0.95186182	-0.95421477	0.0040691765	
S11000.soleus.KS                	0.1092152	0.10861634	0.0028434756	
S00011.vasti.KF                 	0.85700726	0.85744455	0.00057224188	
S00011.vasti.C0                 	0.080111692	0.080067445	0.00011123039	
S00011.vasti-knee_angle.pos_max 	-0.30835891	-0.308278	0.00020980266	
S00011.hamstrings-pelvis_tilt.KP	0.69443858	0.69063942	0.0022406847	
S00011.hamstrings-pelvis_tilt.KV	0.56104602	0.56097491	0.00011987479	
S00011.hamstrings-pelvis_tilt.C0	0.026704207	0.026985846	0.00022336088	
S00011.glut_max-pelvis_tilt.KP  	1.4280662	1.4269245	0.0018282555	
S00011.glut_max-pelvis_tilt.KV  	0.31151519	0.31165903	0.00012154222	
S00011.glut_max-pelvis_tilt.C0  	0.16148421	0.16131496	0.00020645318	
S00011.iliopsoas-pelvis_tilt.KP 	-3.5270795	-3.5281974	0.0032289248	
S00011.iliopsoas-pelvis_tilt.KV 	-0.54045979	-0.5403908	0.00014756153	
S00011.iliopsoas-pelvis_tilt.C0 	0.34299575	0.3434411	0.00031531882	
S00100.iliopsoas.C0             	0.34830535	0.34785242	0.00018512155	
S00100.glut_max.C0              	-0.024545993	-0.024852602	0.00012186293	
S11000.iliopsoas.KL             	0.56886664	0.56883968	0.00015713797	
S11000.iliopsoas.L0             	0.39272954	0.39251716	0.00016208728	
S11000.iliopsoas-pelvis_tilt.P0 	-0.043030841	-0.042861294	0.00012591569	
S11000.iliopsoas-pelvis_tilt.KP 	0.01082572	0.011283866	0.00057794754	
S11000.iliopsoas-pelvis_tilt.KV 	0.14132224	0.14147225	0.00015294076	
S11000.iliopsoas-hamstrings.KL  	-8.5275005	-8.54118	0.0057875949	
S11000.iliopsoas-hamstrings.L0  	1.1727595	1.1727123	0.00012587376	
S11000.hamstrings.KF            	0.58096355	0.58100877	0.00012400393	
S11000.glut_max.KF              	0.63158421	0.63156663	0.00015061668	
