pelvis_tilt.offset              	0.022848552	0.022113278	0.00140218	
hip_flexion_r.offset            	0.070295266	0.069428235	0.0013213622	
knee_angle_r.offset             	0.0016565707	0.00038647366	0.0014449531	
ankle_angle_r.offset            	-0.055034943	-0.057275183	0.0018903231	
hip_flexion_l.offset            	-0.0063612427	-0.005836757	0.0026761216	
knee_angle_l.offset             	0.056039522	0.056828596	0.0020621095	
ankle_angle_l.offset            	0.18820835	0.18771205	0.0019751917	
stance_load_threshold           	0.14870942	0.15206799	0.0021738766	
S00111.tib_ant.KL               	1.2259795	1.2507349	0.036039008	
S00111.tib_ant.L0               	0.76024282	0.76584243	0.0038743972	
S00111.tib_ant.KS               	0.00015652	0.00016564976	0.0015679592	
S11000.tib_ant.KL               	1.2225607	1.2035101	0.020512564	
S11000.tib_ant.L0               	0.73625975	0.73751643	0.002993156	
S11000.tib_ant.KS               	0.03371447	0.03576127	0.0019147371	
S11111.tib_ant-soleus.KF        	-0.11112818	-0.11060318	0.0032508837	
S00111.soleus-tib_ant.KS        	-0.84239411	-0.84883525	0.041568874	
S11000.soleus-tib_ant.KS        	-3.2340605	-3.279184	0.047713519	
S00111.gastroc-tib_ant.KS       	-0.33919252	-0.33199059	0.036254774	
S11000.gastroc-tib_ant.KS       	-1.6522068	-1.688412	0.039899967	
S00111.tib_ant-gastroc.KS       	-0.00357534	-0.0037652731	0.31027038	
S11000.tib_ant-gastroc.KS       	-0.00331551	-0.0036010475	0.30325885	
S00111.tib_ant-soleus.KS        	-0.00346517	-0.0032825388	0.31850858	
S11000.tib_ant-soleus.KS        	-0.00313645	-0.0033022616	0.30497839	
S00111.gastroc.L0               	0.84884558	0.8404709	0.015814419	
S00111.gastroc.KS               	0.17739288	0.16820845	0.01791457	
S00111.soleus.L0                	0.98290131	0.96870186	0.0090928901	
S00111.soleus.KS                	0.14946728	0.15568652	0.026181598	
S11000.gastroc.KL               	0.00925153	0.0087445358	0.030946161	
S11000.gastroc.L0               	0.53365547	0.5278519	0.016675995	
S11000.gastroc.KF               	-1.7913138	-1.8073447	0.039231441	
S11000.gastroc.KS               	0.2582008	0.26820744	0.036627283	
S11000.soleus.KL                	0.76235452	0.7888198	0.070222534	
S11000.soleus.L0                	0.90759581	0.89773396	0.015339758	
S11000.soleus.KF                	-0.95885434	-0.91630683	0.065223313	
S11000.soleus.KS                	0.1022613	0.10942571	0.057458969	
S00011.vasti.KF                 	0.8019494	0.81321659	0.0085971619	
S00011.vasti.C0                 	0.083566262	0.08341187	0.0019410754	
S00011.vasti-knee_angle.pos_max 	-0.30213282	-0.30494129	0.0029595379	
S00011.hamstrings-pelvis_tilt.KP	0.67099736	0.71347022	0.03420608	
S00011.hamstrings-pelvis_tilt.KV	0.57075802	0.56702545	0.0017275798	
S00011.hamstrings-pelvis_tilt.C0	0.02620588	0.027305024	0.0038034108	
S00011.glut_max-pelvis_tilt.KP  	1.5236321	1.4748966	0.028081638	
S00011.glut_max-pelvis_tilt.KV  	0.31532435	0.31352012	0.0017517687	
S00011.glut_max-pelvis_tilt.C0  	0.15889345	0.15787951	0.0029575899	
S00011.iliopsoas-pelvis_tilt.KP 	-3.4913526	-3.497596	0.047204108	
S00011.iliopsoas-pelvis_tilt.KV 	-0.54085426	-0.54317011	0.0021498964	
S00011.iliopsoas-pelvis_tilt.C0 	0.33437382	0.33070659	0.0046324398	
S00100.iliopsoas.C0             	0.33840457	0.3376735	0.0025405895	
S00100.glut_max.C0              	-0.024554086	-0.024792962	0.001969313	
S11000.iliopsoas.KL             	0.55913064	0.560575	0.0021762247	
S11000.iliopsoas.L0             	0.38972326	0.39145314	0.0024150238	
S11000.iliopsoas-pelvis_tilt.P0 	-0.042588661	-0.04374676	0.001949813	
S11000.iliopsoas-pelvis_tilt.KP 	0.01082572	0.011303051	0.012457286	
S11000.iliopsoas-pelvis_tilt.KV 	0.14192641	0.14443707	0.0022369752	
S11000.iliopsoas-hamstrings.KL  	-8.1659764	-8.2709449	0.079308892	
S11000.iliopsoas-hamstrings.L0  	1.164152	1.1659072	0.0018133004	
S11000.hamstrings.KF            	0.57616759	0.57510731	0.0017376258	
S11000.glut_max.KF              	0.61936581	0.62073999	0.001973855	
