pelvis_tilt.offset              	0.023818296	0.023109295	0.0011352455	
hip_flexion_r.offset            	0.072260045	0.07104433	0.0010718297	
knee_angle_r.offset             	0.00073180687	4.9869954e-05	0.0011698551	
ankle_angle_r.offset            	-0.056320964	-0.056768609	0.0015292855	
hip_flexion_l.offset            	-0.0038022922	-0.0043719037	0.0021763374	
knee_angle_l.offset             	0.055776068	0.056750842	0.0016685333	
ankle_angle_l.offset            	0.18574212	0.18729271	0.0015979252	
stance_load_threshold           	0.14919791	0.15100755	0.0017624597	
S00111.tib_ant.KL               	1.2525961	1.2541955	0.029079099	
S00111.tib_ant.L0               	0.77134764	0.76736215	0.003148563	
S00111.tib_ant.KS               	0.00015652	0.00016587095	0.0012502985	
S11000.tib_ant.KL               	1.2145791	1.2117986	0.016570955	
S11000.tib_ant.L0               	0.73179911	0.73531178	0.0024242564	
S11000.tib_ant.KS               	0.03371447	0.035875471	0.0015381208	
S11111.tib_ant-soleus.KF        	-0.11373945	-0.11359168	0.0026218736	
S00111.soleus-tib_ant.KS        	-0.88649837	-0.86515646	0.033355321	
S11000.soleus-tib_ant.KS        	-3.2264121	-3.2338724	0.038710396	
S00111.gastroc-tib_ant.KS       	-0.32735979	-0.33217474	0.028985954	
S11000.gastroc-tib_ant.KS       	-1.6314075	-1.6721425	0.032208411	
S00111.tib_ant-gastroc.KS       	-0.00395169	-0.0037863184	0.24741098	
S11000.tib_ant-gastroc.KS       	-0.00366451	-0.0035034827	0.24181996	
S00111.tib_ant-soleus.KS        	-0.00313515	-0.0032200836	0.25398016	
S11000.tib_ant-soleus.KS        	-0.00313645	-0.003282022	0.24319113	
S00111.gastroc.L0               	0.83319165	0.83935572	0.012776678	
S00111.gastroc.KS               	0.17739288	0.16951256	0.014325556	
S00111.soleus.L0                	0.9831276	0.98031672	0.0074274389	
S00111.soleus.KS                	0.16520068	0.15571516	0.020911696	
S11000.gastroc.KL               	0.00925153	0.0087729614	0.024676708	
S11000.gastroc.L0               	0.52959136	0.52669536	0.013489438	
S11000.gastroc.KF               	-1.8157542	-1.8274602	0.03181871	
S11000.gastroc.KS               	0.27887874	0.26235578	0.029259169	
S11000.soleus.KL                	0.84260236	0.80356259	0.05623725	
S11000.soleus.L0                	0.90207964	0.89972753	0.0124211	
S11000.soleus.KF                	-0.94861394	-0.92540752	0.052356592	
S11000.soleus.KS                	0.11302564	0.10547408	0.045825515	
S00011.vasti.KF                 	0.81016342	0.81360458	0.0069516385	
S00011.vasti.C0                 	0.081883914	0.081841399	0.001567249	
S00011.vasti-knee_angle.pos_max 	-0.30620605	-0.30422768	0.0023929931	
S00011.hamstrings-pelvis_tilt.KP	0.74162866	0.71951034	0.027478292	
S00011.hamstrings-pelvis_tilt.KV	0.56636983	0.56660188	0.0014033501	
S00011.hamstrings-pelvis_tilt.C0	0.02778807	0.026493381	0.0030389036	
S00011.glut_max-pelvis_tilt.KP  	1.5026734	1.4892083	0.02282997	
S00011.glut_max-pelvis_tilt.KV  	0.31108635	0.31427924	0.0014146557	
S00011.glut_max-pelvis_tilt.C0  	0.15811803	0.15751289	0.0023844592	
S00011.iliopsoas-pelvis_tilt.KP 	-3.5409583	-3.5780998	0.038347369	
S00011.iliopsoas-pelvis_tilt.KV 	-0.54643416	-0.54283446	0.0017410152	
S00011.iliopsoas-pelvis_tilt.C0 	0.33861466	0.33482186	0.0037409927	
S00100.iliopsoas.C0             	0.34194472	0.34130726	0.0020659227	
S00100.glut_max.C0              	-0.02414884	-0.025000958	0.0015766555	
S11000.iliopsoas.KL             	0.5611609	0.56359112	0.0017715912	
S11000.iliopsoas.L0             	0.39128473	0.39055236	0.0019557341	
S11000.iliopsoas-pelvis_tilt.P0 	-0.042792033	-0.045272004	0.0015670298	
S11000.iliopsoas-pelvis_tilt.KP 	0.01082572	0.011238692	0.0099338784	
S11000.iliopsoas-pelvis_tilt.KV 	0.14309171	0.14409255	0.0018175524	
S11000.iliopsoas-hamstrings.KL  	-8.2669874	-8.2646417	0.064285509	
S11000.iliopsoas-hamstrings.L0  	1.1645935	1.1657204	0.0014596317	
S11000.hamstrings.KF            	0.57704369	0.5752315	0.0014101797	
S11000.glut_max.KF              	0.6199934	0.61941136	0.0015954771	
