pelvis_tilt.offset              	0.023621481	0.023570459	8.4762206e-05	
hip_flexion_r.offset            	0.073683916	0.073509894	8.3002473e-05	
knee_angle_r.offset             	0.0013533516	0.0012395608	8.9911242e-05	
ankle_angle_r.offset            	-0.057081548	-0.05703935	0.00011420465	
hip_flexion_l.offset            	-0.0058653228	-0.0059256999	0.00016371899	
knee_angle_l.offset             	0.06077943	0.060670143	0.00012578042	
ankle_angle_l.offset            	0.18864975	0.18869624	0.00012126771	
stance_load_threshold           	0.15232914	0.15235726	0.00013345165	
S00111.tib_ant.KL               	1.2785242	1.2771594	0.0021319466	
S00111.tib_ant.L0               	0.76395841	0.76393772	0.00023400399	
S00111.tib_ant.KS               	0.00017217569	0.00016713917	6.8456431e-05	
S11000.tib_ant.KL               	1.215192	1.2138709	0.0012348174	
S11000.tib_ant.L0               	0.7280353	0.72795496	0.00018672864	
S11000.tib_ant.KS               	0.036288747	0.036271106	0.0001120846	
S11111.tib_ant-soleus.KF        	-0.10933844	-0.10889256	0.00019457651	
S00111.soleus-tib_ant.KS        	-0.85080986	-0.85278734	0.0024184057	
S11000.soleus-tib_ant.KS        	-3.284978	-3.2819856	0.0028966455	
S00111.gastroc-tib_ant.KS       	-0.33681327	-0.33926399	0.0018497503	
S11000.gastroc-tib_ant.KS       	-1.6545931	-1.6550663	0.0023926239	
S00111.tib_ant-gastroc.KS       	-0.00395169	-0.0038419839	0.013532791	
S11000.tib_ant-gastroc.KS       	-0.00366451	-0.0035311252	0.013226958	
S00111.tib_ant-soleus.KS        	-0.00346517	-0.003297274	0.013892056	
S11000.tib_ant-soleus.KS        	-0.00313645	-0.0032847185	0.013301934	
S00111.gastroc.KL               	0.079997437	0.079434842	0.0018988016	
S00111.gastroc.L0               	0.82947922	0.82880428	0.00095773958	
S00111.gastroc.KF               	1.4152268	1.4152449	0.00012164473	
S00111.gastroc.KS               	0.17250847	0.1737065	0.00091934565	
S00111.soleus.KL                	4.0986513	4.0963922	0.0021709693	
S00111.soleus.L0                	0.96372956	0.96419408	0.00052011879	
S00111.soleus.KF                	0.23170723	0.23163244	0.00017957475	
S00111.soleus.KS                	0.1522871	0.1533104	0.0013787935	
S11000.gastroc.KL               	0.00837043	0.008759909	0.0013587102	
S11000.gastroc.L0               	0.50069802	0.50130024	0.00097869523	
S11000.gastroc.KF               	-1.8132116	-1.8149103	0.0023762005	
S11000.gastroc.KS               	0.26667686	0.26813205	0.0020154678	
S11000.soleus.KL                	0.8181715	0.82031732	0.0040304771	
S11000.soleus.L0                	0.8764797	0.87867192	0.0009522107	
S11000.soleus.KF                	-0.90648383	-0.90455311	0.0037982206	
S11000.soleus.KS                	0.1089283	0.10598266	0.0027948252	
S00011.vasti.KF                 	0.83561381	0.83529591	0.00049939407	
S00011.vasti.C0                 	0.080967618	0.081065832	0.00010612376	
S00011.vasti-knee_angle.pos_max 	-0.30352442	-0.30366524	0.00018211729	
S00011.hamstrings-pelvis_tilt.KP	0.72078136	0.72284218	0.0019801637	
S00011.hamstrings-pelvis_tilt.KV	0.56406116	0.56424471	0.00010269716	
S00011.hamstrings-pelvis_tilt.C0	0.02514159	0.025298778	0.00020140531	
S00011.glut_max-pelvis_tilt.KP  	1.5431045	1.5423709	0.0016711446	
S00011.glut_max-pelvis_tilt.KV  	0.31274664	0.31281702	0.00010679655	
S00011.glut_max-pelvis_tilt.C0  	0.15851545	0.1587647	0.00017837491	
S00011.iliopsoas-pelvis_tilt.KP 	-3.5484489	-3.5521231	0.0028031501	
S00011.iliopsoas-pelvis_tilt.KV 	-0.53900107	-0.53895509	0.0001293888	
S00011.iliopsoas-pelvis_tilt.C0 	0.33196464	0.33168146	0.00027833539	
S00100.iliopsoas.C0             	0.33523584	0.33516838	0.00015370866	
S00100.glut_max.C0              	-0.02393872	-0.023753898	0.00011441284	
S11000.iliopsoas.KL             	0.56039144	0.56027522	0.00013119001	
S11000.iliopsoas.L0             	0.38834575	0.38819438	0.00015548884	
S11000.iliopsoas-pelvis_tilt.P0 	-0.044582272	-0.044756468	0.00011595899	
S11000.iliopsoas-pelvis_tilt.KP 	0.01082572	0.011234364	0.0005672648	
S11000.iliopsoas-pelvis_tilt.KV 	0.14723349	0.14739412	0.00013775736	
S11000.iliopsoas-hamstrings.KL  	-8.4180483	-8.4266898	0.0048953266	
S11000.iliopsoas-hamstrings.L0  	1.1673017	1.1673776	0.0001084282	
S11000.hamstrings.KF            	0.58076704	0.58064185	0.00010893438	
S11000.glut_max.KF              	0.62428702	0.62416086	0.00012225757	
