pelvis_tilt.offset              	0.023768958	0.023758834	1.7077264e-05	
hip_flexion_r.offset            	0.07364029	0.073618508	1.632918e-05	
knee_angle_r.offset             	0.0015234662	0.0015251283	1.7610617e-05	
ankle_angle_r.offset            	-0.057318711	-0.057308661	2.2635514e-05	
hip_flexion_l.offset            	-0.006115649	-0.0061393788	3.1460514e-05	
knee_angle_l.offset             	0.060541413	0.060529506	2.4049119e-05	
ankle_angle_l.offset            	0.1888304	0.18885337	2.3787099e-05	
stance_load_threshold           	0.15244697	0.1524476	2.6150242e-05	
S00111.tib_ant.KL               	1.2764505	1.2763507	0.00040922487	
S00111.tib_ant.L0               	0.76403058	0.76402342	4.5935494e-05	
S00111.tib_ant.KS               	0.000173	0.0001663115	1.0463034e-05	
S11000.tib_ant.KL               	1.2132118	1.2127859	0.00024126828	
S11000.tib_ant.L0               	0.72805684	0.72806484	3.6421811e-05	
S11000.tib_ant.KS               	0.036050954	0.036038135	2.1804286e-05	
S11111.tib_ant-soleus.KF        	-0.10873516	-0.10868587	3.7922984e-05	
S00111.soleus-tib_ant.KS        	-0.84000378	-0.83980476	0.00050418963	
S11000.soleus-tib_ant.KS        	-3.286892	-3.2868632	0.00057335155	
S00111.gastroc-tib_ant.KS       	-0.34013667	-0.34020917	0.00034156995	
S11000.gastroc-tib_ant.KS       	-1.6530838	-1.652858	0.00046022651	
S00111.tib_ant-gastroc.KS       	-0.00395169	-0.003772792	0.0020084692	
S11000.tib_ant-gastroc.KS       	-0.00366451	-0.0035421954	0.0019628833	
S00111.tib_ant-soleus.KS        	-0.00346517	-0.0033826479	0.0020614029	
S11000.tib_ant-soleus.KS        	-0.00313645	-0.0032436705	0.0019738472	
S00111.gastroc.KL               	0.080776179	0.081150805	0.00036225056	
S00111.gastroc.L0               	0.83214764	0.83216293	0.00018808344	
S00111.gastroc.KF               	1.4151311	1.4151395	2.3901428e-05	
S00111.gastroc.KS               	0.17338362	0.17351201	0.00017322048	
S00111.soleus.KL                	4.0975145	4.0970514	0.00042462376	
S00111.soleus.L0                	0.96526544	0.96544755	0.00010324198	
S00111.soleus.KF                	0.23149629	0.23153505	3.4463035e-05	
S00111.soleus.KS                	0.15296935	0.15309541	0.00026058846	
S11000.gastroc.KL               	0.0089353307	0.0086794095	0.00022530122	
S11000.gastroc.L0               	0.50098087	0.50096928	0.00019178869	
S11000.gastroc.KF               	-1.8160323	-1.8156507	0.00045891954	
S11000.gastroc.KS               	0.26397905	0.26463534	0.00038394018	
S11000.soleus.KL                	0.82509711	0.82526651	0.00078417672	
S11000.soleus.L0                	0.87820216	0.87808001	0.00018622018	
S11000.soleus.KF                	-0.90690484	-0.90865197	0.00073159672	
S11000.soleus.KS                	0.10283342	0.10324673	0.0005423367	
S00011.vasti.KF                 	0.83448062	0.83442641	9.6470865e-05	
S00011.vasti.C0                 	0.081131865	0.081122103	2.0172693e-05	
S00011.vasti-knee_angle.pos_max 	-0.30395254	-0.30398791	3.6135308e-05	
S00011.hamstrings-pelvis_tilt.KP	0.72549437	0.72469875	0.00038417638	
S00011.hamstrings-pelvis_tilt.KV	0.56418462	0.56421711	2.0347149e-05	
S00011.hamstrings-pelvis_tilt.C0	0.025786632	0.025746476	3.9010524e-05	
S00011.glut_max-pelvis_tilt.KP  	1.5411719	1.5411824	0.00032309071	
S00011.glut_max-pelvis_tilt.KV  	0.31273359	0.31274049	2.0967956e-05	
S00011.glut_max-pelvis_tilt.C0  	0.158076	0.15802936	3.619873e-05	
S00011.iliopsoas-pelvis_tilt.KP 	-3.5511628	-3.5513592	0.00053763688	
S00011.iliopsoas-pelvis_tilt.KV 	-0.53901615	-0.53900369	2.4641861e-05	
S00011.iliopsoas-pelvis_tilt.C0 	0.33163074	0.33161347	5.4308574e-05	
S00100.iliopsoas.C0             	0.33517751	0.33516492	2.9545383e-05	
S00100.glut_max.C0              	-0.023609948	-0.023627638	2.2512864e-05	
S11000.iliopsoas.KL             	0.55991085	0.5599892	2.5887474e-05	
S11000.iliopsoas.L0             	0.38886594	0.38888561	3.2274519e-05	
S11000.iliopsoas-pelvis_tilt.P0 	-0.045008069	-0.044984951	2.3061986e-05	
S11000.iliopsoas-pelvis_tilt.KP 	0.011435711	0.011397048	0.00010510086	
S11000.iliopsoas-pelvis_tilt.KV 	0.14732752	0.14731981	2.7385766e-05	
S11000.iliopsoas-hamstrings.KL  	-8.4252893	-8.4272624	0.0009471115	
S11000.iliopsoas-hamstrings.L0  	1.1671628	1.1671315	2.101043e-05	
S11000.hamstrings.KF            	0.58081008	0.58078146	2.1080511e-05	
S11000.glut_max.KF              	0.62400601	0.62398773	2.4276465e-05	
