pelvis_tilt.offset              	0.021312207	0.020876396	0.0010007294	
hip_flexion_r.offset            	0.06994775	0.070421943	0.00094285239	
knee_angle_r.offset             	8.4678163e-05	0.00041987272	0.0010356541	
ankle_angle_r.offset            	-0.060726474	-0.059997801	0.0013582503	
hip_flexion_l.offset            	-0.0069970456	-0.0052330121	0.0019131664	
knee_angle_l.offset             	0.056477257	0.055035594	0.0014757435	
ankle_angle_l.offset            	0.18901715	0.18800519	0.0014171656	
stance_load_threshold           	0.15128246	0.15197661	0.0015538932	
S00111.tib_ant.KL               	1.2404884	1.2362053	0.025634727	
S00111.tib_ant.L0               	0.75144094	0.75668874	0.0027569995	
S00111.tib_ant.KS               	0.000173	0.00016386607	0.001095784	
S11000.tib_ant.KL               	1.1839349	1.1932887	0.014632675	
S11000.tib_ant.L0               	0.73428754	0.7333757	0.0021407735	
S11000.tib_ant.KS               	0.035263653	0.035328804	0.0013552203	
S11111.tib_ant-soleus.KF        	-0.11212187	-0.11057558	0.0023196969	
S00111.soleus-tib_ant.KS        	-0.84647135	-0.84319207	0.029529531	
S11000.soleus-tib_ant.KS        	-3.2552394	-3.2431754	0.03425766	
S00111.gastroc-tib_ant.KS       	-0.35557966	-0.34986085	0.025454551	
S11000.gastroc-tib_ant.KS       	-1.6291125	-1.6800415	0.028527929	
S00111.tib_ant-gastroc.KS       	-0.00357534	-0.0038183374	0.21683537	
S11000.tib_ant-gastroc.KS       	-0.00366451	-0.0035269359	0.2119353	
S00111.tib_ant-soleus.KS        	-0.00346517	-0.0032513023	0.22259272	
S11000.tib_ant-soleus.KS        	-0.00313645	-0.0033500174	0.21313702	
S00111.gastroc.KL               	0.07523758	0.08066287	0.027111159	
S00111.gastroc.L0               	0.84189546	0.83135428	0.011265474	
S00111.gastroc.KF               	1.4079645	1.4100395	0.0014427786	
S00111.soleus.KL                	4.0646176	4.0518697	0.025229286	
S00111.soleus.L0                	0.97626126	0.97212857	0.0065024511	
S00111.soleus.KF                	0.23182269	0.22912933	0.0020979694	
S11000.gastroc.KL               	0.00925153	0.0088309976	0.021627159	
S11000.gastroc.L0               	0.52302802	0.52734012	0.011888819	
S11000.gastroc.KF               	-1.7979734	-1.8210772	0.028097587	
S11000.gastroc.KS               	0.27887874	0.26397425	0.025688325	
S11000.soleus.KL                	0.84260236	0.80816012	0.049431055	
S11000.soleus.L0                	0.90971836	0.90702339	0.010941058	
S11000.soleus.KF                	-0.94603334	-0.91323425	0.046034176	
S11000.soleus.KS                	0.11302564	0.10617781	0.040167388	
S00011.vasti.KF                 	0.83492138	0.82581749	0.0061178269	
S00011.vasti.C0                 	0.084337628	0.086285504	0.0013793851	
S00011.vasti-knee_angle.pos_max 	-0.301071	-0.30421363	0.0021247325	
S00011.hamstrings-pelvis_tilt.KP	0.72907003	0.70212105	0.024216684	
S00011.hamstrings-pelvis_tilt.KV	0.56332818	0.56529991	0.0012310865	
S00011.hamstrings-pelvis_tilt.C0	0.02514159	0.026545839	0.0026662619	
S00011.glut_max-pelvis_tilt.KP  	1.4508442	1.4872903	0.019930265	
S00011.glut_max-pelvis_tilt.KV  	0.31333965	0.31273154	0.0012511033	
S00011.glut_max-pelvis_tilt.C0  	0.16288637	0.16002852	0.0021106289	
S00011.iliopsoas-pelvis_tilt.KP 	-3.4899345	-3.5191537	0.033678005	
S00011.iliopsoas-pelvis_tilt.KV 	-0.54199832	-0.54427791	0.0015352211	
S00011.iliopsoas-pelvis_tilt.C0 	0.32854752	0.32888495	0.0033295231	
S00100.iliopsoas.C0             	0.33705132	0.3374044	0.0018166012	
S00100.glut_max.C0              	-0.02469259	-0.024399113	0.0013879002	
S11000.iliopsoas.KL             	0.56185257	0.55951485	0.0015555415	
S11000.iliopsoas.L0             	0.39581699	0.39350847	0.0017267337	
S11000.iliopsoas-pelvis_tilt.P0 	-0.045570418	-0.045406519	0.001383631	
S11000.iliopsoas-pelvis_tilt.KP 	0.01196527	0.011813499	0.0087066177	
S11000.iliopsoas-pelvis_tilt.KV 	0.14877068	0.14900728	0.001610484	
S11000.iliopsoas-hamstrings.KL  	-8.2629209	-8.2429406	0.056736872	
S11000.iliopsoas-hamstrings.L0  	1.1671255	1.1671976	0.0012870791	
S11000.hamstrings.KF            	0.57604454	0.57630968	0.0012370807	
S11000.glut_max.KF              	0.62014969	0.6191708	0.0014146856	
