pelvis_tilt.offset              	0.021934403	0.021695254	0.00031716018	
hip_flexion_r.offset            	0.068898569	0.069007871	0.00030555086	
knee_angle_r.offset             	0.002404719	0.0021043745	0.00034162555	
ankle_angle_r.offset            	-0.062017357	-0.062092155	0.00044944248	
hip_flexion_l.offset            	-0.0025439864	-0.003148572	0.0006160155	
knee_angle_l.offset             	0.060942213	0.060399592	0.00048921654	
ankle_angle_l.offset            	0.18743071	0.18695773	0.00045829043	
stance_load_threshold           	0.15209797	0.15200772	0.00049869133	
S00111.tib_ant.KL               	1.1994165	1.2053062	0.0082001382	
S00111.tib_ant.L0               	0.74815608	0.74831	0.00091867163	
S00111.tib_ant.KS               	0.000173	0.00016661098	0.00030874534	
S11000.tib_ant.KL               	1.2033964	1.2140694	0.0047181202	
S11000.tib_ant.L0               	0.7307719	0.73049821	0.00070521384	
S11000.tib_ant.KS               	0.034832145	0.034938584	0.00043128507	
S11111.tib_ant-soleus.KF        	-0.11237657	-0.11278012	0.00074214286	
S00111.soleus-tib_ant.KS        	-0.80888339	-0.81888975	0.0092844624	
S11000.soleus-tib_ant.KS        	-3.2191836	-3.2359813	0.011115892	
S00111.gastroc-tib_ant.KS       	-0.33588611	-0.33851526	0.0077177574	
S11000.gastroc-tib_ant.KS       	-1.690089	-1.664678	0.0092514702	
S00111.tib_ant-gastroc.KS       	-0.00395169	-0.0038070611	0.061093023	
S11000.tib_ant-gastroc.KS       	-0.00366451	-0.0035491388	0.059712432	
S00111.tib_ant-soleus.KS        	-0.00313515	-0.0033139167	0.062715136	
S11000.tib_ant-soleus.KS        	-0.0034666	-0.0032834059	0.060051013	
S00111.gastroc.KL               	0.08315732	0.078547811	0.0077166479	
S00111.gastroc.L0               	0.81323513	0.82005415	0.003663845	
S00111.gastroc.KF               	1.4080812	1.4078191	0.00047143386	
S00111.soleus.KL                	4.0766984	4.0711938	0.0081412997	
S00111.soleus.L0                	0.96470645	0.96833699	0.0020698191	
S00111.soleus.KF                	0.22834637	0.22830068	0.00067153435	
S11000.gastroc.KL               	0.00837043	0.0087459402	0.0060948742	
S11000.gastroc.L0               	0.54101531	0.53984142	0.0038017139	
S11000.gastroc.KF               	-1.7727702	-1.7702622	0.0091437163	
S11000.gastroc.KS               	0.26589782	0.25723314	0.0076520652	
S11000.soleus.KL                	0.8366796	0.80821538	0.015183938	
S11000.soleus.L0                	0.93034334	0.92863421	0.003534025	
S11000.soleus.KF                	-0.93649114	-0.9203061	0.014447716	
S11000.soleus.KS                	0.10677173	0.10713535	0.011416811	
S00011.vasti.KF                 	0.83212865	0.83086575	0.0019737255	
S00011.vasti.C0                 	0.085704463	0.085303983	0.00044136801	
S00011.vasti-knee_angle.pos_max 	-0.30917604	-0.30942007	0.00070116106	
S00011.hamstrings-pelvis_tilt.KP	0.71136044	0.71499438	0.007518772	
S00011.hamstrings-pelvis_tilt.KV	0.56452539	0.56427786	0.00040359915	
S00011.hamstrings-pelvis_tilt.C0	0.026224616	0.026005496	0.00079866753	
S00011.glut_max-pelvis_tilt.KP  	1.4443096	1.4464919	0.0065008334	
S00011.glut_max-pelvis_tilt.KV  	0.3116797	0.3123342	0.00039815992	
S00011.glut_max-pelvis_tilt.C0  	0.16025311	0.16055876	0.00067960434	
S00011.iliopsoas-pelvis_tilt.KP 	-3.5615549	-3.54718	0.01092232	
S00011.iliopsoas-pelvis_tilt.KV 	-0.5403948	-0.54097305	0.00050014795	
S00011.iliopsoas-pelvis_tilt.C0 	0.33522501	0.33556752	0.001083886	
S00100.iliopsoas.C0             	0.33993327	0.33977656	0.00058906267	
S00100.glut_max.C0              	-0.024946077	-0.023943795	0.00042813304	
S11000.iliopsoas.KL             	0.56214045	0.56159166	0.00050990101	
S11000.iliopsoas.L0             	0.39172889	0.39176478	0.00055988486	
S11000.iliopsoas-pelvis_tilt.P0 	-0.044088842	-0.044150136	0.00044150159	
S11000.iliopsoas-pelvis_tilt.KP 	0.01196527	0.011369392	0.0024590779	
S11000.iliopsoas-pelvis_tilt.KV 	0.14843272	0.14865451	0.00051885394	
S11000.iliopsoas-hamstrings.KL  	-8.1805677	-8.1820226	0.018290902	
S11000.iliopsoas-hamstrings.L0  	1.169682	1.1703404	0.00042504739	
S11000.hamstrings.KF            	0.57503329	0.57513983	0.00039660039	
S11000.glut_max.KF              	0.61999274	0.62029053	0.00046086089	
