pelvis_tilt.offset              	0.019797691	0.020270842	0.00099088502	
hip_flexion_r.offset            	0.070514163	0.068464809	0.00092963399	
knee_angle_r.offset             	-0.0023310072	-0.0015869004	0.0010276982	
ankle_angle_r.offset            	-0.059584217	-0.059352057	0.0013261639	
hip_flexion_l.offset            	-0.0027543399	-0.0051745976	0.0019032593	
knee_angle_l.offset             	0.056513338	0.055559558	0.0014536355	
ankle_angle_l.offset            	0.19325369	0.18885285	0.0014008712	
stance_load_threshold           	0.14882219	0.14945929	0.001529144	
S00111.tib_ant.KL               	1.240698	1.2768402	0.02523398	
S00111.tib_ant.L0               	0.74456246	0.74963294	0.0027739436	
S00111.tib_ant.KS               	0.000173	0.00016386592	0.0010498797	
S11000.tib_ant.KL               	1.2226024	1.2080815	0.014440088	
S11000.tib_ant.L0               	0.73646324	0.73743974	0.0021030294	
S11000.tib_ant.KS               	0.03726336	0.036629147	0.0013177569	
S11111.tib_ant-soleus.KF        	-0.1081461	-0.109919	0.0022546579	
S00111.soleus-tib_ant.KS        	-0.81047718	-0.82740119	0.028606231	
S11000.soleus-tib_ant.KS        	-3.3662689	-3.3346662	0.033453955	
S00111.gastroc-tib_ant.KS       	-0.35557966	-0.34570784	0.024544359	
S11000.gastroc-tib_ant.KS       	-1.7161768	-1.6777188	0.027855963	
S00111.tib_ant-gastroc.KS       	-0.00395169	-0.0037272402	0.2077515	
S11000.tib_ant-gastroc.KS       	-0.00366451	-0.0035158911	0.2030567	
S00111.tib_ant-soleus.KS        	-0.00313515	-0.0032929933	0.21326764	
S11000.tib_ant-soleus.KS        	-0.00313645	-0.003308705	0.20420808	
S00111.gastroc.KL               	0.07523758	0.077737323	0.025985865	
S00111.gastroc.L0               	0.83590555	0.84846142	0.011121534	
S00111.gastroc.KF               	1.4091304	1.4097326	0.0014246156	
S00111.soleus.KL                	4.0082081	4.0263841	0.024691555	
S00111.soleus.L0                	0.97153874	0.97575604	0.0063457528	
S00111.soleus.KF                	0.23235116	0.23360238	0.0020863813	
S11000.gastroc.KL               	0.00925153	0.0089916738	0.020721375	
S11000.gastroc.L0               	0.5192864	0.52918356	0.011715643	
S11000.gastroc.KF               	-1.7951217	-1.8416295	0.027395664	
S11000.soleus.KL                	0.84260236	0.80780025	0.047813787	
S11000.soleus.L0                	0.88950553	0.90100722	0.010845571	
S11000.soleus.KF                	-0.86753488	-0.92474867	0.044617509	
S00011.vasti.KF                 	0.82683086	0.83178669	0.0060615195	
S00011.vasti.C0                 	0.082078203	0.081816183	0.0013541677	
S00011.vasti-knee_angle.pos_max 	-0.31110412	-0.30941233	0.0021034476	
S00011.hamstrings-pelvis_tilt.KP	0.69125696	0.71169134	0.023689959	
S00011.hamstrings-pelvis_tilt.KV	0.56645746	0.56486502	0.0012188846	
S00011.hamstrings-pelvis_tilt.C0	0.025417331	0.026967624	0.0025656355	
S00011.glut_max-pelvis_tilt.KP  	1.4936301	1.5033166	0.019691916	
S00011.glut_max-pelvis_tilt.KV  	0.31299631	0.31324447	0.0012280182	
S00011.glut_max-pelvis_tilt.C0  	0.1608195	0.15970136	0.0020616634	
S00011.iliopsoas-pelvis_tilt.KP 	-3.6431118	-3.5963545	0.033683946	
S00011.iliopsoas-pelvis_tilt.KV 	-0.53708847	-0.54177411	0.0015150557	
S00011.iliopsoas-pelvis_tilt.C0 	0.32480884	0.3214291	0.0033004561	
S00100.iliopsoas.C0             	0.3421055	0.34191602	0.0017873004	
S00100.glut_max.C0              	-0.025160489	-0.024595985	0.0013409377	
S11000.iliopsoas.KL             	0.56567754	0.5649702	0.0015458407	
S11000.iliopsoas.L0             	0.38895645	0.38879758	0.001715812	
S11000.iliopsoas-pelvis_tilt.P0 	-0.044359256	-0.044037527	0.0013532133	
S11000.iliopsoas-pelvis_tilt.KP 	0.01082572	0.011344218	0.0083425359	
S11000.iliopsoas-pelvis_tilt.KV 	0.14183955	0.14171084	0.0015735174	
S11000.iliopsoas-hamstrings.KL  	-8.2913213	-8.253727	0.055883295	
S11000.iliopsoas-hamstrings.L0  	1.1709858	1.1716284	0.0012927265	
S11000.hamstrings.KF            	0.57572223	0.57600428	0.0012266744	
S11000.glut_max.KF              	0.62059977	0.62004658	0.0013868957	
