pelvis_tilt.offset              	0.015541731	0.013232939	0.0081472355	
hip_flexion_r.offset            	0.068863309	0.078367579	0.0081696675	
knee_angle_r.offset             	-0.030385485	-0.028295323	0.0081216895	
ankle_angle_r.offset            	-0.047131609	-0.042337277	0.0081735016	
hip_flexion_l.offset            	-0.068478331	-0.060805134	0.0081605312	
knee_angle_l.offset             	0.060212408	0.054634381	0.0081269012	
ankle_angle_l.offset            	0.055649959	0.05723512	0.0081376781	
stance_load_threshold           	0.10815927	0.11040258	0.0081471069	
S11111.tib_ant.KL               	1.3868503	1.3825095	0.081145161	
S11111.tib_ant.L0               	0.68613913	0.68665726	0.008137865	
S11111.tib_ant-soleus.KF        	-0.21187019	-0.20699068	0.0081549148	
S00111.soleus.KL                	2.1763429	1.9757216	0.16231951	
S00111.soleus.L0                	0.99490867	0.96625259	0.080850251	
S00111.soleus.KV                	0.076935219	0.11707717	0.16175927	
S00111.soleus.KF                	0.32615021	0.22165275	0.081443873	
S00111.gastroc.KF               	1.5615611	1.4936678	0.081552088	
S11000.soleus.KL                	0.91031732	0.7567509	0.16388886	
S11000.soleus.L0                	0.84649622	0.81615281	0.081474656	
S11000.soleus.KV                	0.055772249	0.13448128	0.16242607	
S00011.vasti.KF                 	0.84172116	0.93761376	0.081324814	
S00011.vasti.C0                 	0.071404781	0.07044501	0.0081254035	
S00011.vasti-knee_angle.pos_max 	-0.19947082	-0.1847119	0.0081383988	
S00011.hamstrings-pelvis_tilt.KP	1.3686828	1.2352313	0.081369252	
S00011.hamstrings-pelvis_tilt.KV	0.36603164	0.35928935	0.0081379905	
S00011.hamstrings-pelvis_tilt.C0	0.055017732	0.0497594	0.0081563215	
S00011.glut_max-pelvis_tilt.KP  	1.3777437	1.482279	0.081565502	
S00011.glut_max-pelvis_tilt.KV  	0.34115697	0.34437015	0.0081445006	
S00011.glut_max-pelvis_tilt.C0  	0.041873549	0.05039952	0.0081621055	
S00011.iliopsoas-pelvis_tilt.KP 	-2.2696539	-2.2205531	0.081190564	
S00011.iliopsoas-pelvis_tilt.KV 	-0.49399494	-0.48744554	0.0081581786	
S00011.iliopsoas-pelvis_tilt.C0 	0.33617348	0.33921464	0.0081552385	
S00100.iliopsoas.C0             	0.24146329	0.25841384	0.0081724439	
S00100.glut_max.C0              	-0.23981427	-0.2482252	0.0081296131	
S11000.iliopsoas.KL             	0.37679066	0.39373074	0.0081369482	
S11000.iliopsoas.L0             	0.57505876	0.5604145	0.008157865	
S11000.iliopsoas-pelvis_tilt.P0 	-0.035291594	-0.041250043	0.0081344238	
S11000.iliopsoas-pelvis_tilt.KP 	0.089706547	0.16043672	0.08118159	
S11000.iliopsoas-pelvis_tilt.KV 	0.31871715	0.30984714	0.0081356201	
S11000.iliopsoas-hamstrings.KL  	-8.5078843	-8.3040434	0.32597796	
S11000.iliopsoas-hamstrings.L0  	0.89916548	0.89851985	0.0081410828	
S11000.hamstrings.KF            	0.59404467	0.58631177	0.008126016	
S11000.glut_max.KF              	0.50530399	0.51424917	0.0081557374	
