pelvis_tilt.offset              	0.020763806	0.020736208	0.0004289231	
hip_flexion_r.offset            	0.073708759	0.072886297	0.00041799097	
knee_angle_r.offset             	-0.0017028766	-0.0018359785	0.00044989928	
ankle_angle_r.offset            	-0.055510922	-0.055736584	0.00058562422	
hip_flexion_l.offset            	-0.0094112618	-0.0079302925	0.00083768133	
knee_angle_l.offset             	0.055947406	0.055960885	0.00063789153	
ankle_angle_l.offset            	0.18256037	0.18364588	0.0006063724	
stance_load_threshold           	0.1490229	0.14900841	0.00067125949	
S00111.tib_ant.KL               	1.2437171	1.2460316	0.010968451	
S00111.tib_ant.L0               	0.76577148	0.76344585	0.0011856597	
S00111.tib_ant.KS               	0.00015652	0.00016473708	0.0004310026	
S11000.tib_ant.KL               	1.1744022	1.1779629	0.0063756372	
S11000.tib_ant.L0               	0.73615184	0.73656434	0.00092157409	
S11000.tib_ant.KS               	0.036329737	0.036364836	0.00057070042	
S11111.tib_ant-soleus.KF        	-0.10963661	-0.11121357	0.0009986938	
S00111.soleus-tib_ant.KS        	-0.84553609	-0.83142237	0.01241516	
S11000.soleus-tib_ant.KS        	-3.2740374	-3.2789124	0.014592409	
S00111.gastroc-tib_ant.KS       	-0.32906723	-0.32612539	0.010265319	
S11000.gastroc-tib_ant.KS       	-1.697402	-1.6920442	0.012412946	
S00111.tib_ant-gastroc.KS       	-0.00357534	-0.0037060268	0.085286061	
S11000.tib_ant-gastroc.KS       	-0.00331551	-0.0034547666	0.083358753	
S00111.tib_ant-soleus.KS        	-0.00346517	-0.0033927241	0.087550543	
S11000.tib_ant-soleus.KS        	-0.00313645	-0.0033183968	0.083831415	
S00111.gastroc.L0               	0.83974004	0.83403528	0.0048956983	
S00111.gastroc.KF               	1.4125456	1.4118892	0.0006308646	
S00111.gastroc.KS               	0.16252312	0.16295889	0.0051232027	
S00111.soleus.L0                	0.94034725	0.9457405	0.0027794419	
S00111.soleus.KF                	0.22619853	0.22665989	0.00089732663	
S00111.soleus.KS                	0.14946728	0.15360792	0.0074066203	
S11000.gastroc.KL               	0.0087911016	0.0088448924	0.0085074488	
S11000.gastroc.L0               	0.53029309	0.52170051	0.0050799271	
S11000.gastroc.KF               	-1.827038	-1.8310291	0.01223067	
S11000.gastroc.KS               	0.25231886	0.26776157	0.010478745	
S11000.soleus.KL                	0.80531901	0.7957791	0.020677866	
S11000.soleus.L0                	0.90690191	0.89992313	0.0046302032	
S11000.soleus.KF                	-0.93029009	-0.92330285	0.019409597	
S11000.soleus.KS                	0.11302564	0.10854444	0.01586674	
S00011.vasti.KF                 	0.82288291	0.82065318	0.0026102475	
S00011.vasti.C0                 	0.081798142	0.082285551	0.00057775344	
S00011.vasti-knee_angle.pos_max 	-0.30416214	-0.30395231	0.00091612246	
S00011.hamstrings-pelvis_tilt.KP	0.7105978	0.70778751	0.010323276	
S00011.hamstrings-pelvis_tilt.KV	0.56726198	0.56708609	0.00053115809	
S00011.hamstrings-pelvis_tilt.C0	0.025290219	0.026721136	0.0010850083	
S00011.glut_max-pelvis_tilt.KP  	1.5226321	1.5219221	0.0085525279	
S00011.glut_max-pelvis_tilt.KV  	0.31108578	0.31163279	0.00054179247	
S00011.glut_max-pelvis_tilt.C0  	0.16144527	0.16257958	0.00092262929	
S00011.iliopsoas-pelvis_tilt.KP 	-3.5801951	-3.594217	0.014753066	
S00011.iliopsoas-pelvis_tilt.KV 	-0.54069138	-0.54075761	0.00065867996	
S00011.iliopsoas-pelvis_tilt.C0 	0.33245427	0.33198802	0.0014450313	
S00100.iliopsoas.C0             	0.3375935	0.33779753	0.00078394667	
S00100.glut_max.C0              	-0.024933452	-0.024789914	0.00058041391	
S11000.iliopsoas.KL             	0.56055325	0.55996885	0.00067666479	
S11000.iliopsoas.L0             	0.39493563	0.39428025	0.00074886689	
S11000.iliopsoas-pelvis_tilt.P0 	-0.044950515	-0.044655433	0.00059302019	
S11000.iliopsoas-pelvis_tilt.KP 	0.01082572	0.011539138	0.003428149	
S11000.iliopsoas-pelvis_tilt.KV 	0.14760882	0.14688772	0.00069485376	
S11000.iliopsoas-hamstrings.KL  	-8.3999608	-8.3883038	0.024968515	
S11000.iliopsoas-hamstrings.L0  	1.165787	1.1660773	0.0005549876	
S11000.hamstrings.KF            	0.57647803	0.57602638	0.00053390463	
S11000.glut_max.KF              	0.62276535	0.62291523	0.00061083014	
