pelvis_tilt.offset              	0.02111617	0.020920015	0.00014593435	
hip_flexion_r.offset            	0.072360371	0.072362459	0.00014282493	
knee_angle_r.offset             	-0.0018889949	-0.0017872194	0.00015065391	
ankle_angle_r.offset            	-0.05616848	-0.056171694	0.00019832301	
hip_flexion_l.offset            	-0.0082133008	-0.0079917509	0.00028846744	
knee_angle_l.offset             	0.055711132	0.055605959	0.00021350327	
ankle_angle_l.offset            	0.18376113	0.18391909	0.00020636734	
stance_load_threshold           	0.14828595	0.1483508	0.00022853109	
S00111.tib_ant.KL               	1.2512686	1.2532546	0.0036942417	
S00111.tib_ant.L0               	0.76016972	0.75989892	0.0004054933	
S00111.tib_ant.KS               	0.00015652	0.00016233572	0.00012726051	
S11000.tib_ant.KL               	1.176853	1.1755408	0.0021559413	
S11000.tib_ant.L0               	0.73436958	0.73394901	0.00031950632	
S11000.tib_ant.KS               	0.035864542	0.035790536	0.00019421783	
S11111.tib_ant-soleus.KF        	-0.11208088	-0.11208483	0.00034221155	
S00111.soleus-tib_ant.KS        	-0.84150304	-0.83772226	0.0041318042	
S11000.soleus-tib_ant.KS        	-3.262982	-3.2680688	0.0048814367	
S00111.gastroc-tib_ant.KS       	-0.3287433	-0.32515605	0.0032002033	
S11000.gastroc-tib_ant.KS       	-1.6579919	-1.656456	0.004321036	
S00111.tib_ant-gastroc.KS       	-0.00395169	-0.0037411758	0.02517761	
S11000.tib_ant-gastroc.KS       	-0.00331551	-0.0033556318	0.024608638	
S00111.tib_ant-soleus.KS        	-0.00346517	-0.003334711	0.025846098	
S11000.tib_ant-soleus.KS        	-0.0034666	-0.0032595897	0.024748166	
S00111.gastroc.L0               	0.83517298	0.8343678	0.0016349788	
S00111.gastroc.KF               	1.4138337	1.413909	0.00022138237	
S00111.gastroc.KS               	0.16396396	0.1625697	0.001624238	
S00111.soleus.L0                	0.94892432	0.94870621	0.00092153987	
S00111.soleus.KF                	0.22656689	0.22584575	0.00030536802	
S00111.soleus.KS                	0.16362446	0.16026371	0.0023932206	
S11000.gastroc.KL               	0.00925153	0.0088601825	0.0025146643	
S11000.gastroc.L0               	0.53037256	0.53155696	0.0017561553	
S11000.gastroc.KF               	-1.8381041	-1.8450984	0.0041559123	
S11000.gastroc.KS               	0.25512113	0.25933297	0.0034188941	
S11000.soleus.KL                	0.80015021	0.80673656	0.0068747949	
S11000.soleus.L0                	0.90198659	0.90279428	0.0015575469	
S11000.soleus.KF                	-0.87838839	-0.89332205	0.0065335362	
S11000.soleus.KS                	0.11073466	0.10865192	0.0048385055	
S00011.vasti.KF                 	0.82502933	0.82431125	0.0008742869	
S00011.vasti.C0                 	0.08361471	0.083635161	0.00019334642	
S00011.vasti-knee_angle.pos_max 	-0.30503854	-0.30469495	0.0003124312	
S00011.hamstrings-pelvis_tilt.KP	0.69899179	0.70133625	0.0035261526	
S00011.hamstrings-pelvis_tilt.KV	0.56589715	0.5659667	0.00018160314	
S00011.hamstrings-pelvis_tilt.C0	0.02630521	0.026383656	0.00036259741	
S00011.glut_max-pelvis_tilt.KP  	1.5242499	1.5251627	0.0029296693	
S00011.glut_max-pelvis_tilt.KV  	0.3116388	0.31176276	0.00018274516	
S00011.glut_max-pelvis_tilt.C0  	0.16188958	0.161417	0.00031331345	
S00011.iliopsoas-pelvis_tilt.KP 	-3.5967315	-3.5942438	0.0050655156	
S00011.iliopsoas-pelvis_tilt.KV 	-0.53919832	-0.53932608	0.00022469275	
S00011.iliopsoas-pelvis_tilt.C0 	0.33047319	0.32988964	0.00048364012	
S00100.iliopsoas.C0             	0.33635238	0.33654911	0.00026462024	
S00100.glut_max.C0              	-0.025398395	-0.025307374	0.00019354439	
S11000.iliopsoas.KL             	0.56049031	0.56078232	0.00022954723	
S11000.iliopsoas.L0             	0.39373394	0.393858	0.0002545647	
S11000.iliopsoas-pelvis_tilt.P0 	-0.04507461	-0.045125604	0.00020317744	
S11000.iliopsoas-pelvis_tilt.KP 	0.01196527	0.011563353	0.0010232178	
S11000.iliopsoas-pelvis_tilt.KV 	0.14661377	0.14666686	0.00023626872	
S11000.iliopsoas-hamstrings.KL  	-8.435338	-8.4391871	0.0086879454	
S11000.iliopsoas-hamstrings.L0  	1.1686682	1.1684664	0.00019626143	
S11000.hamstrings.KF            	0.57714683	0.57672455	0.00018189474	
S11000.glut_max.KF              	0.6243057	0.62416279	0.00021097963	
