Step	Best	Median	Predicted	Progress
0	74.8128	91.0816	0	0
1	0.752691	84.3779	-37029.3	98.3935
2	65.8622	87.7157	-2171.79	0.0657169
3	54.9707	88.6941	-2715.76	0.0892583
4	0.606832	84.4744	-4336.58	0.165362
5	45.8051	87.0431	-3265.27	0.120319
6	0.613144	83.0425	-4372.21	0.199501
7	0.602729	83.0846	-5300.12	0.327134
8	0.601864	85.9461	-3098.03	0.278
9	0.603799	84.1957	-12.6362	0.0380372
10	0.614094	83.2615	-8.99631	0.0285629
11	0.605957	84.4857	-4.60233	0.015854
12	0.610721	85.7486	-2.3432	0.0092814
13	0.612566	81.4021	-0.171666	0.00252467
14	0.605689	77.1331	-0.340431	0.00306046
15	0.603334	73.9009	-0.510587	0.00359934
16	0.606873	80.1186	-0.344219	0.00306985
17	0.604535	75.6834	-0.177914	0.00253748
18	0.599456	77.8663	-0.26088	0.00280084
19	0.601996	76.4264	-0.038633	0.00208837
20	0.606323	81.0629	-0.0201682	0.00202733
21	0.602197	75.9016	0.0555816	0.00178254
22	0.60243	79.7916	0.126861	0.00155224
23	0.601243	79.0382	0.220675	0.00124821
24	0.603026	77.7834	0.28903	0.0010262
25	0.601035	67.0194	0.326317	0.000904007
26	0.603859	74.7322	0.341278	0.000854168
27	0.603576	64.5236	0.355484	0.000807987
28	0.600119	76.2692	0.359054	0.000794771
29	0.602228	66.0831	0.388785	0.000697819
30	0.603023	74.3	0.400803	0.000659028
31	0.608962	73.1816	0.406184	0.000641334
32	0.603532	37.8297	0.429456	0.000566315
33	0.605337	73.6448	0.453479	0.00048812
34	0.602963	72.471	0.462743	0.000458216
35	0.603662	79.9607	0.480301	0.00040065
36	0.599991	52.332	0.493476	0.000357288
37	0.603778	0.621957	0.510181	0.000302665
38	0.60466	45.9187	0.52099	0.000267262
39	0.601049	72.0481	0.523669	0.000258222
40	0.603868	50.2986	0.531754	0.000232011
41	0.606785	46.253	0.54092	0.000202943
42	0.602172	46.3301	0.548097	0.000179761
43	0.601693	13.2936	0.548245	0.000178533
44	0.599064	0.696741	0.542101	0.00019795
45	0.603932	0.623416	0.550119	0.000171816
46	0.600894	0.615147	0.541862	0.000197989
47	0.596671	0.622172	0.538108	0.00020934
48	0.598533	54.8535	0.535419	0.000217291
49	0.598629	37.7096	0.528603	0.000238149
50	0.597402	7.02881	0.520768	0.000262366
51	0.596388	8.78485	0.510272	0.000294898
52	0.59755	47.3125	0.506945	0.0003049
53	0.599278	0.616461	0.507844	0.000301527
54	0.60018	0.620638	0.515487	0.000276974
55	0.599615	59.9052	0.515978	0.000274968
56	0.597985	58.7642	0.511941	0.000287119
57	0.596682	0.613693	0.510093	0.000292369
58	0.597198	0.613974	0.507807	0.000299002
59	0.599766	0.616059	0.50974	0.000292455
60	0.599493	24.1942	0.511248	0.000287284
61	0.596663	0.625075	0.50362	0.000310521
62	0.594358	13.358	0.50059	0.000319386
63	0.598427	0.612348	0.502185	0.000313914
64	0.595282	0.615621	0.498329	0.000325388
65	0.59216	1.08644	0.493749	0.000339019
66	0.594734	0.614739	0.491496	0.000345471
67	0.59474	0.620267	0.491058	0.00034624
68	0.598794	12.0648	0.491858	0.000343181
69	0.596204	0.609135	0.492762	0.000339785
70	0.597855	0.624961	0.493805	0.000336023
71	0.595059	0.608595	0.494706	0.000332726
72	0.59681	45.3434	0.497145	0.000324738
73	0.596464	0.623901	0.497519	0.000322957
74	0.594863	0.611382	0.49728	0.000323167
75	0.59485	0.611365	0.499472	0.000315974
76	0.593426	0.608954	0.498347	0.000318783
77	0.596168	0.608375	0.500121	0.000312947
78	0.593257	0.607787	0.498699	0.000316647
79	0.595551	0.612652	0.49978	0.000312938
80	0.593548	29.3668	0.499327	0.000313684
81	0.594684	0.607379	0.500919	0.000308336
82	0.594134	0.60472	0.501632	0.000305674
83	0.593876	0.607643	0.502159	0.000303621
84	0.593796	0.604055	0.503474	0.000299134
85	0.592647	0.604577	0.50295	0.000300195
86	0.592636	0.616774	0.502321	0.000301575
87	0.591814	0.636248	0.501141	0.000304624
88	0.594395	0.604194	0.502772	0.000299226
89	0.594021	0.601698	0.503221	0.000297412
90	0.59346	0.60062	0.503873	0.000295007
91	0.594086	0.608511	0.504604	0.000292351
92	0.593897	0.601304	0.505693	0.000288645
93	0.593927	0.630534	0.506318	0.000286277
94	0.59424	0.600792	0.50705	0.000283483
95	0.592252	0.604781	0.50771	0.000281125
96	0.593853	0.601446	0.508208	0.000279232
97	0.594003	0.603521	0.509317	0.000275525
98	0.591899	0.600442	0.509581	0.000274351
99	0.592459	0.599398	0.50974	0.000273415
100	0.592809	0.613272	0.510294	0.000271269
101	0.593196	0.599634	0.510639	0.000269794
102	0.591521	0.600021	0.511246	0.000267605
103	0.593175	0.600462	0.511635	0.000266007
104	0.593254	0.599534	0.512602	0.000262632
105	0.59298	0.598709	0.512984	0.000261183
106	0.591183	0.599708	0.513356	0.000259701
107	0.593363	0.601551	0.514086	0.000257191
108	0.592784	0.597717	0.514683	0.000255037
109	0.592929	0.665564	0.515491	0.00025208
110	0.593484	0.63432	0.515902	0.000250417
111	0.59262	0.601349	0.516057	0.000249576
112	0.591605	0.596237	0.516325	0.000248508
113	0.592124	0.598477	0.516728	0.000246994
114	0.592028	0.596473	0.517702	0.000243693
115	0.593039	0.598083	0.518692	0.000240196
116	0.593007	0.603846	0.519605	0.00023696
117	0.59281	0.598313	0.520724	0.000233118
118	0.589893	0.611001	0.520775	0.000232443
119	0.592808	0.704234	0.520954	0.000231595
120	0.592155	0.596586	0.521301	0.000230266
121	0.592539	0.612403	0.521808	0.000228315
122	0.59114	0.597073	0.522609	0.000225517
123	0.592617	0.608472	0.523529	0.000222379
124	0.591567	0.599927	0.523893	0.000220921
125	0.59216	0.598876	0.524528	0.00021863
126	0.59276	3.84741	0.524855	0.000217246
127	0.592065	0.596545	0.52507	0.000216407
128	0.592284	0.596552	0.525514	0.000214804
129	0.592629	0.682634	0.526016	0.000212915
130	0.592611	0.602964	0.526871	0.000210213
131	0.592488	0.770947	0.527359	0.000208444
132	0.590982	0.595854	0.528089	0.000205862
133	0.592542	0.609059	0.528841	0.000203356
134	0.592381	0.598046	0.529537	0.00020102
135	0.592198	0.595822	0.529813	0.000199816
136	0.592139	0.616159	0.530073	0.000198688
137	0.59172	0.596312	0.530418	0.000197351
138	0.592482	0.613615	0.53082	0.000195742
139	0.591746	0.597051	0.531449	0.000193436
140	0.592901	0.595925	0.531593	0.000192663
141	0.592781	0.598019	0.532312	0.000190319
142	0.591683	0.599793	0.533632	0.000186195
143	0.592169	0.607474	0.533712	0.000185718
144	0.592844	0.60099	0.533933	0.000184821
145	0.592285	0.597608	0.534394	0.000183424
146	0.59235	0.596543	0.534594	0.00018263
147	0.591471	0.597966	0.534891	0.000181466
148	0.592475	0.601606	0.536983	0.000175164
149	0.593014	0.644236	0.537824	0.00017264
150	0.591971	0.598851	0.538469	0.000170619
151	0.592219	0.597722	0.538468	0.000170354
152	0.591051	0.595691	0.539794	0.000166123
153	0.592642	3.48975	0.539898	0.000165602
154	0.591364	0.599982	0.539984	0.000165141
155	0.591817	0.608644	0.540091	0.000164552
156	0.592606	0.59786	0.541634	0.000159495
157	0.592486	0.596701	0.543165	0.000154635
158	0.591974	0.599379	0.543515	0.000153335
159	0.592252	0.599503	0.543703	0.000152607
160	0.591685	0.595707	0.544471	0.000150324
161	0.591207	0.596228	0.545009	0.000148547
162	0.592657	0.673384	0.545719	0.000146225
163	0.59331	0.596562	0.546544	0.000143792
164	0.592064	0.632799	0.547619	0.000140647
165	0.592931	0.598243	0.548416	0.000138055
166	0.592274	0.596179	0.548765	0.000136868
167	0.591256	0.594762	0.549345	0.00013501
168	0.592037	0.67542	0.550212	0.000132132
169	0.592098	0.6072	0.550227	0.00013189
170	0.591172	0.594522	0.550504	0.000130813
171	0.592432	0.594726	0.551753	0.00012678
172	0.592548	0.594429	0.552328	0.00012493
173	0.591906	0.596312	0.55288	0.000123081
174	0.5925	0.594528	0.553552	0.000120982
175	0.591969	0.595844	0.554805	0.000117504
176	0.591964	0.594519	0.556213	0.000113147
177	0.591478	0.601335	0.556759	0.000111446
178	0.591081	0.594669	0.557233	0.000110029
179	0.590937	0.59551	0.558011	0.000107708
180	0.59149	0.594858	0.558552	0.000105844
181	0.591991	0.604889	0.55894	0.000104628
182	0.591798	0.594214	0.559222	0.000103749
183	0.59205	0.608707	0.559434	0.000102933
184	0.591696	0.594396	0.559868	0.000101406
185	0.591693	0.594339	0.560399	9.98277e-05
186	0.591539	0.604939	0.560591	9.91704e-05
187	0.591541	0.594315	0.561142	9.73155e-05
188	0.589895	0.593631	0.561411	9.62941e-05
189	0.59213	0.61432	0.561992	9.43266e-05
190	0.590917	0.618122	0.562586	9.23505e-05
191	0.59203	0.594413	0.562979	9.10315e-05
192	0.591179	0.59488	0.563569	8.92731e-05
193	0.590949	0.594836	0.564185	8.73192e-05
194	0.59099	0.593807	0.56448	8.63215e-05
195	0.591373	0.594354	0.564749	8.54967e-05
196	0.591	0.593794	0.565359	8.36364e-05
197	0.592262	0.614034	0.566347	8.07419e-05
198	0.591099	0.598065	0.567122	7.84912e-05
199	0.591398	0.59491	0.567474	7.72649e-05
200	0.591942	0.595806	0.567617	7.66814e-05
201	0.591599	0.62465	0.567785	7.60456e-05
202	0.591366	0.593335	0.567994	7.52622e-05
203	0.591006	0.597529	0.568378	7.41081e-05
204	0.589613	0.647003	0.568654	7.31861e-05
205	0.591749	0.612333	0.568943	7.21933e-05
206	0.590139	0.593499	0.569039	7.17641e-05
207	0.591069	0.593168	0.569252	7.09863e-05
208	0.59139	0.593774	0.56949	7.01825e-05
209	0.591435	0.594391	0.569973	6.85895e-05
210	0.591499	0.593182	0.570197	6.7776e-05
211	0.591484	0.593318	0.571061	6.50902e-05
212	0.591665	0.593623	0.571325	6.41544e-05
213	0.590876	0.592798	0.571546	6.34157e-05
214	0.590782	0.593445	0.571686	6.28816e-05
215	0.590063	0.593105	0.571715	6.26659e-05
216	0.591151	0.606469	0.571948	6.18501e-05
217	0.590837	0.59348	0.572111	6.13549e-05
218	0.59148	0.633788	0.572312	6.07385e-05
219	0.591939	0.593833	0.572423	6.03254e-05
220	0.591467	0.592812	0.572692	5.93974e-05
221	0.591586	0.593767	0.57282	5.89127e-05
222	0.591521	0.621125	0.572957	5.84281e-05
223	0.591264	0.592711	0.57305	5.80608e-05
224	0.591578	0.593138	0.573077	5.78752e-05
225	0.591668	0.592907	0.573179	5.74799e-05
226	0.591283	0.592821	0.573398	5.67279e-05
227	0.591832	0.598351	0.573501	5.63248e-05
228	0.591566	0.593066	0.573738	5.55282e-05
229	0.591681	0.593244	0.574083	5.44077e-05
230	0.590674	0.593151	0.574505	5.30502e-05
231	0.591065	0.593225	0.574788	5.21031e-05
232	0.591109	0.613375	0.574913	5.1622e-05
233	0.591151	0.59539	0.575158	5.07936e-05
234	0.591349	0.610599	0.575446	4.98615e-05
235	0.591406	0.59895	0.57558	4.93912e-05
236	0.591076	0.593086	0.575824	4.85726e-05
237	0.591516	0.592787	0.575878	4.83405e-05
238	0.591583	0.59306	0.575992	4.79471e-05
239	0.591372	0.593146	0.575975	4.79187e-05
240	0.591858	0.59305	0.576101	4.74982e-05
241	0.590971	0.592676	0.576184	4.72193e-05
242	0.591075	0.59278	0.576461	4.64174e-05
243	0.591602	0.592947	0.576591	4.60145e-05
244	0.591682	0.592575	0.576808	4.54024e-05
245	0.590935	0.592904	0.5769	4.50726e-05
246	0.591273	0.593105	0.576947	4.48611e-05
247	0.591279	0.592686	0.576965	4.47722e-05
248	0.591193	0.649225	0.577292	4.38882e-05
249	0.591021	0.592597	0.577351	4.36728e-05
250	0.591363	0.592662	0.577495	4.31957e-05
251	0.590708	0.593002	0.577582	4.2884e-05
252	0.590703	0.592612	0.577697	4.25038e-05
253	0.591216	0.592536	0.577759	4.22463e-05
254	0.591277	0.594615	0.577826	4.19762e-05
255	0.591123	0.600027	0.57799	4.14671e-05
256	0.59139	0.593603	0.578107	4.10907e-05
257	0.59139	0.592438	0.578397	4.03261e-05
258	0.591299	0.600651	0.578429	4.01933e-05
259	0.59142	0.594994	0.578544	3.97974e-05
260	0.591172	0.59229	0.578711	3.92959e-05
261	0.590699	0.629726	0.578759	3.91086e-05
262	0.591163	0.624148	0.57888	3.86961e-05
263	0.591535	0.593153	0.57899	3.83163e-05
264	0.59136	0.592245	0.579117	3.79071e-05
265	0.591166	0.592621	0.579168	3.77306e-05
266	0.590541	0.592518	0.579338	3.7167e-05
267	0.590441	0.599413	0.579351	3.70839e-05
268	0.590919	0.59245	0.57951	3.65682e-05
269	0.591094	0.628446	0.579697	3.5978e-05
270	0.590855	0.592663	0.57972	3.58487e-05
271	0.591112	0.642814	0.579785	3.55868e-05
272	0.591041	0.631535	0.579941	3.50633e-05
273	0.590269	0.592324	0.579902	3.51186e-05
274	0.591373	0.592332	0.580107	3.44808e-05
275	0.591255	0.601233	0.580151	3.4294e-05
276	0.590808	0.592163	0.580207	3.40701e-05
277	0.590616	0.595193	0.580257	3.38755e-05
278	0.591205	0.592581	0.580287	3.37314e-05
279	0.590814	0.592137	0.580289	3.36721e-05
280	0.590935	0.592459	0.580288	3.36246e-05
281	0.590881	0.59808	0.58034	3.34178e-05
282	0.590759	0.592448	0.580423	3.31377e-05
283	0.590924	0.592424	0.580467	3.2958e-05
284	0.590621	0.613579	0.580597	3.25718e-05
285	0.590605	0.609038	0.580666	3.23214e-05
286	0.590584	0.618399	0.580706	3.21721e-05
287	0.591167	0.628753	0.580733	3.20609e-05
288	0.590743	0.613024	0.580742	3.19945e-05
289	0.591508	0.6013	0.580974	3.13748e-05
290	0.590359	0.592934	0.580972	3.13266e-05
291	0.591336	0.592371	0.581006	3.1188e-05
292	0.590906	0.605356	0.581062	3.09935e-05
293	0.591132	0.592373	0.581149	3.07493e-05
294	0.590839	0.592052	0.58136	3.01148e-05
295	0.591575	0.592403	0.581487	2.97005e-05
296	0.59072	0.592181	0.581525	2.95455e-05
297	0.590988	0.592661	0.581644	2.92061e-05
298	0.591184	0.592824	0.581782	2.88214e-05
299	0.591253	0.597639	0.581836	2.8632e-05
300	0.590944	0.592183	0.581843	2.85685e-05
301	0.591545	0.605835	0.581905	2.83564e-05
302	0.591074	0.604559	0.58203	2.79654e-05
303	0.590659	0.592184	0.582064	2.78071e-05
304	0.591181	0.592063	0.582071	2.7738e-05
305	0.591104	0.592146	0.582089	2.76359e-05
306	0.591591	0.592248	0.582106	2.75354e-05
307	0.591157	0.592057	0.582233	2.71371e-05
308	0.591202	0.592394	0.582352	2.67588e-05
309	0.590923	0.592277	0.582385	2.66122e-05
310	0.591366	0.608706	0.582389	2.65518e-05
311	0.591235	0.592207	0.582403	2.64755e-05
312	0.59117	0.592129	0.582428	2.6367e-05
313	0.590763	0.592178	0.582464	2.62226e-05
314	0.591173	0.595668	0.5825	2.61042e-05
315	0.591132	0.624687	0.582553	2.59147e-05
316	0.591109	0.59221	0.582578	2.58001e-05
317	0.591104	0.59255	0.582619	2.56548e-05
318	0.591165	0.592003	0.582665	2.54837e-05
319	0.591039	0.592069	0.58275	2.52304e-05
320	0.591049	0.593323	0.582808	2.50464e-05
321	0.591246	0.59245	0.582875	2.48455e-05
322	0.59115	0.592644	0.582908	2.47292e-05
323	0.590787	0.592339	0.582916	2.4679e-05
324	0.590219	0.640135	0.58295	2.45513e-05
325	0.590516	0.632257	0.58298	2.44394e-05
326	0.591004	0.593291	0.583031	2.42759e-05
327	0.590901	0.592386	0.583046	2.41975e-05
328	0.590753	0.615614	0.583072	2.40929e-05
329	0.591234	0.626492	0.583093	2.40078e-05
330	0.590715	0.591851	0.583102	2.39498e-05
331	0.590741	0.619253	0.583124	2.38457e-05
332	0.590757	0.59522	0.583196	2.35994e-05
333	0.59106	0.592525	0.583274	2.33569e-05
334	0.591226	0.655312	0.583322	2.319e-05
335	0.590863	0.607139	0.583339	2.31075e-05
336	0.59052	0.591924	0.583392	2.29054e-05
337	0.590895	0.610424	0.583409	2.28243e-05
338	0.590649	0.595655	0.583447	2.26857e-05
339	0.590788	0.612632	0.583474	2.25863e-05
340	0.590539	0.61309	0.583507	2.24762e-05
341	0.591139	0.592689	0.583523	2.23877e-05
342	0.590807	0.616472	0.583572	2.2219e-05
343	0.590976	0.627952	0.583612	2.20827e-05
344	0.590963	0.595278	0.583643	2.19825e-05
345	0.591247	0.596437	0.583753	2.16873e-05
346	0.591213	0.606092	0.583805	2.15151e-05
347	0.590776	0.592034	0.583838	2.14041e-05
348	0.590688	0.591827	0.58386	2.13293e-05
349	0.590708	0.59639	0.583937	2.1113e-05
350	0.590427	0.592116	0.583963	2.1019e-05
351	0.590997	0.591946	0.58399	2.09261e-05
352	0.591049	0.601111	0.584048	2.07557e-05
353	0.590506	0.620118	0.584148	2.04817e-05
354	0.590832	0.592184	0.584183	2.03713e-05
355	0.590951	0.592061	0.584229	2.02256e-05
356	0.591066	0.61694	0.584267	2.01107e-05
357	0.590851	0.594125	0.584313	1.99724e-05
358	0.591265	0.599897	0.584414	1.97004e-05
359	0.590891	0.593855	0.584483	1.95069e-05
360	0.591	0.596735	0.584513	1.93969e-05
361	0.59119	0.600513	0.584595	1.91354e-05
362	0.590272	0.592045	0.584616	1.90417e-05
363	0.590572	0.592003	0.584661	1.89066e-05
364	0.590725	0.602677	0.584708	1.87459e-05
365	0.590369	0.591847	0.584742	1.86348e-05
366	0.590875	0.624523	0.584765	1.85358e-05
367	0.591058	0.591828	0.584804	1.8403e-05
368	0.59106	0.591944	0.58483	1.83257e-05
369	0.591034	0.591883	0.58486	1.82526e-05
370	0.591139	0.591958	0.584885	1.81737e-05
371	0.591054	0.591904	0.584921	1.80618e-05
372	0.59088	0.593811	0.58493	1.80137e-05
373	0.59112	0.596957	0.58497	1.78601e-05
374	0.591271	0.591966	0.585019	1.7684e-05
375	0.590976	0.591785	0.585052	1.75796e-05
376	0.590873	0.591915	0.585126	1.73245e-05
377	0.591002	0.593098	0.585132	1.72787e-05
378	0.591495	0.628257	0.585151	1.71949e-05
379	0.590957	0.592207	0.58516	1.71375e-05
380	0.590785	0.591933	0.585173	1.70828e-05
381	0.591018	0.591835	0.585294	1.67379e-05
382	0.590669	0.59484	0.585323	1.66563e-05
383	0.590398	0.591852	0.585333	1.66112e-05
384	0.590571	0.593179	0.585358	1.6524e-05
385	0.590659	0.59185	0.585407	1.6405e-05
386	0.59056	0.616605	0.585569	1.60155e-05
387	0.590595	0.591839	0.585575	1.5981e-05
388	0.59062	0.593881	0.585632	1.58196e-05
389	0.590985	0.628661	0.585652	1.57597e-05
390	0.590965	0.609307	0.585664	1.57064e-05
391	0.591161	0.591861	0.585697	1.55899e-05
392	0.590849	0.598339	0.585719	1.54943e-05
393	0.590925	0.621597	0.585755	1.53775e-05
394	0.590488	0.642429	0.58576	1.53323e-05
395	0.590667	0.614864	0.585778	1.52799e-05
396	0.591025	0.59336	0.585834	1.51257e-05
397	0.590485	0.595542	0.585871	1.50117e-05
398	0.590941	0.608609	0.585896	1.49191e-05
399	0.590663	0.631925	0.585924	1.4827e-05
400	0.590616	0.591925	0.585949	1.47447e-05
401	0.591247	0.592663	0.58596	1.46977e-05
402	0.590787	0.606877	0.585993	1.46026e-05
403	0.590775	0.627363	0.586031	1.44849e-05
404	0.590794	0.596377	0.586039	1.44412e-05
405	0.59087	0.606634	0.586048	1.44026e-05
406	0.590565	0.592651	0.58608	1.42943e-05
407	0.590957	0.591854	0.586127	1.41559e-05
408	0.591008	0.607567	0.586139	1.41019e-05
409	0.590956	0.59394	0.586143	1.40686e-05
410	0.590947	0.60702	0.586173	1.39695e-05
411	0.591134	0.592311	0.586194	1.39008e-05
412	0.591458	0.603363	0.586213	1.38425e-05
413	0.591055	0.596724	0.586215	1.38212e-05
414	0.590603	0.613585	0.58623	1.37705e-05
415	0.590643	0.602099	0.586247	1.371e-05
416	0.591091	0.594118	0.586268	1.36369e-05
417	0.590871	0.601985	0.58628	1.35855e-05
418	0.590276	0.623033	0.586283	1.35566e-05
419	0.591307	0.621522	0.586307	1.34694e-05
420	0.590962	0.616978	0.586325	1.33953e-05
421	0.59134	0.624718	0.586346	1.33244e-05
422	0.590715	0.594682	0.586355	1.32797e-05
423	0.590831	0.61696	0.586368	1.32246e-05
424	0.590813	0.59548	0.586388	1.31592e-05
425	0.590643	0.597424	0.586415	1.30685e-05
426	0.590701	0.591981	0.58645	1.2978e-05
427	0.590413	0.594237	0.58648	1.28875e-05
428	0.591015	0.627233	0.5865	1.28137e-05
429	0.590554	0.591762	0.586526	1.2733e-05
430	0.591037	0.595223	0.58654	1.26817e-05
431	0.59085	0.591865	0.586566	1.26086e-05
432	0.591191	0.591973	0.586574	1.25723e-05
433	0.590146	0.630343	0.58657	1.256e-05
434	0.590703	0.615277	0.5866	1.24529e-05
435	0.590547	0.591821	0.586639	1.2334e-05
436	0.591257	0.591801	0.586666	1.22435e-05
437	0.591394	0.610197	0.58669	1.21638e-05
438	0.590782	0.606146	0.586718	1.20804e-05
439	0.590855	0.623808	0.586747	1.19944e-05
440	0.590548	0.592044	0.586771	1.19222e-05
441	0.590946	0.618333	0.586787	1.18751e-05
442	0.59072	0.591881	0.586811	1.17914e-05
443	0.591002	0.620802	0.586831	1.17326e-05
444	0.590881	0.633862	0.586841	1.16964e-05
445	0.591145	0.591948	0.586853	1.16416e-05
446	0.591093	0.617256	0.586861	1.16041e-05
447	0.591078	0.616831	0.586896	1.15018e-05
448	0.590875	0.594978	0.586932	1.1402e-05
449	0.590988	0.59938	0.586954	1.13324e-05
450	0.590733	0.591902	0.586986	1.12387e-05
451	0.590938	0.592077	0.587002	1.11857e-05
452	0.590625	0.618781	0.58701	1.11508e-05
453	0.591023	0.591815	0.587039	1.10547e-05
454	0.590881	0.631436	0.587035	1.10478e-05
455	0.590713	0.635529	0.58704	1.10243e-05
456	0.590797	0.618735	0.587049	1.09952e-05
457	0.591207	0.622927	0.587065	1.09481e-05
458	0.590303	0.603905	0.587078	1.08995e-05
459	0.591227	0.604088	0.587088	1.08592e-05
460	0.591103	0.604923	0.587103	1.08085e-05
461	0.591404	0.634146	0.587132	1.07256e-05
462	0.591054	0.593641	0.58714	1.06969e-05
463	0.591008	0.622467	0.587154	1.06536e-05
464	0.59021	0.604081	0.587157	1.0628e-05
465	0.590078	0.592011	0.587152	1.06206e-05
466	0.590784	0.611497	0.587178	1.05434e-05
467	0.590647	0.631511	0.587204	1.04779e-05
468	0.5907	0.623201	0.587241	1.0366e-05
469	0.591003	0.618054	0.587249	1.03365e-05
470	0.590896	0.603091	0.587254	1.03077e-05
471	0.591242	0.593657	0.587259	1.02842e-05
472	0.591025	0.627377	0.587273	1.02409e-05
473	0.59074	0.591901	0.587291	1.02073e-05
474	0.59016	0.625968	0.5873	1.01649e-05
475	0.590533	0.594074	0.587332	1.00828e-05
476	0.59087	0.604204	0.587359	1.00168e-05
477	0.590987	0.598298	0.587385	9.95074e-06
478	0.591465	0.623175	0.587395	9.90464e-06
479	0.590868	0.595476	0.587396	9.89599e-06
480	0.590717	0.606546	0.587407	9.85311e-06
481	0.590564	0.594466	0.587425	9.79568e-06
482	0.591135	0.606558	0.587448	9.73074e-06
483	0.590883	0.606746	0.587455	9.69521e-06
484	0.590701	0.591773	0.587461	9.66775e-06
485	0.591026	0.593343	0.587473	9.62221e-06
486	0.590807	0.605451	0.587494	9.56414e-06
487	0.591157	0.603688	0.587523	9.48751e-06
488	0.591149	0.598331	0.587529	9.4643e-06
489	0.590869	0.608022	0.587552	9.40692e-06
490	0.591031	0.60224	0.587568	9.362e-06
491	0.590406	0.592402	0.587579	9.32004e-06
492	0.590853	0.591814	0.587596	9.2662e-06
493	0.591015	0.604907	0.587609	9.21796e-06
494	0.591378	0.625358	0.587611	9.19414e-06
495	0.590626	0.598251	0.587626	9.15281e-06
496	0.590483	0.59639	0.587674	9.04039e-06
497	0.59105	0.59186	0.587707	8.95971e-06
498	0.591192	0.595206	0.587741	8.86935e-06
499	0.590957	0.608358	0.587772	8.77071e-06
