pelvis_tilt.offset              	0.023816616	0.023766397	0.00035215144	
hip_flexion_r.offset            	0.068303417	0.068385153	0.00033446674	
knee_angle_r.offset             	0.002271502	0.0024243293	0.00036511863	
ankle_angle_r.offset            	-0.056204311	-0.055826158	0.00047351598	
hip_flexion_l.offset            	-0.0037987434	-0.0024727086	0.00068823343	
knee_angle_l.offset             	0.062513043	0.062605099	0.00053011574	
ankle_angle_l.offset            	0.18737997	0.18686499	0.00049335638	
stance_load_threshold           	0.14878811	0.14846216	0.00054328749	
S00111.tib_ant.KL               	1.2219403	1.2352837	0.0089605917	
S00111.tib_ant.L0               	0.7637203	0.76335183	0.0009688209	
S00111.tib_ant.KS               	0.00015652	0.00016344848	0.00033233857	
S11000.tib_ant.KL               	1.2235344	1.2218482	0.0050705739	
S11000.tib_ant.L0               	0.73982497	0.73943904	0.00074717043	
S11000.tib_ant.KS               	0.035657932	0.035975735	0.000467555	
S11111.tib_ant-soleus.KF        	-0.11015401	-0.10962131	0.00080220402	
S00111.soleus-tib_ant.KS        	-0.81524036	-0.81717714	0.010259117	
S11000.soleus-tib_ant.KS        	-3.2967222	-3.2838443	0.011863679	
S00111.gastroc-tib_ant.KS       	-0.32951306	-0.33265533	0.0083167717	
S11000.gastroc-tib_ant.KS       	-1.6104565	-1.6202398	0.0099523348	
S00111.tib_ant-gastroc.KS       	-0.00395169	-0.0036900857	0.065761039	
S11000.tib_ant-gastroc.KS       	-0.00366451	-0.003522354	0.06427496	
S00111.tib_ant-soleus.KS        	-0.00313515	-0.0032993042	0.067507097	
S11000.tib_ant-soleus.KS        	-0.0034666	-0.0032891352	0.064639409	
S00111.gastroc.L0               	0.84873727	0.84515838	0.0039886517	
S00111.gastroc.KS               	0.17739288	0.17569929	0.0040875298	
S00111.soleus.L0                	0.95000852	0.95435131	0.0023477939	
S00111.soleus.KS                	0.16463043	0.16179084	0.0059219283	
S11000.gastroc.KL               	0.00925153	0.008792077	0.0065608159	
S11000.gastroc.L0               	0.54292476	0.53294305	0.0040967739	
S11000.gastroc.KF               	-1.7847369	-1.7810579	0.010003903	
S11000.gastroc.KS               	0.27333643	0.26797672	0.00834771	
S11000.soleus.KL                	0.8068506	0.80229743	0.01664334	
S11000.soleus.L0                	0.8733731	0.87069223	0.0038829013	
S11000.soleus.KF                	-0.95885434	-0.92104151	0.015601837	
S11000.soleus.KS                	0.11302564	0.10596684	0.012303459	
S00011.vasti.KF                 	0.81688488	0.81830718	0.0021048541	
S00011.vasti.C0                 	0.080244815	0.080440952	0.00046498255	
S00011.vasti-knee_angle.pos_max 	-0.30710641	-0.30692143	0.00074362022	
S00011.hamstrings-pelvis_tilt.KP	0.68784773	0.68969623	0.0082967109	
S00011.hamstrings-pelvis_tilt.KV	0.56862639	0.5688212	0.00043633184	
S00011.hamstrings-pelvis_tilt.C0	0.025432417	0.025818742	0.00086036444	
S00011.glut_max-pelvis_tilt.KP  	1.4700675	1.4832355	0.0069375015	
S00011.glut_max-pelvis_tilt.KV  	0.31530588	0.31548658	0.00044356745	
S00011.glut_max-pelvis_tilt.C0  	0.15659303	0.15662031	0.00073852613	
S00011.iliopsoas-pelvis_tilt.KP 	-3.506399	-3.5142025	0.011804915	
S00011.iliopsoas-pelvis_tilt.KV 	-0.54488298	-0.54462308	0.00054017363	
S00011.iliopsoas-pelvis_tilt.C0 	0.32968856	0.32915598	0.0011538442	
S00100.iliopsoas.C0             	0.33902187	0.33877048	0.00063703247	
S00100.glut_max.C0              	-0.024165853	-0.024530508	0.00046495802	
S11000.iliopsoas.KL             	0.55829964	0.55845264	0.00054863499	
S11000.iliopsoas.L0             	0.38847678	0.38891854	0.00060725388	
S11000.iliopsoas-pelvis_tilt.P0 	-0.04420385	-0.044412414	0.00047342981	
S11000.iliopsoas-pelvis_tilt.KP 	0.01196527	0.011526395	0.0026474668	
S11000.iliopsoas-pelvis_tilt.KV 	0.14900407	0.14782946	0.00058203893	
S11000.iliopsoas-hamstrings.KL  	-8.2265922	-8.2594622	0.019771627	
S11000.iliopsoas-hamstrings.L0  	1.1623965	1.1623133	0.00044914349	
S11000.hamstrings.KF            	0.57733817	0.57717735	0.00044346485	
S11000.glut_max.KF              	0.62071568	0.61997385	0.00048920383	
