pelvis_tilt.offset              	0.024748869	0.024238449	0.00034715976	
hip_flexion_r.offset            	0.068797641	0.068993467	0.00032935796	
knee_angle_r.offset             	0.0022900118	0.0025520831	0.00035820852	
ankle_angle_r.offset            	-0.055882614	-0.056097567	0.00046373126	
hip_flexion_l.offset            	-0.003277265	-0.0028342857	0.0006724807	
knee_angle_l.offset             	0.063428489	0.062750901	0.00051958705	
ankle_angle_l.offset            	0.18667218	0.18689311	0.00048527671	
stance_load_threshold           	0.14834344	0.14853237	0.00052944468	
S00111.tib_ant.KL               	1.2188347	1.2169158	0.0088474633	
S00111.tib_ant.L0               	0.76345297	0.76247318	0.00094961821	
S00111.tib_ant.KS               	0.00015652	0.00016393636	0.00032001635	
S11000.tib_ant.KL               	1.2213191	1.2197375	0.0049652955	
S11000.tib_ant.L0               	0.73835314	0.73955369	0.00073070987	
S11000.tib_ant.KS               	0.036549482	0.036022997	0.00045780966	
S11111.tib_ant-soleus.KF        	-0.1105424	-0.10930919	0.00078604108	
S00111.soleus-tib_ant.KS        	-0.82840529	-0.82110789	0.010009797	
S11000.soleus-tib_ant.KS        	-3.2863779	-3.2685794	0.011597792	
S00111.gastroc-tib_ant.KS       	-0.32993481	-0.33083403	0.0080676781	
S11000.gastroc-tib_ant.KS       	-1.6320661	-1.6343139	0.00977219	
S00111.tib_ant-gastroc.KS       	-0.00395169	-0.0036748395	0.063322047	
S11000.tib_ant-gastroc.KS       	-0.00366451	-0.0034541919	0.061891084	
S00111.tib_ant-soleus.KS        	-0.00313515	-0.0032824288	0.065003343	
S11000.tib_ant-soleus.KS        	-0.0034666	-0.0033211073	0.062242015	
S00111.gastroc.L0               	0.8423699	0.84436857	0.0039211498	
S00111.gastroc.KS               	0.17147488	0.17451344	0.0039605948	
S00111.soleus.L0                	0.94786182	0.94974002	0.0023700736	
S00111.soleus.KS                	0.16519891	0.16242336	0.0057484719	
S11000.gastroc.KL               	0.0090330647	0.0089915056	0.0063180127	
S11000.gastroc.L0               	0.52899077	0.53695333	0.0040080866	
S11000.gastroc.KF               	-1.7727297	-1.7743655	0.0097818635	
S11000.gastroc.KS               	0.27125838	0.26165589	0.0081636564	
S11000.soleus.KL                	0.76915379	0.78872454	0.016325637	
S11000.soleus.L0                	0.87802961	0.87638684	0.0038279055	
S11000.soleus.KF                	-0.91800786	-0.93813244	0.015326727	
S11000.soleus.KS                	0.1022613	0.1094994	0.011884786	
S00011.vasti.KF                 	0.81976316	0.81692181	0.0020584144	
S00011.vasti.C0                 	0.07992329	0.080369778	0.00045440828	
S00011.vasti-knee_angle.pos_max 	-0.30729049	-0.30750564	0.00072986418	
S00011.hamstrings-pelvis_tilt.KP	0.69608596	0.68941215	0.0081059656	
S00011.hamstrings-pelvis_tilt.KV	0.56851712	0.56901598	0.00042740978	
S00011.hamstrings-pelvis_tilt.C0	0.026139946	0.02598072	0.00083949907	
S00011.glut_max-pelvis_tilt.KP  	1.4879099	1.4843466	0.0068242847	
S00011.glut_max-pelvis_tilt.KV  	0.31523996	0.31550862	0.00043506077	
S00011.glut_max-pelvis_tilt.C0  	0.15682829	0.15628684	0.00072160009	
S00011.iliopsoas-pelvis_tilt.KP 	-3.5256231	-3.5229688	0.011595989	
S00011.iliopsoas-pelvis_tilt.KV 	-0.54401529	-0.54462269	0.00052973745	
S00011.iliopsoas-pelvis_tilt.C0 	0.32944958	0.33018486	0.0011331703	
S00100.iliopsoas.C0             	0.33946211	0.33864041	0.00062568717	
S00100.glut_max.C0              	-0.024408195	-0.024302104	0.00045643575	
S11000.iliopsoas.KL             	0.55864509	0.55922153	0.00053956228	
S11000.iliopsoas.L0             	0.38930488	0.38887173	0.00059589568	
S11000.iliopsoas-pelvis_tilt.P0 	-0.044213111	-0.044608669	0.00046557368	
S11000.iliopsoas-pelvis_tilt.KP 	0.01082572	0.011386775	0.0025512284	
S11000.iliopsoas-pelvis_tilt.KV 	0.14851722	0.14850979	0.00057678761	
S11000.iliopsoas-hamstrings.KL  	-8.2445193	-8.2459498	0.01941348	
S11000.iliopsoas-hamstrings.L0  	1.1619057	1.1619239	0.00044138175	
S11000.hamstrings.KF            	0.57767101	0.57771225	0.00043512403	
S11000.glut_max.KF              	0.61998921	0.62001121	0.00047922072	
