pelvis_tilt.offset              	0.024188476	0.02430747	0.00032431342	
hip_flexion_r.offset            	0.0694578	0.069001044	0.00030910506	
knee_angle_r.offset             	0.0020608539	0.0027007714	0.00033508642	
ankle_angle_r.offset            	-0.056002171	-0.056192127	0.00043378005	
hip_flexion_l.offset            	-0.0015021206	-0.0024759064	0.00062909409	
knee_angle_l.offset             	0.064191412	0.063409193	0.0004881638	
ankle_angle_l.offset            	0.18757141	0.1874526	0.00045563866	
stance_load_threshold           	0.14772223	0.14742117	0.00049630303	
S00111.tib_ant.KL               	1.2161791	1.2191652	0.0083042122	
S00111.tib_ant.L0               	0.76325984	0.7626503	0.00088834105	
S00111.tib_ant.KS               	0.000173	0.00016475025	0.00029456947	
S11000.tib_ant.KL               	1.2127395	1.218195	0.0046500479	
S11000.tib_ant.L0               	0.7382399	0.73793789	0.00068900164	
S11000.tib_ant.KS               	0.037006306	0.036023778	0.00042904815	
S11111.tib_ant-soleus.KF        	-0.11050774	-0.10969595	0.00073442267	
S00111.soleus-tib_ant.KS        	-0.82094803	-0.81597542	0.0093696321	
S11000.soleus-tib_ant.KS        	-3.2845218	-3.2658185	0.010837905	
S00111.gastroc-tib_ant.KS       	-0.32171493	-0.32736339	0.0074664483	
S11000.gastroc-tib_ant.KS       	-1.6352696	-1.6344025	0.0091384126	
S00111.tib_ant-gastroc.KS       	-0.00357534	-0.0037850464	0.058286191	
S11000.tib_ant-gastroc.KS       	-0.00331551	-0.0035307244	0.056969027	
S00111.tib_ant-soleus.KS        	-0.00313515	-0.0032082054	0.059833774	
S11000.tib_ant-soleus.KS        	-0.0034666	-0.00332538	0.057292048	
S00111.gastroc.L0               	0.84256134	0.84937074	0.003674016	
S00111.gastroc.KS               	0.16993002	0.17373697	0.0036666092	
S00111.soleus.L0                	0.95139196	0.94915623	0.0022525482	
S00111.soleus.KS                	0.1644401	0.16037919	0.0053452233	
S11000.gastroc.KL               	0.00925153	0.0089269855	0.0058160554	
S11000.gastroc.L0               	0.5343819	0.5399847	0.0037592059	
S11000.gastroc.KF               	-1.7652401	-1.7654826	0.0091578614	
S11000.gastroc.KS               	0.26331091	0.26074478	0.0076161712	
S11000.soleus.KL                	0.77929934	0.77924539	0.015227878	
S11000.soleus.L0                	0.87454256	0.87563588	0.0035932117	
S11000.soleus.KF                	-0.94653039	-0.93965412	0.014322763	
S11000.soleus.KS                	0.1022613	0.10677531	0.010969859	
S00011.vasti.KF                 	0.8206707	0.81806167	0.0019197308	
S00011.vasti.C0                 	0.080558023	0.080193893	0.00042248897	
S00011.vasti-knee_angle.pos_max 	-0.30757469	-0.30738426	0.00068213157	
S00011.hamstrings-pelvis_tilt.KP	0.6789489	0.68602021	0.0075893579	
S00011.hamstrings-pelvis_tilt.KV	0.56957929	0.56872907	0.00040049814	
S00011.hamstrings-pelvis_tilt.C0	0.026794354	0.026309226	0.00078222781	
S00011.glut_max-pelvis_tilt.KP  	1.4863533	1.4914846	0.0063962624	
S00011.glut_max-pelvis_tilt.KV  	0.31471656	0.31514028	0.00040568715	
S00011.glut_max-pelvis_tilt.C0  	0.15680393	0.15631418	0.00067380466	
S00011.iliopsoas-pelvis_tilt.KP 	-3.5204152	-3.5156492	0.010838812	
S00011.iliopsoas-pelvis_tilt.KV 	-0.54452201	-0.54508205	0.00049481652	
S00011.iliopsoas-pelvis_tilt.C0 	0.32790068	0.32958683	0.0010616236	
S00100.iliopsoas.C0             	0.3382535	0.33872126	0.00058465343	
S00100.glut_max.C0              	-0.024910313	-0.024684018	0.00042573668	
S11000.iliopsoas.KL             	0.55896149	0.55896876	0.00050568832	
S11000.iliopsoas.L0             	0.38913891	0.38848835	0.00055667242	
S11000.iliopsoas-pelvis_tilt.P0 	-0.043484516	-0.044392037	0.00043637869	
S11000.iliopsoas-pelvis_tilt.KP 	0.011740668	0.011086647	0.0023502284	
S11000.iliopsoas-pelvis_tilt.KV 	0.14902686	0.14830759	0.00054453437	
S11000.iliopsoas-hamstrings.KL  	-8.2034136	-8.2308909	0.018170664	
S11000.iliopsoas-hamstrings.L0  	1.1616485	1.1621962	0.00041084774	
S11000.hamstrings.KF            	0.57865577	0.57794603	0.00041005552	
S11000.glut_max.KF              	0.61939794	0.61967397	0.00044852097	
