pelvis_tilt.offset              	0.025312291	0.025314515	9.8438815e-05	
hip_flexion_r.offset            	0.069785451	0.069635451	8.9176057e-05	
knee_angle_r.offset             	0.0010351487	0.0011752769	0.00010014798	
ankle_angle_r.offset            	-0.057148885	-0.057208862	0.00012649124	
hip_flexion_l.offset            	-0.002955225	-0.0027336359	0.0001821535	
knee_angle_l.offset             	0.064228061	0.064313675	0.00014394672	
ankle_angle_l.offset            	0.18762736	0.18735458	0.00013144435	
stance_load_threshold           	0.14647747	0.14671729	0.00014287394	
S00111.tib_ant.KL               	1.2216187	1.2222143	0.0024099905	
S00111.tib_ant.L0               	0.76390013	0.76365021	0.0002528773	
S00111.tib_ant.KS               	0.000173	0.00016608412	6.8256618e-05	
S11000.tib_ant.KL               	1.214741	1.2152197	0.0013318511	
S11000.tib_ant.L0               	0.73877611	0.73848861	0.00019509244	
S11000.tib_ant.KS               	0.035121082	0.03517679	0.00012653301	
S11111.tib_ant-soleus.KF        	-0.10982401	-0.10964997	0.00020805141	
S00111.soleus-tib_ant.KS        	-0.81069587	-0.81108037	0.0025258644	
S11000.soleus-tib_ant.KS        	-3.2877495	-3.2841789	0.0030669787	
S00111.gastroc-tib_ant.KS       	-0.32205195	-0.32463279	0.0019622083	
S11000.gastroc-tib_ant.KS       	-1.6277473	-1.6300898	0.0026001504	
S00111.tib_ant-gastroc.KS       	-0.00357534	-0.0037570067	0.013488561	
S11000.tib_ant-gastroc.KS       	-0.00366451	-0.0035405598	0.013183738	
S00111.tib_ant-soleus.KS        	-0.00346517	-0.0033377924	0.013846627	
S11000.tib_ant-soleus.KS        	-0.0034666	-0.0033666117	0.013258455	
S00111.gastroc.L0               	0.85001761	0.84949744	0.001047575	
S00111.gastroc.KS               	0.17288318	0.1737259	0.00097250509	
S00111.soleus.L0                	0.9436219	0.94477757	0.0006572893	
S00111.soleus.KS                	0.1560266	0.15697057	0.001514287	
S11000.gastroc.KL               	0.00925153	0.0088609843	0.0013575231	
S11000.gastroc.L0               	0.54139245	0.53947996	0.0011015578	
S11000.gastroc.KF               	-1.780781	-1.7823046	0.0026321241	
S11000.gastroc.KS               	0.25921394	0.25660255	0.0021405879	
S11000.soleus.KL                	0.78360405	0.78567447	0.0042423466	
S11000.soleus.L0                	0.87658064	0.87777139	0.0010320539	
S11000.soleus.KF                	-0.94023269	-0.94047164	0.0040149844	
S11000.soleus.KS                	0.11094061	0.1060133	0.0028401556	
S00011.vasti.KF                 	0.82170928	0.82163834	0.00055210752	
S00011.vasti.C0                 	0.081146472	0.080936101	0.000119258	
S00011.vasti-knee_angle.pos_max 	-0.3075996	-0.3073629	0.00020011793	
S00011.hamstrings-pelvis_tilt.KP	0.67643785	0.6762017	0.0022169169	
S00011.hamstrings-pelvis_tilt.KV	0.56816958	0.56815941	0.00011668128	
S00011.hamstrings-pelvis_tilt.C0	0.026577031	0.026345127	0.00022027771	
S00011.glut_max-pelvis_tilt.KP  	1.5058219	1.5049797	0.0018494792	
S00011.glut_max-pelvis_tilt.KV  	0.31491409	0.31502369	0.00011663372	
S00011.glut_max-pelvis_tilt.C0  	0.15507825	0.15552768	0.00019659572	
S00011.iliopsoas-pelvis_tilt.KP 	-3.4935413	-3.4993477	0.0031182089	
S00011.iliopsoas-pelvis_tilt.KV 	-0.54550172	-0.54580643	0.00014601074	
S00011.iliopsoas-pelvis_tilt.C0 	0.33120225	0.33082667	0.00031321134	
S00100.iliopsoas.C0             	0.33863176	0.33847256	0.00016911404	
S00100.glut_max.C0              	-0.024979955	-0.024708495	0.00012200037	
S11000.iliopsoas.KL             	0.55836739	0.55853044	0.00014463718	
S11000.iliopsoas.L0             	0.38765481	0.38789876	0.00016081513	
S11000.iliopsoas-pelvis_tilt.P0 	-0.043718346	-0.043733518	0.00012667294	
S11000.iliopsoas-pelvis_tilt.KP 	0.011359771	0.011192447	0.00057468456	
S11000.iliopsoas-pelvis_tilt.KV 	0.14891535	0.14871094	0.00015720679	
S11000.iliopsoas-hamstrings.KL  	-8.2464289	-8.2445566	0.0052207419	
S11000.iliopsoas-hamstrings.L0  	1.1641472	1.1639862	0.00012088261	
S11000.hamstrings.KF            	0.57885551	0.57889463	0.00011848479	
S11000.glut_max.KF              	0.61930122	0.61940083	0.0001300124	
