pelvis_tilt.offset              	0.025307633	0.025356584	8.26475e-05	
hip_flexion_r.offset            	0.069597039	0.069643725	7.5681915e-05	
knee_angle_r.offset             	0.00098089499	0.00092042161	8.5398808e-05	
ankle_angle_r.offset            	-0.057309917	-0.057223604	0.00010621993	
hip_flexion_l.offset            	-0.0026918768	-0.002942204	0.00015472688	
knee_angle_l.offset             	0.064560945	0.064439586	0.00012387675	
ankle_angle_l.offset            	0.18737713	0.18736789	0.00011064954	
stance_load_threshold           	0.14682638	0.14677333	0.00012231866	
S00111.tib_ant.KL               	1.2242284	1.2219191	0.002039058	
S00111.tib_ant.L0               	0.76355912	0.76326896	0.00021244959	
S00111.tib_ant.KS               	0.00015652	0.00016215889	5.4297527e-05	
S11000.tib_ant.KL               	1.2136667	1.2123842	0.0011404096	
S11000.tib_ant.L0               	0.738422	0.73818071	0.00016602706	
S11000.tib_ant.KS               	0.03530538	0.035121997	0.00010679601	
S11111.tib_ant-soleus.KF        	-0.10958306	-0.10958479	0.00017426921	
S00111.soleus-tib_ant.KS        	-0.81116835	-0.81151206	0.0020975174	
S11000.soleus-tib_ant.KS        	-3.2843525	-3.2827519	0.0025913837	
S00111.gastroc-tib_ant.KS       	-0.32403236	-0.32354402	0.0016209677	
S11000.gastroc-tib_ant.KS       	-1.6320229	-1.6319772	0.0021762218	
S00111.tib_ant-gastroc.KS       	-0.00357534	-0.0037445353	0.010719347	
S11000.tib_ant-gastroc.KS       	-0.00366451	-0.003450754	0.010477102	
S00111.tib_ant-soleus.KS        	-0.00313515	-0.0032909671	0.011003859	
S11000.tib_ant-soleus.KS        	-0.0034666	-0.0033094909	0.010536459	
S00111.gastroc.L0               	0.84935467	0.84944733	0.00089200556	
S00111.gastroc.KS               	0.17401402	0.17362406	0.00081010639	
S00111.soleus.L0                	0.94362845	0.94426932	0.00055524448	
S00111.soleus.KS                	0.1555959	0.15541898	0.0012689116	
S11000.gastroc.KL               	0.00925153	0.0089693726	0.00108556	
S11000.gastroc.L0               	0.5405881	0.54124533	0.00094471272	
S11000.gastroc.KF               	-1.7765803	-1.7749665	0.0022275609	
S11000.gastroc.KS               	0.25742928	0.25646527	0.001795476	
S11000.soleus.KL                	0.78828443	0.78869589	0.0035820404	
S11000.soleus.L0                	0.87773824	0.87737237	0.00086907662	
S11000.soleus.KF                	-0.94804573	-0.94754646	0.0033875417	
S11000.soleus.KS                	0.10749843	0.11005713	0.0023771553	
S00011.vasti.KF                 	0.82339581	0.82332369	0.00047125011	
S00011.vasti.C0                 	0.081130388	0.081087671	0.00010059928	
S00011.vasti-knee_angle.pos_max 	-0.30775344	-0.30741231	0.0001686597	
S00011.hamstrings-pelvis_tilt.KP	0.67432214	0.6731158	0.0018660786	
S00011.hamstrings-pelvis_tilt.KV	0.56780524	0.56784056	9.8834262e-05	
S00011.hamstrings-pelvis_tilt.C0	0.026815342	0.026920626	0.00018981737	
S00011.glut_max-pelvis_tilt.KP  	1.5069363	1.506265	0.0015578697	
S00011.glut_max-pelvis_tilt.KV  	0.31508625	0.31508464	9.8419381e-05	
S00011.glut_max-pelvis_tilt.C0  	0.15470951	0.15503829	0.00016869545	
S00011.iliopsoas-pelvis_tilt.KP 	-3.4982733	-3.5016425	0.0026342014	
S00011.iliopsoas-pelvis_tilt.KV 	-0.54591918	-0.54585898	0.00012137662	
S00011.iliopsoas-pelvis_tilt.C0 	0.33168358	0.3315282	0.0002674748	
S00100.iliopsoas.C0             	0.33822718	0.33832714	0.00014139058	
S00100.glut_max.C0              	-0.024903499	-0.024887046	0.00010338081	
S11000.iliopsoas.KL             	0.55821722	0.55841326	0.0001217785	
S11000.iliopsoas.L0             	0.38799012	0.38777199	0.00013630884	
S11000.iliopsoas-pelvis_tilt.P0 	-0.04333639	-0.043471177	0.00010750006	
S11000.iliopsoas-pelvis_tilt.KP 	0.01183301	0.011362939	0.000471119	
S11000.iliopsoas-pelvis_tilt.KV 	0.14899371	0.14913031	0.00013484907	
S11000.iliopsoas-hamstrings.KL  	-8.2528269	-8.2482659	0.0043816973	
S11000.iliopsoas-hamstrings.L0  	1.1641722	1.1640842	0.0001031701	
S11000.hamstrings.KF            	0.57898903	0.57887411	0.00010034675	
S11000.glut_max.KF              	0.6194865	0.61950455	0.00011051704	
