pelvis_tilt.offset              	0.021387712	0.021283258	0.0003924764	
hip_flexion_r.offset            	0.072865914	0.072994009	0.00038165386	
knee_angle_r.offset             	-0.0012886523	-0.0015010326	0.00040843835	
ankle_angle_r.offset            	-0.056308758	-0.056914174	0.00053722504	
hip_flexion_l.offset            	-0.0089259009	-0.0087863339	0.00077967671	
knee_angle_l.offset             	0.055142355	0.054829893	0.0005838195	
ankle_angle_l.offset            	0.18283243	0.18401259	0.00055473913	
stance_load_threshold           	0.14732328	0.14819398	0.00061900183	
S00111.tib_ant.KL               	1.2643284	1.2381574	0.010002854	
S00111.tib_ant.L0               	0.76081062	0.7610269	0.0010984661	
S00111.tib_ant.KS               	0.000173	0.00016408481	0.00037994613	
S11000.tib_ant.KL               	1.183275	1.179477	0.0058331808	
S11000.tib_ant.L0               	0.73768413	0.73686255	0.00084612148	
S11000.tib_ant.KS               	0.036065806	0.035565214	0.00052312582	
S11111.tib_ant-soleus.KF        	-0.11068707	-0.11076851	0.0009178668	
S00111.soleus-tib_ant.KS        	-0.84471049	-0.83279052	0.011254561	
S11000.soleus-tib_ant.KS        	-3.2618526	-3.2778395	0.013310767	
S00111.gastroc-tib_ant.KS       	-0.32666071	-0.32583103	0.0091296757	
S11000.gastroc-tib_ant.KS       	-1.6672463	-1.6710465	0.011441661	
S00111.tib_ant-gastroc.KS       	-0.00395169	-0.0037031226	0.07518196	
S11000.tib_ant-gastroc.KS       	-0.00366451	-0.0035535407	0.073482983	
S00111.tib_ant-soleus.KS        	-0.00346517	-0.0032211873	0.077178156	
S11000.tib_ant-soleus.KS        	-0.0034666	-0.0032641927	0.073899646	
S00111.gastroc.L0               	0.83115004	0.8355419	0.0044512765	
S00111.gastroc.KF               	1.414065	1.4132681	0.000590594	
S00111.gastroc.KS               	0.16049832	0.16300733	0.004572296	
S00111.soleus.L0                	0.94164557	0.94753524	0.0025214798	
S00111.soleus.KF                	0.22702142	0.22566407	0.00081645174	
S00111.soleus.KS                	0.14946728	0.15474725	0.006675705	
S11000.gastroc.KL               	0.00837043	0.0090308691	0.0075004046	
S11000.gastroc.L0               	0.53656877	0.53600115	0.0046896854	
S11000.gastroc.KF               	-1.8222374	-1.8377903	0.011168273	
S11000.gastroc.KS               	0.25231886	0.26100265	0.0094418398	
S11000.soleus.KL                	0.77673123	0.81571492	0.018767484	
S11000.soleus.L0                	0.9013341	0.89897975	0.0042343339	
S11000.soleus.KF                	-0.9159673	-0.91693999	0.017820908	
S11000.soleus.KS                	0.11302564	0.10511042	0.014042754	
S00011.vasti.KF                 	0.82240992	0.82021928	0.0023785357	
S00011.vasti.C0                 	0.083352364	0.083225128	0.00052688654	
S00011.vasti-knee_angle.pos_max 	-0.30302325	-0.30367481	0.000837542	
S00011.hamstrings-pelvis_tilt.KP	0.72199336	0.71348055	0.0094472881	
S00011.hamstrings-pelvis_tilt.KV	0.56713513	0.56668388	0.00048594189	
S00011.hamstrings-pelvis_tilt.C0	0.025391567	0.025963394	0.00098123951	
S00011.glut_max-pelvis_tilt.KP  	1.5179961	1.5208386	0.0078476548	
S00011.glut_max-pelvis_tilt.KV  	0.3132106	0.31194791	0.00049460323	
S00011.glut_max-pelvis_tilt.C0  	0.16189865	0.16137245	0.00084501159	
S00011.iliopsoas-pelvis_tilt.KP 	-3.6302314	-3.6017178	0.013527687	
S00011.iliopsoas-pelvis_tilt.KV 	-0.54047835	-0.54021503	0.00061265599	
S00011.iliopsoas-pelvis_tilt.C0 	0.33156492	0.33064714	0.0013135899	
S00100.iliopsoas.C0             	0.33682286	0.33626677	0.00071621202	
S00100.glut_max.C0              	-0.02476984	-0.025092531	0.00052502071	
S11000.iliopsoas.KL             	0.55953956	0.56000897	0.00062002404	
S11000.iliopsoas.L0             	0.39363345	0.39352019	0.00068879998	
S11000.iliopsoas-pelvis_tilt.P0 	-0.04614817	-0.045512635	0.0005455294	
S11000.iliopsoas-pelvis_tilt.KP 	0.01196527	0.011740857	0.0030254769	
S11000.iliopsoas-pelvis_tilt.KV 	0.14688095	0.14680399	0.00064092194	
S11000.iliopsoas-hamstrings.KL  	-8.3952765	-8.4110329	0.023273377	
S11000.iliopsoas-hamstrings.L0  	1.1681747	1.167376	0.00050987963	
S11000.hamstrings.KF            	0.57667939	0.5763933	0.00048595568	
S11000.glut_max.KF              	0.6245297	0.62359714	0.00056095995	
