pelvis_tilt.offset              	0.021006654	0.020990936	0.00012581737	
hip_flexion_r.offset            	0.072407642	0.072332772	0.00012278589	
knee_angle_r.offset             	-0.0019816318	-0.0018442942	0.00012944908	
ankle_angle_r.offset            	-0.055989301	-0.05614526	0.00017062554	
hip_flexion_l.offset            	-0.0078295265	-0.0079709494	0.00024876801	
knee_angle_l.offset             	0.055630632	0.055546675	0.0001837565	
ankle_angle_l.offset            	0.18388282	0.18398038	0.00017766168	
stance_load_threshold           	0.14815944	0.1485506	0.00019664704	
S00111.tib_ant.KL               	1.2531324	1.2533849	0.0031769651	
S00111.tib_ant.L0               	0.75965565	0.75966025	0.00035133976	
S00111.tib_ant.KS               	0.000173	0.00016863811	0.00010855496	
S11000.tib_ant.KL               	1.1778091	1.1759175	0.0018523894	
S11000.tib_ant.L0               	0.73393711	0.73439432	0.00027536794	
S11000.tib_ant.KS               	0.036081805	0.035862129	0.00016717578	
S11111.tib_ant-soleus.KF        	-0.11175912	-0.11206211	0.0002948783	
S00111.soleus-tib_ant.KS        	-0.83533489	-0.83760485	0.0035578286	
S11000.soleus-tib_ant.KS        	-3.2702171	-3.2646724	0.0042236915	
S00111.gastroc-tib_ant.KS       	-0.32332616	-0.32348005	0.0027462532	
S11000.gastroc-tib_ant.KS       	-1.6526954	-1.6566422	0.0037279034	
S00111.tib_ant-gastroc.KS       	-0.00357534	-0.0037303503	0.02147586	
S11000.tib_ant-gastroc.KS       	-0.00366451	-0.0035369777	0.020990543	
S00111.tib_ant-soleus.KS        	-0.00346517	-0.0032779779	0.022046059	
S11000.tib_ant-soleus.KS        	-0.0034666	-0.0032492728	0.021109554	
S00111.gastroc.L0               	0.83357199	0.83407568	0.0014076779	
S00111.gastroc.KF               	1.4139551	1.4139352	0.00019148239	
S00111.gastroc.KS               	0.16075049	0.16155701	0.0013972927	
S00111.soleus.L0                	0.94844516	0.94931531	0.00079387233	
S00111.soleus.KF                	0.22596877	0.22598421	0.00026589014	
S00111.soleus.KS                	0.16096696	0.16157777	0.0020592755	
S11000.gastroc.KL               	0.00837043	0.0087260691	0.0021455874	
S11000.gastroc.L0               	0.53045687	0.53124868	0.0015124441	
S11000.gastroc.KF               	-1.8369466	-1.8455507	0.0035903189	
S11000.gastroc.KS               	0.25777066	0.25808058	0.0029498673	
S11000.soleus.KL                	0.80209328	0.80735759	0.0059127746	
S11000.soleus.L0                	0.90181099	0.90180825	0.0013394796	
S11000.soleus.KF                	-0.88558756	-0.88477784	0.0056593835	
S11000.soleus.KS                	0.10503089	0.10794979	0.0041551152	
S00011.vasti.KF                 	0.82531795	0.82476087	0.00075540595	
S00011.vasti.C0                 	0.083539511	0.08366775	0.00016656028	
S00011.vasti-knee_angle.pos_max 	-0.3049406	-0.3047001	0.00026879216	
S00011.hamstrings-pelvis_tilt.KP	0.70035287	0.69932515	0.003035283	
S00011.hamstrings-pelvis_tilt.KV	0.56619151	0.5659611	0.00015642035	
S00011.hamstrings-pelvis_tilt.C0	0.026110284	0.026545993	0.00031163433	
S00011.glut_max-pelvis_tilt.KP  	1.5303082	1.5268286	0.0025254636	
S00011.glut_max-pelvis_tilt.KV  	0.31189125	0.31195659	0.00015729919	
S00011.glut_max-pelvis_tilt.C0  	0.16125713	0.16136299	0.00026998215	
S00011.iliopsoas-pelvis_tilt.KP 	-3.5965462	-3.5964903	0.004353477	
S00011.iliopsoas-pelvis_tilt.KV 	-0.53952913	-0.53918453	0.00019360589	
S00011.iliopsoas-pelvis_tilt.C0 	0.32955388	0.32991348	0.00041675668	
S00100.iliopsoas.C0             	0.33621036	0.3363634	0.00022855337	
S00100.glut_max.C0              	-0.025682903	-0.025475409	0.0001668314	
S11000.iliopsoas.KL             	0.56072137	0.56057624	0.00019768744	
S11000.iliopsoas.L0             	0.39362787	0.39365091	0.00021811713	
S11000.iliopsoas-pelvis_tilt.P0 	-0.045246881	-0.045236508	0.00017462744	
S11000.iliopsoas-pelvis_tilt.KP 	0.010946995	0.011451285	0.00087497759	
S11000.iliopsoas-pelvis_tilt.KV 	0.14700386	0.14669483	0.00020320119	
S11000.iliopsoas-hamstrings.KL  	-8.4257761	-8.4352168	0.0074917471	
S11000.iliopsoas-hamstrings.L0  	1.1687513	1.1686607	0.00016928523	
S11000.hamstrings.KF            	0.57700791	0.5768047	0.00015699275	
S11000.glut_max.KF              	0.62423881	0.6242582	0.00018228001	
