pelvis_tilt.offset              	0.022054319	0.021361975	0.0012323587	
hip_flexion_r.offset            	0.067260981	0.067497394	0.0011721678	
knee_angle_r.offset             	0.00054825143	6.5491187e-05	0.001278249	
ankle_angle_r.offset            	-0.058859294	-0.056594301	0.0016720052	
hip_flexion_l.offset            	-0.0047001884	-0.0062451207	0.0023645095	
knee_angle_l.offset             	0.056279393	0.05682765	0.0018219153	
ankle_angle_l.offset            	0.18580826	0.18808662	0.0017489423	
stance_load_threshold           	0.15172192	0.15341984	0.0019203053	
S00111.tib_ant.KL               	1.2200185	1.2612042	0.031920263	
S00111.tib_ant.L0               	0.75518006	0.75957376	0.0034243242	
S00111.tib_ant.KS               	0.000173	0.00016363903	0.0013759637	
S11000.tib_ant.KL               	1.1861704	1.1838364	0.018146273	
S11000.tib_ant.L0               	0.74038626	0.73886057	0.002639583	
S11000.tib_ant.KS               	0.03726336	0.035365932	0.0016856059	
S11111.tib_ant-soleus.KF        	-0.11474325	-0.11120303	0.0028751301	
S00111.soleus-tib_ant.KS        	-0.89402901	-0.83122954	0.036626681	
S11000.soleus-tib_ant.KS        	-3.3116358	-3.2802125	0.042192316	
S00111.gastroc-tib_ant.KS       	-0.32171493	-0.32941956	0.031842081	
S11000.gastroc-tib_ant.KS       	-1.6222473	-1.6637458	0.035250234	
S00111.tib_ant-gastroc.KS       	-0.00395169	-0.0037632857	0.27227793	
S11000.tib_ant-gastroc.KS       	-0.00366451	-0.003511199	0.26612496	
S00111.tib_ant-soleus.KS        	-0.00313515	-0.0032825791	0.27950737	
S11000.tib_ant-soleus.KS        	-0.0034666	-0.0032838967	0.26763395	
S00111.gastroc.KL               	0.07523758	0.078292483	0.034033268	
S00111.gastroc.L0               	0.81705403	0.82752396	0.013974184	
S00111.gastroc.KF               	1.4086428	1.4098187	0.0017818377	
S00111.soleus.KL                	4.0714648	4.0446056	0.031206808	
S00111.soleus.L0                	0.96415274	0.96615777	0.008057519	
S00111.soleus.KF                	0.22381493	0.23053234	0.0025823365	
S11000.gastroc.KL               	0.00925153	0.0090043723	0.02715687	
S11000.gastroc.L0               	0.54989184	0.53032992	0.014709015	
S11000.gastroc.KF               	-1.7825579	-1.8137792	0.034701768	
S11000.soleus.KL                	0.7908906	0.80443279	0.061757077	
S11000.soleus.L0                	0.90093502	0.91273071	0.013606989	
S11000.soleus.KF                	-0.86753488	-0.89971944	0.057371475	
S00011.vasti.KF                 	0.81378811	0.81759307	0.007561256	
S00011.vasti.C0                 	0.080528381	0.080909389	0.0017147775	
S00011.vasti-knee_angle.pos_max 	-0.30848652	-0.30258656	0.0026291966	
S00011.hamstrings-pelvis_tilt.KP	0.67588032	0.70540058	0.030139694	
S00011.hamstrings-pelvis_tilt.KV	0.56683599	0.56563522	0.0015254264	
S00011.hamstrings-pelvis_tilt.C0	0.02778807	0.027110798	0.0033400449	
S00011.glut_max-pelvis_tilt.KP  	1.5138817	1.5069332	0.024838319	
S00011.glut_max-pelvis_tilt.KV  	0.31399128	0.31473058	0.0015508155	
S00011.glut_max-pelvis_tilt.C0  	0.16603744	0.16018432	0.0026101693	
S00011.iliopsoas-pelvis_tilt.KP 	-3.4721837	-3.4898676	0.041883141	
S00011.iliopsoas-pelvis_tilt.KV 	-0.5444491	-0.54441692	0.0018953196	
S00011.iliopsoas-pelvis_tilt.C0 	0.32887415	0.32686098	0.004108377	
S00100.iliopsoas.C0             	0.33647692	0.33883674	0.0022477403	
S00100.glut_max.C0              	-0.0244033	-0.024650405	0.0017319182	
S11000.iliopsoas.KL             	0.56635313	0.56278492	0.0019235975	
S11000.iliopsoas.L0             	0.38723273	0.3900332	0.0021439078	
S11000.iliopsoas-pelvis_tilt.P0 	-0.04641831	-0.044037816	0.00171708	
S11000.iliopsoas-pelvis_tilt.KP 	0.01082572	0.011116884	0.010932096	
S11000.iliopsoas-pelvis_tilt.KV 	0.14239812	0.14430302	0.0019752593	
S11000.iliopsoas-hamstrings.KL  	-8.1894135	-8.2129991	0.07003743	
S11000.iliopsoas-hamstrings.L0  	1.1665267	1.1651778	0.0016020207	
S11000.hamstrings.KF            	0.57940273	0.57614489	0.0015343522	
S11000.glut_max.KF              	0.62184725	0.62068061	0.0017532813	
