pelvis_tilt.offset              	0.02287589	0.022648029	0.0006403697	
hip_flexion_r.offset            	0.068254646	0.068215313	0.00060668686	
knee_angle_r.offset             	-0.00037889681	-0.00060035325	0.00066862131	
ankle_angle_r.offset            	-0.055368919	-0.056342757	0.00086426452	
hip_flexion_l.offset            	-0.0035802476	-0.0027323825	0.0012372586	
knee_angle_l.offset             	0.055597103	0.054536075	0.00095973372	
ankle_angle_l.offset            	0.18532353	0.18636333	0.00090144441	
stance_load_threshold           	0.15480284	0.15713616	0.001018686	
S00111.tib_ant.KL               	1.2443052	1.234534	0.016545098	
S00111.tib_ant.L0               	0.75206377	0.75307896	0.001775941	
S00111.tib_ant.KS               	0.000173	0.0001632231	0.00065552687	
S11000.tib_ant.KL               	1.1931125	1.2057374	0.0093774206	
S11000.tib_ant.L0               	0.73938884	0.73739099	0.0013816751	
S11000.tib_ant.KS               	0.036055889	0.03553857	0.00086225496	
S11111.tib_ant-soleus.KF        	-0.10787488	-0.10815983	0.0014761907	
S00111.soleus-tib_ant.KS        	-0.8858699	-0.86879509	0.018542746	
S11000.soleus-tib_ant.KS        	-3.2976063	-3.3009375	0.021763569	
S00111.gastroc-tib_ant.KS       	-0.33583218	-0.33347957	0.015532539	
S11000.gastroc-tib_ant.KS       	-1.7150742	-1.6835255	0.018314829	
S00111.tib_ant-gastroc.KS       	-0.00395169	-0.0037505355	0.12971568	
S11000.tib_ant-gastroc.KS       	-0.00331551	-0.0034632997	0.12678435	
S00111.tib_ant-soleus.KS        	-0.00346517	-0.0032815221	0.13315984	
S11000.tib_ant-soleus.KS        	-0.00313645	-0.0033296654	0.12750324	
S00111.gastroc.KL               	0.08315732	0.079117152	0.016257389	
S00111.gastroc.L0               	0.83157768	0.82576263	0.0073364105	
S00111.gastroc.KF               	1.4086926	1.4100465	0.00091316573	
S00111.soleus.KL                	4.0271055	4.0227014	0.016390207	
S00111.soleus.L0                	0.97793969	0.97450311	0.00416513	
S00111.soleus.KF                	0.22858092	0.2302379	0.001344098	
S11000.gastroc.KL               	0.00837043	0.0087058522	0.012938637	
S11000.gastroc.L0               	0.53938768	0.52886183	0.0075260566	
S11000.gastroc.KF               	-1.8130108	-1.8490811	0.018191147	
S11000.soleus.KL                	0.81665394	0.79728316	0.030644209	
S11000.soleus.L0                	0.93595229	0.92368959	0.0071837627	
S11000.soleus.KF                	-0.91318561	-0.90042029	0.028726963	
S00011.vasti.KF                 	0.83006955	0.82890907	0.0039238278	
S00011.vasti.C0                 	0.08163593	0.080786106	0.00085871164	
S00011.vasti-knee_angle.pos_max 	-0.30236281	-0.30366453	0.0013732052	
S00011.hamstrings-pelvis_tilt.KP	0.70376735	0.70772304	0.015499761	
S00011.hamstrings-pelvis_tilt.KV	0.57022249	0.57107811	0.00081379991	
S00011.hamstrings-pelvis_tilt.C0	0.02778807	0.026245894	0.0016272631	
S00011.glut_max-pelvis_tilt.KP  	1.4542557	1.4716977	0.012853986	
S00011.glut_max-pelvis_tilt.KV  	0.3111363	0.31144762	0.00081749708	
S00011.glut_max-pelvis_tilt.C0  	0.15765123	0.1569827	0.0013738989	
S00011.iliopsoas-pelvis_tilt.KP 	-3.4835933	-3.4628548	0.021902425	
S00011.iliopsoas-pelvis_tilt.KV 	-0.54591527	-0.54515573	0.0010030139	
S00011.iliopsoas-pelvis_tilt.C0 	0.33831742	0.33422963	0.0021544633	
S00100.iliopsoas.C0             	0.33499321	0.33416285	0.0011770615	
S00100.glut_max.C0              	-0.024923923	-0.024498531	0.00086154091	
S11000.iliopsoas.KL             	0.5630468	0.56399563	0.00099899765	
S11000.iliopsoas.L0             	0.38714227	0.38597962	0.0011269694	
S11000.iliopsoas-pelvis_tilt.P0 	-0.046197951	-0.045089645	0.00088572856	
S11000.iliopsoas-pelvis_tilt.KP 	0.01082572	0.011192399	0.0052112116	
S11000.iliopsoas-pelvis_tilt.KV 	0.14109205	0.14297958	0.0010234613	
S11000.iliopsoas-hamstrings.KL  	-8.0340126	-8.0244644	0.037402025	
S11000.iliopsoas-hamstrings.L0  	1.1644346	1.1645866	0.00083616253	
S11000.hamstrings.KF            	0.57708653	0.57666007	0.00080028452	
S11000.glut_max.KF              	0.62161892	0.62078891	0.00090774698	
