pelvis_tilt.offset              	0.022666283	0.022546452	0.00059939963	
hip_flexion_r.offset            	0.068075545	0.067955413	0.00057007586	
knee_angle_r.offset             	0.00030999552	9.5366309e-05	0.00062673086	
ankle_angle_r.offset            	-0.05612796	-0.054546861	0.00081553925	
hip_flexion_l.offset            	-0.0020992064	-0.0018363873	0.0011595823	
knee_angle_l.offset             	0.054177231	0.054387358	0.00089894359	
ankle_angle_l.offset            	0.18467449	0.18493254	0.0008556009	
stance_load_threshold           	0.15573076	0.15657617	0.00095569399	
S00111.tib_ant.KL               	1.2038397	1.2210133	0.01553016	
S00111.tib_ant.L0               	0.75411741	0.7536989	0.001661478	
S00111.tib_ant.KS               	0.000173	0.00016323347	0.00059959405	
S11000.tib_ant.KL               	1.1940069	1.2013968	0.0088225553	
S11000.tib_ant.L0               	0.73827648	0.73842735	0.0012921907	
S11000.tib_ant.KS               	0.036615988	0.035635167	0.00080652447	
S11111.tib_ant-soleus.KF        	-0.10808757	-0.10922743	0.0013898801	
S00111.soleus-tib_ant.KS        	-0.85064492	-0.88297055	0.017351733	
S11000.soleus-tib_ant.KS        	-3.3010151	-3.2996487	0.020401595	
S00111.gastroc-tib_ant.KS       	-0.33796624	-0.32881976	0.014383873	
S11000.gastroc-tib_ant.KS       	-1.7118592	-1.716747	0.017311282	
S00111.tib_ant-gastroc.KS       	-0.00357534	-0.0037337505	0.11864711	
S11000.tib_ant-gastroc.KS       	-0.00366451	-0.0034484469	0.1159659	
S00111.tib_ant-soleus.KS        	-0.00313515	-0.0033079395	0.12179738	
S11000.tib_ant-soleus.KS        	-0.00313645	-0.0032928158	0.11662345	
S00111.gastroc.KL               	0.07523758	0.079593855	0.014892506	
S00111.gastroc.L0               	0.82231807	0.82741711	0.0069172436	
S00111.gastroc.KF               	1.4107069	1.4111157	0.00085698724	
S00111.soleus.KL                	4.0245344	4.0211819	0.015429285	
S00111.soleus.L0                	0.96739308	0.96799199	0.0039050216	
S00111.soleus.KF                	0.22877922	0.22987665	0.0012686133	
S11000.gastroc.KL               	0.00837043	0.0088092239	0.011834975	
S11000.gastroc.L0               	0.53172115	0.53524111	0.007042314	
S11000.gastroc.KF               	-1.8648413	-1.8383558	0.017089361	
S11000.soleus.KL                	0.84260236	0.80716835	0.028511022	
S11000.soleus.L0                	0.92669386	0.92541516	0.0067630263	
S11000.soleus.KF                	-0.89211215	-0.92335083	0.026838402	
S00011.vasti.KF                 	0.83073188	0.83076846	0.0036939236	
S00011.vasti.C0                 	0.080281115	0.080423392	0.00079883464	
S00011.vasti-knee_angle.pos_max 	-0.30319302	-0.30514593	0.0012948292	
S00011.hamstrings-pelvis_tilt.KP	0.68822964	0.71411342	0.01455499	
S00011.hamstrings-pelvis_tilt.KV	0.57124909	0.5716168	0.0007683054	
S00011.hamstrings-pelvis_tilt.C0	0.02622561	0.02621262	0.0015035013	
S00011.glut_max-pelvis_tilt.KP  	1.4530812	1.4606886	0.012078997	
S00011.glut_max-pelvis_tilt.KV  	0.31184253	0.3114972	0.00077121697	
S00011.glut_max-pelvis_tilt.C0  	0.15521834	0.15640582	0.0012906667	
S00011.iliopsoas-pelvis_tilt.KP 	-3.4781605	-3.5057241	0.020732731	
S00011.iliopsoas-pelvis_tilt.KV 	-0.54468774	-0.5456109	0.00094501663	
S00011.iliopsoas-pelvis_tilt.C0 	0.33685775	0.33839583	0.0020438132	
S00100.iliopsoas.C0             	0.33212074	0.33323705	0.0011065264	
S00100.glut_max.C0              	-0.02429461	-0.02491254	0.0008027571	
S11000.iliopsoas.KL             	0.56552912	0.56485655	0.00094349934	
S11000.iliopsoas.L0             	0.3863724	0.38579207	0.0010591657	
S11000.iliopsoas-pelvis_tilt.P0 	-0.045386628	-0.045044103	0.00082971386	
S11000.iliopsoas-pelvis_tilt.KP 	0.011069721	0.011588647	0.0047681916	
S11000.iliopsoas-pelvis_tilt.KV 	0.14123275	0.14113703	0.00096782558	
S11000.iliopsoas-hamstrings.KL  	-8.0110166	-8.0402332	0.035321787	
S11000.iliopsoas-hamstrings.L0  	1.1634193	1.1639378	0.00078914516	
S11000.hamstrings.KF            	0.57546197	0.57583151	0.00075134466	
S11000.glut_max.KF              	0.62116507	0.62102481	0.00085428686	
