pelvis_tilt.offset              	0.024298642	0.023822041	0.0011710545	
hip_flexion_r.offset            	0.069019994	0.070542256	0.0010996981	
knee_angle_r.offset             	-0.0011371704	-0.00052870153	0.00120535	
ankle_angle_r.offset            	-0.056659559	-0.057787506	0.0015749089	
hip_flexion_l.offset            	-0.0027782046	-0.0063496975	0.0022330708	
knee_angle_l.offset             	0.052904224	0.055202051	0.0017244553	
ankle_angle_l.offset            	0.18971829	0.18798787	0.0016455736	
stance_load_threshold           	0.15611155	0.15252364	0.0018122454	
S00111.tib_ant.KL               	1.306515	1.2611091	0.030058465	
S00111.tib_ant.L0               	0.76998581	0.76611833	0.0032321143	
S00111.tib_ant.KS               	0.00015652	0.00016756846	0.0012945962	
S11000.tib_ant.KL               	1.158413	1.1785323	0.017080236	
S11000.tib_ant.L0               	0.73711398	0.73690388	0.0025009398	
S11000.tib_ant.KS               	0.035883117	0.035753954	0.0015883317	
S11111.tib_ant-soleus.KF        	-0.11078238	-0.11035661	0.0027080877	
S00111.soleus-tib_ant.KS        	-0.85370432	-0.84927008	0.034496001	
S11000.soleus-tib_ant.KS        	-3.322936	-3.2928023	0.039883416	
S00111.gastroc-tib_ant.KS       	-0.35557966	-0.33607494	0.029983777	
S11000.gastroc-tib_ant.KS       	-1.6985326	-1.6764609	0.033283367	
S00111.tib_ant-gastroc.KS       	-0.00357534	-0.0037690239	0.25617677	
S11000.tib_ant-gastroc.KS       	-0.00331551	-0.0035409096	0.25038766	
S00111.tib_ant-soleus.KS        	-0.00313515	-0.0032161837	0.2629787	
S11000.tib_ant-soleus.KS        	-0.0034666	-0.0032737502	0.25180741	
S00111.gastroc.L0               	0.84413242	0.82691909	0.013222464	
S00111.gastroc.KF               	1.4126677	1.4123101	0.0016848814	
S00111.gastroc.KS               	0.17484107	0.16243718	0.014814689	
S00111.soleus.L0                	0.95916026	0.96154011	0.0075892611	
S00111.soleus.KF                	0.22597716	0.2286504	0.0024427854	
S00111.soleus.KS                	0.16520068	0.15501559	0.021636921	
S11000.gastroc.KL               	0.00837043	0.0090592662	0.025550964	
S11000.gastroc.L0               	0.50740067	0.52237492	0.013891163	
S11000.gastroc.KF               	-1.7807086	-1.8093298	0.032727902	
S11000.gastroc.KS               	0.26363929	0.27055202	0.03027796	
S11000.soleus.KL                	0.83732671	0.80551974	0.058105133	
S11000.soleus.L0                	0.92299592	0.9057261	0.012753263	
S11000.soleus.KF                	-0.95885434	-0.90347307	0.054029863	
S11000.soleus.KS                	0.1022613	0.10927377	0.047446111	
S00011.vasti.KF                 	0.81552472	0.8193388	0.0071237348	
S00011.vasti.C0                 	0.082009395	0.081610588	0.0016110757	
S00011.vasti-knee_angle.pos_max 	-0.30932306	-0.30629217	0.0024767456	
S00011.hamstrings-pelvis_tilt.KP	0.68475651	0.70621011	0.02835218	
S00011.hamstrings-pelvis_tilt.KV	0.56548333	0.56574238	0.0014381195	
S00011.hamstrings-pelvis_tilt.C0	0.025884542	0.025914054	0.0031434908	
S00011.glut_max-pelvis_tilt.KP  	1.5440837	1.488111	0.023284538	
S00011.glut_max-pelvis_tilt.KV  	0.31175286	0.31307372	0.0014612392	
S00011.glut_max-pelvis_tilt.C0  	0.15641383	0.15678864	0.0024594174	
S00011.iliopsoas-pelvis_tilt.KP 	-3.5484826	-3.52685	0.039205863	
S00011.iliopsoas-pelvis_tilt.KV 	-0.54225972	-0.54130137	0.0017943754	
S00011.iliopsoas-pelvis_tilt.C0 	0.34029682	0.33190349	0.0038530774	
S00100.iliopsoas.C0             	0.33526306	0.33638538	0.0021253141	
S00100.glut_max.C0              	-0.02588599	-0.024459793	0.0016301155	
S11000.iliopsoas.KL             	0.55573514	0.55960115	0.0018147804	
S11000.iliopsoas.L0             	0.39173622	0.39184316	0.0020102308	
S11000.iliopsoas-pelvis_tilt.P0 	-0.046152338	-0.045165639	0.0016208601	
S11000.iliopsoas-pelvis_tilt.KP 	0.01196527	0.011527675	0.010285738	
S11000.iliopsoas-pelvis_tilt.KV 	0.14371391	0.14314708	0.0018622266	
S11000.iliopsoas-hamstrings.KL  	-8.2169101	-8.3104155	0.065884556	
S11000.iliopsoas-hamstrings.L0  	1.1641715	1.1651606	0.0015034064	
S11000.hamstrings.KF            	0.57449038	0.5744669	0.0014474846	
S11000.glut_max.KF              	0.62227217	0.62261896	0.0016439112	
