pelvis_tilt.offset              	0.025486556	0.024528503	0.001071887	
hip_flexion_r.offset            	0.070163241	0.071143531	0.0010001941	
knee_angle_r.offset             	-0.0014434829	1.8257168e-05	0.0010966664	
ankle_angle_r.offset            	-0.058831769	-0.058670412	0.0014409766	
hip_flexion_l.offset            	-0.010467147	-0.0067644239	0.0020344042	
knee_angle_l.offset             	0.055094977	0.057314946	0.0015704018	
ankle_angle_l.offset            	0.18430677	0.18900891	0.0015019043	
stance_load_threshold           	0.15146756	0.15218157	0.0016487068	
S00111.tib_ant.KL               	1.2866797	1.2686597	0.027241175	
S00111.tib_ant.L0               	0.76629715	0.76331042	0.0029384283	
S00111.tib_ant.KS               	0.00015652	0.00016584267	0.0011608456	
S11000.tib_ant.KL               	1.1699492	1.16569	0.015547808	
S11000.tib_ant.L0               	0.73633156	0.73718718	0.002274557	
S11000.tib_ant.KS               	0.034790259	0.03535751	0.0014355288	
S11111.tib_ant-soleus.KF        	-0.11404736	-0.11169196	0.0024571913	
S00111.soleus-tib_ant.KS        	-0.81483415	-0.84159401	0.031249566	
S11000.soleus-tib_ant.KS        	-3.2516265	-3.2667606	0.036244371	
S00111.gastroc-tib_ant.KS       	-0.32282246	-0.33691604	0.026968624	
S11000.gastroc-tib_ant.KS       	-1.6123686	-1.6567052	0.030293083	
S00111.tib_ant-gastroc.KS       	-0.00357534	-0.0037453789	0.22970984	
S11000.tib_ant-gastroc.KS       	-0.00331551	-0.00335978	0.22451883	
S00111.tib_ant-soleus.KS        	-0.00346517	-0.0033935411	0.23580902	
S11000.tib_ant-soleus.KS        	-0.00313645	-0.0033114883	0.2257919	
S00111.gastroc.L0               	0.81859771	0.82628742	0.012007171	
S00111.gastroc.KF               	1.4144818	1.4113377	0.0015295815	
S00111.gastroc.KS               	0.17185733	0.16596068	0.01334164	
S00111.soleus.L0                	0.95771295	0.95895245	0.0069022649	
S00111.soleus.KF                	0.22652308	0.22891947	0.0022263095	
S00111.soleus.KS                	0.16520068	0.15800312	0.019435448	
S11000.gastroc.KL               	0.00837043	0.0085048612	0.022911291	
S11000.gastroc.L0               	0.5471005	0.53374628	0.012592189	
S11000.gastroc.KF               	-1.8282475	-1.8010827	0.029774653	
S11000.gastroc.KS               	0.27691404	0.26836967	0.02720883	
S11000.soleus.KL                	0.76235452	0.78706223	0.052319228	
S11000.soleus.L0                	0.90900253	0.90503894	0.011577382	
S11000.soleus.KF                	-0.86753488	-0.9252553	0.048804676	
S11000.soleus.KS                	0.11302564	0.110095	0.04255272	
S00011.vasti.KF                 	0.81928874	0.81619878	0.0064853607	
S00011.vasti.C0                 	0.08227107	0.082364493	0.0014619409	
S00011.vasti-knee_angle.pos_max 	-0.31085202	-0.30998306	0.002265524	
S00011.hamstrings-pelvis_tilt.KP	0.7222749	0.71226369	0.025640596	
S00011.hamstrings-pelvis_tilt.KV	0.56593366	0.56525738	0.001308465	
S00011.hamstrings-pelvis_tilt.C0	0.02514159	0.026043375	0.0028249749	
S00011.glut_max-pelvis_tilt.KP  	1.504361	1.5087041	0.021213217	
S00011.glut_max-pelvis_tilt.KV  	0.31673257	0.31376904	0.0013262987	
S00011.glut_max-pelvis_tilt.C0  	0.1585087	0.15648508	0.0022412421	
S00011.iliopsoas-pelvis_tilt.KP 	-3.590984	-3.583322	0.035760364	
S00011.iliopsoas-pelvis_tilt.KV 	-0.54088126	-0.54032581	0.0016383489	
S00011.iliopsoas-pelvis_tilt.C0 	0.33597725	0.33696271	0.0035249462	
S00100.iliopsoas.C0             	0.33666888	0.33642592	0.001933686	
S00100.glut_max.C0              	-0.02517125	-0.024875667	0.0014702488	
S11000.iliopsoas.KL             	0.55881911	0.55839682	0.0016535625	
S11000.iliopsoas.L0             	0.38897281	0.38936708	0.0018272777	
S11000.iliopsoas-pelvis_tilt.P0 	-0.042647503	-0.044111534	0.001466666	
S11000.iliopsoas-pelvis_tilt.KP 	0.01196527	0.011665223	0.0092235194	
S11000.iliopsoas-pelvis_tilt.KV 	0.14054904	0.14225025	0.0016993016	
S11000.iliopsoas-hamstrings.KL  	-8.3765064	-8.2941424	0.060208256	
S11000.iliopsoas-hamstrings.L0  	1.1632361	1.1641891	0.0013654523	
S11000.hamstrings.KF            	0.57464631	0.57413537	0.0013147185	
S11000.glut_max.KF              	0.62294624	0.62308533	0.0015011277	
