pelvis_tilt.offset              	0.024000101	0.023739347	0.00084605051	
hip_flexion_r.offset            	0.072570013	0.071604879	0.00078980917	
knee_angle_r.offset             	5.2598593e-05	-0.00012195701	0.00086544369	
ankle_angle_r.offset            	-0.059347591	-0.059736589	0.0011374882	
hip_flexion_l.offset            	-0.0079323117	-0.0060535861	0.0016147385	
knee_angle_l.offset             	0.057751168	0.057278291	0.0012448751	
ankle_angle_l.offset            	0.1883487	0.18892822	0.0011896607	
stance_load_threshold           	0.15234902	0.15196066	0.0013016909	
S00111.tib_ant.KL               	1.2529441	1.285867	0.021370051	
S00111.tib_ant.L0               	0.76477399	0.76450648	0.0023137168	
S00111.tib_ant.KS               	0.000173	0.00017112532	0.00089405016	
S11000.tib_ant.KL               	1.1828568	1.1667153	0.012205525	
S11000.tib_ant.L0               	0.73329206	0.73596101	0.0017952694	
S11000.tib_ant.KS               	0.036334063	0.035126064	0.0011231848	
S11111.tib_ant-soleus.KF        	-0.11638755	-0.11043286	0.0019369741	
S00111.soleus-tib_ant.KS        	-0.82259901	-0.84905884	0.024534984	
S11000.soleus-tib_ant.KS        	-3.2353257	-3.2655829	0.028550494	
S00111.gastroc-tib_ant.KS       	-0.33799837	-0.34089599	0.020924728	
S11000.gastroc-tib_ant.KS       	-1.6086659	-1.6477398	0.024033831	
S00111.tib_ant-gastroc.KS       	-0.00395169	-0.0038346986	0.17691566	
S11000.tib_ant-gastroc.KS       	-0.00331551	-0.0034316258	0.1729177	
S00111.tib_ant-soleus.KS        	-0.00313515	-0.0032557075	0.18161307	
S11000.tib_ant-soleus.KS        	-0.00313645	-0.0033305392	0.17389818	
S00111.gastroc.L0               	0.81539336	0.82079778	0.0094672822	
S00111.gastroc.KF               	1.4131269	1.4119749	0.0012082726	
S00111.gastroc.KS               	0.17068774	0.17094544	0.010367484	
S00111.soleus.L0                	0.95496592	0.94884986	0.0054679924	
S00111.soleus.KF                	0.22997687	0.22978368	0.0017487814	
S00111.soleus.KS                	0.15939314	0.16207262	0.015032239	
S11000.gastroc.KL               	0.00925153	0.0086299571	0.017645805	
S11000.gastroc.L0               	0.54615868	0.52818796	0.0099361507	
S11000.gastroc.KF               	-1.7375361	-1.7750363	0.02351664	
S11000.gastroc.KS               	0.26236206	0.26376407	0.021054519	
S11000.soleus.KL                	0.76984132	0.8113359	0.040727224	
S11000.soleus.L0                	0.93080085	0.91869848	0.0091897956	
S11000.soleus.KF                	-0.89216592	-0.91024524	0.038193859	
S11000.soleus.KS                	0.11017351	0.10659597	0.032788309	
S00011.vasti.KF                 	0.82737671	0.81945786	0.0051027427	
S00011.vasti.C0                 	0.081012744	0.081576748	0.0011413626	
S00011.vasti-knee_angle.pos_max 	-0.3148796	-0.31203458	0.0017961406	
S00011.hamstrings-pelvis_tilt.KP	0.72931035	0.72372201	0.020122382	
S00011.hamstrings-pelvis_tilt.KV	0.56658121	0.56532682	0.0010307387	
S00011.hamstrings-pelvis_tilt.C0	0.02778807	0.026821085	0.0021858873	
S00011.glut_max-pelvis_tilt.KP  	1.4973863	1.5110443	0.016799677	
S00011.glut_max-pelvis_tilt.KV  	0.31489839	0.31462767	0.0010499554	
S00011.glut_max-pelvis_tilt.C0  	0.15725634	0.15834516	0.0017627416	
S00011.iliopsoas-pelvis_tilt.KP 	-3.5826061	-3.5959387	0.028204655	
S00011.iliopsoas-pelvis_tilt.KV 	-0.54055721	-0.5401343	0.0012925127	
S00011.iliopsoas-pelvis_tilt.C0 	0.33131039	0.33368543	0.0027860468	
S00100.iliopsoas.C0             	0.33877725	0.33857631	0.0015242614	
S00100.glut_max.C0              	-0.024519399	-0.024110828	0.0011458831	
S11000.iliopsoas.KL             	0.55796709	0.55689274	0.0013063704	
S11000.iliopsoas.L0             	0.39182595	0.39132967	0.0014415838	
S11000.iliopsoas-pelvis_tilt.P0 	-0.044121017	-0.043420914	0.0011520455	
S11000.iliopsoas-pelvis_tilt.KP 	0.01082572	0.01163972	0.0071045874	
S11000.iliopsoas-pelvis_tilt.KV 	0.14649596	0.14476216	0.0013487436	
S11000.iliopsoas-hamstrings.KL  	-8.3396171	-8.2943174	0.047701844	
S11000.iliopsoas-hamstrings.L0  	1.1617603	1.1625531	0.0010809771	
S11000.hamstrings.KF            	0.57217217	0.57099259	0.001050676	
S11000.glut_max.KF              	0.62225777	0.62304166	0.0011898861	
