pelvis_tilt.offset              	0.019373226	0.021126303	0.0014055494	
hip_flexion_r.offset            	0.068080052	0.069297346	0.001325393	
knee_angle_r.offset             	-0.00077012769	0.00051899643	0.0014525372	
ankle_angle_r.offset            	-0.055997789	-0.056682966	0.0018963991	
hip_flexion_l.offset            	-0.011880249	-0.0062203403	0.0026872847	
knee_angle_l.offset             	0.052864925	0.056896958	0.0020728326	
ankle_angle_l.offset            	0.1834574	0.18755695	0.0019841104	
stance_load_threshold           	0.15066874	0.15263632	0.0021781839	
S00111.tib_ant.KL               	1.2354663	1.2533756	0.036148756	
S00111.tib_ant.L0               	0.77027025	0.76681282	0.0038878228	
S00111.tib_ant.KS               	0.00015652	0.00016678434	0.0015736835	
S11000.tib_ant.KL               	1.1842222	1.1948883	0.020554562	
S11000.tib_ant.L0               	0.74168802	0.73952816	0.0029987216	
S11000.tib_ant.KS               	0.035766859	0.036156897	0.0019221919	
S11111.tib_ant-soleus.KF        	-0.11052286	-0.10957664	0.0032646732	
S00111.soleus-tib_ant.KS        	-0.89402901	-0.87903562	0.041726394	
S11000.soleus-tib_ant.KS        	-3.3493872	-3.275008	0.047924333	
S00111.gastroc-tib_ant.KS       	-0.32171493	-0.33636265	0.036385392	
S11000.gastroc-tib_ant.KS       	-1.685003	-1.6709515	0.040061144	
S00111.tib_ant-gastroc.KS       	-0.00357534	-0.0037831543	0.31140313	
S11000.tib_ant-gastroc.KS       	-0.00366451	-0.0034798355	0.304366	
S00111.tib_ant-soleus.KS        	-0.00313515	-0.003347464	0.3196714	
S11000.tib_ant-soleus.KS        	-0.0034666	-0.0033105797	0.30609182	
S00111.gastroc.L0               	0.82428728	0.83418913	0.01586058	
S00111.gastroc.KF               	1.4168427	1.411878	0.0020243511	
S00111.gastroc.KS               	0.175435	0.17082503	0.017981613	
S00111.soleus.L0                	0.98643398	0.97476148	0.0091095109	
S00111.soleus.KF                	0.22743136	0.22940569	0.0029312402	
S00111.soleus.KS                	0.15034719	0.15702475	0.026275753	
S11000.gastroc.KL               	0.00837043	0.008876902	0.031059139	
S11000.gastroc.L0               	0.49996734	0.52840075	0.016748922	
S11000.gastroc.KF               	-1.7870666	-1.8129545	0.039396964	
S11000.gastroc.KS               	0.25231886	0.26787782	0.036760272	
S11000.soleus.KL                	0.76235452	0.81045524	0.070478306	
S11000.soleus.L0                	0.90495698	0.89963469	0.015378562	
S11000.soleus.KF                	-0.90742119	-0.91387752	0.065468849	
S11000.soleus.KS                	0.1022613	0.1064434	0.057668686	
S00011.vasti.KF                 	0.82241723	0.81527447	0.0086103259	
S00011.vasti.C0                 	0.079932062	0.083492598	0.0019463512	
S00011.vasti-knee_angle.pos_max 	-0.30007904	-0.3053705	0.0029716696	
S00011.hamstrings-pelvis_tilt.KP	0.73544353	0.69572946	0.034320262	
S00011.hamstrings-pelvis_tilt.KV	0.56500738	0.56648203	0.001732068	
S00011.hamstrings-pelvis_tilt.C0	0.02514159	0.026168853	0.0038170996	
S00011.glut_max-pelvis_tilt.KP  	1.4695595	1.4897671	0.028073517	
S00011.glut_max-pelvis_tilt.KV  	0.3172423	0.31407412	0.0017628779	
S00011.glut_max-pelvis_tilt.C0  	0.16323834	0.16038371	0.0029622991	
S00011.iliopsoas-pelvis_tilt.KP 	-3.5731404	-3.4939045	0.047407026	
S00011.iliopsoas-pelvis_tilt.KV 	-0.54563619	-0.54391845	0.0021580474	
S00011.iliopsoas-pelvis_tilt.C0 	0.34205012	0.3332029	0.0046630284	
S00100.iliopsoas.C0             	0.33478831	0.33707934	0.0025500152	
S00100.glut_max.C0              	-0.02342065	-0.024971262	0.0019763954	
S11000.iliopsoas.KL             	0.55976939	0.56050074	0.0021810113	
S11000.iliopsoas.L0             	0.3923863	0.39089472	0.0024217941	
S11000.iliopsoas-pelvis_tilt.P0 	-0.04641831	-0.044794318	0.0019559783	
S11000.iliopsoas-pelvis_tilt.KP 	0.01196527	0.011442693	0.012502757	
S11000.iliopsoas-pelvis_tilt.KV 	0.14427948	0.14476628	0.002245345	
S11000.iliopsoas-hamstrings.KL  	-8.1083461	-8.2546652	0.079429143	
S11000.iliopsoas-hamstrings.L0  	1.167932	1.1661039	0.0018145006	
S11000.hamstrings.KF            	0.57476316	0.57493876	0.0017430645	
S11000.glut_max.KF              	0.62050403	0.62177705	0.0019824164	
