pelvis_tilt.offset              	0.023514536	0.021307733	0.0013373516	
hip_flexion_r.offset            	0.066844621	0.069229805	0.0012612262	
knee_angle_r.offset             	0.00031074081	0.001076542	0.0013843234	
ankle_angle_r.offset            	-0.055579974	-0.056169885	0.0018036287	
hip_flexion_l.offset            	-0.007226612	-0.007074359	0.0025588669	
knee_angle_l.offset             	0.056199846	0.056900561	0.0019781546	
ankle_angle_l.offset            	0.18742103	0.18683081	0.0018888004	
stance_load_threshold           	0.15376125	0.15229324	0.0020720363	
S00111.tib_ant.KL               	1.2740991	1.2486678	0.034411834	
S00111.tib_ant.L0               	0.77491581	0.76677218	0.003701991	
S00111.tib_ant.KS               	0.00015652	0.00016491189	0.0014943449	
S11000.tib_ant.KL               	1.1884257	1.1904007	0.019554159	
S11000.tib_ant.L0               	0.7421113	0.73898841	0.0028538242	
S11000.tib_ant.KS               	0.036649477	0.035842018	0.001827406	
S11111.tib_ant-soleus.KF        	-0.11102498	-0.11038705	0.0031070563	
S00111.soleus-tib_ant.KS        	-0.87950722	-0.8754159	0.039652644	
S11000.soleus-tib_ant.KS        	-3.2469612	-3.2881087	0.045598898	
S00111.gastroc-tib_ant.KS       	-0.32171493	-0.33640537	0.034565518	
S11000.gastroc-tib_ant.KS       	-1.6639144	-1.6624552	0.038097374	
S00111.tib_ant-gastroc.KS       	-0.00357534	-0.0037369675	0.29570345	
S11000.tib_ant-gastroc.KS       	-0.00366451	-0.0035389433	0.2890211	
S00111.tib_ant-soleus.KS        	-0.00313515	-0.0032141858	0.30355487	
S11000.tib_ant-soleus.KS        	-0.00313645	-0.0033907772	0.29065991	
S00111.gastroc.L0               	0.81825614	0.83313768	0.015112592	
S00111.gastroc.KF               	1.4078987	1.4124607	0.0019312944	
S00111.gastroc.KS               	0.16329845	0.17194091	0.017080221	
S00111.soleus.L0                	0.99785099	0.98477551	0.0086928241	
S00111.soleus.KF                	0.22914174	0.22903381	0.0027889507	
S00111.soleus.KS                	0.16520068	0.15741235	0.024954542	
S11000.gastroc.KL               	0.00837043	0.0087281971	0.029493279	
S11000.gastroc.L0               	0.49979446	0.52114246	0.015958587	
S11000.gastroc.KF               	-1.8416407	-1.7899719	0.03750747	
S11000.gastroc.KS               	0.25231886	0.26670426	0.034916043	
S11000.soleus.KL                	0.81618334	0.80460242	0.066962666	
S11000.soleus.L0                	0.91431165	0.90060455	0.014615086	
S11000.soleus.KF                	-0.9433285	-0.92178619	0.062218062	
S11000.soleus.KS                	0.1022613	0.10678754	0.054762333	
S00011.vasti.KF                 	0.81266648	0.81532889	0.0081909668	
S00011.vasti.C0                 	0.082834	0.08290827	0.0018517376	
S00011.vasti-knee_angle.pos_max 	-0.30447354	-0.30440939	0.0028334143	
S00011.hamstrings-pelvis_tilt.KP	0.67609261	0.70486129	0.032646497	
S00011.hamstrings-pelvis_tilt.KV	0.56466535	0.56637828	0.0016491019	
S00011.hamstrings-pelvis_tilt.C0	0.02514159	0.025859251	0.0036254624	
S00011.glut_max-pelvis_tilt.KP  	1.491514	1.4862451	0.026706355	
S00011.glut_max-pelvis_tilt.KV  	0.31393374	0.3144031	0.0016777055	
S00011.glut_max-pelvis_tilt.C0  	0.15654786	0.15987671	0.0028189565	
S00011.iliopsoas-pelvis_tilt.KP 	-3.4996498	-3.5033602	0.045127883	
S00011.iliopsoas-pelvis_tilt.KV 	-0.54387556	-0.54419768	0.0020532543	
S00011.iliopsoas-pelvis_tilt.C0 	0.33782892	0.33499937	0.0044463024	
S00100.iliopsoas.C0             	0.33315417	0.33670289	0.002426844	
S00100.glut_max.C0              	-0.024496257	-0.024694832	0.0018781397	
S11000.iliopsoas.KL             	0.56230316	0.56096881	0.0020760395	
S11000.iliopsoas.L0             	0.39724165	0.39151387	0.0023026537	
S11000.iliopsoas-pelvis_tilt.P0 	-0.04641831	-0.044964105	0.001861098	
S11000.iliopsoas-pelvis_tilt.KP 	0.01196527	0.01137668	0.01187248	
S11000.iliopsoas-pelvis_tilt.KV 	0.14170228	0.14409564	0.0021392946	
S11000.iliopsoas-hamstrings.KL  	-8.2888731	-8.2360422	0.075693122	
S11000.iliopsoas-hamstrings.L0  	1.1666599	1.1662812	0.0017260911	
S11000.hamstrings.KF            	0.57327632	0.5749302	0.0016567543	
S11000.glut_max.KF              	0.61885842	0.62140496	0.001887709	
