pelvis_tilt.offset              	0.020310203	0.020179173	0.00019129351	
hip_flexion_r.offset            	0.068356062	0.068551166	0.00018091914	
knee_angle_r.offset             	0.0033003662	0.0031766432	0.0002034732	
ankle_angle_r.offset            	-0.063299294	-0.06351334	0.0002706396	
hip_flexion_l.offset            	-0.0088927397	-0.0083753923	0.00036524005	
knee_angle_l.offset             	0.060454857	0.060654894	0.00028374757	
ankle_angle_l.offset            	0.18233921	0.18233353	0.00027732197	
stance_load_threshold           	0.15156713	0.15155206	0.00029469208	
S00111.tib_ant.KL               	1.2668166	1.2580065	0.0049298456	
S00111.tib_ant.L0               	0.75922486	0.75893788	0.00053623309	
S00111.tib_ant.KS               	0.00015652	0.00016229289	0.00016566171	
S11000.tib_ant.KL               	1.1898167	1.1946305	0.0027249473	
S11000.tib_ant.L0               	0.74374081	0.74411422	0.00040973991	
S11000.tib_ant.KS               	0.035533201	0.03527768	0.00025386058	
S11111.tib_ant-soleus.KF        	-0.10996983	-0.10944247	0.00044025695	
S00111.soleus-tib_ant.KS        	-0.86616634	-0.87880894	0.005451397	
S11000.soleus-tib_ant.KS        	-3.3101823	-3.3085088	0.0065282847	
S00111.gastroc-tib_ant.KS       	-0.32171493	-0.32427593	0.0041383632	
S11000.gastroc-tib_ant.KS       	-1.6953294	-1.7022445	0.0055292125	
S00111.tib_ant-gastroc.KS       	-0.00395169	-0.0038158907	0.032775823	
S11000.tib_ant-gastroc.KS       	-0.00331551	-0.0035500719	0.032035141	
S00111.tib_ant-soleus.KS        	-0.00346517	-0.003302802	0.033646052	
S11000.tib_ant-soleus.KS        	-0.0034666	-0.0032691475	0.032216777	
S00111.gastroc.L0               	0.80094236	0.79879459	0.0021029363	
S00111.gastroc.KF               	1.4106005	1.4103926	0.0002778211	
S00111.gastroc.KS               	0.17207298	0.17505648	0.0020752153	
S00111.soleus.L0                	1.0126469	1.0145432	0.0011981056	
S00111.soleus.KF                	0.223718	0.22367711	0.00040524906	
S00111.soleus.KS                	0.15430909	0.15942681	0.0031550197	
S11000.gastroc.KL               	0.00837043	0.0088533311	0.0032730849	
S11000.gastroc.L0               	0.53982737	0.53583479	0.0023071767	
S11000.gastroc.KF               	-1.8683748	-1.8640648	0.0054687392	
S11000.gastroc.KS               	0.26657948	0.26750821	0.0044799466	
S11000.soleus.KL                	0.79772389	0.79563386	0.0088741962	
S11000.soleus.L0                	0.88399611	0.88007785	0.0020957497	
S11000.soleus.KF                	-0.87373502	-0.88652484	0.0084229928	
S11000.soleus.KS                	0.10789417	0.10709279	0.0062863915	
S00011.vasti.KF                 	0.82821383	0.82955917	0.0011616037	
S00011.vasti.C0                 	0.082493602	0.082440556	0.00024662856	
S00011.vasti-knee_angle.pos_max 	-0.30944089	-0.30978176	0.00041102306	
S00011.hamstrings-pelvis_tilt.KP	0.70028764	0.69824548	0.0045505518	
S00011.hamstrings-pelvis_tilt.KV	0.56487203	0.56491496	0.00023531383	
S00011.hamstrings-pelvis_tilt.C0	0.027466109	0.027196796	0.00046219649	
S00011.glut_max-pelvis_tilt.KP  	1.4650734	1.4676865	0.0038315946	
S00011.glut_max-pelvis_tilt.KV  	0.32061556	0.32058454	0.00024754543	
S00011.glut_max-pelvis_tilt.C0  	0.15851891	0.15820531	0.00041058822	
S00011.iliopsoas-pelvis_tilt.KP 	-3.5048903	-3.5098526	0.0064036255	
S00011.iliopsoas-pelvis_tilt.KV 	-0.54365605	-0.54372429	0.00030092086	
S00011.iliopsoas-pelvis_tilt.C0 	0.32934774	0.32889416	0.00064008416	
S00100.iliopsoas.C0             	0.33641928	0.33677537	0.00035182002	
S00100.glut_max.C0              	-0.024911453	-0.024881622	0.0002541751	
S11000.iliopsoas.KL             	0.56511257	0.56571993	0.00031022826	
S11000.iliopsoas.L0             	0.39436822	0.39430065	0.00033440124	
S11000.iliopsoas-pelvis_tilt.P0 	-0.044025502	-0.044318535	0.00026246969	
S11000.iliopsoas-pelvis_tilt.KP 	0.01196527	0.011472495	0.0013299215	
S11000.iliopsoas-pelvis_tilt.KV 	0.14564386	0.14583065	0.00031284824	
S11000.iliopsoas-hamstrings.KL  	-8.0212664	-8.0293144	0.011279432	
S11000.iliopsoas-hamstrings.L0  	1.1638707	1.1644579	0.00024423366	
S11000.hamstrings.KF            	0.57186729	0.57217553	0.00023806574	
S11000.glut_max.KF              	0.6251745	0.62493152	0.00027934352	
