pelvis_tilt.offset              	0.020072637	0.019911051	0.00017875224	
hip_flexion_r.offset            	0.068568319	0.068568956	0.00016829397	
knee_angle_r.offset             	0.0035413996	0.0032515415	0.00018987389	
ankle_angle_r.offset            	-0.063779017	-0.063880883	0.00025288467	
hip_flexion_l.offset            	-0.0086166182	-0.0087264935	0.00034101443	
knee_angle_l.offset             	0.06044095	0.060396569	0.00026452297	
ankle_angle_l.offset            	0.18285112	0.18263167	0.00025822785	
stance_load_threshold           	0.15233442	0.15189976	0.00027657758	
S00111.tib_ant.KL               	1.261857	1.2605931	0.0046080035	
S00111.tib_ant.L0               	0.75989862	0.7590381	0.00050172223	
S00111.tib_ant.KS               	0.00015652	0.00016263491	0.00015215665	
S11000.tib_ant.KL               	1.196555	1.1956679	0.0025366332	
S11000.tib_ant.L0               	0.74322239	0.7435285	0.00038260337	
S11000.tib_ant.KS               	0.035545916	0.035302119	0.00023690787	
S11111.tib_ant-soleus.KF        	-0.10960395	-0.10916109	0.00041007234	
S00111.soleus-tib_ant.KS        	-0.87929685	-0.87240062	0.0050908796	
S11000.soleus-tib_ant.KS        	-3.3083285	-3.3082804	0.0060873529	
S00111.gastroc-tib_ant.KS       	-0.32312903	-0.32453987	0.0038235046	
S11000.gastroc-tib_ant.KS       	-1.7079131	-1.7012119	0.0051700644	
S00111.tib_ant-gastroc.KS       	-0.00395169	-0.0037051096	0.030102781	
S11000.tib_ant-gastroc.KS       	-0.00331551	-0.0034582952	0.029422505	
S00111.tib_ant-soleus.KS        	-0.00346517	-0.0032161001	0.030902034	
S11000.tib_ant-soleus.KS        	-0.00313645	-0.003389229	0.029589325	
S00111.gastroc.L0               	0.80144251	0.79830024	0.0019501266	
S00111.gastroc.KF               	1.4101004	1.4106018	0.0002596378	
S00111.gastroc.KS               	0.17446135	0.17652706	0.0019216143	
S00111.soleus.L0                	1.0139333	1.0148539	0.0011143891	
S00111.soleus.KF                	0.22406556	0.22410982	0.00038013055	
S00111.soleus.KS                	0.15912923	0.15861874	0.0029363641	
S11000.gastroc.KL               	0.00925153	0.0088150396	0.0030069927	
S11000.gastroc.L0               	0.53528453	0.53547405	0.0021648989	
S11000.gastroc.KF               	-1.8587208	-1.8642781	0.0051035525	
S11000.gastroc.KS               	0.26192435	0.26729103	0.0041777778	
S11000.soleus.KL                	0.78856231	0.78316794	0.0082721597	
S11000.soleus.L0                	0.88394567	0.88091798	0.0019582555	
S11000.soleus.KF                	-0.89791178	-0.88322385	0.0078945433	
S11000.soleus.KS                	0.10445334	0.10663369	0.0058153713	
S00011.vasti.KF                 	0.82958364	0.82922442	0.0010806623	
S00011.vasti.C0                 	0.082284381	0.082355217	0.00022922558	
S00011.vasti-knee_angle.pos_max 	-0.30956766	-0.30971711	0.00038392218	
S00011.hamstrings-pelvis_tilt.KP	0.70049816	0.70116054	0.0042486023	
S00011.hamstrings-pelvis_tilt.KV	0.56481989	0.56494396	0.00021906334	
S00011.hamstrings-pelvis_tilt.C0	0.02778807	0.026802502	0.00043047922	
S00011.glut_max-pelvis_tilt.KP  	1.4714448	1.4700918	0.0035805504	
S00011.glut_max-pelvis_tilt.KV  	0.32037435	0.32072062	0.0002313473	
S00011.glut_max-pelvis_tilt.C0  	0.15858872	0.1580647	0.0003823475	
S00011.iliopsoas-pelvis_tilt.KP 	-3.5202912	-3.514599	0.0059779641	
S00011.iliopsoas-pelvis_tilt.KV 	-0.5429395	-0.54349898	0.00028324587	
S00011.iliopsoas-pelvis_tilt.C0 	0.32869317	0.32902574	0.00059750428	
S00100.iliopsoas.C0             	0.33705223	0.33683207	0.00032715761	
S00100.glut_max.C0              	-0.024963117	-0.024976256	0.00023693175	
S11000.iliopsoas.KL             	0.56526501	0.56574437	0.00028896728	
S11000.iliopsoas.L0             	0.39396876	0.39412257	0.00031102578	
S11000.iliopsoas-pelvis_tilt.P0 	-0.044011908	-0.044173049	0.0002437246	
S11000.iliopsoas-pelvis_tilt.KP 	0.01196527	0.011420725	0.0012246352	
S11000.iliopsoas-pelvis_tilt.KV 	0.14545646	0.14572202	0.0002916153	
S11000.iliopsoas-hamstrings.KL  	-8.0356049	-8.0393918	0.010518466	
S11000.iliopsoas-hamstrings.L0  	1.1640607	1.1640708	0.00022941113	
S11000.hamstrings.KF            	0.57180843	0.57191991	0.00022256954	
S11000.glut_max.KF              	0.62507545	0.62506537	0.0002603964	
