pelvis_tilt.offset              	0.019521541	0.019607043	6.9654508e-05	
hip_flexion_r.offset            	0.069096483	0.069084179	6.6612299e-05	
knee_angle_r.offset             	0.0032046048	0.0033494298	7.3096332e-05	
ankle_angle_r.offset            	-0.063679488	-0.063576364	9.8514058e-05	
hip_flexion_l.offset            	-0.0088068313	-0.008939519	0.00013271327	
knee_angle_l.offset             	0.060625318	0.060567889	0.0001003141	
ankle_angle_l.offset            	0.18282817	0.18288735	9.9154244e-05	
stance_load_threshold           	0.15207216	0.15198677	0.00010716539	
S00111.tib_ant.KL               	1.2705251	1.2712439	0.0017926903	
S00111.tib_ant.L0               	0.75929554	0.75940125	0.00019376064	
S00111.tib_ant.KS               	0.00015652	0.00015858315	4.9463629e-05	
S11000.tib_ant.KL               	1.198491	1.199367	0.00098041628	
S11000.tib_ant.L0               	0.74347803	0.74358892	0.00014924506	
S11000.tib_ant.KS               	0.035399801	0.035405502	9.257317e-05	
S11111.tib_ant-soleus.KF        	-0.11010188	-0.11019832	0.00015974178	
S00111.soleus-tib_ant.KS        	-0.86664998	-0.86610421	0.001997215	
S11000.soleus-tib_ant.KS        	-3.2925602	-3.2925387	0.0023519595	
S00111.gastroc-tib_ant.KS       	-0.3228973	-0.32295274	0.001367157	
S11000.gastroc-tib_ant.KS       	-1.6898161	-1.6876997	0.0020306457	
S00111.tib_ant-gastroc.KS       	-0.00395169	-0.003759438	0.0097678258	
S11000.tib_ant-gastroc.KS       	-0.00331551	-0.0033943465	0.0095470669	
S00111.tib_ant-soleus.KS        	-0.00346517	-0.0032979279	0.010027093	
S11000.tib_ant-soleus.KS        	-0.0034666	-0.0033401643	0.0096011785	
S00111.gastroc.L0               	0.79857487	0.79851818	0.00073561036	
S00111.gastroc.KF               	1.4106036	1.4104757	0.00010079723	
S00111.gastroc.KS               	0.17377335	0.17349809	0.00072727858	
S00111.soleus.L0                	1.0150264	1.0145711	0.00042579917	
S00111.soleus.KF                	0.2247645	0.22459808	0.00014850469	
S00111.soleus.KS                	0.1621078	0.16289068	0.00112354	
S11000.gastroc.KL               	0.0089021317	0.0089084129	0.00098743085	
S11000.gastroc.L0               	0.54192605	0.5421349	0.00085260924	
S11000.gastroc.KF               	-1.8571582	-1.8597674	0.0019812943	
S11000.gastroc.KS               	0.26152742	0.26239842	0.0016176819	
S11000.soleus.KL                	0.78376641	0.78487139	0.0032351897	
S11000.soleus.L0                	0.88348328	0.88337443	0.00075635959	
S11000.soleus.KF                	-0.91239953	-0.9089682	0.0031508904	
S11000.soleus.KS                	0.10675441	0.10877261	0.0021393466	
S00011.vasti.KF                 	0.83077307	0.83031612	0.00042004819	
S00011.vasti.C0                 	0.082417722	0.08245962	8.631015e-05	
S00011.vasti-knee_angle.pos_max 	-0.30962996	-0.30967212	0.00014787552	
S00011.hamstrings-pelvis_tilt.KP	0.716857	0.71703126	0.0017290534	
S00011.hamstrings-pelvis_tilt.KV	0.56525352	0.56539513	8.6696786e-05	
S00011.hamstrings-pelvis_tilt.C0	0.027602591	0.02751317	0.00016397474	
S00011.glut_max-pelvis_tilt.KP  	1.4715459	1.4730145	0.0014022044	
S00011.glut_max-pelvis_tilt.KV  	0.32113195	0.32123071	9.1855014e-05	
S00011.glut_max-pelvis_tilt.C0  	0.15818851	0.15812966	0.00014741694	
S00011.iliopsoas-pelvis_tilt.KP 	-3.4912685	-3.4932635	0.0023641728	
S00011.iliopsoas-pelvis_tilt.KV 	-0.54381313	-0.54380841	0.00010973079	
S00011.iliopsoas-pelvis_tilt.C0 	0.32930058	0.32916799	0.00022823793	
S00100.iliopsoas.C0             	0.33638203	0.33654801	0.00012764223	
S00100.glut_max.C0              	-0.024459492	-0.024464422	9.2663681e-05	
S11000.iliopsoas.KL             	0.56535469	0.56527951	0.00011207018	
S11000.iliopsoas.L0             	0.39364753	0.39366468	0.00011959704	
S11000.iliopsoas-pelvis_tilt.P0 	-0.043984003	-0.044100057	9.3393696e-05	
S11000.iliopsoas-pelvis_tilt.KP 	0.011856268	0.011685983	0.00042460633	
S11000.iliopsoas-pelvis_tilt.KV 	0.1461885	0.14616861	0.00011371376	
S11000.iliopsoas-hamstrings.KL  	-8.0663205	-8.0588909	0.0041529334	
S11000.iliopsoas-hamstrings.L0  	1.1646249	1.1646942	8.8277414e-05	
S11000.hamstrings.KF            	0.57206222	0.57212812	8.5671684e-05	
S11000.glut_max.KF              	0.62610484	0.6260949	0.00010541827	
