Step	Best	Median	Predicted	Progress
0	89.8589	104.876	0	0
1	83.8843	104.122	-2903.44	0.0712248
2	83.1512	99.6397	-1593.78	0.0395373
3	71.5462	91.6093	-2915.39	0.0766868
4	77.6454	90.396	-1939.82	0.050471
5	67.721	89.1723	-2048.9	0.0552244
6	60.9313	93.3348	-2250.1	0.0627693
7	75.9343	88.8945	-1832.54	0.051483
8	78.5922	86.8691	-1461.86	0.0404327
9	68.0112	86.2973	-972.186	0.0273824
10	66.1172	86.0923	-935.607	0.0267017
11	68.6988	84.4853	-897.63	0.0259877
12	45.3751	92.948	-939.613	0.0274342
13	65.2211	86.5379	-901.479	0.0266811
14	37.4317	89.8743	-943.62	0.0282081
15	48.8673	86.9208	-960.311	0.0290883
16	49.0795	85.9559	-983.962	0.0303438
17	55.0803	83.1895	-964.375	0.0299598
18	57.0952	83.5642	-927.266	0.029145
19	73.2195	85.4596	-913.023	0.0290026
20	53.5333	85.1632	-906.218	0.0290098
21	78.3574	83.949	-813.999	0.0261084
22	67.2755	83.9592	-807.777	0.0259647
23	47.2664	84.3416	-773.191	0.0250311
24	65.6387	82.9081	-727.201	0.0237765
25	36.5769	82.2645	-753.435	0.0249487
26	58.2718	82.1504	-712.239	0.0238816
27	49.1887	81.9587	-575	0.019734
28	57.6043	81.8486	-461.755	0.0163588
29	49.2909	83.4509	-417.581	0.0149679
30	52.1876	83.1622	-397.641	0.0143688
31	62.6328	82.6495	-368.451	0.0134011
32	60.0864	83.1897	-341.286	0.0125361
33	62.1039	81.8247	-300.338	0.011266
34	58.4643	81.7093	-234.679	0.00912843
35	44.1229	82.2875	-301.744	0.0113943
36	36.6611	80.2961	-320.008	0.0120669
37	43.533	81.0763	-324.619	0.0122938
38	57.8574	80.9869	-308.446	0.0117551
39	68.9249	81.6719	-284.426	0.0109653
40	48.143	82.2081	-279.144	0.0108075
41	56.9461	81.1493	-262.455	0.0102706
42	48.4166	83.3833	-248.294	0.00979539
43	50.6723	82.1287	-238.633	0.00948295
44	55.7246	79.5255	-240.806	0.00957677
45	52.2892	78.0289	-207.772	0.00849525
46	58.6858	81.1454	-193.71	0.0080778
47	52.6083	79.5114	-174.563	0.00740474
48	60.0805	81.1133	-141.718	0.00636471
49	37.4054	79.0686	-175.11	0.00744796
50	55.1754	76.624	-142.491	0.00640548
51	38.959	75.7186	-173.28	0.00741009
52	53.7365	76.4786	-154.6	0.00681945
53	51.0085	77.9349	-150.201	0.00665131
54	50.9862	76.0842	-133.587	0.00613568
55	52.2238	76.0342	-121.805	0.00575412
56	55.0531	75.9531	-102.382	0.00510905
57	37.8313	72.4086	-122.495	0.00578743
58	58.5372	78.729	-102.999	0.00513528
59	42.8139	75.4851	-123.041	0.00581656
60	22.2638	74.3892	-132.874	0.00615026
61	40.3673	73.0367	-139.577	0.00638539
62	42.437	78.203	-147.133	0.0066615
63	32.2962	74.9048	-162.148	0.0071926
64	32.5173	74.5668	-166.247	0.00736617
65	26.3629	69.9685	-177.395	0.00781004
66	43.9324	80.1254	-174.497	0.00769486
67	47.509	71.7856	-165.084	0.00734112
68	48.1096	77.7368	-156.778	0.00707313
69	31.631	65.7642	-156.352	0.00707573
70	48.0024	70.0903	-152.53	0.00695218
71	46.4969	72.2968	-145.476	0.0066884
72	50.5669	70.4243	-132.461	0.00622589
73	40.1763	78.078	-137.989	0.00643982
74	42.2944	71.8553	-141.455	0.00657252
75	50.0681	70.7783	-134.766	0.00633729
76	17.8063	73.1904	-142.191	0.00661601
77	39.3163	72.2616	-146.353	0.00677524
78	23.3574	70.5322	-149.111	0.00689716
79	18.1816	65.3052	-155.172	0.00715277
80	22.3199	67.2104	-160.151	0.00734498
81	28.1278	65.2228	-171.532	0.00776178
82	44.8266	71.0651	-160.945	0.00739933
83	42.7277	69.4387	-157.19	0.00727379
84	41.9037	64.0187	-157.41	0.0072842
85	33.7956	63.6732	-160.313	0.00741526
86	36.1301	64.2643	-161.175	0.00745975
87	46.5315	69.8647	-159.773	0.00742015
88	34.9593	68.7853	-161.965	0.00751582
89	32.6907	64.3938	-167.519	0.00772474
90	23.672	66.6378	-172.479	0.00789079
91	26.0268	61.7384	-175.58	0.00802222
92	41.9605	64.0432	-173.305	0.00795355
93	22.5795	60.932	-176.415	0.0080871
94	29.8722	67.9622	-181.355	0.00830803
95	50.5416	66.2378	-177.251	0.00815303
96	37.1917	63.8211	-174.956	0.00808212
97	49.7314	67.9572	-170.752	0.00797104
98	47.3531	60.0514	-165.775	0.00780516
99	32.5173	60.5143	-166.039	0.00782996
100	52.6457	69.3638	-164.417	0.00776927
101	35.8401	61.2854	-162.989	0.00770414
102	39.9579	60.5992	-156.76	0.00745609
103	7.56082	66.5994	-163.765	0.00776396
104	35.4514	65.201	-157.513	0.0075121
105	28.0696	63.895	-162.831	0.00774788
106	20.6711	60.4204	-166.299	0.00793343
107	35.6672	61.3003	-162.47	0.00775716
108	5.62242	60.2056	-167.079	0.00799687
109	4.74111	57.5418	-169.079	0.00810981
110	20.1865	60.7787	-171.368	0.00822419
111	15.9686	58.7992	-176.018	0.00842684
112	29.3822	57.6457	-172.425	0.00830313
113	39.0515	60.1207	-170.663	0.00824414
114	21.4261	65.1738	-173.217	0.00837265
115	34.2121	66.2662	-171.912	0.00833364
116	26.5296	61.1584	-173.016	0.00839927
117	30.9746	64.5697	-170.172	0.00825769
118	9.97824	60.5826	-172.292	0.00839528
119	5.01167	65.0985	-174.091	0.00850219
120	36.4559	57.0515	-173.076	0.00846636
121	29.9672	60.2303	-171.393	0.00837947
122	37.026	58.5868	-166.209	0.00812494
123	31.8069	60.9152	-164.805	0.00808179
124	33.8715	58.7307	-162.251	0.00798562
125	28.8619	60.2325	-160.16	0.00790673
126	32.5634	60.2987	-158.243	0.00781477
127	44.8485	61.6341	-154.165	0.00765071
128	32.9095	60.9863	-154.026	0.00764747
129	19.2444	58.1167	-153.627	0.00765142
130	17.6723	60.5063	-153.616	0.00767903
131	36.3931	60.3316	-152.928	0.00764433
132	27.7934	59.4754	-150.834	0.00753121
133	32.9629	55.7398	-149.304	0.00747199
134	30.6675	61.0331	-144.516	0.00725892
135	28.8438	57.1451	-142.551	0.00717948
136	14.7443	60.5365	-144.015	0.00726356
137	31.5703	59.8639	-142.367	0.00719999
138	17.7865	60.213	-143.653	0.00727376
139	43.3702	60.22	-140.748	0.00716692
140	37.1054	57.624	-138.372	0.00707788
141	35.9141	56.5911	-135.412	0.00697949
142	26.0224	60.2558	-130.128	0.00680166
143	28.6528	57.2857	-129.374	0.00678509
144	6.75734	61.5177	-130.742	0.00684824
145	23.3162	57.737	-130.068	0.00683449
146	43.7686	54.9429	-129.771	0.00683568
147	26.2394	59.418	-126.44	0.00671013
148	5.19784	54.6013	-130.38	0.00688273
149	36.2265	58.088	-127.036	0.00675547
150	17.3081	58.9773	-128.702	0.0068298
151	37.9224	59.9217	-126.795	0.00677706
152	7.71166	59.6481	-129.303	0.00687677
153	24.7225	58.6128	-127.946	0.00683967
154	17.7017	57.5029	-128.646	0.00688129
155	13.6464	56.5461	-129.727	0.00695096
156	27.6615	59.7958	-128.897	0.00691702
157	3.85377	55.1743	-129.817	0.00698311
158	19.9829	59.1892	-129.173	0.00695398
159	26.4601	58.3095	-127.938	0.0069285
160	21.1816	54.7429	-125.853	0.00684239
161	23.5378	60.1227	-123.616	0.00674932
162	27.0273	59.4344	-121.187	0.00663278
163	7.86011	61.5355	-123.74	0.00677667
164	23.4791	59.0176	-120.917	0.00663477
165	41.4756	59.91	-118.706	0.00654662
166	12.6269	64.687	-121.279	0.00666891
167	34.227	57.0867	-119.259	0.00658976
168	36.8634	57.9437	-118.199	0.00656132
169	4.54706	59.5951	-119.812	0.00663347
170	26.6162	58.1302	-118.747	0.00660465
171	30.7735	59.8073	-116.903	0.006551
172	4.62702	59.3853	-119.295	0.00664856
173	23.8003	55.0027	-117.443	0.0065942
174	22.7579	59.7626	-115.311	0.00650448
175	26.9665	59.4711	-114.262	0.00646458
176	34.0155	58.9058	-113.048	0.00641328
177	36.9422	57.7859	-112.625	0.00640174
178	3.45922	53.8853	-113.572	0.00645467
179	26.3588	53.5006	-113.147	0.00644299
180	11.9059	59.1648	-113.501	0.00647571
181	16.6733	56.3003	-113.16	0.00647757
182	18.0154	59.7221	-112.865	0.00647629
183	5.17207	54.3957	-113.679	0.00651981
184	36.7505	56.8483	-112.335	0.00647214
185	4.67544	60.0062	-114.199	0.00656259
186	32.0096	54.3702	-112.465	0.00649711
187	28.7491	55.0466	-111.413	0.00646536
188	4.97	54.719	-112.915	0.00653677
189	23.6101	59.4694	-111.921	0.00650743
190	14.6514	56.3553	-112.367	0.00654172
191	15.6876	58.2788	-111.075	0.00649529
192	7.38918	60.0153	-111.683	0.00654336
193	33.831	56.4784	-110.052	0.00647535
194	31.4425	54.9964	-107.099	0.00636364
195	31.2905	54.9791	-105.955	0.00633389
196	34.2145	56.637	-105.177	0.00632444
197	26.1519	59.6958	-104.638	0.00630215
198	34.7197	57.4165	-103.91	0.00626413
199	5.95245	55.4837	-105.115	0.00634212
200	23.6485	54.8143	-104.158	0.0062902
201	25.8239	56.7121	-103.398	0.00625612
202	5.95195	54.929	-104.63	0.00633001
203	19.6228	54.3188	-104.354	0.00632055
204	6.79997	54.8494	-105.103	0.00637034
205	36.2375	56.6129	-104.338	0.00633539
206	9.48887	56.2333	-105.113	0.00638475
207	4.15664	55.7314	-105.609	0.00644242
208	24.5048	54.8033	-105.25	0.0064114
209	5.55714	49.8344	-105.511	0.00646149
210	15.5694	56.5953	-105.225	0.00643134
211	19.6686	50.5994	-104.284	0.00639988
212	15.9191	49.0542	-103.34	0.00636996
213	23.1998	56.6189	-100.831	0.00623591
214	14.6384	54.4213	-100.233	0.00621569
215	19.8715	54.9049	-98.6978	0.00612357
216	15.4379	54.7161	-98.365	0.00610657
217	20.7376	50.8493	-97.6715	0.00608762
218	23.3502	53.1408	-95.9122	0.00600427
219	7.98504	49.8994	-96.4238	0.00604464
220	15.8401	49.7191	-95.7234	0.00601407
221	7.99931	56.6234	-96.7343	0.0060762
222	16.5336	53.2834	-95.6689	0.0060296
223	26.7013	57.0389	-95.0951	0.00599266
224	18.008	53.9267	-94.2804	0.00593728
225	11.7626	49.5793	-94.1975	0.00595669
226	19.5312	47.9962	-93.6234	0.00593679
227	5.95991	54.7494	-94.3627	0.00598561
228	7.45254	47.2408	-94.9229	0.00602561
229	15.5073	47.2567	-94.5033	0.00601419
230	19.8796	54.7871	-93.4211	0.00597326
231	6.49278	48.4031	-94.4003	0.00603637
232	16.4716	55.1181	-93.839	0.00600915
233	8.0922	48.0731	-93.7783	0.00603165
234	7.89593	50.3003	-93.68	0.00604857
235	4.17529	54.6906	-94.4273	0.00610288
236	14.6294	54.4674	-94.0953	0.00608538
237	23.6577	54.0479	-93.295	0.00604834
238	13.2924	54.1436	-92.9555	0.00603262
239	30.4769	55.7127	-92.0393	0.00600444
240	3.94022	54.5506	-92.3842	0.0060315
241	28.5956	54.9482	-91.6602	0.00600211
242	7.7395	50.7991	-92.7914	0.00606809
243	12.2787	53.2205	-92.1446	0.00604291
244	4.67954	51.5593	-93.7326	0.00613156
245	8.08235	50.1136	-93.6072	0.00613942
246	11.9504	49.2576	-92.0577	0.00607883
247	5.27754	53.8656	-92.9715	0.00613274
248	7.45765	52.246	-93.0852	0.00615039
249	5.37892	47.0189	-93.3618	0.00617819
250	22.2785	51.9999	-92.7749	0.00616905
251	15.8524	49.6359	-92.0647	0.00613431
252	8.03246	48.4266	-91.7628	0.00611766
253	5.69577	49.4259	-92.0251	0.00614559
254	11.7507	53.6012	-91.808	0.00613778
255	32.129	54.9967	-91.3557	0.00609767
256	11.0784	49.4102	-91.2377	0.00608712
257	7.1508	50.2781	-91.342	0.006103
258	4.35513	49.0133	-91.5446	0.00612307
259	21.2544	53.2263	-91.4802	0.00613482
260	16.239	54.4595	-90.9966	0.00612942
261	26.1605	49.3572	-90.5393	0.0061108
262	17.367	52.2164	-90.1553	0.00608564
263	8.07982	53.0441	-89.9726	0.00609048
264	7.87785	49.4402	-89.7664	0.00608886
265	5.65893	52.0185	-89.5978	0.00609986
266	7.98945	50.4646	-89.5065	0.00609759
267	22.9331	44.9947	-89.2931	0.00609776
268	19.8683	48.9196	-88.9168	0.0060914
269	17.5655	51.7201	-88.3662	0.00603185
270	5.97149	47.8368	-87.6937	0.00601045
271	4.70897	54.2643	-88.2262	0.00606277
272	4.81508	54.4869	-88.4947	0.00610821
273	5.29872	42.7532	-88.2227	0.00609188
274	4.30148	44.4375	-89.0073	0.00615491
275	19.3609	49.4151	-88.3686	0.00611832
276	19.5798	47.557	-87.9708	0.00609844
277	12.7801	44.2881	-87.0088	0.00603634
278	22.6491	40.6034	-85.515	0.00595746
279	20.967	49.5599	-85.3712	0.00596721
280	16.0471	39.2521	-85.0764	0.00595478
281	7.40757	43.6869	-84.8301	0.00593689
282	21.1647	45.4086	-84.6691	0.00592934
283	5.82186	43.1702	-84.2904	0.00592049
284	4.19623	40.0739	-84.2656	0.00592758
285	12.1058	46.8572	-84.0496	0.00592105
286	15.8706	46.4775	-84.1892	0.0059318
287	4.65738	48.3779	-84.079	0.00593494
288	7.97339	49.5403	-83.8661	0.00592606
289	7.50859	49.1936	-83.6894	0.00593396
290	4.16745	40.5692	-83.6779	0.00594458
291	7.78639	43.0008	-83.6728	0.00595387
292	20.7285	46.2394	-83.6039	0.00596001
293	4.70719	40.833	-83.1479	0.00594099
294	7.28913	39.1866	-82.6938	0.00592258
295	20.6924	46.3651	-82.4929	0.0059257
296	15.8828	46.3036	-82.2187	0.0059256
297	7.28703	44.7533	-81.9347	0.00591179
298	5.18893	45.5063	-81.6649	0.00590039
299	11.2047	43.8649	-81.2602	0.00588282
300	7.9388	45.9111	-81.2596	0.00588218
301	7.11293	59.6744	-81.1468	0.00588894
302	5.34938	46.7717	-80.2203	0.00585641
303	5.56525	46.549	-80.0255	0.00584504
304	5.17228	47.8501	-79.8214	0.00583169
305	20.9646	46.1739	-79.6668	0.00582933
306	5.92825	43.8625	-79.5943	0.00583057
307	5.62674	48.8052	-78.9176	0.00580213
308	17.0303	44.8777	-78.5987	0.00578715
309	5.82556	44.1452	-78.3266	0.0057687
310	20.1244	44.084	-77.8862	0.00573132
311	5.60884	46.6294	-77.9657	0.0057413
312	7.90498	49.3151	-77.6805	0.00571906
313	12.8131	50.3727	-77.4881	0.00570771
314	17.3836	49.9671	-77.1706	0.00568632
315	7.97781	51.4017	-76.8925	0.00567548
316	28.391	48.2508	-76.4309	0.0056503
317	19.0627	49.2539	-76.2924	0.00565566
318	5.41461	45.4049	-76.104	0.0056561
319	16.4703	47.8801	-76.0361	0.00565964
320	23.2501	49.757	-75.8184	0.00566723
321	7.29103	49.4808	-75.6012	0.00565592
322	6.64388	44.3065	-75.2844	0.00564254
323	5.4565	42.0038	-74.8667	0.00564205
324	8.09801	46.6885	-74.7353	0.00564423
325	5.35986	44.3205	-74.5714	0.00563644
326	23.4295	49.744	-74.1284	0.00561392
327	7.3242	44.0521	-74.0859	0.00562328
328	17.9543	52.6602	-73.901	0.00562789
329	5.30936	51.6301	-73.8407	0.00563452
330	20.7683	45.3596	-73.5074	0.005626
331	7.58615	48.9919	-73.1528	0.00560642
332	4.96573	47.9766	-73.1465	0.00561139
333	5.06174	50.895	-73.2496	0.0056154
334	8.01675	44.3066	-72.8221	0.00560192
335	7.89542	49.3024	-72.5105	0.00557929
336	16.7018	49.6108	-72.2589	0.0055612
337	5.61177	45.4596	-72.2767	0.00557164
338	4.77476	41.8328	-72.1962	0.00557132
339	5.37823	44.886	-71.7889	0.005553
340	7.03753	49.5206	-71.3739	0.00553271
341	13.6899	49.717	-71.0067	0.00550451
342	5.40218	43.941	-70.9653	0.00550074
343	21.1669	47.8288	-70.6315	0.00547959
344	7.12457	49.125	-70.3184	0.00547387
345	7.69844	54.518	-69.9892	0.00545867
346	15.3535	43.2094	-69.7949	0.00544303
347	5.28778	44.4264	-69.2969	0.00540121
348	7.89662	54.0455	-69.1832	0.005396
349	15.6911	46.214	-68.5075	0.00535058
350	16.4059	49.3232	-68.3528	0.00534347
351	5.11996	42.4191	-68.2125	0.00533886
352	5.78539	51.8872	-68.3329	0.00535215
353	5.3807	45.5143	-68.216	0.00534186
354	21.1383	52.3083	-68.0124	0.00533386
355	7.75363	45.7697	-67.6254	0.00530982
356	4.6257	50.2757	-67.5471	0.00530229
357	7.96852	43.736	-67.492	0.00530609
358	5.57709	49.1172	-67.2404	0.00530244
359	16.7428	45.1631	-66.9841	0.00529539
360	4.48358	49.804	-66.4651	0.00527014
361	23.5844	48.774	-66.2153	0.00526204
362	7.40071	41.2279	-65.8908	0.00524843
363	7.58773	49.271	-65.6944	0.00523821
364	7.78923	51.0998	-65.3085	0.00521457
365	7.80431	46.4752	-64.8849	0.00519251
366	7.83085	49.2021	-64.6897	0.00518931
367	5.79009	48.0386	-64.3911	0.0051777
368	23.439	44.4054	-63.8588	0.00514581
369	7.70645	48.9145	-63.537	0.00512653
370	7.32389	51.6766	-63.4858	0.00512962
371	23.9133	42.0915	-62.8889	0.00509218
372	6.46683	46.5526	-62.8239	0.00508867
373	7.37012	48.8637	-62.488	0.00506925
374	7.80148	49.4431	-62.3034	0.00506694
375	7.36058	49.4422	-61.971	0.00504416
376	5.5675	41.8746	-61.9457	0.00504364
377	31.5254	46.7052	-61.6245	0.00503071
378	18.1561	49.3985	-60.6497	0.00498722
379	17.0813	39.7883	-60.4095	0.00497309
380	7.77065	40.3716	-60.4035	0.00497846
381	7.44483	45.8189	-60.405	0.00498013
382	7.26212	51.2991	-60.0345	0.00496645
383	19.4712	63.6942	-59.4635	0.00493193
384	7.6802	50.4121	-59.1663	0.00490796
385	5.9587	47.7144	-59.1084	0.00490744
386	7.59648	49.6408	-58.7787	0.00489264
387	7.83958	50.9913	-58.3228	0.00487403
388	5.36347	49.6693	-57.0444	0.00481317
389	8.12565	53.8545	-56.9353	0.00480435
390	7.17317	49.1385	-56.5588	0.0047728
391	7.67294	44.2772	-56.4258	0.00477241
392	6.5137	47.4646	-55.844	0.00476209
393	23.456	65.2258	-55.0725	0.004694
394	6.89653	46.3763	-54.4939	0.00464612
395	7.57786	51.535	-54.34	0.00463905
396	7.37958	49.412	-54.1149	0.00462333
397	7.7135	52.0349	-53.8873	0.00460579
398	6.00069	44.2961	-53.2693	0.00456891
399	6.11405	49.4953	-52.9056	0.00455673
400	7.99405	47.6157	-52.9154	0.00456248
401	5.44476	49.5892	-52.8469	0.00456244
402	5.66844	43.2714	-52.6189	0.00454886
403	5.17298	57.338	-52.2789	0.00451463
404	25.4096	51.14	-51.6597	0.00446137
405	6.02665	52.9448	-51.4806	0.00445823
406	7.8279	52.3577	-51.5128	0.0044604
407	6.65886	45.6627	-51.4729	0.00445881
408	7.27572	41.1462	-51.3093	0.0044464
409	7.4861	50.5743	-51.2557	0.00444606
410	15.4384	45.2661	-50.7663	0.00442249
411	16.1824	49.7191	-50.3616	0.0044136
412	5.27198	48.7927	-50.2226	0.00441428
413	7.38514	54.296	-49.7718	0.0043988
414	5.73974	44.2114	-49.5137	0.00438467
415	5.4773	54.2702	-49.4156	0.00437924
416	7.9674	46.2494	-48.7166	0.00433793
417	17.4739	46.7788	-48.6181	0.00432904
418	7.27082	51.595	-48.2685	0.0043196
419	6.40458	46.7355	-48.08	0.00431272
420	13.4544	45.8838	-47.3974	0.00428978
421	16.7426	47.2995	-47.1429	0.00427695
422	18.0671	48.141	-46.6582	0.00424835
423	7.26284	50.4193	-46.4987	0.00423954
424	10.37	42.1426	-46.2718	0.00423032
425	7.08712	47.1855	-46.1094	0.00422304
426	7.46325	39.5157	-45.5698	0.00419656
427	14.352	44.8261	-45.2315	0.00417537
428	5.13713	48.0824	-44.9158	0.00414686
429	7.32931	44.3898	-44.7037	0.00413434
430	20.6178	45.5788	-44.4197	0.00411462
431	8.03815	46.9059	-44.0828	0.00410744
432	23.0084	49.4904	-44.0221	0.00410875
433	14.7059	44.3016	-43.7545	0.00410087
434	16.0458	49.2844	-43.4238	0.00409109
435	7.18939	44.1898	-43.2674	0.00408686
436	6.55862	49.5973	-43.062	0.00408204
437	5.8967	48.7475	-43.0264	0.00408474
438	4.68787	49.4053	-42.8445	0.00408431
439	4.99778	49.9455	-42.5603	0.00407207
440	5.46273	49.2526	-41.9634	0.00404368
441	7.99613	48.0133	-41.7786	0.0040263
442	5.39783	50.819	-41.4492	0.00400433
443	8.09715	49.0876	-41.2925	0.00400372
444	5.96692	44.1497	-40.9008	0.00398574
445	13.9983	51.8524	-40.6694	0.00397126
446	5.03536	48.2177	-40.0975	0.00392478
447	7.88624	53.7886	-39.6549	0.00390302
448	5.53207	49.921	-39.3417	0.00388367
449	16.1528	44.3349	-39.1564	0.00387614
450	7.54319	45.9599	-39.0283	0.00386706
451	5.44796	49.311	-38.9136	0.00386085
452	4.47139	52.4816	-38.257	0.00383477
453	7.26101	45.4715	-37.4849	0.0037888
454	6.66514	46.8945	-37.1116	0.00376449
455	15.4528	49.629	-36.8101	0.00374563
456	7.94682	46.8093	-36.2379	0.0037032
457	15.8202	45.8602	-35.8725	0.00368273
458	16.8582	49.7064	-35.6903	0.00368141
459	6.66999	55.2354	-35.5233	0.00367401
460	7.95325	43.4432	-35.151	0.00365954
461	23.0004	52.5814	-35.1298	0.00366295
462	7.37183	44.1005	-34.3087	0.00360836
463	4.76513	49.0968	-33.9154	0.00357967
464	7.75033	49.4208	-33.8838	0.00358181
465	5.72073	49.8892	-33.8665	0.00358096
466	4.80687	42.6347	-33.8677	0.0035784
467	12.7667	44.0407	-33.7207	0.00357679
468	5.65339	43.8096	-33.4928	0.00356498
469	6.56769	49.2239	-33.2679	0.00355603
470	5.14449	44.3763	-32.8225	0.00353853
471	19.1813	44.4286	-32.7198	0.0035393
472	7.93987	44.1288	-32.5767	0.00352946
473	4.50711	41.6017	-32.014	0.00348244
474	7.38724	41.5951	-31.6939	0.00346951
475	20.4244	48.0607	-31.2172	0.0034386
476	7.95254	45.5261	-30.9277	0.00343006
477	16.6318	46.1377	-30.5911	0.00341193
478	7.91653	39.0825	-30.5227	0.00341246
479	18.51	45.2025	-30.2693	0.00339526
480	18.3182	44.6676	-30.175	0.00338579
481	11.3537	44.0588	-30.0607	0.00338126
482	17.3686	50.4214	-29.6304	0.00335229
483	9.85605	42.6853	-29.2498	0.00332625
484	19.7773	43.0366	-28.9265	0.00330453
485	17.9674	42.4477	-28.5919	0.00327635
486	5.76046	39.4477	-28.411	0.00326444
487	5.51529	39.7294	-27.9629	0.00323134
488	15.7324	41.5694	-27.6781	0.00321946
489	15.6913	39.8252	-27.494	0.00320919
490	4.71727	39.0861	-27.4211	0.00320796
491	12.3154	41.6462	-27.156	0.00319616
492	33.9649	44.5687	-26.7886	0.00317794
493	25.6664	48.8585	-26.8064	0.00318092
494	7.25495	41.5347	-26.3768	0.00314843
495	18.2449	48.5783	-25.9861	0.00312454
496	17.9625	48.7618	-25.81	0.00311743
497	7.80159	46.4368	-25.6262	0.00309613
498	18.2754	43.0679	-25.5113	0.00308404
499	15.4119	40.1799	-25.3067	0.0030762
