pelvis_tilt.offset              	0.021629749	0.020164879	0.0013353093	
hip_flexion_r.offset            	0.068065055	0.068497717	0.0012586655	
knee_angle_r.offset             	0.0018125156	0.00056701277	0.0013774609	
ankle_angle_r.offset            	-0.05571635	-0.057042292	0.0018007406	
hip_flexion_l.offset            	-0.0067508241	-0.0067378482	0.0025609253	
knee_angle_l.offset             	0.054094679	0.056698433	0.0019732398	
ankle_angle_l.offset            	0.18812297	0.18835405	0.0018778651	
stance_load_threshold           	0.14721622	0.15149919	0.0020677185	
S00111.tib_ant.KL               	1.2514635	1.2519761	0.034373899	
S00111.tib_ant.L0               	0.75784528	0.76248633	0.0036809025	
S00111.tib_ant.KS               	0.000173	0.00016420146	0.0014892664	
S11000.tib_ant.KL               	1.1896541	1.1942271	0.019522859	
S11000.tib_ant.L0               	0.73528817	0.73946155	0.0028383952	
S11000.tib_ant.KS               	0.03371447	0.035099674	0.0018203406	
S11111.tib_ant-soleus.KF        	-0.10720601	-0.10854845	0.0031005408	
S11000.soleus-tib_ant.KS        	-3.2970621	-3.3194057	0.045669629	
S11000.gastroc-tib_ant.KS       	-1.6486548	-1.6667137	0.038041216	
S00111.tib_ant-gastroc.KS       	-0.00395169	-0.0037298416	0.2946985	
S11000.tib_ant-gastroc.KS       	-0.00366451	-0.00345025	0.28803886	
S00111.tib_ant-soleus.KS        	-0.00313515	-0.0032708424	0.30252324	
S11000.tib_ant-soleus.KS        	-0.00313645	-0.0032346039	0.28967211	
S00111.gastroc.KL               	0.08315732	0.080361923	0.036833651	
S00111.gastroc.L0               	0.86887139	0.83780463	0.015054396	
S00111.gastroc.KF               	1.4103651	1.4111626	0.0019213881	
S00111.gastroc.KS               	0.16049832	0.17113356	0.017022126	
S00111.soleus.KL                	4.0054996	4.0389596	0.033635808	
S00111.soleus.L0                	0.97782791	0.97130829	0.0086326834	
S00111.soleus.KF                	0.22120206	0.22865514	0.0027875858	
S00111.soleus.KS                	0.16520068	0.15419919	0.024869683	
S11000.gastroc.KL               	0.00925153	0.0089711682	0.029393048	
S11000.gastroc.L0               	0.52085961	0.52384978	0.015871044	
S11000.gastroc.KF               	-1.8800549	-1.8461316	0.037482571	
S11000.gastroc.KS               	0.27887874	0.26242051	0.034798576	
S11000.soleus.KL                	0.84260236	0.80102606	0.066755997	
S11000.soleus.L0                	0.92650321	0.90128892	0.014574149	
S11000.soleus.KF                	-0.95352171	-0.91432136	0.061989212	
S11000.soleus.KS                	0.11302564	0.10714157	0.054576213	
S00011.vasti.KF                 	0.81173038	0.81823708	0.0081728301	
S00011.vasti.C0                 	0.084634345	0.083337795	0.0018453348	
S00011.vasti-knee_angle.pos_max 	-0.31035132	-0.30492731	0.0028147075	
S00011.hamstrings-pelvis_tilt.KP	0.72589938	0.70526405	0.03251434	
S00011.hamstrings-pelvis_tilt.KV	0.56332112	0.5655314	0.0016461462	
S00011.hamstrings-pelvis_tilt.C0	0.02514159	0.026557996	0.0036132784	
S00011.glut_max-pelvis_tilt.KP  	1.4590726	1.479505	0.026671786	
S00011.glut_max-pelvis_tilt.KV  	0.31159669	0.31391427	0.0016678562	
S00011.glut_max-pelvis_tilt.C0  	0.1604434	0.16185983	0.0028115683	
S00011.iliopsoas-pelvis_tilt.KP 	-3.5074777	-3.4860275	0.044897867	
S00011.iliopsoas-pelvis_tilt.KV 	-0.54265853	-0.5423674	0.0020467118	
S00011.iliopsoas-pelvis_tilt.C0 	0.33140499	0.33509584	0.0044235197	
S00100.iliopsoas.C0             	0.33853158	0.3386646	0.0024151634	
S00100.glut_max.C0              	-0.02342065	-0.023998625	0.0018712343	
S11000.iliopsoas.KL             	0.56479341	0.56272011	0.0020728238	
S11000.iliopsoas.L0             	0.39304411	0.39190897	0.0022985672	
S11000.iliopsoas-pelvis_tilt.P0 	-0.043712659	-0.043530297	0.0018538012	
S11000.iliopsoas-pelvis_tilt.KP 	0.01082572	0.011073691	0.011832153	
S11000.iliopsoas-pelvis_tilt.KV 	0.14788764	0.14595548	0.00212911	
S11000.iliopsoas-hamstrings.KL  	-8.2989725	-8.2642789	0.075352595	
S11000.iliopsoas-hamstrings.L0  	1.1659637	1.1653262	0.0017216151	
S11000.hamstrings.KF            	0.57697842	0.5753476	0.0016536993	
S11000.glut_max.KF              	0.6237285	0.62159127	0.0018797938	
