pelvis_tilt.offset              	0.01921292	0.018849088	0.00070379355	
hip_flexion_r.offset            	0.066879411	0.06711916	0.00066547633	
knee_angle_r.offset             	0.00079380181	0.0021448129	0.00073206455	
ankle_angle_r.offset            	-0.059516631	-0.058732801	0.0009629986	
hip_flexion_l.offset            	-0.0071194988	-0.0068946694	0.0013527015	
knee_angle_l.offset             	0.057326544	0.054932707	0.0010481099	
ankle_angle_l.offset            	0.18964472	0.18953289	0.0010022759	
stance_load_threshold           	0.14987582	0.14779244	0.0011028218	
S00111.tib_ant.KL               	1.2401617	1.2298912	0.018157649	
S00111.tib_ant.L0               	0.75233312	0.7551163	0.0019673868	
S00111.tib_ant.KS               	0.00015652	0.0001597547	0.00074820452	
S11000.tib_ant.KL               	1.203978	1.2003254	0.010279796	
S11000.tib_ant.L0               	0.7363686	0.73558324	0.0015178355	
S11000.tib_ant.KS               	0.03637037	0.03581182	0.00094791177	
S11111.tib_ant-soleus.KF        	-0.10677051	-0.10846032	0.0016302475	
S11000.soleus-tib_ant.KS        	-3.3328498	-3.3195756	0.024216034	
S11000.gastroc-tib_ant.KS       	-1.6757503	-1.6577864	0.020173331	
S00111.tib_ant-gastroc.KS       	-0.00395169	-0.0037847034	0.14805544	
S11000.tib_ant-gastroc.KS       	-0.00366451	-0.0034767437	0.14470966	
S00111.tib_ant-soleus.KS        	-0.00313515	-0.0033791899	0.15198656	
S11000.tib_ant-soleus.KS        	-0.0034666	-0.0033140418	0.14553019	
S00111.gastroc.KL               	0.07523758	0.080347069	0.018528728	
S00111.gastroc.L0               	0.83919203	0.83478242	0.0079493355	
S00111.gastroc.KF               	1.410335	1.4099502	0.0010183332	
S00111.gastroc.KS               	0.16258398	0.17363769	0.0086780749	
S00111.soleus.KL                	4.0156887	4.0263153	0.01775027	
S00111.soleus.L0                	0.98379108	0.98347118	0.0045606804	
S00111.soleus.KF                	0.22502216	0.22450982	0.0014847009	
S00111.soleus.KS                	0.16520068	0.15829372	0.012599692	
S11000.gastroc.KL               	0.00925153	0.008733709	0.014767374	
S11000.gastroc.L0               	0.52761079	0.53198859	0.0083549164	
S11000.gastroc.KF               	-1.7802121	-1.7889309	0.019938406	
S11000.gastroc.KS               	0.25392354	0.26373299	0.01767993	
S11000.soleus.KL                	0.83577438	0.79964083	0.034324575	
S11000.soleus.L0                	0.92756789	0.92849779	0.0077656902	
S11000.soleus.KF                	-0.904818	-0.93502261	0.032054636	
S11000.soleus.KS                	0.1022613	0.10974226	0.027450294	
S00011.vasti.KF                 	0.83665424	0.83370264	0.0043554247	
S00011.vasti.C0                 	0.08149927	0.082159983	0.00097891772	
S00011.vasti-knee_angle.pos_max 	-0.30977571	-0.31094648	0.0014947807	
S00011.hamstrings-pelvis_tilt.KP	0.69886682	0.7079455	0.01693322	
S00011.hamstrings-pelvis_tilt.KV	0.5646566	0.56511401	0.0008780975	
S00011.hamstrings-pelvis_tilt.C0	0.026840679	0.026929055	0.0018368887	
S00011.glut_max-pelvis_tilt.KP  	1.4585711	1.4751218	0.014066512	
S00011.glut_max-pelvis_tilt.KV  	0.31154476	0.31206685	0.00088151429	
S00011.glut_max-pelvis_tilt.C0  	0.16198524	0.16009732	0.0014908137	
S00011.iliopsoas-pelvis_tilt.KP 	-3.4188729	-3.4237783	0.023696291	
S00011.iliopsoas-pelvis_tilt.KV 	-0.54306281	-0.54346617	0.0010789826	
S00011.iliopsoas-pelvis_tilt.C0 	0.33431902	0.33625904	0.002345179	
S00100.iliopsoas.C0             	0.34023802	0.33899063	0.0012750961	
S00100.glut_max.C0              	-0.024204018	-0.02481303	0.00096096361	
S11000.iliopsoas.KL             	0.55996227	0.56167794	0.0010894958	
S11000.iliopsoas.L0             	0.38875504	0.38966698	0.0012203792	
S11000.iliopsoas-pelvis_tilt.P0 	-0.044367996	-0.043285193	0.00096669225	
S11000.iliopsoas-pelvis_tilt.KP 	0.01082572	0.011543024	0.0059459047	
S11000.iliopsoas-pelvis_tilt.KV 	0.14622706	0.14760489	0.0011255519	
S11000.iliopsoas-hamstrings.KL  	-8.328066	-8.2659955	0.03971019	
S11000.iliopsoas-hamstrings.L0  	1.1674021	1.1662771	0.00090384465	
S11000.hamstrings.KF            	0.57500699	0.5751346	0.00088077269	
S11000.glut_max.KF              	0.62020473	0.62029395	0.0010003947	
