pelvis_tilt.offset              	0.020581977	0.020511953	0.00028015808	
hip_flexion_r.offset            	0.066506342	0.066786524	0.00027402805	
knee_angle_r.offset             	-0.00019931757	3.474525e-06	0.00029842358	
ankle_angle_r.offset            	-0.061600441	-0.061583976	0.00039248159	
hip_flexion_l.offset            	-0.0068064425	-0.0065607111	0.0005415856	
knee_angle_l.offset             	0.057365456	0.057137905	0.00041938109	
ankle_angle_l.offset            	0.18926797	0.18925038	0.00040189562	
stance_load_threshold           	0.14558473	0.14679673	0.00044250423	
S00111.tib_ant.KL               	1.2707403	1.2583621	0.007265792	
S00111.tib_ant.L0               	0.75228286	0.75184307	0.00080850843	
S00111.tib_ant.KS               	0.00015652	0.00016524304	0.00026100753	
S11000.tib_ant.KL               	1.2101915	1.2077885	0.0040308716	
S11000.tib_ant.L0               	0.73425247	0.73355815	0.00061116291	
S11000.tib_ant.KS               	0.036584203	0.036443129	0.0003703317	
S11111.tib_ant-soleus.KF        	-0.10671506	-0.10603135	0.00064034261	
S11000.soleus-tib_ant.KS        	-3.3479176	-3.339646	0.0097719263	
S11000.gastroc-tib_ant.KS       	-1.6686076	-1.674724	0.0079989436	
S00111.tib_ant-gastroc.KS       	-0.00395169	-0.003792475	0.051645824	
S11000.tib_ant-gastroc.KS       	-0.00331551	-0.003457628	0.050478723	
S00111.tib_ant-soleus.KS        	-0.00346517	-0.0032731008	0.053017098	
S11000.tib_ant-soleus.KS        	-0.0034666	-0.0032249835	0.050764943	
S00111.gastroc.KL               	0.077845974	0.077642405	0.0065516738	
S00111.gastroc.L0               	0.83422983	0.83446529	0.0031677465	
S00111.gastroc.KF               	1.4069932	1.4078634	0.00041140217	
S00111.gastroc.KS               	0.16049832	0.16216755	0.0031811927	
S00111.soleus.KL                	4.0221593	4.0176538	0.0070382074	
S00111.soleus.L0                	0.97907208	0.97904356	0.0017324487	
S00111.soleus.KF                	0.22324217	0.22365943	0.00058895237	
S00111.soleus.KS                	0.15578607	0.15823769	0.0046571493	
S11000.gastroc.KL               	0.00837043	0.0087216962	0.0051531213	
S11000.gastroc.L0               	0.53297117	0.53467968	0.0032732376	
S11000.gastroc.KF               	-1.7349143	-1.7350995	0.00798936	
S11000.gastroc.KS               	0.27887874	0.2686466	0.0066472641	
S11000.soleus.KL                	0.79422916	0.78177604	0.013269604	
S11000.soleus.L0                	0.92243048	0.92732631	0.0030416345	
S11000.soleus.KF                	-0.87895167	-0.89136942	0.012363952	
S11000.soleus.KS                	0.11302564	0.10745736	0.0096929242	
S00011.vasti.KF                 	0.84348238	0.84154448	0.0017019429	
S00011.vasti.C0                 	0.080705578	0.080475213	0.00037514963	
S00011.vasti-knee_angle.pos_max 	-0.31300152	-0.3130811	0.00060047843	
S00011.hamstrings-pelvis_tilt.KP	0.68023161	0.68734486	0.0066848071	
S00011.hamstrings-pelvis_tilt.KV	0.56401831	0.56388079	0.00034489622	
S00011.hamstrings-pelvis_tilt.C0	0.025505602	0.02632613	0.00068857735	
S00011.glut_max-pelvis_tilt.KP  	1.479016	1.4904069	0.0055373301	
S00011.glut_max-pelvis_tilt.KV  	0.31112297	0.31041111	0.000351022	
S00011.glut_max-pelvis_tilt.C0  	0.16199554	0.16193523	0.00059026502	
S00011.iliopsoas-pelvis_tilt.KP 	-3.4527158	-3.4168752	0.0094275654	
S00011.iliopsoas-pelvis_tilt.KV 	-0.5452827	-0.54560506	0.00042984725	
S00011.iliopsoas-pelvis_tilt.C0 	0.3432994	0.34348623	0.00097080561	
S00100.iliopsoas.C0             	0.3419069	0.34196946	0.00051120974	
S00100.glut_max.C0              	-0.024256869	-0.024225275	0.00037136995	
S11000.iliopsoas.KL             	0.56053656	0.56022759	0.00043677278	
S11000.iliopsoas.L0             	0.38994205	0.38899758	0.00048356866	
S11000.iliopsoas-pelvis_tilt.P0 	-0.042947996	-0.042903265	0.00037876049	
S11000.iliopsoas-pelvis_tilt.KP 	0.01196527	0.011352929	0.0020809025	
S11000.iliopsoas-pelvis_tilt.KV 	0.14676663	0.14601921	0.00044623899	
S11000.iliopsoas-hamstrings.KL  	-8.2196462	-8.2298673	0.015744591	
S11000.iliopsoas-hamstrings.L0  	1.1682566	1.1679659	0.00036062242	
S11000.hamstrings.KF            	0.57750013	0.57718901	0.00035531441	
S11000.glut_max.KF              	0.62062206	0.62036748	0.00040129647	
