pelvis_tilt.offset              	0.020545195	0.02043218	0.00026319806	
hip_flexion_r.offset            	0.066548737	0.066371708	0.00025655477	
knee_angle_r.offset             	-0.00019794394	-0.00025584844	0.00027993377	
ankle_angle_r.offset            	-0.061379297	-0.061536015	0.00036735774	
hip_flexion_l.offset            	-0.0061896862	-0.0063555448	0.00050557449	
knee_angle_l.offset             	0.057419787	0.057448243	0.0003916361	
ankle_angle_l.offset            	0.18975559	0.18933012	0.00037534674	
stance_load_threshold           	0.14600587	0.14609883	0.00041648743	
S00111.tib_ant.KL               	1.2569263	1.2608739	0.0068282124	
S00111.tib_ant.L0               	0.75200795	0.75157411	0.00075791099	
S00111.tib_ant.KS               	0.000173	0.00016168405	0.0002413896	
S11000.tib_ant.KL               	1.2046516	1.2056944	0.0037755001	
S11000.tib_ant.L0               	0.73343496	0.73330602	0.00057233412	
S11000.tib_ant.KS               	0.035959657	0.036472491	0.00034697481	
S11111.tib_ant-soleus.KF        	-0.10746905	-0.10634779	0.00059940357	
S11000.soleus-tib_ant.KS        	-3.3429037	-3.3425941	0.0091615453	
S11000.gastroc-tib_ant.KS       	-1.6610437	-1.670418	0.0074698046	
S00111.tib_ant-gastroc.KS       	-0.00357534	-0.0037784256	0.047763375	
S11000.tib_ant-gastroc.KS       	-0.00366451	-0.0034945998	0.046684009	
S00111.tib_ant-soleus.KS        	-0.00313515	-0.0033076173	0.049031561	
S11000.tib_ant-soleus.KS        	-0.0034666	-0.003219499	0.046948712	
S00111.gastroc.KL               	0.075296751	0.079104416	0.0060801991	
S00111.gastroc.L0               	0.83369026	0.83335217	0.0029669048	
S00111.gastroc.KF               	1.4069897	1.4078576	0.00038573527	
S00111.gastroc.KS               	0.16049832	0.16166562	0.0029525226	
S00111.soleus.KL                	4.0060402	4.0143687	0.0065781209	
S00111.soleus.L0                	0.97986467	0.97887213	0.0016170659	
S00111.soleus.KF                	0.22244618	0.22314555	0.000552074	
S00111.soleus.KS                	0.15769429	0.15738638	0.0043427864	
S11000.gastroc.KL               	0.0086574567	0.0087338344	0.0047662241	
S11000.gastroc.L0               	0.53519974	0.53427359	0.0030613451	
S11000.gastroc.KF               	-1.7317758	-1.731837	0.0074775594	
S11000.gastroc.KS               	0.2722384	0.26895261	0.006221757	
S11000.soleus.KL                	0.79404266	0.79008602	0.012380802	
S11000.soleus.L0                	0.92673809	0.92866607	0.0028464841	
S11000.soleus.KF                	-0.8862479	-0.88009853	0.011586284	
S11000.soleus.KS                	0.11302564	0.10720224	0.008989889	
S00011.vasti.KF                 	0.84384975	0.84222808	0.0015917819	
S00011.vasti.C0                 	0.08054913	0.080311833	0.00034999017	
S00011.vasti-knee_angle.pos_max 	-0.31264925	-0.31278731	0.00056100723	
S00011.hamstrings-pelvis_tilt.KP	0.67776335	0.68297349	0.0062730407	
S00011.hamstrings-pelvis_tilt.KV	0.56386272	0.56392963	0.00032246348	
S00011.hamstrings-pelvis_tilt.C0	0.02627829	0.026610274	0.00064617437	
S00011.glut_max-pelvis_tilt.KP  	1.4881844	1.4913492	0.0051857577	
S00011.glut_max-pelvis_tilt.KV  	0.31062439	0.31040849	0.00032929811	
S00011.glut_max-pelvis_tilt.C0  	0.16123943	0.16144868	0.0005533987	
S00011.iliopsoas-pelvis_tilt.KP 	-3.4360294	-3.4309103	0.0088643686	
S00011.iliopsoas-pelvis_tilt.KV 	-0.54542594	-0.54590898	0.00040309845	
S00011.iliopsoas-pelvis_tilt.C0 	0.34400341	0.34503643	0.00091427482	
S00100.iliopsoas.C0             	0.34345058	0.34251673	0.00048005568	
S00100.glut_max.C0              	-0.024172977	-0.024089991	0.00034609119	
S11000.iliopsoas.KL             	0.56045407	0.56073532	0.00040831048	
S11000.iliopsoas.L0             	0.38964214	0.38976562	0.00045428132	
S11000.iliopsoas-pelvis_tilt.P0 	-0.043752308	-0.043319876	0.00035437414	
S11000.iliopsoas-pelvis_tilt.KP 	0.01196527	0.010990902	0.0019263049	
S11000.iliopsoas-pelvis_tilt.KV 	0.14519852	0.14598624	0.00041815084	
S11000.iliopsoas-hamstrings.KL  	-8.2194433	-8.2358737	0.014797512	
S11000.iliopsoas-hamstrings.L0  	1.1684336	1.1680349	0.00033757335	
S11000.hamstrings.KF            	0.57695373	0.57711506	0.0003338103	
S11000.glut_max.KF              	0.62019158	0.62037661	0.0003761009	
