pelvis_tilt.offset              	0.020407953	0.020455256	5.5914645e-05	
hip_flexion_r.offset            	0.066210128	0.066148121	5.4785651e-05	
knee_angle_r.offset             	0.00029802943	0.00028488416	6.0191452e-05	
ankle_angle_r.offset            	-0.062034716	-0.061978579	8.0587004e-05	
hip_flexion_l.offset            	-0.0061638711	-0.0061043933	0.00011176817	
knee_angle_l.offset             	0.057638138	0.057617331	8.3188314e-05	
ankle_angle_l.offset            	0.18917725	0.18922878	8.4147226e-05	
stance_load_threshold           	0.14571584	0.14578249	9.0415449e-05	
S00111.tib_ant.KL               	1.2753804	1.2768889	0.0014942285	
S00111.tib_ant.L0               	0.75077546	0.7506754	0.00016459454	
S00111.tib_ant.KS               	0.00015652	0.00016182915	4.1785299e-05	
S11000.tib_ant.KL               	1.2052705	1.2066533	0.00080167094	
S11000.tib_ant.L0               	0.73453509	0.73452027	0.00012372487	
S11000.tib_ant.KS               	0.036179854	0.036289313	7.5695418e-05	
S11111.tib_ant-soleus.KF        	-0.10633943	-0.10628457	0.00013072341	
S11000.soleus-tib_ant.KS        	-3.3632236	-3.3601393	0.0020162375	
S11000.gastroc-tib_ant.KS       	-1.6809288	-1.6857846	0.0016468325	
S00111.tib_ant-gastroc.KS       	-0.00357534	-0.0038472706	0.008241714	
S11000.tib_ant-gastroc.KS       	-0.00366451	-0.0035260182	0.0080554454	
S00111.tib_ant-soleus.KS        	-0.00346517	-0.0033039529	0.0084604404	
S11000.tib_ant-soleus.KS        	-0.0034666	-0.0032764523	0.0081010658	
S00111.gastroc.KL               	0.077358076	0.07801419	0.0012014062	
S00111.gastroc.L0               	0.8390661	0.83771538	0.00064180163	
S00111.gastroc.KF               	1.4073244	1.4072996	8.1672828e-05	
S00111.gastroc.KS               	0.16100528	0.16062336	0.00053976682	
S00111.soleus.KL                	4.012535	4.0138161	0.0014273738	
S00111.soleus.L0                	0.98002183	0.98007541	0.00032565483	
S00111.soleus.KF                	0.22184616	0.22168646	0.00012378734	
S00111.soleus.KS                	0.15701795	0.15649038	0.00089619659	
S11000.gastroc.KL               	0.0091549495	0.0089665368	0.00083826363	
S11000.gastroc.L0               	0.53051683	0.53064152	0.00065656412	
S11000.gastroc.KF               	-1.7338105	-1.7337148	0.0016007761	
S11000.gastroc.KS               	0.26718519	0.26588894	0.0013555734	
S11000.soleus.KL                	0.78258783	0.78235285	0.0026438322	
S11000.soleus.L0                	0.92518374	0.92613296	0.00060894943	
S11000.soleus.KF                	-0.88672867	-0.88976629	0.0024487297	
S11000.soleus.KS                	0.1087636	0.10859224	0.0018013629	
S00011.vasti.KF                 	0.84453105	0.84459976	0.0003415637	
S00011.vasti.C0                 	0.080891408	0.080883455	7.5091332e-05	
S00011.vasti-knee_angle.pos_max 	-0.31358958	-0.31355401	0.00012110411	
S00011.hamstrings-pelvis_tilt.KP	0.671037	0.67313338	0.0013318308	
S00011.hamstrings-pelvis_tilt.KV	0.56411055	0.56403761	7.0183081e-05	
S00011.hamstrings-pelvis_tilt.C0	0.026552944	0.026688448	0.00014150718	
S00011.glut_max-pelvis_tilt.KP  	1.4911005	1.4907749	0.0011203184	
S00011.glut_max-pelvis_tilt.KV  	0.31024533	0.31017922	7.0975002e-05	
S00011.glut_max-pelvis_tilt.C0  	0.16092511	0.16095703	0.00012076779	
S00011.iliopsoas-pelvis_tilt.KP 	-3.4276773	-3.4264686	0.0019095738	
S00011.iliopsoas-pelvis_tilt.KV 	-0.54609934	-0.54605002	8.6956787e-05	
S00011.iliopsoas-pelvis_tilt.C0 	0.3449832	0.34501426	0.00019531834	
S00100.iliopsoas.C0             	0.34281981	0.34280382	0.00010374598	
S00100.glut_max.C0              	-0.024888786	-0.024854259	7.7054069e-05	
S11000.iliopsoas.KL             	0.56082733	0.5608201	8.6900864e-05	
S11000.iliopsoas.L0             	0.38996709	0.39005833	9.8933562e-05	
S11000.iliopsoas-pelvis_tilt.P0 	-0.043136419	-0.043090158	7.4062943e-05	
S11000.iliopsoas-pelvis_tilt.KP 	0.011243131	0.011094894	0.00036449619	
S11000.iliopsoas-pelvis_tilt.KV 	0.14648942	0.1465685	8.8363186e-05	
S11000.iliopsoas-hamstrings.KL  	-8.2055484	-8.2024977	0.00323335	
S11000.iliopsoas-hamstrings.L0  	1.1679454	1.1679975	7.2721362e-05	
S11000.hamstrings.KF            	0.57745983	0.57746728	7.2877726e-05	
S11000.glut_max.KF              	0.6199065	0.6199598	8.0110971e-05	
