pelvis_tilt.offset              	0.023998108	0.023023347	0.00088999993	
hip_flexion_r.offset            	0.068748754	0.068934555	0.00083612076	
knee_angle_r.offset             	-0.00076480584	-0.00038694298	0.00091796242	
ankle_angle_r.offset            	-0.057793106	-0.054627931	0.0012012118	
hip_flexion_l.offset            	-0.0066955887	-0.0056082255	0.0017080532	
knee_angle_l.offset             	0.058995804	0.057993553	0.0013112559	
ankle_angle_l.offset            	0.18593453	0.1857865	0.0012588356	
stance_load_threshold           	0.15201669	0.14995573	0.0013795857	
S00111.tib_ant.KL               	1.2424566	1.2737952	0.022744411	
S00111.tib_ant.L0               	0.75818811	0.75833384	0.0024766709	
S00111.tib_ant.KS               	0.00015652	0.00016342129	0.00096227677	
S11000.tib_ant.KL               	1.1625018	1.1584639	0.013018604	
S11000.tib_ant.L0               	0.73739437	0.73578919	0.0019134815	
S11000.tib_ant.KS               	0.036668252	0.035827554	0.0011951871	
S11111.tib_ant-soleus.KF        	-0.11156525	-0.11230694	0.0020547885	
S00111.soleus-tib_ant.KS        	-0.89402901	-0.88062488	0.025879272	
S00111.gastroc-tib_ant.KS       	-0.33792562	-0.33482977	0.022397585	
S00111.tib_ant-gastroc.KS       	-0.00395169	-0.0037619147	0.19041664	
S11000.tib_ant-gastroc.KS       	-0.00366451	-0.0034941107	0.18611358	
S00111.tib_ant-soleus.KS        	-0.00313515	-0.0033741829	0.19547252	
S11000.tib_ant-soleus.KS        	-0.00313645	-0.0033297681	0.18716888	
S00111.gastroc.KL               	0.08315732	0.078952266	0.023812808	
S00111.gastroc.L0               	0.86177777	0.85030014	0.010064179	
S00111.gastroc.KF               	1.4099308	1.4118908	0.0012859287	
S00111.gastroc.KS               	0.16914409	0.17005188	0.011079115	
S00111.soleus.KL                	3.9963422	4.0126042	0.022533546	
S00111.soleus.L0                	0.96446122	0.96748483	0.0057141705	
S00111.soleus.KF                	0.2215269	0.22374802	0.0018652724	
S00111.soleus.KS                	0.14946728	0.16119306	0.016131244	
S11000.gastroc.KL               	0.00925153	0.0089606762	0.018992234	
S11000.gastroc.L0               	0.51872986	0.52579957	0.010539773	
S11000.gastroc.KF               	-1.8159956	-1.8318887	0.024870384	
S11000.gastroc.KS               	0.25231886	0.26246876	0.022593474	
S11000.soleus.KL                	0.82455341	0.81723322	0.043535441	
S11000.soleus.L0                	0.88715135	0.88073115	0.0097232084	
S11000.soleus.KF                	-0.87571576	-0.89937905	0.040623435	
S11000.soleus.KS                	0.11302564	0.10610822	0.035279051	
S00011.vasti.KF                 	0.824869	0.82349347	0.0054005174	
S00011.vasti.C0                 	0.082624607	0.082757677	0.0012159146	
S00011.vasti-knee_angle.pos_max 	-0.30104856	-0.30135952	0.0018872103	
S00011.hamstrings-pelvis_tilt.KP	0.6872775	0.6924067	0.021390428	
S00011.hamstrings-pelvis_tilt.KV	0.56576699	0.56608232	0.0010910003	
S00011.hamstrings-pelvis_tilt.C0	0.026237444	0.026467421	0.0023465637	
S00011.glut_max-pelvis_tilt.KP  	1.4540638	1.4699512	0.017769534	
S00011.glut_max-pelvis_tilt.KV  	0.3159437	0.31456679	0.0011154647	
S00011.glut_max-pelvis_tilt.C0  	0.16594452	0.16276916	0.0018804404	
S00011.iliopsoas-pelvis_tilt.KP 	-3.5400778	-3.5350973	0.030028197	
S00011.iliopsoas-pelvis_tilt.KV 	-0.5440783	-0.5411731	0.001367089	
S00011.iliopsoas-pelvis_tilt.C0 	0.34146057	0.33957557	0.002960262	
S00100.iliopsoas.C0             	0.33824008	0.3375941	0.0016151811	
S00100.glut_max.C0              	-0.025474393	-0.024729721	0.0012245923	
S11000.iliopsoas.KL             	0.55962314	0.56159616	0.0013843224	
S11000.iliopsoas.L0             	0.39258419	0.39335595	0.0015303376	
S11000.iliopsoas-pelvis_tilt.P0 	-0.042212329	-0.042885762	0.0012225597	
S11000.iliopsoas-pelvis_tilt.KP 	0.01082572	0.011600588	0.0076461239	
S11000.iliopsoas-pelvis_tilt.KV 	0.14286492	0.14527555	0.0014282951	
S11000.iliopsoas-hamstrings.KL  	-8.2264608	-8.2663597	0.050379141	
S11000.iliopsoas-hamstrings.L0  	1.169139	1.167387	0.0011455005	
S11000.hamstrings.KF            	0.57514098	0.57649546	0.0011074654	
S11000.glut_max.KF              	0.62306836	0.62298508	0.0012681709	
