pelvis_tilt.offset              	0.022596094	0.022636498	0.00012357727	
hip_flexion_r.offset            	0.068201414	0.068279473	0.0001169867	
knee_angle_r.offset             	0.00030234295	-7.5172474e-06	0.00012544868	
ankle_angle_r.offset            	-0.055727011	-0.055699446	0.00016423292	
hip_flexion_l.offset            	-0.0050443159	-0.0045682033	0.00023518785	
knee_angle_l.offset             	0.057107717	0.057106354	0.00018193743	
ankle_angle_l.offset            	0.18610141	0.18609358	0.0001719984	
stance_load_threshold           	0.14988299	0.15025276	0.00019164702	
S00111.tib_ant.KL               	1.2470887	1.2410301	0.0031312936	
S00111.tib_ant.L0               	0.75420897	0.7546081	0.00034979621	
S00111.tib_ant.KS               	0.000173	0.00016384584	0.00010292262	
S11000.tib_ant.KL               	1.1885662	1.1881863	0.0017561338	
S11000.tib_ant.L0               	0.73450591	0.73440481	0.00025963403	
S11000.tib_ant.KS               	0.03618503	0.036170567	0.00015765633	
S11111.tib_ant-soleus.KF        	-0.11450066	-0.11503388	0.00028021056	
S00111.soleus-tib_ant.KS        	-0.86721797	-0.86890785	0.0034671409	
S00111.gastroc-tib_ant.KS       	-0.34507253	-0.34417198	0.0027672011	
S00111.tib_ant-gastroc.KS       	-0.00395169	-0.0037514214	0.02035616	
S11000.tib_ant-gastroc.KS       	-0.00366451	-0.0034955234	0.019896135	
S00111.tib_ant-soleus.KS        	-0.00313515	-0.0032989124	0.020896616	
S11000.tib_ant-soleus.KS        	-0.00313645	-0.003287697	0.020008937	
S00111.gastroc.KL               	0.079743621	0.077916962	0.0027696891	
S00111.gastroc.L0               	0.85284955	0.85553448	0.0013821563	
S00111.gastroc.KF               	1.4123232	1.4120954	0.00017534367	
S00111.gastroc.KS               	0.17135236	0.1740249	0.0013948324	
S00111.soleus.KL                	4.0067895	4.0073236	0.0030762537	
S00111.soleus.L0                	0.96586256	0.96652071	0.00075253209	
S00111.soleus.KF                	0.22249139	0.22208359	0.00026024152	
S00111.soleus.KS                	0.15340179	0.15626012	0.0020541632	
S11000.gastroc.KL               	0.00837043	0.00877748	0.0020374841	
S11000.gastroc.L0               	0.51485401	0.51496099	0.001425632	
S11000.gastroc.KF               	-1.8656811	-1.8660349	0.0034257609	
S11000.gastroc.KS               	0.26603668	0.26546533	0.0029676698	
S11000.soleus.KL                	0.76805834	0.77106547	0.0056849472	
S11000.soleus.L0                	0.872224	0.87270761	0.0013341967	
S11000.soleus.KF                	-0.8961789	-0.9059873	0.0053383037	
S11000.soleus.KS                	0.10902596	0.109146	0.0040565473	
S00011.vasti.KF                 	0.83135569	0.8314758	0.00074462142	
S00011.vasti.C0                 	0.0823352	0.082553749	0.00015917221	
S00011.vasti-knee_angle.pos_max 	-0.30501879	-0.30518151	0.00027116618	
S00011.hamstrings-pelvis_tilt.KP	0.70866305	0.70573511	0.0029513816	
S00011.hamstrings-pelvis_tilt.KV	0.56623032	0.565914	0.00015128076	
S00011.hamstrings-pelvis_tilt.C0	0.025983915	0.025916864	0.00030076625	
S00011.glut_max-pelvis_tilt.KP  	1.477621	1.4755096	0.0024679411	
S00011.glut_max-pelvis_tilt.KV  	0.3138335	0.31399696	0.00015240383	
S00011.glut_max-pelvis_tilt.C0  	0.16331679	0.16361375	0.00025777817	
S00011.iliopsoas-pelvis_tilt.KP 	-3.6214747	-3.6223823	0.00422883	
S00011.iliopsoas-pelvis_tilt.KV 	-0.53917083	-0.53902933	0.00019100829	
S00011.iliopsoas-pelvis_tilt.C0 	0.34069305	0.34043001	0.00040536192	
S00100.iliopsoas.C0             	0.33768774	0.33777135	0.0002264655	
S00100.glut_max.C0              	-0.023568207	-0.023837936	0.00016150068	
S11000.iliopsoas.KL             	0.55924321	0.55924673	0.00018773762	
S11000.iliopsoas.L0             	0.39107687	0.39099669	0.0002159113	
S11000.iliopsoas-pelvis_tilt.P0 	-0.044150303	-0.044017507	0.0001682815	
S11000.iliopsoas-pelvis_tilt.KP 	0.01082572	0.011412607	0.00084031953	
S11000.iliopsoas-pelvis_tilt.KV 	0.14637379	0.14643158	0.00019544271	
S11000.iliopsoas-hamstrings.KL  	-8.2331866	-8.234254	0.0069817638	
S11000.iliopsoas-hamstrings.L0  	1.1666364	1.1664111	0.00015478634	
S11000.hamstrings.KF            	0.57627753	0.57635514	0.00014898601	
S11000.glut_max.KF              	0.62202364	0.62183468	0.0001770673	
