pelvis_tilt.offset              	0.022872184	0.023415174	0.00034503241	
hip_flexion_r.offset            	0.069042072	0.069018899	0.00032774535	
knee_angle_r.offset             	0.00024125349	0.00017395822	0.00035651029	
ankle_angle_r.offset            	-0.055116117	-0.055638802	0.00046641247	
hip_flexion_l.offset            	-0.007254392	-0.0072400888	0.00066489416	
knee_angle_l.offset             	0.058944388	0.058741225	0.00051174098	
ankle_angle_l.offset            	0.18598576	0.18574243	0.00048798538	
stance_load_threshold           	0.15290688	0.15215001	0.00054285696	
S00111.tib_ant.KL               	1.3068803	1.2957985	0.0088266702	
S00111.tib_ant.L0               	0.75851446	0.75864961	0.00096662898	
S00111.tib_ant.KS               	0.000173	0.00016587333	0.00033878417	
S11000.tib_ant.KL               	1.2070507	1.2081803	0.0050787996	
S11000.tib_ant.L0               	0.73836002	0.73864745	0.00074257479	
S11000.tib_ant.KS               	0.035256228	0.035843342	0.00045797883	
S11111.tib_ant-soleus.KF        	-0.10952693	-0.10879358	0.00079185473	
S00111.soleus-tib_ant.KS        	-0.8390179	-0.85520765	0.0099296505	
S11000.soleus-tib_ant.KS        	-3.2864714	-3.3004184	0.011879751	
S00111.gastroc-tib_ant.KS       	-0.34296681	-0.33665656	0.0082989431	
S11000.gastroc-tib_ant.KS       	-1.6459502	-1.6526267	0.0098498146	
S00111.tib_ant-gastroc.KS       	-0.00357534	-0.0037887535	0.067036891	
S11000.tib_ant-gastroc.KS       	-0.00366451	-0.0035473771	0.065521979	
S00111.tib_ant-soleus.KS        	-0.00346517	-0.0032395688	0.068816826	
S11000.tib_ant-soleus.KS        	-0.0034666	-0.0032843186	0.065893502	
S00111.gastroc.KL               	0.08315732	0.080432277	0.0084614715	
S00111.gastroc.L0               	0.84229743	0.84055376	0.0038908677	
S00111.gastroc.KF               	1.4105379	1.410632	0.00049730024	
S00111.gastroc.KS               	0.16878082	0.16487483	0.0041076659	
S00111.soleus.KL                	3.9961584	4.0095421	0.0087260318	
S00111.soleus.L0                	0.96787389	0.96774254	0.0021815089	
S00111.soleus.KF                	0.22353463	0.22271926	0.00073680215	
S00111.soleus.KS                	0.1498111	0.15261878	0.0059358689	
S11000.gastroc.KL               	0.00925153	0.0087064833	0.006687781	
S11000.gastroc.L0               	0.53771425	0.53907214	0.0041018483	
S11000.gastroc.KF               	-1.785798	-1.7744138	0.0098031609	
S11000.soleus.KL                	0.7833387	0.81806922	0.016432508	
S11000.soleus.L0                	0.92926612	0.92911733	0.0037429437	
S11000.soleus.KF                	-0.8890372	-0.89126284	0.015385289	
S00011.vasti.KF                 	0.83569047	0.8323562	0.0021079484	
S00011.vasti.C0                 	0.081887219	0.080991697	0.00046363843	
S00011.vasti-knee_angle.pos_max 	-0.30359215	-0.30464865	0.00073180986	
S00011.hamstrings-pelvis_tilt.KP	0.70946903	0.71797069	0.0083074312	
S00011.hamstrings-pelvis_tilt.KV	0.5667004	0.56647331	0.00042481069	
S00011.hamstrings-pelvis_tilt.C0	0.02778807	0.026643048	0.00086949955	
S00011.glut_max-pelvis_tilt.KP  	1.487367	1.4936917	0.0068782528	
S00011.glut_max-pelvis_tilt.KV  	0.31313816	0.31302279	0.00043253799	
S00011.glut_max-pelvis_tilt.C0  	0.16234519	0.16291269	0.00072700872	
S00011.iliopsoas-pelvis_tilt.KP 	-3.4982496	-3.5178726	0.011741578	
S00011.iliopsoas-pelvis_tilt.KV 	-0.54102532	-0.54032175	0.00052674402	
S00011.iliopsoas-pelvis_tilt.C0 	0.33063612	0.33152918	0.0011521704	
S00100.iliopsoas.C0             	0.33172213	0.33338545	0.00062670153	
S00100.glut_max.C0              	-0.0234904	-0.024083071	0.00046473169	
S11000.iliopsoas.KL             	0.5599569	0.56038559	0.00053363495	
S11000.iliopsoas.L0             	0.39268358	0.39284808	0.00060860035	
S11000.iliopsoas-pelvis_tilt.P0 	-0.044473231	-0.044571973	0.00047215278	
S11000.iliopsoas-pelvis_tilt.KP 	0.01082572	0.011364016	0.0026975915	
S11000.iliopsoas-pelvis_tilt.KV 	0.14481954	0.14539065	0.00056157107	
S11000.iliopsoas-hamstrings.KL  	-8.2461869	-8.2321743	0.019489262	
S11000.iliopsoas-hamstrings.L0  	1.1647214	1.1651034	0.00044967219	
S11000.hamstrings.KF            	0.57401193	0.57411832	0.0004236713	
S11000.glut_max.KF              	0.61823222	0.61900721	0.00049275474	
