pelvis_tilt.offset              	0.022750327	0.02287434	8.2025794e-05	
hip_flexion_r.offset            	0.06815292	0.068115455	7.6678415e-05	
knee_angle_r.offset             	0.0013908639	0.0015092847	8.4975575e-05	
ankle_angle_r.offset            	-0.056489284	-0.056486125	0.00011375723	
hip_flexion_l.offset            	-0.0040927708	-0.0043007708	0.00016273788	
knee_angle_l.offset             	0.05986038	0.060056723	0.00012089787	
ankle_angle_l.offset            	0.18569669	0.18551093	0.00011413555	
stance_load_threshold           	0.15124622	0.15123803	0.00012963996	
S00111.tib_ant.KL               	1.291717	1.2912591	0.002027558	
S00111.tib_ant.L0               	0.75725037	0.75744999	0.0002238316	
S00111.tib_ant.KS               	0.00015652	0.00016641125	5.6411921e-05	
S11000.tib_ant.KL               	1.2083692	1.2093166	0.0012192143	
S11000.tib_ant.L0               	0.7347992	0.73485692	0.00017930734	
S11000.tib_ant.KS               	0.035230111	0.035148407	0.00010856	
S11111.tib_ant-soleus.KF        	-0.1089161	-0.10894157	0.00018408408	
S00111.soleus-tib_ant.KS        	-0.86540654	-0.86666801	0.0022759003	
S11000.soleus-tib_ant.KS        	-3.2727876	-3.2667848	0.0028401671	
S00111.gastroc-tib_ant.KS       	-0.35262902	-0.35139206	0.0016785381	
S11000.gastroc-tib_ant.KS       	-1.6744654	-1.6703456	0.0024281566	
S00111.tib_ant-gastroc.KS       	-0.00395169	-0.0038276958	0.011140745	
S11000.tib_ant-gastroc.KS       	-0.00331551	-0.0034489096	0.010888959	
S00111.tib_ant-soleus.KS        	-0.0032681774	-0.0033033176	0.011436472	
S11000.tib_ant-soleus.KS        	-0.0034666	-0.0033041814	0.010950666	
S00111.gastroc.KL               	0.07827456	0.079655235	0.0016742285	
S00111.gastroc.L0               	0.84203463	0.84119158	0.00091075581	
S00111.gastroc.KF               	1.4102036	1.4104725	0.00011738746	
S00111.gastroc.KS               	0.1739787	0.17469179	0.0008752465	
S00111.soleus.KL                	4.0268373	4.028204	0.0020944942	
S00111.soleus.L0                	0.96806506	0.96825576	0.00049290192	
S00111.soleus.KF                	0.22360571	0.22355835	0.00016858928	
S00111.soleus.KS                	0.15498712	0.15630172	0.0013121862	
S11000.gastroc.KL               	0.0084371123	0.0090112739	0.0011254221	
S11000.gastroc.L0               	0.53981025	0.53943246	0.00095163792	
S11000.gastroc.KF               	-1.7702602	-1.7699805	0.0023248987	
S11000.soleus.KL                	0.77183883	0.76726421	0.0038526103	
S11000.soleus.L0                	0.93524601	0.93395702	0.00087700922	
S11000.soleus.KF                	-0.88582953	-0.87924821	0.0035186339	
S00011.vasti.KF                 	0.8388692	0.8393044	0.00051169158	
S00011.vasti.C0                 	0.082135967	0.081964768	0.00010249441	
S00011.vasti-knee_angle.pos_max 	-0.30338596	-0.30356929	0.00018509469	
S00011.hamstrings-pelvis_tilt.KP	0.72562227	0.72636381	0.00193957	
S00011.hamstrings-pelvis_tilt.KV	0.56736654	0.56734093	0.00010213192	
S00011.hamstrings-pelvis_tilt.C0	0.026756555	0.026669442	0.0002006949	
S00011.glut_max-pelvis_tilt.KP  	1.4729727	1.4743609	0.0017028536	
S00011.glut_max-pelvis_tilt.KV  	0.31304004	0.31329213	0.00010238814	
S00011.glut_max-pelvis_tilt.C0  	0.16109629	0.16092704	0.00017248393	
S00011.iliopsoas-pelvis_tilt.KP 	-3.5197829	-3.5213284	0.0026934734	
S00011.iliopsoas-pelvis_tilt.KV 	-0.54036468	-0.54036765	0.00012077571	
S00011.iliopsoas-pelvis_tilt.C0 	0.33262904	0.33190512	0.00026855783	
S00100.iliopsoas.C0             	0.33131273	0.33140833	0.00014351111	
S00100.glut_max.C0              	-0.024190789	-0.024316577	0.00010767366	
S11000.iliopsoas.KL             	0.56084379	0.56062156	0.00012470466	
S11000.iliopsoas.L0             	0.38928652	0.3891395	0.00015326284	
S11000.iliopsoas-pelvis_tilt.P0 	-0.045364829	-0.045282451	0.00010940919	
S11000.iliopsoas-pelvis_tilt.KP 	0.01196527	0.011673469	0.00048541071	
S11000.iliopsoas-pelvis_tilt.KV 	0.1446922	0.14503369	0.00013196927	
S11000.iliopsoas-hamstrings.KL  	-8.2515741	-8.2483359	0.0044475932	
S11000.iliopsoas-hamstrings.L0  	1.1669614	1.166819	0.0001063187	
S11000.hamstrings.KF            	0.57396069	0.57399019	0.00010019806	
S11000.glut_max.KF              	0.61840272	0.61830584	0.00011492467	
