pelvis_tilt.offset              	0.022914038	0.022804438	0.00016431915	
hip_flexion_r.offset            	0.073145452	0.073107519	0.00015900835	
knee_angle_r.offset             	-0.0023594448	-0.0025731835	0.00017157735	
ankle_angle_r.offset            	-0.060241677	-0.060257896	0.00022669243	
hip_flexion_l.offset            	-0.00087496407	-0.00089089387	0.00032158056	
knee_angle_l.offset             	0.060626068	0.060617117	0.00024018043	
ankle_angle_l.offset            	0.18834561	0.18826859	0.00023520866	
stance_load_threshold           	0.15186852	0.15194481	0.00025774075	
S00111.tib_ant.KL               	1.2645855	1.26445	0.0041832763	
S00111.tib_ant.L0               	0.76540758	0.76545379	0.00046026142	
S00111.tib_ant.KS               	0.00015652	0.00016467426	0.00014254607	
S11000.tib_ant.KL               	1.2002305	1.200721	0.0024297545	
S11000.tib_ant.L0               	0.73623255	0.73635085	0.0003459283	
S11000.tib_ant.KS               	0.035219774	0.035147077	0.00021526846	
S11111.tib_ant-soleus.KF        	-0.10742496	-0.10773847	0.00037787072	
S00111.soleus-tib_ant.KS        	-0.83048755	-0.83767218	0.0047290414	
S11000.soleus-tib_ant.KS        	-3.2213598	-3.2266605	0.0055686123	
S00111.gastroc-tib_ant.KS       	-0.33528931	-0.32950769	0.0036738046	
S11000.gastroc-tib_ant.KS       	-1.662605	-1.660841	0.0046653741	
S00111.tib_ant-gastroc.KS       	-0.00395169	-0.0036780084	0.028201515	
S11000.tib_ant-gastroc.KS       	-0.00366451	-0.0034867179	0.027564203	
S00111.tib_ant-soleus.KS        	-0.00313515	-0.0033409382	0.028950286	
S11000.tib_ant-soleus.KS        	-0.00313645	-0.0033327691	0.027720492	
S00111.gastroc.KL               	0.076654741	0.078038012	0.0036923192	
S00111.gastroc.L0               	0.87685092	0.87538541	0.0018372842	
S00111.gastroc.KF               	1.4128296	1.4126569	0.00023713275	
S00111.gastroc.KS               	0.16800346	0.16645911	0.001842632	
S00111.soleus.KL                	4.0416524	4.0410183	0.0042272661	
S00111.soleus.L0                	0.97179801	0.97342933	0.0010090627	
S00111.soleus.KF                	0.22523469	0.2255135	0.00034493	
S00111.soleus.KS                	0.16313468	0.16250107	0.0027262731	
S11000.gastroc.KL               	0.00837043	0.0088589213	0.0028170621	
S11000.gastroc.L0               	0.51766944	0.51977792	0.0019323656	
S11000.gastroc.KF               	-1.7623516	-1.7611805	0.0047021318	
S11000.soleus.KL                	0.79629987	0.7984159	0.0077852632	
S11000.soleus.L0                	0.8851292	0.88560908	0.0018547027	
S11000.soleus.KF                	-0.91432862	-0.9118809	0.0073410978	
S00011.vasti.KF                 	0.82857328	0.82969214	0.00098620452	
S00011.vasti.C0                 	0.083005586	0.08294918	0.00021741733	
S00011.vasti-knee_angle.pos_max 	-0.30396932	-0.30357966	0.0003479478	
S00011.hamstrings-pelvis_tilt.KP	0.72930686	0.73174527	0.0039056217	
S00011.hamstrings-pelvis_tilt.KV	0.56679908	0.56706181	0.00020407905	
S00011.hamstrings-pelvis_tilt.C0	0.025915821	0.02580249	0.00040125208	
S00011.glut_max-pelvis_tilt.KP  	1.510523	1.5135303	0.0032403466	
S00011.glut_max-pelvis_tilt.KV  	0.31126498	0.31117798	0.00020785529	
S00011.glut_max-pelvis_tilt.C0  	0.15711944	0.15749738	0.00034995747	
S00011.iliopsoas-pelvis_tilt.KP 	-3.4425421	-3.4484946	0.0055886088	
S00011.iliopsoas-pelvis_tilt.KV 	-0.54502218	-0.54461518	0.00025948362	
S00011.iliopsoas-pelvis_tilt.C0 	0.32218128	0.32254485	0.00055194706	
S00100.iliopsoas.C0             	0.33266333	0.33315731	0.0002982482	
S00100.glut_max.C0              	-0.02342065	-0.02376504	0.00021933795	
S11000.iliopsoas.KL             	0.5595802	0.55931967	0.00025644279	
S11000.iliopsoas.L0             	0.39020891	0.39035036	0.00028558665	
S11000.iliopsoas-pelvis_tilt.P0 	-0.04615173	-0.045969458	0.0002271925	
S11000.iliopsoas-pelvis_tilt.KP 	0.01196527	0.011647251	0.0011471062	
S11000.iliopsoas-pelvis_tilt.KV 	0.14761602	0.14763531	0.00026770662	
S11000.iliopsoas-hamstrings.KL  	-8.4632006	-8.4627988	0.010020452	
S11000.iliopsoas-hamstrings.L0  	1.1675137	1.1676765	0.00021177267	
S11000.hamstrings.KF            	0.57582598	0.57593381	0.0002032047	
S11000.glut_max.KF              	0.62412068	0.62383503	0.0002350237	
