pelvis_tilt.offset              	0.022824541	0.021251428	0.0013097086	
hip_flexion_r.offset            	0.069602077	0.069166566	0.001236188	
knee_angle_r.offset             	0.00075453336	0.0015871428	0.0013524917	
ankle_angle_r.offset            	-0.058548482	-0.057388063	0.00176232	
hip_flexion_l.offset            	-0.0037626825	-0.0056419668	0.0024993301	
knee_angle_l.offset             	0.060456388	0.05665324	0.0019244542	
ankle_angle_l.offset            	0.18673597	0.18730747	0.0018410995	
stance_load_threshold           	0.15048607	0.15136895	0.0020283307	
S00111.tib_ant.KL               	1.2657839	1.2305249	0.033607208	
S00111.tib_ant.L0               	0.76686924	0.76675503	0.0036192643	
S00111.tib_ant.KS               	0.00015652	0.00016556237	0.0014602617	
S11000.tib_ant.KL               	1.2069727	1.2087255	0.019137093	
S11000.tib_ant.L0               	0.73993822	0.73853359	0.0027873745	
S11000.tib_ant.KS               	0.036988196	0.035953737	0.0017852001	
S11111.tib_ant-soleus.KF        	-0.10863316	-0.11082472	0.0030348609	
S00111.soleus-tib_ant.KS        	-0.85051299	-0.84855186	0.038757474	
S11000.soleus-tib_ant.KS        	-3.3041092	-3.279536	0.044504062	
S00111.gastroc-tib_ant.KS       	-0.34980908	-0.34113217	0.03378205	
S11000.gastroc-tib_ant.KS       	-1.7289552	-1.7038467	0.037253733	
S00111.tib_ant-gastroc.KS       	-0.00357534	-0.0037439008	0.288959	
S11000.tib_ant-gastroc.KS       	-0.00331551	-0.003507292	0.28242906	
S00111.tib_ant-soleus.KS        	-0.00346517	-0.0033005716	0.29663134	
S11000.tib_ant-soleus.KS        	-0.00313645	-0.0032338442	0.2840305	
S00111.gastroc.L0               	0.85443553	0.83840561	0.014739553	
S00111.gastroc.KS               	0.17023304	0.16950002	0.016691068	
S00111.soleus.L0                	0.9512041	0.96570737	0.0084865124	
S00111.soleus.KS                	0.14946728	0.15394161	0.024387013	
S11000.gastroc.KL               	0.00837043	0.0086278068	0.028820599	
S11000.gastroc.L0               	0.52480186	0.52103593	0.015548973	
S11000.gastroc.KF               	-1.7552259	-1.8116286	0.036711403	
S11000.gastroc.KS               	0.26756724	0.25773367	0.034120451	
S11000.soleus.KL                	0.84260236	0.80883252	0.065446694	
S11000.soleus.L0                	0.87842596	0.88440001	0.014350281	
S11000.soleus.KF                	-0.86753488	-0.9187902	0.060796631	
S11000.soleus.KS                	0.1022613	0.10705469	0.053513569	
S00011.vasti.KF                 	0.80489919	0.8167008	0.0080034091	
S00011.vasti.C0                 	0.084058723	0.084208569	0.0018091977	
S00011.vasti-knee_angle.pos_max 	-0.30662787	-0.30497202	0.002765824	
S00011.hamstrings-pelvis_tilt.KP	0.67099736	0.70893062	0.031888468	
S00011.hamstrings-pelvis_tilt.KV	0.5673092	0.56735716	0.0016125747	
S00011.hamstrings-pelvis_tilt.C0	0.02778807	0.026218482	0.003543052	
S00011.glut_max-pelvis_tilt.KP  	1.5001261	1.4825176	0.026138916	
S00011.glut_max-pelvis_tilt.KV  	0.31487978	0.31409641	0.001633412	
S00011.glut_max-pelvis_tilt.C0  	0.15794981	0.15885713	0.0027533551	
S00011.iliopsoas-pelvis_tilt.KP 	-3.5588328	-3.5274922	0.043996981	
S00011.iliopsoas-pelvis_tilt.KV 	-0.54204419	-0.5444552	0.002004959	
S00011.iliopsoas-pelvis_tilt.C0 	0.33482669	0.33369077	0.0043250742	
S00100.iliopsoas.C0             	0.33661262	0.33764691	0.0023738499	
S00100.glut_max.C0              	-0.024438232	-0.024309462	0.0018352171	
S11000.iliopsoas.KL             	0.56327377	0.56037575	0.0020301438	
S11000.iliopsoas.L0             	0.39312267	0.39213688	0.0022530577	
S11000.iliopsoas-pelvis_tilt.P0 	-0.044322813	-0.044128638	0.0018179298	
S11000.iliopsoas-pelvis_tilt.KP 	0.01196527	0.011609633	0.011601692	
S11000.iliopsoas-pelvis_tilt.KV 	0.14522177	0.14423736	0.0020869827	
S11000.iliopsoas-hamstrings.KL  	-8.2529623	-8.2851582	0.073930762	
S11000.iliopsoas-hamstrings.L0  	1.1661469	1.1658339	0.0016926538	
S11000.hamstrings.KF            	0.57604012	0.57384892	0.0016246631	
S11000.glut_max.KF              	0.62150837	0.62070715	0.0018412241	
