pelvis_tilt.offset              	0.023003303	0.023113399	0.0010732626	
hip_flexion_r.offset            	0.072150488	0.070642893	0.0010115352	
knee_angle_r.offset             	0.0022059447	0.0011249081	0.0011044023	
ankle_angle_r.offset            	-0.061044898	-0.058921253	0.001442993	
hip_flexion_l.offset            	-0.0052273598	-0.0059358934	0.002035511	
knee_angle_l.offset             	0.058846484	0.056826326	0.0015753552	
ankle_angle_l.offset            	0.1861161	0.18630028	0.0015002013	
stance_load_threshold           	0.15234198	0.15197124	0.0016599755	
S00111.tib_ant.KL               	1.268173	1.2393932	0.027463962	
S00111.tib_ant.L0               	0.77694529	0.76845356	0.0029711709	
S00111.tib_ant.KS               	0.000173	0.00016404199	0.0011785761	
S11000.tib_ant.KL               	1.2105052	1.2097749	0.015590965	
S11000.tib_ant.L0               	0.74012678	0.73615315	0.0022768008	
S11000.tib_ant.KS               	0.037091044	0.036060443	0.0014507372	
S11111.tib_ant-soleus.KF        	-0.10858973	-0.10915471	0.0024766646	
S00111.soleus-tib_ant.KS        	-0.87373569	-0.83015204	0.031528429	
S11000.soleus-tib_ant.KS        	-3.2401221	-3.2683792	0.036335544	
S00111.gastroc-tib_ant.KS       	-0.33399275	-0.33385926	0.027339366	
S11000.gastroc-tib_ant.KS       	-1.7408558	-1.7397946	0.030437884	
S00111.tib_ant-gastroc.KS       	-0.00395169	-0.003783656	0.23321849	
S11000.tib_ant-gastroc.KS       	-0.00366451	-0.0035151045	0.22794818	
S00111.tib_ant-soleus.KS        	-0.00313515	-0.0032622475	0.23941083	
S11000.tib_ant-soleus.KS        	-0.00313645	-0.0032851243	0.2292407	
S00111.gastroc.L0               	0.84238374	0.83882565	0.012016435	
S00111.gastroc.KS               	0.16584292	0.1715744	0.013508245	
S00111.soleus.L0                	0.96914147	0.96136104	0.0069678349	
S00111.soleus.KS                	0.14946728	0.15939713	0.019713933	
S11000.gastroc.KL               	0.00925153	0.0086923871	0.023261164	
S11000.gastroc.L0               	0.51889132	0.52672779	0.012684429	
S11000.gastroc.KF               	-1.7568407	-1.8071137	0.029970592	
S11000.gastroc.KS               	0.25231886	0.26118311	0.027582387	
S11000.soleus.KL                	0.76235452	0.80025961	0.0530139	
S11000.soleus.L0                	0.89702181	0.88762458	0.011733752	
S11000.soleus.KF                	-0.89499801	-0.9235604	0.049334731	
S11000.soleus.KS                	0.11302564	0.10907201	0.043198035	
S00011.vasti.KF                 	0.81981679	0.81413205	0.0065467193	
S00011.vasti.C0                 	0.080804954	0.082041327	0.0014772642	
S00011.vasti-knee_angle.pos_max 	-0.30901809	-0.30442311	0.0022550237	
S00011.hamstrings-pelvis_tilt.KP	0.73161733	0.71727996	0.025974584	
S00011.hamstrings-pelvis_tilt.KV	0.56743602	0.56677208	0.0013212433	
S00011.hamstrings-pelvis_tilt.C0	0.025858869	0.026504458	0.0028648165	
S00011.glut_max-pelvis_tilt.KP  	1.5024044	1.5019573	0.021346492	
S00011.glut_max-pelvis_tilt.KV  	0.31478698	0.31492125	0.0013301725	
S00011.glut_max-pelvis_tilt.C0  	0.15789034	0.15970099	0.00224098	
S00011.iliopsoas-pelvis_tilt.KP 	-3.5985182	-3.567092	0.035922158	
S00011.iliopsoas-pelvis_tilt.KV 	-0.54357388	-0.54578083	0.0016465836	
S00011.iliopsoas-pelvis_tilt.C0 	0.33423812	0.33489865	0.0035276261	
S00100.iliopsoas.C0             	0.33459657	0.33550157	0.0019460279	
S00100.glut_max.C0              	-0.025076713	-0.024905477	0.0014871801	
S11000.iliopsoas.KL             	0.56256485	0.56197212	0.0016540446	
S11000.iliopsoas.L0             	0.3893524	0.39177425	0.0018444667	
S11000.iliopsoas-pelvis_tilt.P0 	-0.044986154	-0.045227934	0.001479802	
S11000.iliopsoas-pelvis_tilt.KP 	0.01082572	0.011103615	0.0093641347	
S11000.iliopsoas-pelvis_tilt.KV 	0.14361995	0.14451326	0.0017085759	
S11000.iliopsoas-hamstrings.KL  	-8.3106058	-8.3033047	0.060424462	
S11000.iliopsoas-hamstrings.L0  	1.1643265	1.1648307	0.0013817706	
S11000.hamstrings.KF            	0.575628	0.57516321	0.0013261086	
S11000.glut_max.KF              	0.61974153	0.6214853	0.001503138	
