pelvis_tilt.offset              	0.024764585	0.023829089	0.00079609579	
hip_flexion_r.offset            	0.07270036	0.072287849	0.00074596223	
knee_angle_r.offset             	-0.00057337299	0.00022978276	0.00080146683	
ankle_angle_r.offset            	-0.059135388	-0.059117298	0.0010584069	
hip_flexion_l.offset            	-0.0039607413	-0.0031628712	0.0014915451	
knee_angle_l.offset             	0.056495575	0.055961778	0.0011503988	
ankle_angle_l.offset            	0.18672996	0.18689789	0.0010937962	
stance_load_threshold           	0.15004614	0.14979879	0.0012176343	
S00111.tib_ant.KL               	1.2554939	1.2450816	0.02006995	
S00111.tib_ant.L0               	0.76517385	0.76724136	0.0021658147	
S00111.tib_ant.KS               	0.00015652	0.00016958581	0.00082656116	
S11000.tib_ant.KL               	1.2397644	1.2248947	0.011383638	
S11000.tib_ant.L0               	0.74058377	0.74063293	0.0016676128	
S11000.tib_ant.KS               	0.034550264	0.034729812	0.0010486695	
S11111.tib_ant-soleus.KF        	-0.11288279	-0.11020175	0.0018183243	
S00111.soleus-tib_ant.KS        	-0.83440095	-0.84326087	0.022714745	
S11000.soleus-tib_ant.KS        	-3.3071147	-3.3255842	0.026727507	
S00111.gastroc-tib_ant.KS       	-0.32573283	-0.32756554	0.019372077	
S11000.gastroc-tib_ant.KS       	-1.6933782	-1.72493	0.022111901	
S00111.tib_ant-gastroc.KS       	-0.00357534	-0.0038951336	0.16356071	
S11000.tib_ant-gastroc.KS       	-0.00331551	-0.0035204948	0.15986454	
S00111.tib_ant-soleus.KS        	-0.00346517	-0.0032643166	0.16790352	
S11000.tib_ant-soleus.KS        	-0.0034666	-0.0033281113	0.16077101	
S00111.gastroc.L0               	0.83695724	0.84378073	0.0087920778	
S00111.gastroc.KS               	0.17739288	0.1747371	0.0096006305	
S00111.soleus.L0                	0.95460526	0.95801982	0.0050978362	
S00111.soleus.KS                	0.16520068	0.15787247	0.013925865	
S11000.gastroc.KL               	0.00837043	0.008848513	0.016313879	
S11000.gastroc.L0               	0.50549649	0.51366835	0.0092056896	
S11000.gastroc.KF               	-1.8015334	-1.8019298	0.021964954	
S11000.gastroc.KS               	0.25231886	0.26225839	0.01954454	
S11000.soleus.KL                	0.82403725	0.8042302	0.037910462	
S11000.soleus.L0                	0.8822964	0.89383468	0.0086168645	
S11000.soleus.KF                	-0.90914923	-0.9174293	0.035211828	
S11000.soleus.KS                	0.1023911	0.10784181	0.030323475	
S00011.vasti.KF                 	0.80677235	0.80497739	0.0047650554	
S00011.vasti.C0                 	0.081498634	0.081506016	0.0010636097	
S00011.vasti-knee_angle.pos_max 	-0.30578782	-0.30520258	0.0016517393	
S00011.hamstrings-pelvis_tilt.KP	0.71625304	0.72471489	0.018791758	
S00011.hamstrings-pelvis_tilt.KV	0.56547549	0.56632023	0.00096381433	
S00011.hamstrings-pelvis_tilt.C0	0.02778807	0.0266553	0.0020282924	
S00011.glut_max-pelvis_tilt.KP  	1.4670001	1.4791169	0.015565986	
S00011.glut_max-pelvis_tilt.KV  	0.31412994	0.31327835	0.00097719038	
S00011.glut_max-pelvis_tilt.C0  	0.16286201	0.16126176	0.0016637973	
S00011.iliopsoas-pelvis_tilt.KP 	-3.5293941	-3.5401566	0.026348518	
S00011.iliopsoas-pelvis_tilt.KV 	-0.54585377	-0.54580691	0.0012105497	
S00011.iliopsoas-pelvis_tilt.C0 	0.33997839	0.33856073	0.0025936691	
S00100.iliopsoas.C0             	0.3370599	0.33707917	0.0014312759	
S00100.glut_max.C0              	-0.025015007	-0.024464013	0.0010637152	
S11000.iliopsoas.KL             	0.56146949	0.56235944	0.0012189134	
S11000.iliopsoas.L0             	0.38822227	0.3903581	0.0013456648	
S11000.iliopsoas-pelvis_tilt.P0 	-0.044042468	-0.043992501	0.0010784244	
S11000.iliopsoas-pelvis_tilt.KP 	0.01196527	0.0115401	0.0065686979	
S11000.iliopsoas-pelvis_tilt.KV 	0.14216719	0.14163295	0.0012550912	
S11000.iliopsoas-hamstrings.KL  	-8.3656006	-8.3180199	0.044099844	
S11000.iliopsoas-hamstrings.L0  	1.1627785	1.1618791	0.0010141616	
S11000.hamstrings.KF            	0.57468498	0.57477853	0.00097053077	
S11000.glut_max.KF              	0.61982304	0.62011016	0.0011037401	
