pelvis_tilt.offset              	0.024801952	0.024774933	0.00022086665	
hip_flexion_r.offset            	0.072297292	0.07250054	0.00020762172	
knee_angle_r.offset             	-0.0012590054	-0.0013457839	0.00022612052	
ankle_angle_r.offset            	-0.058299937	-0.058251067	0.00029066563	
hip_flexion_l.offset            	-0.0031691793	-0.0041569387	0.00041267597	
knee_angle_l.offset             	0.055838367	0.055884988	0.00031393393	
ankle_angle_l.offset            	0.1879489	0.18807518	0.00029945991	
stance_load_threshold           	0.14899881	0.14922373	0.00033508023	
S00111.tib_ant.KL               	1.2206869	1.21917	0.0055220722	
S00111.tib_ant.L0               	0.76585127	0.76546363	0.00060361604	
S00111.tib_ant.KS               	0.000173	0.00016260963	0.0002002731	
S11000.tib_ant.KL               	1.2181563	1.2191172	0.0031098077	
S11000.tib_ant.L0               	0.74238762	0.74231015	0.00046256366	
S11000.tib_ant.KS               	0.034760973	0.034349507	0.00028745186	
S11111.tib_ant-soleus.KF        	-0.10812197	-0.1083867	0.00050046313	
S00111.soleus-tib_ant.KS        	-0.84970971	-0.85477897	0.0061852586	
S11000.soleus-tib_ant.KS        	-3.3318646	-3.3398696	0.0074363645	
S00111.gastroc-tib_ant.KS       	-0.32171493	-0.32586407	0.0049515297	
S11000.gastroc-tib_ant.KS       	-1.7142946	-1.7192985	0.0061028613	
S00111.tib_ant-gastroc.KS       	-0.00395169	-0.003786638	0.039627266	
S11000.tib_ant-gastroc.KS       	-0.00331551	-0.0034648666	0.038731759	
S00111.tib_ant-soleus.KS        	-0.00346517	-0.003209886	0.040679425	
S11000.tib_ant-soleus.KS        	-0.0034666	-0.0033502919	0.038951373	
S00111.gastroc.L0               	0.84977967	0.8504217	0.0024505983	
S00111.gastroc.KS               	0.17477274	0.17549959	0.0024800124	
S00111.soleus.L0                	0.94975189	0.95027733	0.0014328793	
S00111.soleus.KS                	0.15334978	0.15335029	0.0036343473	
S11000.gastroc.KL               	0.00837043	0.0086937446	0.0039549395	
S11000.gastroc.L0               	0.50347107	0.50823591	0.0025265266	
S11000.gastroc.KF               	-1.8443631	-1.8383092	0.0061145757	
S11000.gastroc.KS               	0.26937339	0.26998351	0.005109225	
S11000.soleus.KL                	0.80791926	0.80527686	0.010325036	
S11000.soleus.L0                	0.86813455	0.86580322	0.0024761808	
S11000.soleus.KF                	-0.89371141	-0.90917596	0.0095979081	
S11000.soleus.KS                	0.1022613	0.10767645	0.0074771236	
S00011.vasti.KF                 	0.80798207	0.80629847	0.0013033436	
S00011.vasti.C0                 	0.081316455	0.081702301	0.00027977725	
S00011.vasti-knee_angle.pos_max 	-0.30644466	-0.3066444	0.0004567004	
S00011.hamstrings-pelvis_tilt.KP	0.72950863	0.7287097	0.0051381632	
S00011.hamstrings-pelvis_tilt.KV	0.56821047	0.568072	0.00026816077	
S00011.hamstrings-pelvis_tilt.C0	0.027508277	0.027359652	0.00052657846	
S00011.glut_max-pelvis_tilt.KP  	1.4678964	1.4719175	0.0043527491	
S00011.glut_max-pelvis_tilt.KV  	0.31223091	0.31253077	0.00027170594	
S00011.glut_max-pelvis_tilt.C0  	0.1621781	0.16200707	0.00045416047	
S00011.iliopsoas-pelvis_tilt.KP 	-3.5124156	-3.5094578	0.0072827662	
S00011.iliopsoas-pelvis_tilt.KV 	-0.54706089	-0.54727387	0.00033493084	
S00011.iliopsoas-pelvis_tilt.C0 	0.34315552	0.34304708	0.00072621683	
S00100.iliopsoas.C0             	0.3359052	0.33648101	0.00039135058	
S00100.glut_max.C0              	-0.02536579	-0.02509601	0.00028512927	
S11000.iliopsoas.KL             	0.56252997	0.56311342	0.00033666853	
S11000.iliopsoas.L0             	0.39183326	0.39264022	0.00037251133	
S11000.iliopsoas-pelvis_tilt.P0 	-0.044122771	-0.04446557	0.00029740111	
S11000.iliopsoas-pelvis_tilt.KP 	0.01196527	0.011367318	0.0015996488	
S11000.iliopsoas-pelvis_tilt.KV 	0.14092263	0.14104799	0.00034051152	
S11000.iliopsoas-hamstrings.KL  	-8.2850214	-8.2777356	0.012260962	
S11000.iliopsoas-hamstrings.L0  	1.1616959	1.1621514	0.00027949351	
S11000.hamstrings.KF            	0.57452659	0.57467107	0.00026494659	
S11000.glut_max.KF              	0.62032811	0.62115343	0.00030098818	
