pelvis_tilt.offset              	0.02478868	0.024956057	0.00018525669	
hip_flexion_r.offset            	0.072414399	0.072488976	0.0001743535	
knee_angle_r.offset             	-0.0013549504	-0.0013764024	0.00019051854	
ankle_angle_r.offset            	-0.058081866	-0.058246445	0.0002437988	
hip_flexion_l.offset            	-0.0043705064	-0.0044147737	0.00034682168	
knee_angle_l.offset             	0.05629141	0.055954364	0.00026347874	
ankle_angle_l.offset            	0.1886457	0.18836218	0.00025219061	
stance_load_threshold           	0.14954001	0.14947616	0.00028183605	
S00111.tib_ant.KL               	1.2125728	1.2176751	0.0046445888	
S00111.tib_ant.L0               	0.76588572	0.76556063	0.000505212	
S00111.tib_ant.KS               	0.00015652	0.00016704913	0.00016588089	
S11000.tib_ant.KL               	1.2134905	1.2186124	0.0026033418	
S11000.tib_ant.L0               	0.74255163	0.74224401	0.00038738143	
S11000.tib_ant.KS               	0.033929336	0.034327593	0.00024128471	
S11111.tib_ant-soleus.KF        	-0.10860843	-0.10855755	0.00041915487	
S00111.soleus-tib_ant.KS        	-0.8509555	-0.85162572	0.005181517	
S11000.soleus-tib_ant.KS        	-3.3264674	-3.3343775	0.0062712977	
S00111.gastroc-tib_ant.KS       	-0.32566035	-0.32491881	0.0041323829	
S11000.gastroc-tib_ant.KS       	-1.7212283	-1.716312	0.0051192492	
S00111.tib_ant-gastroc.KS       	-0.00395169	-0.0039168374	0.032821376	
S11000.tib_ant-gastroc.KS       	-0.00366451	-0.0034813133	0.03207967	
S00111.tib_ant-soleus.KS        	-0.00313515	-0.0032848442	0.033692827	
S11000.tib_ant-soleus.KS        	-0.00313645	-0.0033022962	0.032261564	
S00111.gastroc.L0               	0.84915104	0.84998042	0.0020642353	
S00111.gastroc.KS               	0.17706327	0.17507526	0.0020715982	
S00111.soleus.L0                	0.95117024	0.95202892	0.0012066288	
S00111.soleus.KS                	0.15753566	0.15450916	0.0030406512	
S11000.gastroc.KL               	0.00925153	0.0091015033	0.0032763049	
S11000.gastroc.L0               	0.50506266	0.50659744	0.0021195198	
S11000.gastroc.KF               	-1.8510655	-1.8419625	0.0051248887	
S11000.gastroc.KS               	0.26524228	0.26917981	0.0042957603	
S11000.soleus.KL                	0.79562866	0.80391236	0.0086404113	
S11000.soleus.L0                	0.86679979	0.86432995	0.0020885647	
S11000.soleus.KF                	-0.92216716	-0.90871099	0.0080806716	
S11000.soleus.KS                	0.1022613	0.10471387	0.0062256511	
S00011.vasti.KF                 	0.80769051	0.80628883	0.0010922208	
S00011.vasti.C0                 	0.081673584	0.081758502	0.00023467063	
S00011.vasti-knee_angle.pos_max 	-0.30679405	-0.30682191	0.00038161859	
S00011.hamstrings-pelvis_tilt.KP	0.72641802	0.72833782	0.0043029203	
S00011.hamstrings-pelvis_tilt.KV	0.56823513	0.56799293	0.00022638299	
S00011.hamstrings-pelvis_tilt.C0	0.026712545	0.027082263	0.00044124856	
S00011.glut_max-pelvis_tilt.KP  	1.4699925	1.4704048	0.003670871	
S00011.glut_max-pelvis_tilt.KV  	0.31233672	0.31229736	0.00022926701	
S00011.glut_max-pelvis_tilt.C0  	0.16220556	0.16197931	0.00038201469	
S00011.iliopsoas-pelvis_tilt.KP 	-3.5177832	-3.5117679	0.0060983343	
S00011.iliopsoas-pelvis_tilt.KV 	-0.54720825	-0.54731622	0.00028124957	
S00011.iliopsoas-pelvis_tilt.C0 	0.34283767	0.3438601	0.00061127229	
S00100.iliopsoas.C0             	0.3365927	0.33653269	0.00032751945	
S00100.glut_max.C0              	-0.025385475	-0.025125006	0.00024048801	
S11000.iliopsoas.KL             	0.56304548	0.56300067	0.000282914	
S11000.iliopsoas.L0             	0.39239835	0.39244001	0.00031242808	
S11000.iliopsoas-pelvis_tilt.P0 	-0.044115867	-0.04405422	0.00024978777	
S11000.iliopsoas-pelvis_tilt.KP 	0.011654173	0.011207203	0.0013267362	
S11000.iliopsoas-pelvis_tilt.KV 	0.14099375	0.14075438	0.00028536345	
S11000.iliopsoas-hamstrings.KL  	-8.2695305	-8.2713437	0.010249447	
S11000.iliopsoas-hamstrings.L0  	1.1622504	1.1619581	0.00023428355	
S11000.hamstrings.KF            	0.5748985	0.57456815	0.00022268201	
S11000.glut_max.KF              	0.62125415	0.62115263	0.00025367883	
