pelvis_tilt.offset              	0.020113193	0.020931276	0.0012643534	
hip_flexion_r.offset            	0.068254255	0.068464886	0.0011957712	
knee_angle_r.offset             	-0.0011489575	5.7651665e-05	0.0013034933	
ankle_angle_r.offset            	-0.051624991	-0.052065888	0.0017151998	
hip_flexion_l.offset            	-0.0083579211	-0.0092648156	0.002430535	
knee_angle_l.offset             	0.057823195	0.060725211	0.0018789345	
ankle_angle_l.offset            	0.19011881	0.18875076	0.0017987689	
stance_load_threshold           	0.15211222	0.15051176	0.001979666	
S00111.tib_ant.KL               	1.2897434	1.2749349	0.032480159	
S00111.tib_ant.L0               	0.75205307	0.74986907	0.0035831441	
S00111.tib_ant.KS               	0.00015652	0.00016426468	0.0013768482	
S11000.tib_ant.KL               	1.1554931	1.1715892	0.018557748	
S11000.tib_ant.L0               	0.74043792	0.7429169	0.0027076307	
S11000.tib_ant.KS               	0.034927909	0.035459423	0.0017074227	
S11111.tib_ant-soleus.KF        	-0.10877365	-0.11108497	0.0029371178	
S00111.soleus-tib_ant.KS        	-0.89402901	-0.88178946	0.03690791	
S11000.soleus-tib_ant.KS        	-3.2385537	-3.2281197	0.04348387	
S00111.gastroc-tib_ant.KS       	-0.32171493	-0.33485038	0.032025239	
S11000.gastroc-tib_ant.KS       	-1.7690597	-1.7522108	0.035614542	
S00111.tib_ant-gastroc.KS       	-0.00395169	-0.0037531471	0.27245271	
S11000.tib_ant-gastroc.KS       	-0.00366451	-0.0035146849	0.26629579	
S00111.tib_ant-soleus.KS        	-0.00313515	-0.0032692083	0.27968679	
S11000.tib_ant-soleus.KS        	-0.0034666	-0.0032425345	0.26780575	
S00111.gastroc.KL               	0.08315732	0.078953742	0.034065785	
S00111.gastroc.L0               	0.84853894	0.85040785	0.01427842	
S00111.gastroc.KF               	1.4070356	1.4088462	0.001825022	
S00111.soleus.KL                	4.1108359	4.0424444	0.032057887	
S00111.soleus.L0                	0.96580886	0.97033851	0.0082630468	
S00111.soleus.KF                	0.22706087	0.22721488	0.002643296	
S11000.gastroc.KL               	0.00837043	0.0089081275	0.027174468	
S11000.gastroc.L0               	0.52687627	0.52254887	0.015025291	
S11000.gastroc.KF               	-1.8415847	-1.8207975	0.03538409	
S11000.soleus.KL                	0.8289345	0.78553701	0.062162079	
S11000.soleus.L0                	0.91352076	0.90478241	0.01394018	
S11000.soleus.KF                	-0.95834625	-0.9177394	0.057934634	
S00011.vasti.KF                 	0.84209079	0.83662086	0.0078262175	
S00011.vasti.C0                 	0.084058375	0.084645859	0.0017459003	
S00011.vasti-knee_angle.pos_max 	-0.30401013	-0.30215358	0.0026908135	
S00011.hamstrings-pelvis_tilt.KP	0.68057816	0.70985127	0.030528016	
S00011.hamstrings-pelvis_tilt.KV	0.56619809	0.56611974	0.0015702716	
S00011.hamstrings-pelvis_tilt.C0	0.027557535	0.026686293	0.0033523834	
S00011.glut_max-pelvis_tilt.KP  	1.5473636	1.5233809	0.025200169	
S00011.glut_max-pelvis_tilt.KV  	0.31600165	0.31379134	0.0015762634	
S00011.glut_max-pelvis_tilt.C0  	0.16035452	0.16120047	0.0026950528	
S00011.iliopsoas-pelvis_tilt.KP 	-3.48991	-3.4599391	0.04293366	
S00011.iliopsoas-pelvis_tilt.KV 	-0.54649541	-0.54702012	0.0019478525	
S00011.iliopsoas-pelvis_tilt.C0 	0.32950171	0.33013618	0.004173575	
S00100.iliopsoas.C0             	0.33448663	0.33217661	0.0023175153	
S00100.glut_max.C0              	-0.02588599	-0.023798632	0.001744068	
S11000.iliopsoas.KL             	0.56446448	0.56505681	0.0019700096	
S11000.iliopsoas.L0             	0.39025303	0.39216739	0.0022064847	
S11000.iliopsoas-pelvis_tilt.P0 	-0.04199752	-0.044087207	0.001746326	
S11000.iliopsoas-pelvis_tilt.KP 	0.01196527	0.011470405	0.010939839	
S11000.iliopsoas-pelvis_tilt.KV 	0.14022743	0.14189687	0.0020340836	
S11000.iliopsoas-hamstrings.KL  	-8.0530325	-8.1495855	0.071756119	
S11000.iliopsoas-hamstrings.L0  	1.1654843	1.1663012	0.0016311051	
S11000.hamstrings.KF            	0.57590302	0.57517411	0.0015798092	
S11000.glut_max.KF              	0.62167731	0.62233767	0.0017884889	
