pelvis_tilt.offset              	0.07709515	0.077122063	0.00041480318	
hip_flexion_r.offset            	0.11505128	0.11509935	0.00031838767	
knee_angle_r.offset             	-0.0072265842	-0.0069520572	0.00033470797	
ankle_angle_r.offset            	-0.04026857	-0.040077425	0.00045658072	
hip_flexion_l.offset            	-0.059982909	-0.061178032	0.00066914801	
knee_angle_l.offset             	0.07104874	0.071216462	0.00048267923	
ankle_angle_l.offset            	0.21872583	0.21764435	0.00047798114	
stance_load_threshold           	0.15579755	0.15581377	0.00048732586	
S00111.tib_ant.KL               	1.2628839	1.2579134	0.0076322745	
S00111.tib_ant.L0               	0.79333037	0.79400238	0.00091911468	
S00111.tib_ant.KS               	0.000173	0.00016800727	0.00025071236	
S11000.tib_ant.KL               	1.21612	1.2159705	0.004411865	
S11000.tib_ant.L0               	0.75032688	0.75060041	0.00069998815	
S11000.tib_ant.KS               	0.036120237	0.035047559	0.0003715645	
S11111.tib_ant-soleus.KF        	-0.11463285	-0.11538049	0.0006530296	
S00111.soleus-tib_ant.KS        	-0.82437768	-0.82380747	0.0078652414	
S11000.soleus-tib_ant.KS        	-3.2528427	-3.2467468	0.01090236	
S00111.gastroc-tib_ant.KS       	-0.33144748	-0.32907757	0.0064929839	
S11000.gastroc-tib_ant.KS       	-1.7388057	-1.7211718	0.0084673153	
S00111.tib_ant-gastroc.KS       	-0.00395169	-0.0037133683	0.049608374	
S11000.tib_ant-gastroc.KS       	-0.00366451	-0.0035717194	0.048487313	
S00111.tib_ant-soleus.KS        	-0.00313515	-0.0033059929	0.050925549	
S11000.tib_ant-soleus.KS        	-0.0034666	-0.0032999203	0.048762243	
S00111.gastroc.KL               	0.07758194	0.079090624	0.0063080926	
S00111.gastroc.L0               	0.82679917	0.82822561	0.0034189815	
S00111.gastroc.KF               	1.4163813	1.4160341	0.00046028108	
S00111.soleus.KL                	3.9755392	3.9770133	0.0080984533	
S00111.soleus.L0                	0.93085906	0.92891507	0.0020375301	
S00111.soleus.KF                	0.22339016	0.22306431	0.00065680701	
S11000.gastroc.KL               	0.00837043	0.0086650355	0.004950006	
S11000.gastroc.L0               	0.51642145	0.51931797	0.0034410236	
S11000.gastroc.KF               	-1.7715165	-1.7732234	0.0086815796	
S11000.gastroc.KS               	0.25600489	0.26230688	0.0064702781	
S11000.soleus.KL                	0.80289566	0.77740847	0.012808516	
S11000.soleus.L0                	0.89486741	0.89274586	0.0033738362	
S11000.soleus.KF                	-0.92324846	-0.92342303	0.012175526	
S11000.soleus.KS                	0.1022613	0.10698813	0.0093162459	
S00011.vasti.KF                 	0.78044223	0.77937441	0.0017381698	
S00011.vasti.C0                 	0.080085798	0.080036221	0.0003578799	
S00011.vasti-knee_angle.pos_max 	-0.32049404	-0.32004395	0.00062784115	
S00011.hamstrings-pelvis_tilt.KP	0.72947699	0.73178546	0.0066396776	
S00011.hamstrings-pelvis_tilt.KV	0.5676509	0.56782924	0.00039797722	
S00011.hamstrings-pelvis_tilt.C0	0.026978897	0.026881732	0.00066345915	
S00011.glut_max-pelvis_tilt.KP  	1.4978595	1.4938975	0.005983933	
S00011.glut_max-pelvis_tilt.KV  	0.32411066	0.32420174	0.00039251515	
S00011.glut_max-pelvis_tilt.C0  	0.16560839	0.16680028	0.00065767071	
S00011.iliopsoas-pelvis_tilt.KP 	-3.4611742	-3.4575496	0.010818554	
S00011.iliopsoas-pelvis_tilt.KV 	-0.53880949	-0.53927796	0.00050437632	
S00011.iliopsoas-pelvis_tilt.C0 	0.32444268	0.32428284	0.0010187741	
S00100.iliopsoas.C0             	0.33054305	0.33060018	0.00057350297	
S00100.glut_max.C0              	-0.024391416	-0.024035364	0.00036600338	
S11000.iliopsoas.KL             	0.58755725	0.58742877	0.00050530523	
S11000.iliopsoas.L0             	0.37502115	0.37494451	0.0005409273	
S11000.iliopsoas-pelvis_tilt.P0 	-0.044316982	-0.044311585	0.00038703234	
S11000.iliopsoas-pelvis_tilt.KP 	0.01196527	0.011337154	0.0019996618	
S11000.iliopsoas-pelvis_tilt.KV 	0.14567201	0.14593079	0.00049476663	
S11000.iliopsoas-hamstrings.KL  	-8.1476004	-8.1463034	0.018027064	
S11000.iliopsoas-hamstrings.L0  	1.1952547	1.1954593	0.00042894584	
S11000.hamstrings.KF            	0.6027328	0.60203893	0.00040186845	
S11000.glut_max.KF              	0.63354501	0.63378384	0.00045576782	
