pelvis_tilt.offset              	0.023986832	0.022451659	0.00083239033	
hip_flexion_r.offset            	0.067266161	0.066736879	0.00079947951	
knee_angle_r.offset             	-0.0011983793	-4.1839232e-05	0.0008664401	
ankle_angle_r.offset            	-0.057952689	-0.057983461	0.0011334851	
hip_flexion_l.offset            	-0.0074131549	-0.0084543452	0.0016128417	
knee_angle_l.offset             	0.052737524	0.054519886	0.0012514383	
ankle_angle_l.offset            	0.18449335	0.18524307	0.0011916903	
stance_load_threshold           	0.14716141	0.15039743	0.0013063845	
S00111.tib_ant.KL               	1.2635406	1.2507466	0.021469637	
S00111.tib_ant.L0               	0.75707546	0.75649885	0.0023112679	
S00111.tib_ant.KS               	0.000173	0.00016765549	0.00088631237	
S11000.tib_ant.KL               	1.2202835	1.2138641	0.012263063	
S11000.tib_ant.L0               	0.73733057	0.73838758	0.0017837276	
S11000.tib_ant.KS               	0.035747841	0.035805699	0.0011245889	
S11111.tib_ant-soleus.KF        	-0.10938206	-0.10944552	0.0019283543	
S00111.soleus-tib_ant.KS        	-0.85086632	-0.85151736	0.024335347	
S11000.soleus-tib_ant.KS        	-3.3863624	-3.3971468	0.028676431	
S00111.gastroc-tib_ant.KS       	-0.33348112	-0.33104569	0.020789796	
S11000.gastroc-tib_ant.KS       	-1.6264857	-1.628711	0.023765488	
S00111.tib_ant-gastroc.KS       	-0.00357534	-0.0037689169	0.17538443	
S11000.tib_ant-gastroc.KS       	-0.00331551	-0.0034798355	0.17142107	
S00111.tib_ant-soleus.KS        	-0.00313515	-0.0032390838	0.18004118	
S11000.tib_ant-soleus.KS        	-0.0034666	-0.0033466017	0.17239306	
S00111.gastroc.KL               	0.08315732	0.078432063	0.021943941	
S00111.gastroc.L0               	0.85425672	0.85237269	0.0094415851	
S00111.gastroc.KF               	1.4122634	1.4106194	0.001210499	
S00111.soleus.KL                	4.0867039	4.0744587	0.021003806	
S00111.soleus.L0                	0.97546919	0.97196824	0.0053993034	
S00111.soleus.KF                	0.23369052	0.23310974	0.0017561716	
S11000.gastroc.KL               	0.00837043	0.0088725704	0.017493123	
S11000.gastroc.L0               	0.53734448	0.520635	0.0099393018	
S11000.gastroc.KF               	-1.7855246	-1.7983311	0.023424111	
S11000.soleus.KL                	0.84260236	0.8070094	0.04058514	
S11000.soleus.L0                	0.91992318	0.90992684	0.009159932	
S11000.soleus.KF                	-0.88305733	-0.89611796	0.038077574	
S00011.vasti.KF                 	0.82270787	0.8297524	0.0051416152	
S00011.vasti.C0                 	0.081961174	0.081318128	0.0011484157	
S00011.vasti-knee_angle.pos_max 	-0.31011917	-0.31009653	0.0018095747	
S00011.hamstrings-pelvis_tilt.KP	0.70857267	0.6921249	0.020103771	
S00011.hamstrings-pelvis_tilt.KV	0.56410738	0.56525437	0.0010322761	
S00011.hamstrings-pelvis_tilt.C0	0.02778807	0.027079941	0.0021698142	
S00011.glut_max-pelvis_tilt.KP  	1.4820531	1.4823205	0.016725198	
S00011.glut_max-pelvis_tilt.KV  	0.31371389	0.31203257	0.0010550092	
S00011.glut_max-pelvis_tilt.C0  	0.15627461	0.15707785	0.0017644246	
S00011.iliopsoas-pelvis_tilt.KP 	-3.3490889	-3.3978356	0.028647977	
S00011.iliopsoas-pelvis_tilt.KV 	-0.54112122	-0.54177908	0.0012872236	
S00011.iliopsoas-pelvis_tilt.C0 	0.32396646	0.3265895	0.0027891471	
S00100.iliopsoas.C0             	0.34342118	0.3425368	0.0015273504	
S00100.glut_max.C0              	-0.024973495	-0.024150188	0.0011365271	
S11000.iliopsoas.KL             	0.56670748	0.56542302	0.0013134315	
S11000.iliopsoas.L0             	0.38495814	0.38725482	0.0014541684	
S11000.iliopsoas-pelvis_tilt.P0 	-0.045850596	-0.045339984	0.001150737	
S11000.iliopsoas-pelvis_tilt.KP 	0.01082572	0.011376355	0.0070432421	
S11000.iliopsoas-pelvis_tilt.KV 	0.14287249	0.14134637	0.0013461156	
S11000.iliopsoas-hamstrings.KL  	-8.2397649	-8.1844485	0.047758314	
S11000.iliopsoas-hamstrings.L0  	1.1669979	1.1684489	0.0010790807	
S11000.hamstrings.KF            	0.57502428	0.57687353	0.0010445798	
S11000.glut_max.KF              	0.62047645	0.62038346	0.0011948151	
