pelvis_tilt.offset              	0.02404749	0.023144481	0.0008385213	
hip_flexion_r.offset            	0.068318777	0.067537836	0.00080489529	
knee_angle_r.offset             	-0.0012960097	-0.0011237933	0.00087340003	
ankle_angle_r.offset            	-0.057878625	-0.058039057	0.0011382309	
hip_flexion_l.offset            	-0.0077433001	-0.0076609364	0.0016251816	
knee_angle_l.offset             	0.05597886	0.054423979	0.0012574788	
ankle_angle_l.offset            	0.18452263	0.18499571	0.0011983535	
stance_load_threshold           	0.14974531	0.15039906	0.0013158602	
S00111.tib_ant.KL               	1.2426654	1.2599843	0.021528799	
S00111.tib_ant.L0               	0.75546671	0.75652475	0.0023215475	
S00111.tib_ant.KS               	0.000173	0.00016366391	0.00088617612	
S11000.tib_ant.KL               	1.2125393	1.2176239	0.012310026	
S11000.tib_ant.L0               	0.73773739	0.73847629	0.0017930623	
S11000.tib_ant.KS               	0.036079118	0.035701594	0.0011287356	
S11111.tib_ant-soleus.KF        	-0.10640906	-0.10786147	0.0019391922	
S00111.soleus-tib_ant.KS        	-0.86458322	-0.86200808	0.0244216	
S11000.soleus-tib_ant.KS        	-3.3969798	-3.392629	0.028768119	
S00111.gastroc-tib_ant.KS       	-0.33653257	-0.33445685	0.020829738	
S11000.gastroc-tib_ant.KS       	-1.6682434	-1.6411393	0.023854691	
S00111.tib_ant-gastroc.KS       	-0.00357534	-0.0038516603	0.17535739	
S11000.tib_ant-gastroc.KS       	-0.00331551	-0.003465288	0.17139464	
S00111.tib_ant-soleus.KS        	-0.00346517	-0.0032748768	0.18001342	
S11000.tib_ant-soleus.KS        	-0.00313645	-0.0033228436	0.17236648	
S00111.gastroc.KL               	0.079583744	0.079464195	0.021944102	
S00111.gastroc.L0               	0.86300499	0.8532301	0.009493083	
S00111.gastroc.KF               	1.41065	1.4106004	0.001217767	
S00111.soleus.KL                	4.0786521	4.0611591	0.021090395	
S00111.soleus.L0                	0.97513095	0.97364251	0.0054202177	
S00111.soleus.KF                	0.238521	0.23475549	0.0017681067	
S11000.gastroc.KL               	0.00925153	0.0086820651	0.017490483	
S11000.gastroc.L0               	0.52577853	0.5212085	0.0099936926	
S11000.gastroc.KF               	-1.7989236	-1.8024687	0.023522325	
S11000.soleus.KL                	0.81304564	0.80988466	0.040687321	
S11000.soleus.L0                	0.90774917	0.91193823	0.0092036585	
S11000.soleus.KF                	-0.89021955	-0.90081625	0.038165179	
S00011.vasti.KF                 	0.82182191	0.82757868	0.0051638596	
S00011.vasti.C0                 	0.080928389	0.081204023	0.0011514364	
S00011.vasti-knee_angle.pos_max 	-0.3126822	-0.31090588	0.0018244081	
S00011.hamstrings-pelvis_tilt.KP	0.69586438	0.69546513	0.02015364	
S00011.hamstrings-pelvis_tilt.KV	0.56422225	0.56490152	0.0010370597	
S00011.hamstrings-pelvis_tilt.C0	0.02778807	0.026557735	0.002172654	
S00011.glut_max-pelvis_tilt.KP  	1.4604307	1.4856306	0.01679686	
S00011.glut_max-pelvis_tilt.KV  	0.3128132	0.31251999	0.0010600943	
S00011.glut_max-pelvis_tilt.C0  	0.15574833	0.15558332	0.0017778213	
S00011.iliopsoas-pelvis_tilt.KP 	-3.4173688	-3.4165389	0.028856469	
S00011.iliopsoas-pelvis_tilt.KV 	-0.5422424	-0.54170278	0.0012943112	
S00011.iliopsoas-pelvis_tilt.C0 	0.33303961	0.32782375	0.0028008749	
S00100.iliopsoas.C0             	0.34316326	0.34224758	0.0015319685	
S00100.glut_max.C0              	-0.024226809	-0.023929865	0.001138772	
S11000.iliopsoas.KL             	0.56507957	0.56567076	0.0013192765	
S11000.iliopsoas.L0             	0.3854389	0.38634985	0.0014643839	
S11000.iliopsoas-pelvis_tilt.P0 	-0.044619812	-0.045167154	0.0011540316	
S11000.iliopsoas-pelvis_tilt.KP 	0.01082572	0.011255803	0.0070423875	
S11000.iliopsoas-pelvis_tilt.KV 	0.13999824	0.14123691	0.0013533243	
S11000.iliopsoas-hamstrings.KL  	-8.175525	-8.2136781	0.047999228	
S11000.iliopsoas-hamstrings.L0  	1.1674728	1.1683635	0.0010861302	
S11000.hamstrings.KF            	0.57733257	0.57704528	0.0010526401	
S11000.glut_max.KF              	0.62057746	0.62024487	0.0011974647	
