pelvis_tilt.offset              	0.02468098	0.024430317	0.00052357065	
hip_flexion_r.offset            	0.061351336	0.061472974	0.00053109128	
knee_angle_r.offset             	-0.016222984	-0.016127659	0.00061931898	
ankle_angle_r.offset            	-0.050131363	-0.04903079	0.00072003753	
hip_flexion_l.offset            	-0.013007795	-0.013596859	0.0010331016	
knee_angle_l.offset             	0.060941076	0.060505274	0.00077888835	
ankle_angle_l.offset            	0.1816163	0.18093124	0.00075288434	
stance_load_threshold           	0.14583462	0.14515981	0.00077400415	
S00111.tib_ant.KL               	1.2830456	1.2796921	0.012831855	
S00111.tib_ant.L0               	0.72841274	0.72713797	0.0015152011	
S00111.tib_ant.KS               	0.000173	0.0001641501	0.00048621181	
S11000.tib_ant.KL               	1.1443729	1.163126	0.0077087448	
S11000.tib_ant.L0               	0.75390969	0.7530295	0.001145269	
S11000.tib_ant.KS               	0.037100734	0.036570074	0.0006657449	
S11111.tib_ant-soleus.KF        	-0.11384713	-0.11458504	0.0011611591	
S00111.soleus-tib_ant.KS        	-0.88393299	-0.89115903	0.013233406	
S11000.soleus-tib_ant.KS        	-3.4230449	-3.4247862	0.01807543	
S00111.gastroc-tib_ant.KS       	-0.33367233	-0.3338388	0.011881764	
S11000.gastroc-tib_ant.KS       	-1.6044581	-1.6192914	0.014336212	
S00111.tib_ant-gastroc.KS       	-0.00357534	-0.0037075332	0.096210749	
S11000.tib_ant-gastroc.KS       	-0.00366451	-0.0035193706	0.094036564	
S00111.tib_ant-soleus.KS        	-0.00313515	-0.0032902978	0.0987653	
S11000.tib_ant-soleus.KS        	-0.0034666	-0.0032564079	0.094569769	
S00111.gastroc.KL               	0.07523758	0.080072983	0.012093938	
S00111.gastroc.L0               	0.81265512	0.81163115	0.0059026364	
S00111.gastroc.KF               	1.414733	1.4138044	0.00074687196	
S00111.soleus.KL                	4.1146495	4.0917221	0.01329143	
S00111.soleus.L0                	0.95785799	0.95181762	0.0034164676	
S00111.soleus.KF                	0.22533406	0.22523272	0.0011100968	
S11000.gastroc.KL               	0.00925153	0.0089549561	0.0095971513	
S11000.gastroc.L0               	0.50566698	0.50751003	0.0060943022	
S11000.gastroc.KF               	-1.9071362	-1.8876472	0.014695598	
S11000.soleus.KL                	0.78188989	0.7782753	0.023505462	
S11000.soleus.L0                	0.90540694	0.8977878	0.0058434116	
S11000.soleus.KF                	-0.87078915	-0.91182716	0.022305371	
S00011.vasti.KF                 	0.8569852	0.85917749	0.0029852846	
S00011.vasti.C0                 	0.087614309	0.08822905	0.00064841358	
S00011.vasti-knee_angle.pos_max 	-0.29775488	-0.29846575	0.001120838	
S00011.hamstrings-pelvis_tilt.KP	0.67910771	0.70364233	0.012044221	
S00011.hamstrings-pelvis_tilt.KV	0.55984262	0.55991953	0.00067650324	
S00011.hamstrings-pelvis_tilt.C0	0.027032456	0.02650425	0.0012294635	
S00011.glut_max-pelvis_tilt.KP  	1.4574044	1.4616987	0.010510997	
S00011.glut_max-pelvis_tilt.KV  	0.30644613	0.30720529	0.00067990466	
S00011.glut_max-pelvis_tilt.C0  	0.16177183	0.16244035	0.0011100542	
S00011.iliopsoas-pelvis_tilt.KP 	-3.5467966	-3.5366006	0.017782734	
S00011.iliopsoas-pelvis_tilt.KV 	-0.54595597	-0.54519953	0.00080373155	
S00011.iliopsoas-pelvis_tilt.C0 	0.31657804	0.31912057	0.0017722531	
S00100.iliopsoas.C0             	0.32564594	0.32610338	0.00098594686	
S00100.glut_max.C0              	-0.024536223	-0.025170513	0.00066876222	
S11000.iliopsoas.KL             	0.55257973	0.55333624	0.00082608209	
S11000.iliopsoas.L0             	0.40755585	0.40665639	0.00097209555	
S11000.iliopsoas-pelvis_tilt.P0 	-0.042393417	-0.043092962	0.00069796831	
S11000.iliopsoas-pelvis_tilt.KP 	0.011781367	0.011202392	0.0038672299	
S11000.iliopsoas-pelvis_tilt.KV 	0.1428713	0.14387247	0.0008376664	
S11000.iliopsoas-hamstrings.KL  	-7.9806707	-8.0021623	0.030173793	
S11000.iliopsoas-hamstrings.L0  	1.1576111	1.1588676	0.00068882521	
S11000.hamstrings.KF            	0.57141524	0.57208422	0.00068381235	
S11000.glut_max.KF              	0.60770933	0.6078199	0.00079042604	
