pelvis_tilt.offset              	0.025289494	0.025009983	0.00017657888	
hip_flexion_r.offset            	0.063136497	0.063198718	0.00018482753	
knee_angle_r.offset             	-0.016478609	-0.016518977	0.00020452224	
ankle_angle_r.offset            	-0.047205565	-0.047233872	0.00024471581	
hip_flexion_l.offset            	-0.015815611	-0.015747528	0.00035887783	
knee_angle_l.offset             	0.064916447	0.064541711	0.0002809031	
ankle_angle_l.offset            	0.17880742	0.17922714	0.00025687469	
stance_load_threshold           	0.14535863	0.14506785	0.00024969386	
S00111.tib_ant.KL               	1.2843467	1.2732792	0.0042858901	
S00111.tib_ant.L0               	0.72759856	0.72779062	0.00049647608	
S00111.tib_ant.KS               	0.000173	0.00016546201	0.00013221509	
S11000.tib_ant.KL               	1.1499758	1.1496315	0.0025801667	
S11000.tib_ant.L0               	0.75476492	0.75451069	0.00039004344	
S11000.tib_ant.KS               	0.036734081	0.036900215	0.0002215107	
S11111.tib_ant-soleus.KF        	-0.1148653	-0.11477417	0.00038377005	
S00111.soleus-tib_ant.KS        	-0.89402901	-0.89272676	0.0037682267	
S11000.soleus-tib_ant.KS        	-3.3992561	-3.3999589	0.0059437906	
S00111.gastroc-tib_ant.KS       	-0.32887341	-0.32663053	0.0036543975	
S11000.gastroc-tib_ant.KS       	-1.6283078	-1.6271001	0.004612358	
S00111.tib_ant-gastroc.KS       	-0.00395169	-0.0036510104	0.026153295	
S11000.tib_ant-gastroc.KS       	-0.00366451	-0.0035099013	0.025562274	
S00111.tib_ant-soleus.KS        	-0.00346517	-0.0033273351	0.02684768	
S11000.tib_ant-soleus.KS        	-0.0034666	-0.003242847	0.0257072	
S00111.gastroc.KL               	0.079047699	0.080692953	0.0035194768	
S00111.gastroc.L0               	0.82478748	0.82135408	0.0019840365	
S00111.gastroc.KF               	1.4139396	1.4135697	0.00024785186	
S00111.soleus.KL                	4.1157553	4.1142452	0.0046511588	
S00111.soleus.L0                	0.94974392	0.95047165	0.0011221667	
S00111.soleus.KF                	0.22221274	0.22185225	0.00038977777	
S11000.gastroc.KL               	0.00925153	0.0088125978	0.0026152498	
S11000.gastroc.L0               	0.50602197	0.50558876	0.0019791632	
S11000.gastroc.KF               	-1.8884542	-1.8932347	0.0049020452	
S11000.soleus.KL                	0.80474546	0.81431103	0.0077855211	
S11000.soleus.L0                	0.90773926	0.90397793	0.0019982734	
S11000.soleus.KF                	-0.92558479	-0.91664954	0.0075399373	
S00011.vasti.KF                 	0.86097617	0.86046578	0.00086238556	
S00011.vasti.C0                 	0.088079316	0.0882318	0.00018857917	
S00011.vasti-knee_angle.pos_max 	-0.29865773	-0.29862333	0.00037014141	
S00011.hamstrings-pelvis_tilt.KP	0.68374334	0.68572692	0.004077198	
S00011.hamstrings-pelvis_tilt.KV	0.56127317	0.56101364	0.00022589111	
S00011.hamstrings-pelvis_tilt.C0	0.026417636	0.026778178	0.00039410711	
S00011.glut_max-pelvis_tilt.KP  	1.4859437	1.4827689	0.0035853288	
S00011.glut_max-pelvis_tilt.KV  	0.30280425	0.30311094	0.00025264705	
S00011.glut_max-pelvis_tilt.C0  	0.15922461	0.15943882	0.00038691013	
S00011.iliopsoas-pelvis_tilt.KP 	-3.5404123	-3.548602	0.0059250383	
S00011.iliopsoas-pelvis_tilt.KV 	-0.54563451	-0.54520907	0.0002703116	
S00011.iliopsoas-pelvis_tilt.C0 	0.31656556	0.31591678	0.00056621023	
S00100.iliopsoas.C0             	0.32340005	0.32289561	0.00033925076	
S00100.glut_max.C0              	-0.024248784	-0.024240955	0.00021868208	
S11000.iliopsoas.KL             	0.55158096	0.55183188	0.00028113692	
S11000.iliopsoas.L0             	0.41037989	0.40955369	0.00033782249	
S11000.iliopsoas-pelvis_tilt.P0 	-0.042664581	-0.042604201	0.000231342	
S11000.iliopsoas-pelvis_tilt.KP 	0.01196527	0.011440096	0.0010732483	
S11000.iliopsoas-pelvis_tilt.KV 	0.14782473	0.14766129	0.00030367478	
S11000.iliopsoas-hamstrings.KL  	-7.8939789	-7.8997544	0.01038926	
S11000.iliopsoas-hamstrings.L0  	1.1577976	1.1574235	0.00023740173	
S11000.hamstrings.KF            	0.57155088	0.57163177	0.00023218518	
S11000.glut_max.KF              	0.60467892	0.60479393	0.00028165629	
