pelvis_tilt.offset              	0.025133786	0.025162859	9.1680796e-05	
hip_flexion_r.offset            	0.063074665	0.063173155	9.6626814e-05	
knee_angle_r.offset             	-0.016534173	-0.016637184	0.00010664439	
ankle_angle_r.offset            	-0.047522195	-0.047569676	0.0001288257	
hip_flexion_l.offset            	-0.015887972	-0.015668669	0.00018730333	
knee_angle_l.offset             	0.064894916	0.064821888	0.00014829425	
ankle_angle_l.offset            	0.17903111	0.17895573	0.0001352499	
stance_load_threshold           	0.14477131	0.14481498	0.00012955973	
S00111.tib_ant.KL               	1.2724844	1.2725675	0.0022532691	
S00111.tib_ant.L0               	0.72802079	0.72820861	0.00025830148	
S00111.tib_ant.KS               	0.000173	0.00016519041	6.5191365e-05	
S11000.tib_ant.KL               	1.1463014	1.1462193	0.0013794136	
S11000.tib_ant.L0               	0.75463397	0.75481175	0.00020599824	
S11000.tib_ant.KS               	0.036575685	0.036606961	0.00011599532	
S11111.tib_ant-soleus.KF        	-0.11429963	-0.11453854	0.00020041108	
S00111.soleus-tib_ant.KS        	-0.89402901	-0.89306957	0.0019041064	
S11000.soleus-tib_ant.KS        	-3.4018676	-3.4009178	0.0031000284	
S00111.gastroc-tib_ant.KS       	-0.32171493	-0.32521655	0.0018950095	
S11000.gastroc-tib_ant.KS       	-1.6252947	-1.6243145	0.0023812017	
S00111.tib_ant-gastroc.KS       	-0.00357534	-0.0036575157	0.012888924	
S11000.tib_ant-gastroc.KS       	-0.00331551	-0.0034017919	0.012597639	
S00111.tib_ant-soleus.KS        	-0.00346517	-0.0033294537	0.013231103	
S11000.tib_ant-soleus.KS        	-0.0034666	-0.0033854477	0.012669054	
S00111.gastroc.KL               	0.075883577	0.079512632	0.0018143082	
S00111.gastroc.L0               	0.82196624	0.82224336	0.0010369364	
S00111.gastroc.KF               	1.413959	1.4139208	0.00013081041	
S00111.soleus.KL                	4.1101149	4.1142042	0.0024213637	
S00111.soleus.L0                	0.95006393	0.94973031	0.0005827677	
S00111.soleus.KF                	0.22154128	0.22163867	0.00020392163	
S11000.gastroc.KL               	0.00925153	0.0088185302	0.0012935342	
S11000.gastroc.L0               	0.50785962	0.50678768	0.0010451461	
S11000.gastroc.KF               	-1.8940296	-1.8927153	0.0025846655	
S11000.soleus.KL                	0.80832003	0.805589	0.0040617281	
S11000.soleus.L0                	0.90455521	0.90551257	0.0010635778	
S11000.soleus.KF                	-0.90560071	-0.90498415	0.0040297781	
S00011.vasti.KF                 	0.86097617	0.8606639	0.00044142101	
S00011.vasti.C0                 	0.088212072	0.088182455	9.6697465e-05	
S00011.vasti-knee_angle.pos_max 	-0.29900937	-0.29898589	0.00019547124	
S00011.hamstrings-pelvis_tilt.KP	0.67853416	0.67964905	0.0021379975	
S00011.hamstrings-pelvis_tilt.KV	0.56143274	0.56134363	0.00011891925	
S00011.hamstrings-pelvis_tilt.C0	0.027141742	0.027035953	0.00020611582	
S00011.glut_max-pelvis_tilt.KP  	1.4861484	1.48562	0.0018784281	
S00011.glut_max-pelvis_tilt.KV  	0.30339329	0.30328663	0.00013270248	
S00011.glut_max-pelvis_tilt.C0  	0.15972713	0.15964408	0.00020335913	
S00011.iliopsoas-pelvis_tilt.KP 	-3.5581519	-3.5537051	0.0031105925	
S00011.iliopsoas-pelvis_tilt.KV 	-0.54552407	-0.54551278	0.00014152525	
S00011.iliopsoas-pelvis_tilt.C0 	0.31570612	0.31550546	0.00029090975	
S00100.iliopsoas.C0             	0.32277655	0.32266828	0.00017840918	
S00100.glut_max.C0              	-0.024009424	-0.023851894	0.00011441336	
S11000.iliopsoas.KL             	0.55186817	0.55174693	0.00014824771	
S11000.iliopsoas.L0             	0.41042768	0.41033324	0.0001774164	
S11000.iliopsoas-pelvis_tilt.P0 	-0.042015597	-0.042193702	0.00012197044	
S11000.iliopsoas-pelvis_tilt.KP 	0.01196527	0.011358823	0.00053955824	
S11000.iliopsoas-pelvis_tilt.KV 	0.14805139	0.14805389	0.00016121059	
S11000.iliopsoas-hamstrings.KL  	-7.8949313	-7.8870041	0.0054987199	
S11000.iliopsoas-hamstrings.L0  	1.157386	1.1574942	0.00012444318	
S11000.hamstrings.KF            	0.57227215	0.57203414	0.00012215023	
S11000.glut_max.KF              	0.60521185	0.60486782	0.00014749145	
