pelvis_tilt.offset              	0.025611635	0.025612102	2.8030364e-05	
hip_flexion_r.offset            	0.06273809	0.062742667	2.9353146e-05	
knee_angle_r.offset             	-0.016889489	-0.016895542	3.1219825e-05	
ankle_angle_r.offset            	-0.047291393	-0.047280104	3.8916177e-05	
hip_flexion_l.offset            	-0.016128965	-0.016085384	5.5512123e-05	
knee_angle_l.offset             	0.064897129	0.064876084	4.437447e-05	
ankle_angle_l.offset            	0.17886429	0.17889169	3.9461682e-05	
stance_load_threshold           	0.14494176	0.14497453	3.8209716e-05	
S00111.tib_ant.KL               	1.2779553	1.2777621	0.00067987898	
S00111.tib_ant.L0               	0.727533	0.72760443	7.6580616e-05	
S00111.tib_ant.KS               	0.00016274764	0.00016522408	1.5377131e-05	
S11000.tib_ant.KL               	1.1458409	1.1459667	0.00041208992	
S11000.tib_ant.L0               	0.75514677	0.75508933	6.0890988e-05	
S11000.tib_ant.KS               	0.036724466	0.036689156	3.4808762e-05	
S11111.tib_ant-soleus.KF        	-0.11416093	-0.11417165	5.8653423e-05	
S00111.soleus-tib_ant.KS        	-0.89186491	-0.89158555	0.00051353578	
S11000.soleus-tib_ant.KS        	-3.4017822	-3.4014649	0.00092228128	
S00111.gastroc-tib_ant.KS       	-0.32375466	-0.32366165	0.00053935133	
S11000.gastroc-tib_ant.KS       	-1.6274751	-1.6273117	0.00069790383	
S00111.tib_ant-gastroc.KS       	-0.00395169	-0.0038054021	0.0029892882	
S11000.tib_ant-gastroc.KS       	-0.00331551	-0.003427404	0.0029216468	
S00111.tib_ant-soleus.KS        	-0.00346517	-0.0032386043	0.0030684164	
S11000.tib_ant-soleus.KS        	-0.00313645	-0.0032157072	0.0029381054	
S00111.gastroc.KL               	0.082133211	0.082541546	0.0005252298	
S00111.gastroc.L0               	0.81984187	0.81959691	0.00030393962	
S00111.gastroc.KF               	1.4135269	1.4135603	3.9033586e-05	
S00111.soleus.KL                	4.1210852	4.1211344	0.00075325144	
S00111.soleus.L0                	0.95041165	0.95016563	0.00016733836	
S00111.soleus.KF                	0.22153947	0.2215769	6.0017513e-05	
S11000.gastroc.KL               	0.0085485094	0.0087141809	0.00032330358	
S11000.gastroc.L0               	0.50639367	0.50612351	0.00030640671	
S11000.gastroc.KF               	-1.8873194	-1.8873068	0.0007594945	
S11000.soleus.KL                	0.80955797	0.81003426	0.0011998725	
S11000.soleus.L0                	0.90164298	0.90221263	0.00031869274	
S11000.soleus.KF                	-0.89977972	-0.90013055	0.0012143182	
S00011.vasti.KF                 	0.86077575	0.86082884	0.00012022539	
S00011.vasti.C0                 	0.08827557	0.08830564	2.5673884e-05	
S00011.vasti-knee_angle.pos_max 	-0.2990292	-0.29901604	5.673647e-05	
S00011.hamstrings-pelvis_tilt.KP	0.67451689	0.6752106	0.00064722144	
S00011.hamstrings-pelvis_tilt.KV	0.56132395	0.56134325	3.5746742e-05	
S00011.hamstrings-pelvis_tilt.C0	0.02692012	0.026888408	6.170142e-05	
S00011.glut_max-pelvis_tilt.KP  	1.4795892	1.48001	0.00056132422	
S00011.glut_max-pelvis_tilt.KV  	0.30312036	0.30311513	3.8492943e-05	
S00011.glut_max-pelvis_tilt.C0  	0.16028224	0.16008942	6.0399367e-05	
S00011.iliopsoas-pelvis_tilt.KP 	-3.556079	-3.5555276	0.00091103888	
S00011.iliopsoas-pelvis_tilt.KV 	-0.54569507	-0.54564661	4.1656696e-05	
S00011.iliopsoas-pelvis_tilt.C0 	0.31545883	0.31540489	8.3918895e-05	
S00100.iliopsoas.C0             	0.32191319	0.32195177	5.3658511e-05	
S00100.glut_max.C0              	-0.023825061	-0.023853683	3.3983559e-05	
S11000.iliopsoas.KL             	0.55109466	0.55113949	4.5527935e-05	
S11000.iliopsoas.L0             	0.41036526	0.41030577	4.8339489e-05	
S11000.iliopsoas-pelvis_tilt.P0 	-0.042143794	-0.042119717	3.5276505e-05	
S11000.iliopsoas-pelvis_tilt.KP 	0.011711955	0.011679913	0.00014856953	
S11000.iliopsoas-pelvis_tilt.KV 	0.14777857	0.14782703	4.7076117e-05	
S11000.iliopsoas-hamstrings.KL  	-7.8889708	-7.8902287	0.001605013	
S11000.iliopsoas-hamstrings.L0  	1.1568716	1.1569931	3.742445e-05	
S11000.hamstrings.KF            	0.57221055	0.57221834	3.7148859e-05	
S11000.glut_max.KF              	0.60462469	0.60465864	4.3115033e-05	
