pelvis_tilt.offset              	0.025550439	0.025614026	2.7210924e-05	
hip_flexion_r.offset            	0.062712594	0.062746229	2.8469907e-05	
knee_angle_r.offset             	-0.016960251	-0.016909682	3.0353145e-05	
ankle_angle_r.offset            	-0.047320045	-0.04728593	3.7693577e-05	
hip_flexion_l.offset            	-0.015991746	-0.016030477	5.4260968e-05	
knee_angle_l.offset             	0.064840906	0.064838016	4.3039448e-05	
ankle_angle_l.offset            	0.17888697	0.17889348	3.8284229e-05	
stance_load_threshold           	0.14496969	0.14491087	3.7136776e-05	
S00111.tib_ant.KL               	1.2785224	1.2778062	0.00065742271	
S00111.tib_ant.L0               	0.72748311	0.72756929	7.4411361e-05	
S00111.tib_ant.KS               	0.00015663634	0.00016182967	1.4765425e-05	
S11000.tib_ant.KL               	1.1455652	1.1458338	0.0004004946	
S11000.tib_ant.L0               	0.75507733	0.75507562	5.896864e-05	
S11000.tib_ant.KS               	0.036715787	0.036672989	3.379651e-05	
S11111.tib_ant-soleus.KF        	-0.11422012	-0.11426358	5.7009284e-05	
S00111.soleus-tib_ant.KS        	-0.89180758	-0.89156393	0.00049821998	
S11000.soleus-tib_ant.KS        	-3.4016704	-3.4019053	0.0008921003	
S00111.gastroc-tib_ant.KS       	-0.32393879	-0.32334851	0.00052186449	
S11000.gastroc-tib_ant.KS       	-1.6262625	-1.6268844	0.00067723407	
S00111.tib_ant-gastroc.KS       	-0.00357534	-0.0038009078	0.0028623465	
S11000.tib_ant-gastroc.KS       	-0.00331551	-0.0034493581	0.0027975512	
S00111.tib_ant-soleus.KS        	-0.00313515	-0.0032941189	0.002938059	
S11000.tib_ant-soleus.KS        	-0.00313645	-0.0033293792	0.0028133016	
S00111.gastroc.KL               	0.082915199	0.082469312	0.00050878975	
S00111.gastroc.L0               	0.81988237	0.8196611	0.00029460768	
S00111.gastroc.KF               	1.4136319	1.4135827	3.7989319e-05	
S00111.soleus.KL                	4.1208175	4.1207063	0.00073277417	
S00111.soleus.L0                	0.95010541	0.950107	0.00016220523	
S00111.soleus.KF                	0.22165385	0.22163271	5.8142619e-05	
S11000.gastroc.KL               	0.0083742445	0.0089005596	0.00031180437	
S11000.gastroc.L0               	0.50627408	0.50607216	0.00029641807	
S11000.gastroc.KF               	-1.8879988	-1.8875578	0.00073792607	
S11000.soleus.KL                	0.80912199	0.81038636	0.0011597714	
S11000.soleus.L0                	0.90224608	0.90215613	0.00030903518	
S11000.soleus.KF                	-0.90037593	-0.89988655	0.0011743884	
S00011.vasti.KF                 	0.86067828	0.86086251	0.00011645853	
S00011.vasti.C0                 	0.088327325	0.088303954	2.4877658e-05	
S00011.vasti-knee_angle.pos_max 	-0.29892125	-0.29901322	5.5041935e-05	
S00011.hamstrings-pelvis_tilt.KP	0.67560044	0.67610965	0.00062994931	
S00011.hamstrings-pelvis_tilt.KV	0.56132772	0.56131882	3.4805758e-05	
S00011.hamstrings-pelvis_tilt.C0	0.026821548	0.026859345	5.9476721e-05	
S00011.glut_max-pelvis_tilt.KP  	1.4797668	1.4795905	0.00054409894	
S00011.glut_max-pelvis_tilt.KV  	0.30310172	0.30310926	3.7325924e-05	
S00011.glut_max-pelvis_tilt.C0  	0.16004894	0.16012138	5.9005644e-05	
S00011.iliopsoas-pelvis_tilt.KP 	-3.5559161	-3.5553687	0.00088305457	
S00011.iliopsoas-pelvis_tilt.KV 	-0.54569667	-0.54567302	4.0257741e-05	
S00011.iliopsoas-pelvis_tilt.C0 	0.31538112	0.31535684	8.1256858e-05	
S00100.iliopsoas.C0             	0.32191471	0.32197025	5.2217069e-05	
S00100.glut_max.C0              	-0.023805575	-0.023855873	3.2940625e-05	
S11000.iliopsoas.KL             	0.55107701	0.55111653	4.4348656e-05	
S11000.iliopsoas.L0             	0.41033249	0.41036202	4.6902563e-05	
S11000.iliopsoas-pelvis_tilt.P0 	-0.042106934	-0.042146085	3.4201413e-05	
S11000.iliopsoas-pelvis_tilt.KP 	0.011722602	0.011719383	0.00014484408	
S11000.iliopsoas-pelvis_tilt.KV 	0.14773041	0.1477768	4.595046e-05	
S11000.iliopsoas-hamstrings.KL  	-7.8876517	-7.8890055	0.0015532906	
S11000.iliopsoas-hamstrings.L0  	1.1569343	1.156972	3.6436092e-05	
S11000.hamstrings.KF            	0.57223404	0.57223556	3.6218844e-05	
S11000.glut_max.KF              	0.6046766	0.60467633	4.1984634e-05	
