pelvis_tilt.offset              	0.022841011	0.022724663	0.00062673974	
hip_flexion_r.offset            	0.07043861	0.071028868	0.00058962449	
knee_angle_r.offset             	0.00016964752	0.00063421634	0.00064493058	
ankle_angle_r.offset            	-0.058110602	-0.058323396	0.00084466154	
hip_flexion_l.offset            	-0.010352622	-0.0091551048	0.0012057883	
knee_angle_l.offset             	0.054949474	0.053528741	0.00092487687	
ankle_angle_l.offset            	0.18378449	0.18509024	0.0008934541	
stance_load_threshold           	0.14924813	0.1481806	0.00097788016	
S00111.tib_ant.KL               	1.2466589	1.2314439	0.016042749	
S00111.tib_ant.L0               	0.74941135	0.7503641	0.0017697203	
S00111.tib_ant.KS               	0.000173	0.00017004458	0.00064316456	
S11000.tib_ant.KL               	1.2376539	1.2237815	0.0091465425	
S11000.tib_ant.L0               	0.7317647	0.73372423	0.001348581	
S11000.tib_ant.KS               	0.034676365	0.035651674	0.00083321056	
S11111.tib_ant-soleus.KF        	-0.10898001	-0.11183587	0.0014481316	
S00111.soleus-tib_ant.KS        	-0.86417337	-0.87991162	0.017913666	
S00111.gastroc-tib_ant.KS       	-0.32285726	-0.32503567	0.015121153	
S11000.soleus-tib_ant.KS        	-3.2483028	-3.2698498	0.021223686	
S11000.gastroc-tib_ant.KS       	-1.6894758	-1.7007072	0.017753024	
S00111.tib_ant-soleus.KS        	-0.00346517	-0.003255693	0.13064877	
S00111.tib_ant-gastroc.KS       	-0.00395169	-0.0037451305	0.12726955	
S11000.tib_ant-soleus.KS        	-0.00313645	-0.0033939663	0.12509884	
S11000.tib_ant-gastroc.KS       	-0.00366451	-0.0034879259	0.1243935	
S00111.soleus.KL                	3.924529	3.9206493	0.016068549	
S00111.soleus.L0                	1.0002783	0.99788763	0.0041316306	
S00111.soleus.KF                	0.23275033	0.23346076	0.0013186125	
S00111.soleus.KS                	0.15396269	0.15798053	0.010909343	
S00111.gastroc.KL               	0.07523758	0.080516877	0.015942962	
S00111.gastroc.L0               	0.81565119	0.81165025	0.007038037	
S00111.gastroc.KF               	1.4055661	1.4051743	0.00091044905	
S00111.gastroc.KS               	0.17739288	0.17453103	0.0075012767	
S11000.soleus.KL                	0.77956567	0.79286589	0.029938845	
S11000.soleus.L0                	0.92008892	0.92120461	0.0068382	
S11000.soleus.KF                	-0.92572572	-0.91844615	0.027916463	
S11000.soleus.KS                	0.1022613	0.10820107	0.023615528	
S11000.gastroc.KL               	0.00837043	0.0090703486	0.012694409	
S11000.gastroc.L0               	0.51309881	0.51612411	0.0073498206	
S11000.gastroc.KF               	-1.8011269	-1.7892103	0.017446063	
S11000.gastroc.KS               	0.27230392	0.27108998	0.015322858	
S00011.vasti.KF                 	0.83599435	0.83596502	0.0038103857	
S00011.vasti.C0                 	0.082682724	0.084535301	0.00084937319	
S00011.vasti-knee_angle.pos_max 	-0.30517097	-0.30908243	0.0013240899	
S00011.hamstrings-pelvis_tilt.KP	0.74162866	0.73315232	0.014790058	
S00011.hamstrings-pelvis_tilt.KV	0.56346293	0.56335778	0.00077237911	
S00011.hamstrings-pelvis_tilt.C0	0.02778807	0.026718158	0.0015916327	
S00011.glut_max-pelvis_tilt.KP  	1.4387114	1.459581	0.012399872	
S00011.glut_max-pelvis_tilt.KV  	0.3093363	0.30953515	0.00079883818	
S00011.glut_max-pelvis_tilt.C0  	0.1622816	0.16331883	0.0013141408	
S00011.iliopsoas-pelvis_tilt.KP 	-3.5103004	-3.5130332	0.020987329	
S00011.iliopsoas-pelvis_tilt.KV 	-0.54070925	-0.54206369	0.00094681655	
S00011.iliopsoas-pelvis_tilt.C0 	0.31906304	0.31668126	0.0020884326	
S00100.iliopsoas.C0             	0.33800468	0.33784445	0.0011378825	
S00100.glut_max.C0              	-0.024408058	-0.024274855	0.00084062788	
S11000.iliopsoas.KL             	0.55867072	0.55952444	0.00096892178	
S11000.iliopsoas.L0             	0.39118229	0.3913736	0.0010828354	
S11000.iliopsoas-pelvis_tilt.P0 	-0.045412479	-0.04363545	0.00085067858	
S11000.iliopsoas-pelvis_tilt.KP 	0.01196527	0.011170794	0.0051124824	
S11000.iliopsoas-pelvis_tilt.KV 	0.1430595	0.14369454	0.00099377667	
S11000.iliopsoas-hamstrings.KL  	-8.1467226	-8.2107804	0.035295869	
S11000.iliopsoas-hamstrings.L0  	1.1637022	1.1639515	0.0008084291	
S11000.hamstrings.KF            	0.57177558	0.57108396	0.00078940974	
S11000.glut_max.KF              	0.62083054	0.62173899	0.00087782316	
