pelvis_tilt.offset              	0.023329015	0.022951178	0.00060291489	
hip_flexion_r.offset            	0.070140311	0.070392033	0.00056651585	
knee_angle_r.offset             	0.00028359564	0.00036024596	0.000620151	
ankle_angle_r.offset            	-0.057097836	-0.058146478	0.000808928	
hip_flexion_l.offset            	-0.01028369	-0.0099051906	0.0011612203	
knee_angle_l.offset             	0.054738911	0.054224159	0.00088665042	
ankle_angle_l.offset            	0.18378796	0.18423512	0.00086466288	
stance_load_threshold           	0.14921379	0.14828096	0.00093772379	
S00111.tib_ant.KL               	1.2779858	1.2496831	0.015403251	
S00111.tib_ant.L0               	0.75282855	0.75105636	0.0017083013	
S00111.tib_ant.KS               	0.00015652	0.00016410907	0.00061058085	
S11000.tib_ant.KL               	1.2156191	1.2203906	0.0087730302	
S11000.tib_ant.L0               	0.72845978	0.73160882	0.0013006967	
S11000.tib_ant.KS               	0.036081283	0.035477117	0.00080290337	
S11111.tib_ant-soleus.KF        	-0.11316175	-0.11228029	0.0013892061	
S00111.soleus-tib_ant.KS        	-0.86951179	-0.8726045	0.017152242	
S00111.gastroc-tib_ant.KS       	-0.32171493	-0.32742244	0.0143927	
S11000.soleus-tib_ant.KS        	-3.2533681	-3.266659	0.020356512	
S11000.gastroc-tib_ant.KS       	-1.6972684	-1.6985551	0.017045562	
S00111.tib_ant-soleus.KS        	-0.00313515	-0.0032853568	0.12402962	
S00111.tib_ant-gastroc.KS       	-0.00395169	-0.0036678475	0.12082161	
S11000.tib_ant-soleus.KS        	-0.00313645	-0.0033650935	0.11876087	
S11000.tib_ant-gastroc.KS       	-0.00331551	-0.0035413387	0.11809127	
S00111.soleus.KL                	3.91754	3.9362808	0.015426754	
S00111.soleus.L0                	1.0013929	1.004637	0.003964813	
S00111.soleus.KF                	0.23310472	0.23214577	0.0012682967	
S00111.soleus.KS                	0.14946728	0.15675932	0.0104009	
S00111.gastroc.KL               	0.07523758	0.079687036	0.015145867	
S00111.gastroc.L0               	0.81193466	0.8102689	0.0067341925	
S00111.gastroc.KF               	1.4063152	1.4047323	0.00087574566	
S00111.gastroc.KS               	0.17321004	0.17256168	0.0071561978	
S11000.soleus.KL                	0.76511049	0.80322482	0.028681672	
S11000.soleus.L0                	0.92060037	0.92292742	0.0065691174	
S11000.soleus.KF                	-0.86753488	-0.89499957	0.026744946	
S11000.soleus.KS                	0.11302564	0.10645364	0.022431913	
S11000.gastroc.KL               	0.00925153	0.0087402808	0.01205144	
S11000.gastroc.L0               	0.51599399	0.51559104	0.0070480115	
S11000.gastroc.KF               	-1.7769254	-1.7995206	0.01671275	
S11000.gastroc.KS               	0.27546075	0.26490644	0.014601353	
S00011.vasti.KF                 	0.8356938	0.838579	0.0036630785	
S00011.vasti.C0                 	0.082983034	0.083237599	0.00082349494	
S00011.vasti-knee_angle.pos_max 	-0.30640641	-0.30844234	0.0012740917	
S00011.hamstrings-pelvis_tilt.KP	0.71246497	0.72302594	0.014184323	
S00011.hamstrings-pelvis_tilt.KV	0.56362262	0.56389467	0.00074035357	
S00011.hamstrings-pelvis_tilt.C0	0.025591672	0.026379962	0.0015192294	
S00011.glut_max-pelvis_tilt.KP  	1.4376098	1.4558997	0.011894858	
S00011.glut_max-pelvis_tilt.KV  	0.30981509	0.30933499	0.00076630637	
S00011.glut_max-pelvis_tilt.C0  	0.16434575	0.16487509	0.0012669795	
S00011.iliopsoas-pelvis_tilt.KP 	-3.4925857	-3.4921188	0.020175962	
S00011.iliopsoas-pelvis_tilt.KV 	-0.54208	-0.54133897	0.00091135656	
S00011.iliopsoas-pelvis_tilt.C0 	0.31696345	0.31890162	0.0020054431	
S00100.iliopsoas.C0             	0.3391519	0.33884278	0.0010960474	
S00100.glut_max.C0              	-0.023701343	-0.023985542	0.0008052389	
S11000.iliopsoas.KL             	0.5599706	0.55959775	0.00093191482	
S11000.iliopsoas.L0             	0.39005424	0.39169284	0.0010386473	
S11000.iliopsoas-pelvis_tilt.P0 	-0.044542673	-0.043767002	0.00081654019	
S11000.iliopsoas-pelvis_tilt.KP 	0.01082572	0.011567195	0.0048542042	
S11000.iliopsoas-pelvis_tilt.KV 	0.14344152	0.14341283	0.00095443052	
S11000.iliopsoas-hamstrings.KL  	-8.2104813	-8.2048623	0.03384364	
S11000.iliopsoas-hamstrings.L0  	1.1638371	1.1637494	0.00077530155	
S11000.hamstrings.KF            	0.56971745	0.5705287	0.00076050852	
S11000.glut_max.KF              	0.61984341	0.62018054	0.00084354937	
