pelvis_tilt.offset              	0.023020625	0.023439278	0.00052124563	
hip_flexion_r.offset            	0.07042378	0.070580302	0.00048926658	
knee_angle_r.offset             	-0.00012785576	0.00019017258	0.00053524155	
ankle_angle_r.offset            	-0.05866744	-0.058286428	0.0007004494	
hip_flexion_l.offset            	-0.012261125	-0.011303806	0.0010071662	
knee_angle_l.offset             	0.054541032	0.054223841	0.00076476838	
ankle_angle_l.offset            	0.18509666	0.18384065	0.00075176189	
stance_load_threshold           	0.14770056	0.14815313	0.00080963863	
S00111.tib_ant.KL               	1.281236	1.2664714	0.013341653	
S00111.tib_ant.L0               	0.75206243	0.75042705	0.0014808445	
S00111.tib_ant.KS               	0.00015652	0.00016441068	0.00052007677	
S11000.tib_ant.KL               	1.2393906	1.2215617	0.0075946243	
S11000.tib_ant.L0               	0.73184903	0.73205894	0.0011314464	
S11000.tib_ant.KS               	0.03654532	0.035579227	0.00069330163	
S11111.tib_ant-soleus.KF        	-0.11263559	-0.11198477	0.0012022854	
S00111.soleus-tib_ant.KS        	-0.84914539	-0.86565103	0.014798383	
S00111.gastroc-tib_ant.KS       	-0.32171493	-0.32418994	0.012303796	
S11000.soleus-tib_ant.KS        	-3.2313017	-3.253856	0.017544421	
S11000.gastroc-tib_ant.KS       	-1.7137457	-1.6901704	0.014707665	
S00111.tib_ant-soleus.KS        	-0.00313515	-0.0032485606	0.10564486	
S00111.tib_ant-gastroc.KS       	-0.00395169	-0.0037184198	0.10291237	
S11000.tib_ant-soleus.KS        	-0.00313645	-0.0033833618	0.10115709	
S11000.tib_ant-gastroc.KS       	-0.00331551	-0.0034665917	0.10058674	
S00111.soleus.KL                	3.9351737	3.9277386	0.013324949	
S00111.soleus.L0                	1.0095929	1.0063444	0.0034180948	
S00111.soleus.KF                	0.23210555	0.23282099	0.0010992643	
S00111.soleus.KS                	0.16520068	0.16095936	0.0089037605	
S00111.gastroc.KL               	0.07523758	0.079054816	0.012914674	
S00111.gastroc.L0               	0.80706024	0.80484234	0.0058010212	
S00111.gastroc.KF               	1.4040357	1.404893	0.00075922836	
S00111.gastroc.KS               	0.16703769	0.17260552	0.0061386443	
S11000.soleus.KL                	0.78600969	0.79711793	0.024676238	
S11000.soleus.L0                	0.9259955	0.92545914	0.0056646781	
S11000.soleus.KF                	-0.92608045	-0.91483726	0.023065016	
S11000.soleus.KS                	0.10236411	0.10598905	0.019122561	
S11000.gastroc.KL               	0.00925153	0.0088032571	0.010265276	
S11000.gastroc.L0               	0.52319246	0.51499136	0.0060655205	
S11000.gastroc.KF               	-1.805762	-1.7847683	0.014474615	
S11000.gastroc.KS               	0.25231886	0.26061583	0.012530547	
S00011.vasti.KF                 	0.83432594	0.84015134	0.0031570145	
S00011.vasti.C0                 	0.083808808	0.083059885	0.00071226409	
S00011.vasti-knee_angle.pos_max 	-0.30864018	-0.30872967	0.0010998906	
S00011.hamstrings-pelvis_tilt.KP	0.71993168	0.72586858	0.012188345	
S00011.hamstrings-pelvis_tilt.KV	0.56345858	0.56361118	0.00063816232	
S00011.hamstrings-pelvis_tilt.C0	0.026613357	0.026456265	0.0013025873	
S00011.glut_max-pelvis_tilt.KP  	1.4520668	1.4497997	0.010254863	
S00011.glut_max-pelvis_tilt.KV  	0.31110638	0.30996757	0.00066246665	
S00011.glut_max-pelvis_tilt.C0  	0.16541468	0.16578103	0.0011025469	
S00011.iliopsoas-pelvis_tilt.KP 	-3.4936679	-3.4856775	0.017397267	
S00011.iliopsoas-pelvis_tilt.KV 	-0.54066779	-0.54160863	0.00078487089	
S00011.iliopsoas-pelvis_tilt.C0 	0.31911558	0.31747859	0.0017303107	
S00100.iliopsoas.C0             	0.33934953	0.33944599	0.00094808754	
S00100.glut_max.C0              	-0.024499049	-0.024017243	0.00069217151	
S11000.iliopsoas.KL             	0.55992796	0.55986453	0.0008041184	
S11000.iliopsoas.L0             	0.3912525	0.3910713	0.00089670319	
S11000.iliopsoas-pelvis_tilt.P0 	-0.043181763	-0.043557215	0.00070420991	
S11000.iliopsoas-pelvis_tilt.KP 	0.01196527	0.011616923	0.0041355483	
S11000.iliopsoas-pelvis_tilt.KV 	0.14311378	0.14303149	0.00082426811	
S11000.iliopsoas-hamstrings.KL  	-8.232233	-8.1934013	0.029351507	
S11000.iliopsoas-hamstrings.L0  	1.1639896	1.1639545	0.00066878166	
S11000.hamstrings.KF            	0.57077739	0.57037515	0.00065904811	
S11000.glut_max.KF              	0.6205631	0.62015959	0.00072973919	
