pelvis_tilt.offset              	0.024345466	0.024136831	0.0003313871	
hip_flexion_r.offset            	0.070152322	0.070122658	0.00030991787	
knee_angle_r.offset             	-4.7584166e-05	-0.00014926894	0.00033900491	
ankle_angle_r.offset            	-0.057694806	-0.058075595	0.00044182136	
hip_flexion_l.offset            	-0.011526892	-0.011089242	0.00064888871	
knee_angle_l.offset             	0.054031486	0.054021259	0.00048555768	
ankle_angle_l.offset            	0.18416714	0.18398463	0.00047586785	
stance_load_threshold           	0.14785419	0.14770352	0.00051230986	
S00111.tib_ant.KL               	1.2692894	1.2847901	0.0084719792	
S00111.tib_ant.L0               	0.75243043	0.75191564	0.00092925721	
S00111.tib_ant.KS               	0.000173	0.00016674375	0.00031408948	
S11000.tib_ant.KL               	1.2182088	1.224045	0.004786253	
S11000.tib_ant.L0               	0.72978204	0.73004809	0.00071765987	
S11000.tib_ant.KS               	0.03515205	0.03595784	0.00043530227	
S11111.tib_ant-soleus.KF        	-0.11021388	-0.11073015	0.00076122073	
S00111.soleus-tib_ant.KS        	-0.85223168	-0.85187204	0.0093464832	
S00111.gastroc-tib_ant.KS       	-0.33420075	-0.32666989	0.0075351155	
S11000.soleus-tib_ant.KS        	-3.2519986	-3.2712231	0.011099612	
S11000.gastroc-tib_ant.KS       	-1.68113	-1.6933673	0.0093588668	
S00111.tib_ant-soleus.KS        	-0.00346517	-0.0033250394	0.063800769	
S00111.tib_ant-gastroc.KS       	-0.00395169	-0.0037046717	0.062150575	
S11000.tib_ant-soleus.KS        	-0.0034666	-0.0032902909	0.061090526	
S11000.tib_ant-gastroc.KS       	-0.00331551	-0.003428403	0.060746085	
S00111.soleus.KL                	3.9211891	3.921755	0.0083829666	
S00111.soleus.L0                	1.0020621	1.0024141	0.0021462815	
S00111.soleus.KF                	0.23201391	0.23206285	0.00069207769	
S00111.soleus.KS                	0.14992903	0.15315036	0.0055141655	
S00111.gastroc.KL               	0.08315732	0.076273638	0.0078465728	
S00111.gastroc.L0               	0.80427176	0.80374979	0.00364743	
S00111.gastroc.KF               	1.4050704	1.4050538	0.00048308836	
S00111.gastroc.KS               	0.17029028	0.17455363	0.0037766331	
S11000.soleus.KL                	0.80329371	0.79846167	0.015487407	
S11000.soleus.L0                	0.92039928	0.92711015	0.0035880921	
S11000.soleus.KF                	-0.93955585	-0.93351349	0.014495854	
S11000.soleus.KS                	0.1022613	0.10963148	0.011599928	
S11000.gastroc.KL               	0.00837043	0.0085617466	0.0062002424	
S11000.gastroc.L0               	0.51717063	0.5152711	0.003809822	
S11000.gastroc.KF               	-1.7664135	-1.7697717	0.0091700476	
S11000.gastroc.KS               	0.26288824	0.26161237	0.0078063803	
S00011.vasti.KF                 	0.84098235	0.83801225	0.00197376	
S00011.vasti.C0                 	0.082499099	0.082090851	0.00044918448	
S00011.vasti-knee_angle.pos_max 	-0.30862968	-0.3087991	0.00069767567	
S00011.hamstrings-pelvis_tilt.KP	0.72886958	0.72137394	0.0077306863	
S00011.hamstrings-pelvis_tilt.KV	0.56436318	0.5636872	0.00040403164	
S00011.hamstrings-pelvis_tilt.C0	0.02707148	0.026671713	0.00080979096	
S00011.glut_max-pelvis_tilt.KP  	1.4412498	1.4426036	0.0064908373	
S00011.glut_max-pelvis_tilt.KV  	0.31010892	0.31058313	0.00042237424	
S00011.glut_max-pelvis_tilt.C0  	0.1660906	0.16594627	0.00069922333	
S00011.iliopsoas-pelvis_tilt.KP 	-3.5109424	-3.5186975	0.01099441	
S00011.iliopsoas-pelvis_tilt.KV 	-0.54168257	-0.54222492	0.00050005941	
S00011.iliopsoas-pelvis_tilt.C0 	0.31825628	0.31824978	0.0010866136	
S00100.iliopsoas.C0             	0.33860641	0.33917963	0.00060262972	
S00100.glut_max.C0              	-0.023527048	-0.024286061	0.00043490191	
S11000.iliopsoas.KL             	0.56115375	0.56093725	0.00050846408	
S11000.iliopsoas.L0             	0.38980417	0.38989348	0.0005693777	
S11000.iliopsoas-pelvis_tilt.P0 	-0.043592946	-0.043313633	0.00044615694	
S11000.iliopsoas-pelvis_tilt.KP 	0.01082572	0.011424774	0.0025008106	
S11000.iliopsoas-pelvis_tilt.KV 	0.14330626	0.14284201	0.00052284135	
S11000.iliopsoas-hamstrings.KL  	-8.2596317	-8.2572012	0.018498679	
S11000.iliopsoas-hamstrings.L0  	1.1639253	1.1635319	0.00042296096	
S11000.hamstrings.KF            	0.56940038	0.56934881	0.00042240459	
S11000.glut_max.KF              	0.62081378	0.62063885	0.00046256834	
