pelvis_tilt.offset              	0.024087221	0.023874696	0.00018133386	
hip_flexion_r.offset            	0.070467124	0.070505812	0.00016743884	
knee_angle_r.offset             	-8.8224369e-05	-8.4923248e-05	0.00018375947	
ankle_angle_r.offset            	-0.058449407	-0.058892245	0.00024390026	
hip_flexion_l.offset            	-0.011788315	-0.011438259	0.00035580247	
knee_angle_l.offset             	0.054714907	0.054764877	0.00026338072	
ankle_angle_l.offset            	0.18460088	0.1842995	0.00025710045	
stance_load_threshold           	0.1484627	0.14816322	0.0002801976	
S00111.tib_ant.KL               	1.2728028	1.2695157	0.0046278514	
S00111.tib_ant.L0               	0.7518039	0.7518536	0.00049801184	
S00111.tib_ant.KS               	0.000173	0.0001609208	0.00015308103	
S11000.tib_ant.KL               	1.2304791	1.2339497	0.0026243222	
S11000.tib_ant.L0               	0.72811962	0.72800383	0.000402875	
S11000.tib_ant.KS               	0.035668339	0.035464897	0.00023652509	
S11111.tib_ant-soleus.KF        	-0.11073184	-0.11080322	0.00041721393	
S00111.soleus-tib_ant.KS        	-0.87720025	-0.87306961	0.005051283	
S00111.gastroc-tib_ant.KS       	-0.33894667	-0.33255736	0.0040322855	
S11000.soleus-tib_ant.KS        	-3.2233555	-3.2262857	0.0061503703	
S11000.gastroc-tib_ant.KS       	-1.6659709	-1.665477	0.005167127	
S00111.tib_ant-soleus.KS        	-0.0033755527	-0.0032234202	0.031088601	
S00111.tib_ant-gastroc.KS       	-0.00357534	-0.0037128056	0.030284526	
S11000.tib_ant-soleus.KS        	-0.00313645	-0.0033488623	0.029767973	
S11000.tib_ant-gastroc.KS       	-0.00331551	-0.0035108265	0.029600142	
S00111.soleus.KL                	3.9136249	3.9161786	0.0045264767	
S00111.soleus.L0                	1.0019576	1.001746	0.0011372905	
S00111.soleus.KF                	0.23151067	0.23078034	0.00037747458	
S00111.soleus.KS                	0.15235983	0.152436	0.0028891144	
S00111.gastroc.KL               	0.07523758	0.079749038	0.0039768558	
S00111.gastroc.L0               	0.80515036	0.80550373	0.001994655	
S00111.gastroc.KF               	1.4043871	1.4046145	0.00026151389	
S00111.gastroc.KS               	0.1670642	0.16849759	0.0020206945	
S11000.soleus.KL                	0.78203746	0.78705516	0.0083785525	
S11000.soleus.L0                	0.92745868	0.92843819	0.0019657597	
S11000.soleus.KF                	-0.91730418	-0.92257918	0.0078622767	
S11000.soleus.KS                	0.10352238	0.10557322	0.005877762	
S11000.gastroc.KL               	0.00925153	0.0087882609	0.0030260434	
S11000.gastroc.L0               	0.5179412	0.52224221	0.0020697646	
S11000.gastroc.KF               	-1.7816317	-1.7736323	0.004964367	
S11000.gastroc.KS               	0.25912714	0.26303504	0.0042279892	
S00011.vasti.KF                 	0.83994579	0.83865257	0.0010485928	
S00011.vasti.C0                 	0.082424545	0.082329551	0.00023536566	
S00011.vasti-knee_angle.pos_max 	-0.31069057	-0.31026956	0.00038083219	
S00011.hamstrings-pelvis_tilt.KP	0.7182845	0.71016383	0.0042274853	
S00011.hamstrings-pelvis_tilt.KV	0.56417047	0.56409383	0.00022142581	
S00011.hamstrings-pelvis_tilt.C0	0.026856088	0.026138305	0.00043543291	
S00011.glut_max-pelvis_tilt.KP  	1.4368514	1.4348976	0.0035775849	
S00011.glut_max-pelvis_tilt.KV  	0.31104425	0.31128479	0.00023194153	
S00011.glut_max-pelvis_tilt.C0  	0.16604182	0.16608172	0.0003759866	
S00011.iliopsoas-pelvis_tilt.KP 	-3.5279519	-3.5298936	0.0059887379	
S00011.iliopsoas-pelvis_tilt.KV 	-0.54229094	-0.5427016	0.00027232979	
S00011.iliopsoas-pelvis_tilt.C0 	0.31772281	0.31787033	0.00058348065	
S00100.iliopsoas.C0             	0.33845275	0.33857799	0.00033157988	
S00100.glut_max.C0              	-0.024456238	-0.024360023	0.00023662033	
S11000.iliopsoas.KL             	0.56038704	0.56030875	0.00027724097	
S11000.iliopsoas.L0             	0.39006398	0.39041035	0.00031206594	
S11000.iliopsoas-pelvis_tilt.P0 	-0.044082049	-0.044032111	0.00024190648	
S11000.iliopsoas-pelvis_tilt.KP 	0.011658184	0.011667524	0.0012345094	
S11000.iliopsoas-pelvis_tilt.KV 	0.14403738	0.14367852	0.00028926721	
S11000.iliopsoas-hamstrings.KL  	-8.2841847	-8.2883155	0.010193348	
S11000.iliopsoas-hamstrings.L0  	1.1627227	1.1627461	0.00023222102	
S11000.hamstrings.KF            	0.5699573	0.56997216	0.00022888009	
S11000.glut_max.KF              	0.62111115	0.62079705	0.00025095772	
