pelvis_tilt.offset              	0.023844736	0.023969316	0.00010315392	
hip_flexion_r.offset            	0.070388286	0.070476683	9.5201086e-05	
knee_angle_r.offset             	-0.00033970996	-0.00015720919	0.00010439088	
ankle_angle_r.offset            	-0.059165692	-0.059104535	0.00013931841	
hip_flexion_l.offset            	-0.01031294	-0.010106909	0.00020345072	
knee_angle_l.offset             	0.05505641	0.054911405	0.00015098544	
ankle_angle_l.offset            	0.18456895	0.18434341	0.00014563676	
stance_load_threshold           	0.14795313	0.14807767	0.00015973818	
S00111.tib_ant.KL               	1.2783677	1.2750313	0.002637882	
S00111.tib_ant.L0               	0.75258792	0.75209124	0.00028398986	
S00111.tib_ant.KS               	0.000173	0.00016196715	7.7087898e-05	
S11000.tib_ant.KL               	1.2373778	1.2371439	0.0015011457	
S11000.tib_ant.L0               	0.72749163	0.72707915	0.00023144964	
S11000.tib_ant.KS               	0.035114968	0.034865759	0.00013467676	
S11111.tib_ant-soleus.KF        	-0.11083614	-0.11096003	0.00023727375	
S00111.soleus-tib_ant.KS        	-0.88455874	-0.88231408	0.0028291772	
S00111.gastroc-tib_ant.KS       	-0.33311748	-0.32859811	0.0022575752	
S11000.soleus-tib_ant.KS        	-3.2176691	-3.2110777	0.0035709842	
S11000.gastroc-tib_ant.KS       	-1.6790638	-1.6757297	0.0030078823	
S00111.tib_ant-soleus.KS        	-0.00346517	-0.0033262202	0.01564289	
S00111.tib_ant-gastroc.KS       	-0.00395169	-0.0037415362	0.015238352	
S11000.tib_ant-soleus.KS        	-0.0034666	-0.0033698454	0.0149784	
S11000.tib_ant-gastroc.KS       	-0.00331551	-0.0034804383	0.014893969	
S00111.soleus.KL                	3.9165333	3.9179036	0.0025626156	
S00111.soleus.L0                	1.0013218	1.001376	0.00063253553	
S00111.soleus.KF                	0.23046353	0.23065501	0.00021227517	
S00111.soleus.KS                	0.15275346	0.15391208	0.0015896868	
S00111.gastroc.KL               	0.080083393	0.080400163	0.0021616562	
S00111.gastroc.L0               	0.8039233	0.8028148	0.0011300083	
S00111.gastroc.KF               	1.404227	1.4042576	0.00014988185	
S00111.gastroc.KS               	0.16323184	0.16328429	0.0011464203	
S11000.soleus.KL                	0.78895806	0.79193881	0.0048214661	
S11000.soleus.L0                	0.92906691	0.92950247	0.0011165478	
S11000.soleus.KF                	-0.92456787	-0.9306709	0.0045124922	
S11000.soleus.KS                	0.10272776	0.10967872	0.0031874269	
S11000.gastroc.KL               	0.00837043	0.0086708314	0.0015306936	
S11000.gastroc.L0               	0.51818541	0.51554292	0.0011963476	
S11000.gastroc.KF               	-1.7653477	-1.7677839	0.0028187285	
S11000.gastroc.KS               	0.27402449	0.27296326	0.0024186311	
S00011.vasti.KF                 	0.83940826	0.83893782	0.00058402138	
S00011.vasti.C0                 	0.082432552	0.082560014	0.00013012037	
S00011.vasti-knee_angle.pos_max 	-0.31021473	-0.31025589	0.00021378689	
S00011.hamstrings-pelvis_tilt.KP	0.71446072	0.7099994	0.002385432	
S00011.hamstrings-pelvis_tilt.KV	0.56425148	0.56420384	0.00012573842	
S00011.hamstrings-pelvis_tilt.C0	0.025611961	0.026209992	0.00024686958	
S00011.glut_max-pelvis_tilt.KP  	1.4323698	1.4311368	0.0020228949	
S00011.glut_max-pelvis_tilt.KV  	0.3109252	0.31096464	0.00013313356	
S00011.glut_max-pelvis_tilt.C0  	0.16729871	0.16718077	0.00021434379	
S00011.iliopsoas-pelvis_tilt.KP 	-3.5344811	-3.5347657	0.0033878868	
S00011.iliopsoas-pelvis_tilt.KV 	-0.5423405	-0.54215871	0.00015452458	
S00011.iliopsoas-pelvis_tilt.C0 	0.31700676	0.3166443	0.00032989576	
S00100.iliopsoas.C0             	0.33834677	0.3386154	0.00018922571	
S00100.glut_max.C0              	-0.024399946	-0.02428151	0.0001334977	
S11000.iliopsoas.KL             	0.5602906	0.56036492	0.00015648728	
S11000.iliopsoas.L0             	0.39132644	0.39122218	0.00017824682	
S11000.iliopsoas-pelvis_tilt.P0 	-0.044343537	-0.044322446	0.00013813876	
S11000.iliopsoas-pelvis_tilt.KP 	0.011667591	0.011445844	0.00064171811	
S11000.iliopsoas-pelvis_tilt.KV 	0.14357786	0.14380175	0.00016540773	
S11000.iliopsoas-hamstrings.KL  	-8.2742483	-8.2707015	0.0057504519	
S11000.iliopsoas-hamstrings.L0  	1.1629077	1.1628538	0.00013247745	
S11000.hamstrings.KF            	0.57054907	0.57055141	0.00013014857	
S11000.glut_max.KF              	0.6204438	0.62054875	0.00014261761	
