pelvis_tilt.offset              	0.024097127	0.023965093	9.5968598e-05	
hip_flexion_r.offset            	0.070565068	0.070458087	8.8445386e-05	
knee_angle_r.offset             	-9.9340624e-05	-8.1981806e-05	9.7261699e-05	
ankle_angle_r.offset            	-0.0592282	-0.059233184	0.00012968949	
hip_flexion_l.offset            	-0.010259491	-0.010236936	0.00018840977	
knee_angle_l.offset             	0.054982227	0.055090501	0.00014034818	
ankle_angle_l.offset            	0.18435163	0.18447346	0.00013570337	
stance_load_threshold           	0.14832667	0.14833558	0.00014889187	
S00111.tib_ant.KL               	1.2795682	1.2775324	0.0024603295	
S00111.tib_ant.L0               	0.75217475	0.75217464	0.00026442186	
S00111.tib_ant.KS               	0.000173	0.00016440083	7.0537108e-05	
S11000.tib_ant.KL               	1.2392411	1.2377718	0.0014065789	
S11000.tib_ant.L0               	0.72683272	0.72714891	0.00021489923	
S11000.tib_ant.KS               	0.03513949	0.035064207	0.00012528508	
S11111.tib_ant-soleus.KF        	-0.11098424	-0.11112011	0.00022066979	
S00111.soleus-tib_ant.KS        	-0.88371799	-0.88090258	0.0026351825	
S00111.gastroc-tib_ant.KS       	-0.3323452	-0.33061369	0.0020963075	
S11000.soleus-tib_ant.KS        	-3.2096277	-3.2144294	0.0033186468	
S11000.gastroc-tib_ant.KS       	-1.6775388	-1.6766186	0.0028013999	
S00111.tib_ant-soleus.KS        	-0.00313515	-0.0033955096	0.014310485	
S00111.tib_ant-gastroc.KS       	-0.00395169	-0.0038238036	0.013940409	
S11000.tib_ant-soleus.KS        	-0.00313645	-0.0033738159	0.013702591	
S11000.tib_ant-gastroc.KS       	-0.00366451	-0.0035156025	0.013625358	
S00111.soleus.KL                	3.9165369	3.9163533	0.0023831146	
S00111.soleus.L0                	1.0022258	1.0019998	0.0005881277	
S00111.soleus.KF                	0.23100755	0.23059959	0.00019742584	
S00111.soleus.KS                	0.15329967	0.15406976	0.0014701083	
S00111.gastroc.KL               	0.07523758	0.078551922	0.0020058359	
S00111.gastroc.L0               	0.80237445	0.80507677	0.0010572625	
S00111.gastroc.KF               	1.4041922	1.4042427	0.0001392284	
S00111.gastroc.KS               	0.16074516	0.16230388	0.0010699185	
S11000.soleus.KL                	0.78344249	0.78864576	0.0045110327	
S11000.soleus.L0                	0.92925254	0.92894022	0.0010404309	
S11000.soleus.KF                	-0.93482139	-0.9315008	0.0041910517	
S11000.soleus.KS                	0.10972235	0.10775025	0.0029566998	
S11000.gastroc.KL               	0.00837043	0.0085898615	0.001402149	
S11000.gastroc.L0               	0.51747333	0.51722104	0.0011150781	
S11000.gastroc.KF               	-1.7652313	-1.7679607	0.0026275089	
S11000.gastroc.KS               	0.27296468	0.27653847	0.0022550254	
S00011.vasti.KF                 	0.83836684	0.83834672	0.00054349201	
S00011.vasti.C0                 	0.082342219	0.082533217	0.00012119351	
S00011.vasti-knee_angle.pos_max 	-0.31043618	-0.31022671	0.00019914661	
S00011.hamstrings-pelvis_tilt.KP	0.70830075	0.70884562	0.0022160362	
S00011.hamstrings-pelvis_tilt.KV	0.56378778	0.56400514	0.00011678375	
S00011.hamstrings-pelvis_tilt.C0	0.02616323	0.026445044	0.00023008092	
S00011.glut_max-pelvis_tilt.KP  	1.4309149	1.4308699	0.0018802432	
S00011.glut_max-pelvis_tilt.KV  	0.31092872	0.31085667	0.0001241378	
S00011.glut_max-pelvis_tilt.C0  	0.16724306	0.16713415	0.00019874297	
S00011.iliopsoas-pelvis_tilt.KP 	-3.5291605	-3.5331879	0.003164536	
S00011.iliopsoas-pelvis_tilt.KV 	-0.54222421	-0.54226916	0.00014348327	
S00011.iliopsoas-pelvis_tilt.C0 	0.31693197	0.31676365	0.00030801046	
S00100.iliopsoas.C0             	0.338564	0.33856476	0.00017585148	
S00100.glut_max.C0              	-0.024202249	-0.024224855	0.00012463662	
S11000.iliopsoas.KL             	0.56016667	0.56019461	0.00014582808	
S11000.iliopsoas.L0             	0.39112806	0.39115178	0.00016536687	
S11000.iliopsoas-pelvis_tilt.P0 	-0.044591063	-0.044412911	0.00012816018	
S11000.iliopsoas-pelvis_tilt.KP 	0.01082572	0.011456088	0.00059238273	
S11000.iliopsoas-pelvis_tilt.KV 	0.14357833	0.14381483	0.00015371825	
S11000.iliopsoas-hamstrings.KL  	-8.2718872	-8.2763021	0.005338747	
S11000.iliopsoas-hamstrings.L0  	1.1627789	1.1627908	0.0001233457	
S11000.hamstrings.KF            	0.57046776	0.57060984	0.00012157626	
S11000.glut_max.KF              	0.62055225	0.62042991	0.00013305555	
