pelvis_tilt.offset              	0.024106216	0.023931623	9.0904851e-05	
hip_flexion_r.offset            	0.070518282	0.070523186	8.3734066e-05	
knee_angle_r.offset             	-0.00012063331	-7.109548e-05	9.1977128e-05	
ankle_angle_r.offset            	-0.059326533	-0.059221016	0.00012276161	
hip_flexion_l.offset            	-0.010353758	-0.010210072	0.00017801986	
knee_angle_l.offset             	0.055147816	0.055060589	0.00013248699	
ankle_angle_l.offset            	0.18436423	0.18440193	0.00012808797	
stance_load_threshold           	0.14833342	0.14823814	0.00014111847	
S00111.tib_ant.KL               	1.2782197	1.275396	0.0023237778	
S00111.tib_ant.L0               	0.75192206	0.75210737	0.00025033404	
S00111.tib_ant.KS               	0.00016584364	0.00016396246	6.6021065e-05	
S11000.tib_ant.KL               	1.2365355	1.2386518	0.0013310466	
S11000.tib_ant.L0               	0.726839	0.7270623	0.00020328518	
S11000.tib_ant.KS               	0.035297289	0.035184362	0.00011856595	
S11111.tib_ant-soleus.KF        	-0.1116679	-0.11135892	0.00020850141	
S00111.soleus-tib_ant.KS        	-0.87704484	-0.87920987	0.0024867753	
S00111.gastroc-tib_ant.KS       	-0.33304373	-0.32971519	0.0019738514	
S11000.soleus-tib_ant.KS        	-3.213498	-3.2125272	0.0031379515	
S11000.gastroc-tib_ant.KS       	-1.67813	-1.6796561	0.0026468573	
S00111.tib_ant-soleus.KS        	-0.00346517	-0.0033173816	0.013392503	
S00111.tib_ant-gastroc.KS       	-0.00395169	-0.0036956362	0.013046173	
S11000.tib_ant-soleus.KS        	-0.0034666	-0.0032749778	0.012823604	
S11000.tib_ant-gastroc.KS       	-0.00331551	-0.0034671291	0.012751329	
S00111.soleus.KL                	3.9170242	3.9188082	0.0022479789	
S00111.soleus.L0                	1.0033993	1.0022318	0.00055429764	
S00111.soleus.KF                	0.23076215	0.23067835	0.00018666175	
S00111.soleus.KS                	0.15700015	0.1547869	0.0013836733	
S00111.gastroc.KL               	0.079088113	0.077588954	0.0018915306	
S00111.gastroc.L0               	0.80611663	0.80462027	0.00099860909	
S00111.gastroc.KF               	1.4040691	1.4041471	0.00013136581	
S00111.gastroc.KS               	0.16166443	0.16221283	0.001011193	
S11000.soleus.KL                	0.78870705	0.78922395	0.0042835165	
S11000.soleus.L0                	0.93130674	0.92918021	0.00098077182	
S11000.soleus.KF                	-0.9338601	-0.93299914	0.0039498953	
S11000.soleus.KS                	0.10536793	0.10636143	0.002789104	
S11000.gastroc.KL               	0.00837043	0.0086705045	0.0013132179	
S11000.gastroc.L0               	0.51630415	0.51693126	0.0010521876	
S11000.gastroc.KF               	-1.7702768	-1.7709282	0.0024782528	
S11000.gastroc.KS               	0.27846256	0.27624827	0.002126703	
S00011.vasti.KF                 	0.83943691	0.83834937	0.00051237491	
S00011.vasti.C0                 	0.082155293	0.082500967	0.00011440996	
S00011.vasti-knee_angle.pos_max 	-0.30990158	-0.31020606	0.00018848299	
S00011.hamstrings-pelvis_tilt.KP	0.70865459	0.71035708	0.0020967322	
S00011.hamstrings-pelvis_tilt.KV	0.56388484	0.56384186	0.00011090249	
S00011.hamstrings-pelvis_tilt.C0	0.026577382	0.026549987	0.0002173169	
S00011.glut_max-pelvis_tilt.KP  	1.4279096	1.431495	0.0017767092	
S00011.glut_max-pelvis_tilt.KV  	0.3108623	0.31086964	0.00011695979	
S00011.glut_max-pelvis_tilt.C0  	0.1671998	0.16722497	0.00018792998	
S00011.iliopsoas-pelvis_tilt.KP 	-3.5323826	-3.5342692	0.0029823835	
S00011.iliopsoas-pelvis_tilt.KV 	-0.54206357	-0.54228004	0.0001356885	
S00011.iliopsoas-pelvis_tilt.C0 	0.316798	0.31685973	0.00029035297	
S00100.iliopsoas.C0             	0.3384807	0.33866682	0.00016569744	
S00100.glut_max.C0              	-0.024247243	-0.024197174	0.00011774712	
S11000.iliopsoas.KL             	0.56001495	0.56023099	0.00013754107	
S11000.iliopsoas.L0             	0.39122569	0.39122858	0.00015593418	
S11000.iliopsoas-pelvis_tilt.P0 	-0.044394706	-0.044425532	0.00012101108	
S11000.iliopsoas-pelvis_tilt.KP 	0.01082572	0.010966566	0.00055703827	
S11000.iliopsoas-pelvis_tilt.KV 	0.14338677	0.14371185	0.0001451837	
S11000.iliopsoas-hamstrings.KL  	-8.2744246	-8.2713289	0.0050528871	
S11000.iliopsoas-hamstrings.L0  	1.1627615	1.1628797	0.00011650749	
S11000.hamstrings.KF            	0.57019031	0.57047978	0.00011491328	
S11000.glut_max.KF              	0.62046206	0.62038071	0.00012580853	
