pelvis_tilt.offset              	0.023921084	0.02396192	7.7265882e-05	
hip_flexion_r.offset            	0.07070432	0.070648939	7.1527177e-05	
knee_angle_r.offset             	-0.00016186627	2.2649385e-05	7.8225725e-05	
ankle_angle_r.offset            	-0.059415948	-0.059201102	0.00010374625	
hip_flexion_l.offset            	-0.010381808	-0.010167179	0.000150897	
knee_angle_l.offset             	0.055164941	0.055129273	0.00011183847	
ankle_angle_l.offset            	0.18435402	0.18432048	0.00010895869	
stance_load_threshold           	0.14811858	0.14788376	0.00012114613	
S00111.tib_ant.KL               	1.2755528	1.276826	0.0019640261	
S00111.tib_ant.L0               	0.7519189	0.75183802	0.0002112472	
S00111.tib_ant.KS               	0.00016853569	0.00016356799	5.3884652e-05	
S11000.tib_ant.KL               	1.2353344	1.236623	0.0011353997	
S11000.tib_ant.L0               	0.72690267	0.72717573	0.00017397728	
S11000.tib_ant.KS               	0.035310039	0.03526906	0.00010117019	
S11111.tib_ant-soleus.KF        	-0.11147439	-0.11147516	0.00017946631	
S00111.soleus-tib_ant.KS        	-0.88342373	-0.88211085	0.0021031469	
S00111.gastroc-tib_ant.KS       	-0.33449644	-0.33341261	0.001683974	
S11000.soleus-tib_ant.KS        	-3.2154341	-3.2152658	0.0026754985	
S11000.gastroc-tib_ant.KS       	-1.6781973	-1.6805	0.002274422	
S00111.tib_ant-soleus.KS        	-0.00313515	-0.0032487094	0.010921783	
S00111.tib_ant-gastroc.KS       	-0.00357534	-0.003786997	0.010639374	
S11000.tib_ant-soleus.KS        	-0.0034666	-0.0033125895	0.01045784	
S11000.tib_ant-gastroc.KS       	-0.00331551	-0.0034987602	0.010398912	
S00111.soleus.KL                	3.912691	3.9164695	0.0018979615	
S00111.soleus.L0                	1.0026958	1.0022288	0.00046893005	
S00111.soleus.KF                	0.23051343	0.2303569	0.00015835996	
S00111.soleus.KS                	0.15416155	0.15410116	0.0011795207	
S00111.gastroc.KL               	0.082580243	0.081754316	0.0015933547	
S00111.gastroc.L0               	0.80597189	0.80516178	0.00084630469	
S00111.gastroc.KF               	1.4040748	1.4042069	0.00011136677	
S00111.gastroc.KS               	0.16049832	0.16092319	0.0008561925	
S11000.soleus.KL                	0.79620135	0.7889157	0.0036235105	
S11000.soleus.L0                	0.93192749	0.93076732	0.00083242125	
S11000.soleus.KF                	-0.93649966	-0.93035936	0.0033360166	
S11000.soleus.KS                	0.10787046	0.10793459	0.002358357	
S11000.gastroc.KL               	0.00837043	0.0086450582	0.0010767003	
S11000.gastroc.L0               	0.51771964	0.51610473	0.00088989938	
S11000.gastroc.KF               	-1.7771344	-1.7741825	0.0021076069	
S11000.gastroc.KS               	0.27480423	0.27405741	0.001799698	
S00011.vasti.KF                 	0.83861543	0.8386028	0.00043607923	
S00011.vasti.C0                 	0.082357325	0.08238132	9.6886472e-05	
S00011.vasti-knee_angle.pos_max 	-0.31024912	-0.31019474	0.00016090164	
S00011.hamstrings-pelvis_tilt.KP	0.70464272	0.70635484	0.0017904966	
S00011.hamstrings-pelvis_tilt.KV	0.56391735	0.5638777	9.4675429e-05	
S00011.hamstrings-pelvis_tilt.C0	0.026362127	0.026242206	0.00018456153	
S00011.glut_max-pelvis_tilt.KP  	1.4293331	1.4290516	0.0015157368	
S00011.glut_max-pelvis_tilt.KV  	0.31113885	0.31101498	9.9573399e-05	
S00011.glut_max-pelvis_tilt.C0  	0.16733255	0.16738295	0.00015990808	
S00011.iliopsoas-pelvis_tilt.KP 	-3.5296523	-3.5304459	0.002543137	
S00011.iliopsoas-pelvis_tilt.KV 	-0.54230091	-0.54227569	0.00011480267	
S00011.iliopsoas-pelvis_tilt.C0 	0.31701218	0.31684727	0.00024663542	
S00100.iliopsoas.C0             	0.33889899	0.33893131	0.00014078927	
S00100.glut_max.C0              	-0.024055618	-0.024120208	9.9586338e-05	
S11000.iliopsoas.KL             	0.56046431	0.56040878	0.00011663539	
S11000.iliopsoas.L0             	0.39104489	0.39108467	0.00013221801	
S11000.iliopsoas-pelvis_tilt.P0 	-0.044239313	-0.044329027	0.00010249664	
S11000.iliopsoas-pelvis_tilt.KP 	0.011844646	0.011275609	0.00046630102	
S11000.iliopsoas-pelvis_tilt.KV 	0.14303044	0.14335896	0.00012439384	
S11000.iliopsoas-hamstrings.KL  	-8.2675132	-8.2690285	0.0042828235	
S11000.iliopsoas-hamstrings.L0  	1.1629496	1.1630072	9.9020794e-05	
S11000.hamstrings.KF            	0.57030686	0.57026694	9.809851e-05	
S11000.glut_max.KF              	0.62034279	0.62035979	0.00010611836	
