pelvis_tilt.offset              	0.02415483	0.024176732	5.0828445e-05	
hip_flexion_r.offset            	0.071135447	0.071046007	5.0003339e-05	
knee_angle_r.offset             	0.00031923574	0.00025617792	5.1901795e-05	
ankle_angle_r.offset            	-0.059137714	-0.059144725	6.7554851e-05	
hip_flexion_l.offset            	-0.01004446	-0.010028794	0.00010073349	
knee_angle_l.offset             	0.055108552	0.055088528	7.3023621e-05	
ankle_angle_l.offset            	0.1842997	0.18429136	7.1369302e-05	
stance_load_threshold           	0.14749675	0.14753128	8.2764675e-05	
S00111.tib_ant.KL               	1.2746575	1.2730063	0.0013318317	
S00111.tib_ant.L0               	0.75203759	0.75204817	0.0001371977	
S00111.tib_ant.KS               	0.000173	0.0001635039	3.0840083e-05	
S11000.tib_ant.KL               	1.237625	1.2378682	0.00074734938	
S11000.tib_ant.L0               	0.72655943	0.72640258	0.00011782567	
S11000.tib_ant.KS               	0.035287989	0.035280068	6.7371318e-05	
S11111.tib_ant-soleus.KF        	-0.1120864	-0.11213074	0.00011932642	
S00111.soleus-tib_ant.KS        	-0.89114496	-0.88960206	0.0014079272	
S00111.gastroc-tib_ant.KS       	-0.34029707	-0.33913841	0.0011006291	
S11000.soleus-tib_ant.KS        	-3.2163714	-3.2185194	0.0017447011	
S11000.gastroc-tib_ant.KS       	-1.6823508	-1.6823458	0.0015066863	
S00111.tib_ant-soleus.KS        	-0.00313515	-0.0032766039	0.0062192548	
S00111.tib_ant-gastroc.KS       	-0.00395169	-0.0037839874	0.006058589	
S11000.tib_ant-soleus.KS        	-0.0034666	-0.0033253237	0.0059551137	
S11000.tib_ant-gastroc.KS       	-0.00331551	-0.0035122277	0.0059215963	
S00111.soleus.KL                	3.9070403	3.9092863	0.0012866238	
S00111.soleus.L0                	1.0013635	1.0015061	0.00030638653	
S00111.soleus.KF                	0.23061582	0.23067911	0.00010419103	
S00111.soleus.KS                	0.15285796	0.15294318	0.00076690714	
S00111.gastroc.KL               	0.080215672	0.080408188	0.0010269515	
S00111.gastroc.L0               	0.80683441	0.80667607	0.00056195108	
S00111.gastroc.KF               	1.4042557	1.4044074	7.2497912e-05	
S00111.gastroc.KS               	0.16124317	0.16097864	0.00053083101	
S11000.soleus.KL                	0.78434444	0.78434651	0.0024068738	
S11000.soleus.L0                	0.92853754	0.9292117	0.00054795451	
S11000.soleus.KF                	-0.93914724	-0.93430571	0.0022104814	
S11000.soleus.KS                	0.10757201	0.1081691	0.0015440134	
S11000.gastroc.KL               	0.00925153	0.0090360587	0.00063109827	
S11000.gastroc.L0               	0.5174879	0.51772459	0.00059171481	
S11000.gastroc.KF               	-1.7684048	-1.7685432	0.0013764557	
S11000.gastroc.KS               	0.27079372	0.27262559	0.0011857101	
S00011.vasti.KF                 	0.83946753	0.83923105	0.00028729554	
S00011.vasti.C0                 	0.082166674	0.082097186	6.3187962e-05	
S00011.vasti-knee_angle.pos_max 	-0.31020955	-0.31032051	0.00010443393	
S00011.hamstrings-pelvis_tilt.KP	0.69899164	0.70109549	0.0011874546	
S00011.hamstrings-pelvis_tilt.KV	0.56406559	0.56402158	6.3399644e-05	
S00011.hamstrings-pelvis_tilt.C0	0.026256833	0.026300373	0.00012022045	
S00011.glut_max-pelvis_tilt.KP  	1.4274026	1.4273068	0.0009933021	
S00011.glut_max-pelvis_tilt.KV  	0.31066165	0.31064659	6.7067297e-05	
S00011.glut_max-pelvis_tilt.C0  	0.16711325	0.16701482	0.00010394306	
S00011.iliopsoas-pelvis_tilt.KP 	-3.5318086	-3.5324254	0.0016605648	
S00011.iliopsoas-pelvis_tilt.KV 	-0.54255251	-0.54254467	7.5922281e-05	
S00011.iliopsoas-pelvis_tilt.C0 	0.31711671	0.31710955	0.00016291004	
S00100.iliopsoas.C0             	0.33879515	0.33891267	9.4358179e-05	
S00100.glut_max.C0              	-0.024345779	-0.024333194	6.4967399e-05	
S11000.iliopsoas.KL             	0.56064146	0.56073355	7.7892701e-05	
S11000.iliopsoas.L0             	0.39141864	0.39142234	8.7313496e-05	
S11000.iliopsoas-pelvis_tilt.P0 	-0.044562398	-0.044588827	6.8069141e-05	
S11000.iliopsoas-pelvis_tilt.KP 	0.011616258	0.011654868	0.00029346652	
S11000.iliopsoas-pelvis_tilt.KV 	0.14323456	0.14313876	8.2998174e-05	
S11000.iliopsoas-hamstrings.KL  	-8.2841178	-8.2789602	0.0028321063	
S11000.iliopsoas-hamstrings.L0  	1.1627866	1.1628392	6.5389354e-05	
S11000.hamstrings.KF            	0.57042367	0.57038666	6.3878924e-05	
S11000.glut_max.KF              	0.62039474	0.62032337	7.0136227e-05	
