pelvis_tilt.offset              	0.023739447	0.023876161	0.0012864563	
hip_flexion_r.offset            	0.070251034	0.071147144	0.0012037881	
knee_angle_r.offset             	0.0010299205	0.0013954688	0.0013131523	
ankle_angle_r.offset            	-0.055495502	-0.055986634	0.0017228782	
hip_flexion_l.offset            	-0.0095438412	-0.0085767571	0.0024395268	
knee_angle_l.offset             	0.054679776	0.056364734	0.0018880341	
ankle_angle_l.offset            	0.18883742	0.18783832	0.0017971353	
stance_load_threshold           	0.15312804	0.15242767	0.0019860975	
S00111.tib_ant.KL               	1.2286513	1.2374334	0.032800651	
S00111.tib_ant.L0               	0.76359401	0.76802651	0.0035476836	
S00111.tib_ant.KS               	0.000173	0.00017110542	0.00140784	
S11000.tib_ant.KL               	1.1968963	1.2043849	0.018652061	
S11000.tib_ant.L0               	0.74205727	0.74123956	0.0027280897	
S11000.tib_ant.KS               	0.03560242	0.034916845	0.0017343281	
S11111.tib_ant-soleus.KF        	-0.11154321	-0.11065401	0.0029553431	
S00111.soleus-tib_ant.KS        	-0.85434612	-0.86513793	0.037606934	
S11000.soleus-tib_ant.KS        	-3.3045613	-3.3171129	0.043657783	
S00111.gastroc-tib_ant.KS       	-0.33558043	-0.33469543	0.032635289	
S11000.gastroc-tib_ant.KS       	-1.6879144	-1.7168975	0.036547819	
S00111.tib_ant-gastroc.KS       	-0.00357534	-0.0038138655	0.27858557	
S11000.tib_ant-gastroc.KS       	-0.00331551	-0.0034526932	0.27229005	
S00111.tib_ant-soleus.KS        	-0.00346517	-0.0032341372	0.28598248	
S11000.tib_ant-soleus.KS        	-0.00313645	-0.0034031508	0.273834	
S00111.gastroc.L0               	0.86934115	0.86294967	0.014442039	
S00111.gastroc.KF               	1.4137286	1.4119663	0.0018404819	
S00111.gastroc.KS               	0.17739288	0.17310976	0.016122399	
S00111.soleus.L0                	1.0161734	1.00463	0.0084252988	
S00111.soleus.KF                	0.23232227	0.23113636	0.0026718309	
S00111.soleus.KS                	0.16520068	0.1536418	0.023539094	
S11000.gastroc.KL               	0.00837043	0.0088253141	0.027786038	
S11000.gastroc.L0               	0.49752118	0.50904869	0.015125576	
S11000.gastroc.KF               	-1.8494386	-1.8363578	0.035776641	
S11000.gastroc.KS               	0.25231886	0.263749	0.032950895	
S11000.soleus.KL                	0.84260236	0.81069619	0.063312315	
S11000.soleus.L0                	0.89091694	0.88944572	0.013976365	
S11000.soleus.KF                	-0.95885434	-0.90184749	0.058931259	
S11000.soleus.KS                	0.1022613	0.10620014	0.051599173	
S00011.vasti.KF                 	0.82548511	0.82005503	0.0077630823	
S00011.vasti.C0                 	0.083110542	0.083601763	0.0017564575	
S00011.vasti-knee_angle.pos_max 	-0.30595399	-0.30294004	0.0026974034	
S00011.hamstrings-pelvis_tilt.KP	0.72275674	0.71837423	0.03098891	
S00011.hamstrings-pelvis_tilt.KV	0.56693685	0.5676357	0.0015734959	
S00011.hamstrings-pelvis_tilt.C0	0.02778807	0.026092367	0.00342094	
S00011.glut_max-pelvis_tilt.KP  	1.4828914	1.4835734	0.025523842	
S00011.glut_max-pelvis_tilt.KV  	0.31454916	0.31439925	0.0015947018	
S00011.glut_max-pelvis_tilt.C0  	0.15731592	0.15672489	0.0026884906	
S00011.iliopsoas-pelvis_tilt.KP 	-3.4314766	-3.5200265	0.043045457	
S00011.iliopsoas-pelvis_tilt.KV 	-0.54126116	-0.54381802	0.0019541328	
S00011.iliopsoas-pelvis_tilt.C0 	0.33992029	0.33638538	0.0042310133	
S00100.iliopsoas.C0             	0.33762725	0.33817803	0.0023228883	
S00100.glut_max.C0              	-0.02342065	-0.024682511	0.0017754139	
S11000.iliopsoas.KL             	0.56005539	0.56152114	0.0019902596	
S11000.iliopsoas.L0             	0.38956241	0.39051889	0.0021902515	
S11000.iliopsoas-pelvis_tilt.P0 	-0.043540084	-0.045045471	0.0017675297	
S11000.iliopsoas-pelvis_tilt.KP 	0.01196527	0.011367324	0.011185563	
S11000.iliopsoas-pelvis_tilt.KV 	0.14680484	0.14638928	0.0020344557	
S11000.iliopsoas-hamstrings.KL  	-8.221589	-8.168069	0.072107199	
S11000.iliopsoas-hamstrings.L0  	1.1666281	1.1667741	0.0016387799	
S11000.hamstrings.KF            	0.57319384	0.57297403	0.0015839355	
S11000.glut_max.KF              	0.62469544	0.62274367	0.001802742	
