pelvis_tilt.offset              	0.01944898	0.02376162	0.0013190055	
hip_flexion_r.offset            	0.069541397	0.071210018	0.0012345581	
knee_angle_r.offset             	0.0014184407	0.001577176	0.0013464273	
ankle_angle_r.offset            	-0.055471871	-0.056028331	0.001768626	
hip_flexion_l.offset            	-0.0094964215	-0.0084044202	0.0025003258	
knee_angle_l.offset             	0.056609824	0.055694926	0.0019348143	
ankle_angle_l.offset            	0.1877773	0.18837396	0.0018429622	
stance_load_threshold           	0.15085912	0.15264709	0.0020395952	
S00111.tib_ant.KL               	1.2184016	1.241477	0.033628535	
S00111.tib_ant.L0               	0.76477046	0.7673273	0.0036339145	
S00111.tib_ant.KS               	0.00015652	0.0001655605	0.0014403526	
S11000.tib_ant.KL               	1.2389454	1.2015362	0.019108916	
S11000.tib_ant.L0               	0.74585296	0.74224255	0.002796394	
S11000.tib_ant.KS               	0.035461081	0.035625023	0.0017760456	
S11111.tib_ant-soleus.KF        	-0.11241653	-0.11119942	0.0030278188	
S00111.soleus-tib_ant.KS        	-0.84753369	-0.85128789	0.038529886	
S11000.soleus-tib_ant.KS        	-3.3264137	-3.3175453	0.044735679	
S00111.gastroc-tib_ant.KS       	-0.32171493	-0.33666527	0.033399745	
S11000.gastroc-tib_ant.KS       	-1.718188	-1.7042816	0.037523192	
S00111.tib_ant-gastroc.KS       	-0.00395169	-0.0037723053	0.28501917	
S11000.tib_ant-gastroc.KS       	-0.00331551	-0.0034792477	0.27857827	
S00111.tib_ant-soleus.KS        	-0.00313515	-0.0032834065	0.2925869	
S11000.tib_ant-soleus.KS        	-0.0034666	-0.0032317413	0.28015787	
S00111.gastroc.L0               	0.81609848	0.85940915	0.014807265	
S00111.gastroc.KF               	1.4105832	1.4120824	0.001888077	
S00111.gastroc.KS               	0.16307649	0.17123018	0.016501932	
S00111.soleus.L0                	1.0161734	1.0079982	0.0086868809	
S00111.soleus.KF                	0.23709614	0.2327138	0.0027409152	
S00111.soleus.KS                	0.16520068	0.15793113	0.024089738	
S11000.gastroc.KL               	0.00925153	0.0087519998	0.02842774	
S11000.gastroc.L0               	0.51384599	0.50781736	0.015494702	
S11000.gastroc.KF               	-1.9071362	-1.8506213	0.03669664	
S11000.gastroc.KS               	0.25231886	0.26572262	0.033722087	
S11000.soleus.KL                	0.76235452	0.81284186	0.064810622	
S11000.soleus.L0                	0.89387821	0.88784705	0.014321563	
S11000.soleus.KF                	-0.86753488	-0.92226119	0.060371939	
S11000.soleus.KS                	0.10634811	0.10568211	0.052791846	
S00011.vasti.KF                 	0.8179635	0.82220541	0.0079492216	
S00011.vasti.C0                 	0.081216062	0.082191352	0.0018049976	
S00011.vasti-knee_angle.pos_max 	-0.29625582	-0.30255219	0.0027693097	
S00011.hamstrings-pelvis_tilt.KP	0.7193075	0.71985958	0.031735269	
S00011.hamstrings-pelvis_tilt.KV	0.56814102	0.56829245	0.0016141117	
S00011.hamstrings-pelvis_tilt.C0	0.026920247	0.026332803	0.0035010301	
S00011.glut_max-pelvis_tilt.KP  	1.4774263	1.4758659	0.026172013	
S00011.glut_max-pelvis_tilt.KV  	0.31716927	0.31421914	0.0016340459	
S00011.glut_max-pelvis_tilt.C0  	0.15885189	0.15649841	0.0027587197	
S00011.iliopsoas-pelvis_tilt.KP 	-3.480751	-3.5117978	0.044155273	
S00011.iliopsoas-pelvis_tilt.KV 	-0.54673743	-0.54367416	0.0020042194	
S00011.iliopsoas-pelvis_tilt.C0 	0.33446984	0.3377752	0.0043408305	
S00100.iliopsoas.C0             	0.33797714	0.3374505	0.0023809369	
S00100.glut_max.C0              	-0.024303147	-0.024400797	0.0018179578	
S11000.iliopsoas.KL             	0.55955523	0.56115311	0.0020387994	
S11000.iliopsoas.L0             	0.39028826	0.38981371	0.0022466981	
S11000.iliopsoas-pelvis_tilt.P0 	-0.044564236	-0.045145952	0.0018102693	
S11000.iliopsoas-pelvis_tilt.KP 	0.01196527	0.011656144	0.011443957	
S11000.iliopsoas-pelvis_tilt.KV 	0.14633557	0.14718917	0.0020876739	
S11000.iliopsoas-hamstrings.KL  	-8.1723351	-8.1972249	0.073854308	
S11000.iliopsoas-hamstrings.L0  	1.1685504	1.167091	0.0016809823	
S11000.hamstrings.KF            	0.57318319	0.57297708	0.0016236472	
S11000.glut_max.KF              	0.62039425	0.62297467	0.0018514839	
