pelvis_tilt.offset              	0.024637037	0.023200943	0.001360277	
hip_flexion_r.offset            	0.069890306	0.070328808	0.0012690733	
knee_angle_r.offset             	-0.00032341224	0.00032548267	0.0013841001	
ankle_angle_r.offset            	-0.054805627	-0.056735243	0.0018156073	
hip_flexion_l.offset            	-0.012098821	-0.010834385	0.002569004	
knee_angle_l.offset             	0.054543653	0.055530439	0.0019840338	
ankle_angle_l.offset            	0.190461	0.18933383	0.0018926151	
stance_load_threshold           	0.15192221	0.1533634	0.0020968961	
S00111.tib_ant.KL               	1.3042895	1.2431617	0.034478527	
S00111.tib_ant.L0               	0.76792712	0.76332721	0.0037283818	
S00111.tib_ant.KS               	0.000173	0.00016501486	0.001467332	
S11000.tib_ant.KL               	1.2294477	1.2045072	0.019637216	
S11000.tib_ant.L0               	0.74747742	0.74026488	0.0028705859	
S11000.tib_ant.KS               	0.035434458	0.035609791	0.0018159866	
S11111.tib_ant-soleus.KF        	-0.10903564	-0.11096181	0.0030984913	
S00111.soleus-tib_ant.KS        	-0.87631653	-0.84493983	0.039443379	
S11000.soleus-tib_ant.KS        	-3.3645176	-3.3262211	0.045847509	
S00111.gastroc-tib_ant.KS       	-0.3355511	-0.32800679	0.034056382	
S11000.gastroc-tib_ant.KS       	-1.6559414	-1.7065088	0.03844624	
S00111.tib_ant-gastroc.KS       	-0.00395169	-0.0037261152	0.29035782	
S11000.tib_ant-gastroc.KS       	-0.00366451	-0.0034433656	0.28379628	
S00111.tib_ant-soleus.KS        	-0.00313515	-0.0033405342	0.29806731	
S11000.tib_ant-soleus.KS        	-0.00313645	-0.0032674617	0.28540547	
S00111.gastroc.L0               	0.87173045	0.84897203	0.015231392	
S00111.gastroc.KF               	1.4129272	1.4111445	0.0019369533	
S00111.gastroc.KS               	0.17373769	0.16941239	0.016835577	
S00111.soleus.L0                	1.0161734	1.0144759	0.0090183305	
S00111.soleus.KF                	0.23375498	0.2333908	0.00281393	
S00111.soleus.KS                	0.15812887	0.15895608	0.024555817	
S11000.gastroc.KL               	0.00925153	0.0089833451	0.028960271	
S11000.gastroc.L0               	0.50400432	0.51374301	0.015843604	
S11000.gastroc.KF               	-1.7776093	-1.8651534	0.037688521	
S11000.gastroc.KS               	0.27312906	0.26038356	0.03438536	
S11000.soleus.KL                	0.84260236	0.78736182	0.066156436	
S11000.soleus.L0                	0.91428609	0.90346036	0.014685283	
S11000.soleus.KF                	-0.9135172	-0.92644733	0.061678316	
S11000.soleus.KS                	0.1022613	0.10513984	0.053784587	
S00011.vasti.KF                 	0.81427943	0.81432581	0.0081654742	
S00011.vasti.C0                 	0.07992329	0.081414664	0.0018537246	
S00011.vasti-knee_angle.pos_max 	-0.30124446	-0.30448722	0.0028564822	
S00011.hamstrings-pelvis_tilt.KP	0.70415873	0.72946165	0.032402798	
S00011.hamstrings-pelvis_tilt.KV	0.56889296	0.56900617	0.0016589552	
S00011.hamstrings-pelvis_tilt.C0	0.02778807	0.026746621	0.0035696383	
S00011.glut_max-pelvis_tilt.KP  	1.5113503	1.4687527	0.02682422	
S00011.glut_max-pelvis_tilt.KV  	0.31529442	0.31383736	0.0016787012	
S00011.glut_max-pelvis_tilt.C0  	0.15967596	0.15605946	0.0028355504	
S00011.iliopsoas-pelvis_tilt.KP 	-3.4521328	-3.4828536	0.04525604	
S00011.iliopsoas-pelvis_tilt.KV 	-0.54426397	-0.54399519	0.002057395	
S00011.iliopsoas-pelvis_tilt.C0 	0.33488716	0.33704077	0.004455533	
S00100.iliopsoas.C0             	0.33481342	0.337212	0.0024366864	
S00100.glut_max.C0              	-0.02342065	-0.024050487	0.001854969	
S11000.iliopsoas.KL             	0.5634098	0.56121911	0.0020889982	
S11000.iliopsoas.L0             	0.38806918	0.39040175	0.0023083846	
S11000.iliopsoas-pelvis_tilt.P0 	-0.04641831	-0.044659561	0.0018499905	
S11000.iliopsoas-pelvis_tilt.KP 	0.01196527	0.011204776	0.011658524	
S11000.iliopsoas-pelvis_tilt.KV 	0.14554925	0.14778568	0.0021430294	
S11000.iliopsoas-hamstrings.KL  	-8.2737008	-8.2007511	0.075811406	
S11000.iliopsoas-hamstrings.L0  	1.1693943	1.1679214	0.0017267831	
S11000.hamstrings.KF            	0.57244201	0.57294022	0.0016656664	
S11000.glut_max.KF              	0.62015121	0.62210831	0.001899552	
