pelvis_tilt.offset              	0.021967528	0.022003375	6.1950189e-05	
hip_flexion_r.offset            	0.070076508	0.070018111	5.8338565e-05	
knee_angle_r.offset             	-0.0041001081	-0.0041647948	7.1229191e-05	
ankle_angle_r.offset            	-0.054800984	-0.054942417	8.4958654e-05	
hip_flexion_l.offset            	-0.011107534	-0.011035018	0.00012101145	
knee_angle_l.offset             	0.056331089	0.05621424	9.3116096e-05	
ankle_angle_l.offset            	0.19104023	0.1910775	8.8046944e-05	
stance_load_threshold           	0.15106243	0.15109276	9.9992446e-05	
S00111.tib_ant.KL               	1.239339	1.2404558	0.0015757947	
S00111.tib_ant.L0               	0.76165246	0.76174573	0.00017040975	
S00111.tib_ant.KS               	0.000173	0.00016485061	4.5295445e-05	
S11000.tib_ant.KL               	1.2015059	1.2010749	0.00092772	
S11000.tib_ant.L0               	0.73573133	0.73573002	0.00013845398	
S11000.tib_ant.KS               	0.036380613	0.036341564	8.1719965e-05	
S11111.tib_ant-soleus.KF        	-0.11309546	-0.11309492	0.00014286565	
S00111.soleus-tib_ant.KS        	-0.87286369	-0.87134889	0.0017879866	
S11000.soleus-tib_ant.KS        	-3.4090391	-3.4104932	0.002144474	
S00111.gastroc-tib_ant.KS       	-0.33043681	-0.33064551	0.0013712328	
S11000.gastroc-tib_ant.KS       	-1.7596301	-1.7554449	0.0018080823	
S00111.tib_ant-gastroc.KS       	-0.00395169	-0.0037629586	0.0089435145	
S11000.tib_ant-gastroc.KS       	-0.00331551	-0.0034718028	0.0087413697	
S00111.tib_ant-soleus.KS        	-0.00313515	-0.003306179	0.0091808967	
S11000.tib_ant-soleus.KS        	-0.0034666	-0.0032555327	0.0087909104	
S00111.gastroc.L0               	0.83403837	0.83565356	0.00069518902	
S00111.gastroc.KF               	1.4116615	1.4116698	8.8955017e-05	
S00111.gastroc.KS               	0.16822374	0.1678812	0.00070647259	
S00111.soleus.L0                	1.0138274	1.0136514	0.00039318248	
S00111.soleus.KF                	0.23701624	0.23680516	0.00013237539	
S00111.soleus.KS                	0.15305842	0.15301065	0.0010022437	
S11000.gastroc.KL               	0.00837043	0.008880638	0.0009048817	
S11000.gastroc.L0               	0.53976784	0.54037249	0.00073585243	
S11000.gastroc.KF               	-1.8150242	-1.8135979	0.0017380669	
S11000.gastroc.KS               	0.26560082	0.26664115	0.001454622	
S11000.soleus.KL                	0.81637485	0.8163022	0.0028989935	
S11000.soleus.L0                	0.9066636	0.90702166	0.00067017795	
S11000.soleus.KF                	-0.89720091	-0.89981545	0.0027314169	
S11000.soleus.KS                	0.10732551	0.10834709	0.0019503018	
S00011.vasti.KF                 	0.81552976	0.81525935	0.0003707895	
S00011.vasti.C0                 	0.080557271	0.080425158	7.9412181e-05	
S00011.vasti-knee_angle.pos_max 	-0.29804677	-0.29799894	0.00013195099	
S00011.hamstrings-pelvis_tilt.KP	0.73130328	0.73342981	0.0014920959	
S00011.hamstrings-pelvis_tilt.KV	0.57117678	0.57105599	7.8779664e-05	
S00011.hamstrings-pelvis_tilt.C0	0.026294983	0.026320546	0.00014721251	
S00011.glut_max-pelvis_tilt.KP  	1.4648223	1.4651079	0.0012316335	
S00011.glut_max-pelvis_tilt.KV  	0.31481859	0.31484873	7.7865239e-05	
S00011.glut_max-pelvis_tilt.C0  	0.15514847	0.15503164	0.00013208101	
S00011.iliopsoas-pelvis_tilt.KP 	-3.555915	-3.5566393	0.0021132009	
S00011.iliopsoas-pelvis_tilt.KV 	-0.54440601	-0.54437031	0.00010107362	
S00011.iliopsoas-pelvis_tilt.C0 	0.31961399	0.31986807	0.00021177274	
S00100.iliopsoas.C0             	0.3374463	0.3374943	0.00011307352	
S00100.glut_max.C0              	-0.024718932	-0.024718313	8.0631497e-05	
S11000.iliopsoas.KL             	0.5613584	0.56121266	9.5782655e-05	
S11000.iliopsoas.L0             	0.38689167	0.38685932	0.0001058254	
S11000.iliopsoas-pelvis_tilt.P0 	-0.045834954	-0.04592173	8.3668095e-05	
S11000.iliopsoas-pelvis_tilt.KP 	0.011471227	0.011264944	0.00038940405	
S11000.iliopsoas-pelvis_tilt.KV 	0.14943723	0.14948632	0.00010545994	
S11000.iliopsoas-hamstrings.KL  	-8.3131265	-8.317729	0.0035258054	
S11000.iliopsoas-hamstrings.L0  	1.1683761	1.1683981	8.0205226e-05	
S11000.hamstrings.KF            	0.571047	0.57110005	7.7868557e-05	
S11000.glut_max.KF              	0.6221871	0.62225655	8.8374399e-05	
