pelvis_tilt.offset              	0.022196628	0.022181908	3.5502661e-05	
hip_flexion_r.offset            	0.070160926	0.070156656	3.3974438e-05	
knee_angle_r.offset             	-0.0038847778	-0.0038781861	4.1286842e-05	
ankle_angle_r.offset            	-0.054841448	-0.05488637	4.7738794e-05	
hip_flexion_l.offset            	-0.011129374	-0.011207719	7.0339021e-05	
knee_angle_l.offset             	0.056768606	0.056687791	5.5469386e-05	
ankle_angle_l.offset            	0.19125916	0.19132466	5.0924829e-05	
stance_load_threshold           	0.15098068	0.15105334	5.6141325e-05	
S00111.tib_ant.KL               	1.2346082	1.2354212	0.00089644036	
S00111.tib_ant.L0               	0.76136256	0.76135241	9.6099027e-05	
S00111.tib_ant.KS               	0.0001668732	0.00016494029	2.206405e-05	
S11000.tib_ant.KL               	1.2032443	1.2032121	0.00052340716	
S11000.tib_ant.L0               	0.73597594	0.73592077	7.9357279e-05	
S11000.tib_ant.KS               	0.036844853	0.036808633	4.8724718e-05	
S11111.tib_ant-soleus.KF        	-0.11289975	-0.11299876	8.1173155e-05	
S00111.soleus-tib_ant.KS        	-0.86839804	-0.86925653	0.0010174673	
S11000.soleus-tib_ant.KS        	-3.4075315	-3.4083029	0.0012249843	
S00111.gastroc-tib_ant.KS       	-0.3310035	-0.32941568	0.00075316081	
S11000.gastroc-tib_ant.KS       	-1.7527258	-1.7519723	0.0010244535	
S00111.tib_ant-gastroc.KS       	-0.00395169	-0.0037198243	0.0043121621	
S11000.tib_ant-gastroc.KS       	-0.00331551	-0.0034646542	0.0042145975	
S00111.tib_ant-soleus.KS        	-0.00346517	-0.0032683074	0.0044263988	
S11000.tib_ant-soleus.KS        	-0.00313645	-0.003288752	0.0042384252	
S00111.gastroc.L0               	0.8368549	0.83728294	0.00039807098	
S00111.gastroc.KF               	1.4114551	1.4114054	5.152553e-05	
S00111.gastroc.KS               	0.16618822	0.16660831	0.00039570733	
S00111.soleus.L0                	1.0138779	1.0138212	0.00022401712	
S00111.soleus.KF                	0.23669049	0.23654143	7.5197579e-05	
S00111.soleus.KS                	0.1517499	0.15284584	0.00056397128	
S11000.gastroc.KL               	0.0086041897	0.0087557643	0.0004578465	
S11000.gastroc.L0               	0.5406595	0.54073819	0.00042101069	
S11000.gastroc.KF               	-1.8146453	-1.8133641	0.0010082959	
S11000.gastroc.KS               	0.27281806	0.27355842	0.00086427057	
S11000.soleus.KL                	0.8150752	0.81739921	0.0016710997	
S11000.soleus.L0                	0.907874	0.90803548	0.00038809867	
S11000.soleus.KF                	-0.90911535	-0.90823591	0.0015855199	
S11000.soleus.KS                	0.10736415	0.1065555	0.0010931418	
S00011.vasti.KF                 	0.81514886	0.81497141	0.00020898711	
S00011.vasti.C0                 	0.080244804	0.080280395	4.4994699e-05	
S00011.vasti-knee_angle.pos_max 	-0.29792073	-0.29788608	7.5642744e-05	
S00011.hamstrings-pelvis_tilt.KP	0.73439988	0.73420129	0.00084258519	
S00011.hamstrings-pelvis_tilt.KV	0.57114621	0.57117756	4.6051092e-05	
S00011.hamstrings-pelvis_tilt.C0	0.026267367	0.02650363	8.299727e-05	
S00011.glut_max-pelvis_tilt.KP  	1.4661589	1.4660767	0.00069439661	
S00011.glut_max-pelvis_tilt.KV  	0.31489381	0.31489809	4.4140718e-05	
S00011.glut_max-pelvis_tilt.C0  	0.15512756	0.15523149	7.5387862e-05	
S00011.iliopsoas-pelvis_tilt.KP 	-3.556091	-3.5555082	0.0011803953	
S00011.iliopsoas-pelvis_tilt.KV 	-0.5446047	-0.54456047	5.7251791e-05	
S00011.iliopsoas-pelvis_tilt.C0 	0.31951585	0.31963607	0.00012089579	
S00100.iliopsoas.C0             	0.33727057	0.33720096	6.3759796e-05	
S00100.glut_max.C0              	-0.024569919	-0.024595478	4.5600956e-05	
S11000.iliopsoas.KL             	0.56110317	0.56104979	5.491848e-05	
S11000.iliopsoas.L0             	0.38697274	0.38694364	6.1016946e-05	
S11000.iliopsoas-pelvis_tilt.P0 	-0.045944754	-0.045963912	4.8712063e-05	
S11000.iliopsoas-pelvis_tilt.KP 	0.011472637	0.011528451	0.00021384296	
S11000.iliopsoas-pelvis_tilt.KV 	0.14975946	0.14980253	6.0726819e-05	
S11000.iliopsoas-hamstrings.KL  	-8.3226573	-8.3238797	0.0019736571	
S11000.iliopsoas-hamstrings.L0  	1.1680876	1.1680957	4.6058606e-05	
S11000.hamstrings.KF            	0.57115724	0.57112573	4.4055571e-05	
S11000.glut_max.KF              	0.62259428	0.62263107	5.2242341e-05	
