pelvis_tilt.offset              	0.020573837	0.019782272	0.00079511579	
hip_flexion_r.offset            	0.072782692	0.072482875	0.00076286746	
knee_angle_r.offset             	0.0017255529	0.0019961781	0.00083720142	
ankle_angle_r.offset            	-0.055136669	-0.055125341	0.0010754872	
hip_flexion_l.offset            	-0.0050724392	-0.0049753709	0.0015231698	
knee_angle_l.offset             	0.056733492	0.058601315	0.0011864844	
ankle_angle_l.offset            	0.18870915	0.18948753	0.0011306973	
stance_load_threshold           	0.15239707	0.15249795	0.0012365863	
S00111.tib_ant.KL               	1.2646735	1.2720558	0.020612215	
S00111.tib_ant.L0               	0.75966219	0.75952442	0.0022139764	
S00111.tib_ant.KS               	0.00015652	0.00016368784	0.00084959529	
S11000.tib_ant.KL               	1.2022151	1.1989374	0.011677324	
S11000.tib_ant.L0               	0.7315699	0.73219481	0.0017449496	
S11000.tib_ant.KS               	0.036126434	0.03514402	0.0010742396	
S11111.tib_ant-soleus.KF        	-0.11622263	-0.11382001	0.0018464828	
S00111.soleus-tib_ant.KS        	-0.89402901	-0.87033514	0.023303318	
S11000.soleus-tib_ant.KS        	-3.2611853	-3.2595141	0.027127536	
S00111.gastroc-tib_ant.KS       	-0.34925056	-0.34242897	0.019925968	
S11000.gastroc-tib_ant.KS       	-1.6315555	-1.6729374	0.022892088	
S00111.tib_ant-gastroc.KS       	-0.00395169	-0.0038308224	0.1681188	
S11000.tib_ant-gastroc.KS       	-0.00366451	-0.0034286109	0.16431962	
S00111.tib_ant-soleus.KS        	-0.00346517	-0.0033603948	0.17258263	
S11000.tib_ant-soleus.KS        	-0.0034666	-0.0032246911	0.16525135	
S00111.gastroc.KL               	0.08315732	0.079963793	0.021034336	
S00111.gastroc.L0               	0.85362681	0.85040473	0.0090514601	
S00111.gastroc.KF               	1.4120832	1.4115173	0.0011577658	
S00111.gastroc.KS               	0.17739288	0.17509958	0.009820882	
S00111.soleus.KL                	3.9959829	3.9926465	0.020270614	
S00111.soleus.L0                	0.9586767	0.9668884	0.0051308829	
S00111.soleus.KF                	0.22191276	0.22314467	0.0016705235	
S00111.soleus.KS                	0.16342964	0.15567621	0.014291348	
S11000.gastroc.L0               	0.53649412	0.53117089	0.0094865057	
S11000.gastroc.KF               	-1.8204141	-1.8229535	0.022419599	
S11000.gastroc.KS               	0.25231886	0.26599713	0.020049977	
S11000.soleus.L0                	0.9072729	0.92106914	0.0087441213	
S11000.soleus.KF                	-0.88260381	-0.91258922	0.036249358	
S11000.soleus.KS                	0.1022613	0.10489008	0.031164803	
S00011.vasti.KF                 	0.82626212	0.82190691	0.0048354466	
S00011.vasti.C0                 	0.081909249	0.082056479	0.0010926034	
S00011.vasti-knee_angle.pos_max 	-0.30262844	-0.30515253	0.0016871086	
S00011.hamstrings-pelvis_tilt.KP	0.72044012	0.71761306	0.019158428	
S00011.hamstrings-pelvis_tilt.KV	0.56627948	0.56617702	0.00098702978	
S00011.hamstrings-pelvis_tilt.C0	0.02514159	0.025907639	0.0020803141	
S00011.glut_max-pelvis_tilt.KP  	1.4911723	1.4964123	0.016031194	
S00011.glut_max-pelvis_tilt.KV  	0.31119505	0.31123658	0.0010023127	
S00011.glut_max-pelvis_tilt.C0  	0.1594686	0.15791551	0.0016978296	
S00011.iliopsoas-pelvis_tilt.KP 	-3.531456	-3.5182407	0.026970927	
S00011.iliopsoas-pelvis_tilt.KV 	-0.54008139	-0.54170024	0.0012296126	
S00011.iliopsoas-pelvis_tilt.C0 	0.33834475	0.33579401	0.002669077	
S00100.iliopsoas.C0             	0.33612498	0.33612313	0.0014403649	
S00100.glut_max.C0              	-0.02588599	-0.025022223	0.0010910648	
S11000.iliopsoas.KL             	0.56176682	0.56176064	0.0012420769	
S11000.iliopsoas.L0             	0.39104851	0.39028728	0.0013706667	
S11000.iliopsoas-pelvis_tilt.P0 	-0.045420364	-0.044534044	0.0011033509	
S11000.iliopsoas-pelvis_tilt.KP 	0.01082572	0.011491795	0.0067515381	
S11000.iliopsoas-pelvis_tilt.KV 	0.1427191	0.14036675	0.001304041	
S11000.iliopsoas-hamstrings.KL  	-8.4318198	-8.4329322	0.045427027	
S11000.iliopsoas-hamstrings.L0  	1.1644823	1.1649112	0.0010230326	
S11000.hamstrings.KF            	0.57615768	0.57736986	0.00099162572	
S11000.glut_max.KF              	0.62221445	0.6209442	0.0011293197	
