pelvis_tilt.offset              	0.019709861	0.019363054	0.00075411078	
hip_flexion_r.offset            	0.073801173	0.072907532	0.00072198489	
knee_angle_r.offset             	0.00024508257	0.0014236802	0.00079065703	
ankle_angle_r.offset            	-0.055819102	-0.055340664	0.0010139696	
hip_flexion_l.offset            	-0.0068126163	-0.0053809303	0.0014361927	
knee_angle_l.offset             	0.056617758	0.057909935	0.001119836	
ankle_angle_l.offset            	0.18832525	0.1891635	0.0010630007	
stance_load_threshold           	0.1518859	0.15264886	0.0011649853	
S00111.tib_ant.KL               	1.2836029	1.2633323	0.019380665	
S00111.tib_ant.L0               	0.75737617	0.75586474	0.002095619	
S00111.tib_ant.KS               	0.000173	0.00016413763	0.00079539378	
S11000.tib_ant.KL               	1.1995627	1.1943752	0.011026446	
S11000.tib_ant.L0               	0.73189509	0.73314469	0.0016476418	
S11000.tib_ant.KS               	0.03549444	0.034811297	0.0010125829	
S11111.tib_ant-soleus.KF        	-0.11183365	-0.11384417	0.0017397475	
S00111.soleus-tib_ant.KS        	-0.89402901	-0.86909342	0.021933505	
S11000.soleus-tib_ant.KS        	-3.2496869	-3.2558002	0.025563954	
S00111.gastroc-tib_ant.KS       	-0.35555488	-0.33629564	0.018713027	
S11000.gastroc-tib_ant.KS       	-1.6281052	-1.6790527	0.0215914	
S00111.tib_ant-gastroc.KS       	-0.00395169	-0.003793466	0.15739323	
S11000.tib_ant-gastroc.KS       	-0.00366451	-0.0034664404	0.15383644	
S00111.tib_ant-soleus.KS        	-0.00346517	-0.0033106204	0.16157228	
S11000.tib_ant-soleus.KS        	-0.00313645	-0.0032542602	0.15470872	
S00111.gastroc.KL               	0.08315732	0.080396579	0.019696691	
S00111.gastroc.L0               	0.85114039	0.8479523	0.0085316062	
S00111.gastroc.KF               	1.4125637	1.4114485	0.0010920309	
S00111.gastroc.KS               	0.17739288	0.17497951	0.0092069489	
S00111.soleus.KL                	3.9725006	4.0059846	0.019078319	
S00111.soleus.L0                	0.96319068	0.96436353	0.0048335028	
S00111.soleus.KF                	0.22468349	0.22345961	0.0015731694	
S00111.soleus.KS                	0.14946728	0.15584112	0.013400023	
S11000.gastroc.L0               	0.52674443	0.53665135	0.0089439936	
S11000.gastroc.KF               	-1.8279667	-1.821131	0.021173081	
S11000.gastroc.KS               	0.25231886	0.26478991	0.018813993	
S11000.soleus.L0                	0.92998797	0.91785024	0.0082573339	
S11000.soleus.KF                	-0.92186948	-0.92393189	0.034113827	
S11000.soleus.KS                	0.11302564	0.10925242	0.029183565	
S00011.vasti.KF                 	0.82632375	0.82313479	0.0045547582	
S00011.vasti.C0                 	0.0822677	0.082598851	0.0010282114	
S00011.vasti-knee_angle.pos_max 	-0.30224279	-0.30438297	0.001593018	
S00011.hamstrings-pelvis_tilt.KP	0.71349625	0.72771556	0.018012735	
S00011.hamstrings-pelvis_tilt.KV	0.56609102	0.56709172	0.00093247795	
S00011.hamstrings-pelvis_tilt.C0	0.02514159	0.025998887	0.0019510474	
S00011.glut_max-pelvis_tilt.KP  	1.4798748	1.5072435	0.015117262	
S00011.glut_max-pelvis_tilt.KV  	0.3132729	0.31077707	0.00094722804	
S00011.glut_max-pelvis_tilt.C0  	0.15781587	0.15794758	0.0016019168	
S00011.iliopsoas-pelvis_tilt.KP 	-3.4771554	-3.5048388	0.02551713	
S00011.iliopsoas-pelvis_tilt.KV 	-0.54164561	-0.54200695	0.0011613507	
S00011.iliopsoas-pelvis_tilt.C0 	0.3350201	0.33682781	0.0025198921	
S00100.iliopsoas.C0             	0.33645607	0.33547018	0.0013610732	
S00100.glut_max.C0              	-0.024582588	-0.025017972	0.0010256272	
S11000.iliopsoas.KL             	0.56131886	0.56207314	0.0011723523	
S11000.iliopsoas.L0             	0.39011787	0.39085381	0.0012916313	
S11000.iliopsoas-pelvis_tilt.P0 	-0.044318826	-0.045269543	0.0010388348	
S11000.iliopsoas-pelvis_tilt.KP 	0.01082572	0.011400827	0.0063211372	
S11000.iliopsoas-pelvis_tilt.KV 	0.14247901	0.14035992	0.0012322171	
S11000.iliopsoas-hamstrings.KL  	-8.4859012	-8.4340658	0.043029158	
S11000.iliopsoas-hamstrings.L0  	1.164391	1.164699	0.00096559516	
S11000.hamstrings.KF            	0.57622705	0.57673358	0.00093692318	
S11000.glut_max.KF              	0.6202813	0.62118127	0.0010638947	
