pelvis_tilt.offset              	0.01970127	0.019107525	0.00044437621	
hip_flexion_r.offset            	0.072381331	0.072582063	0.0004333917	
knee_angle_r.offset             	0.0017899584	0.0020691121	0.00046678822	
ankle_angle_r.offset            	-0.056453972	-0.056416123	0.00059463852	
hip_flexion_l.offset            	-0.0067277717	-0.0063700375	0.00084653761	
knee_angle_l.offset             	0.05791151	0.057825358	0.00065715066	
ankle_angle_l.offset            	0.1893186	0.18929439	0.00063082923	
stance_load_threshold           	0.15322824	0.15288507	0.00068435422	
S00111.tib_ant.KL               	1.245491	1.2586712	0.011383412	
S00111.tib_ant.L0               	0.75707186	0.75696071	0.0012318761	
S00111.tib_ant.KS               	0.00015652	0.00016311806	0.00044622099	
S11000.tib_ant.KL               	1.2044042	1.2024387	0.0064860848	
S11000.tib_ant.L0               	0.73384665	0.73226794	0.00096368256	
S11000.tib_ant.KS               	0.035658096	0.035322134	0.00059351435	
S11111.tib_ant-soleus.KF        	-0.11511584	-0.11378853	0.001015529	
S00111.soleus-tib_ant.KS        	-0.87818872	-0.8743102	0.012801759	
S11000.soleus-tib_ant.KS        	-3.263618	-3.2381584	0.015017087	
S00111.gastroc-tib_ant.KS       	-0.32816317	-0.32721599	0.010754135	
S11000.gastroc-tib_ant.KS       	-1.6627933	-1.6630643	0.012721691	
S00111.tib_ant-gastroc.KS       	-0.00357534	-0.0037352862	0.088297731	
S11000.tib_ant-gastroc.KS       	-0.00366451	-0.0035053464	0.086302366	
S00111.tib_ant-soleus.KS        	-0.00346517	-0.0032116747	0.09064218	
S11000.tib_ant-soleus.KS        	-0.00313645	-0.0033047346	0.086791719	
S00111.gastroc.KL               	0.08315732	0.079944524	0.011084375	
S00111.gastroc.L0               	0.84406939	0.84352422	0.0050288072	
S00111.gastroc.KF               	1.4104387	1.410748	0.00063703907	
S00111.gastroc.KS               	0.16117791	0.16427136	0.0052845814	
S00111.soleus.KL                	4.0150654	4.0135052	0.011185212	
S00111.soleus.L0                	0.96971863	0.96733792	0.0028254678	
S00111.soleus.KF                	0.22584317	0.22388596	0.00091900894	
S00111.soleus.KS                	0.15167703	0.15964242	0.007637811	
S11000.gastroc.L0               	0.52549413	0.52860932	0.0052622954	
S11000.gastroc.KF               	-1.8401352	-1.8565004	0.012591116	
S11000.gastroc.KS               	0.27533353	0.26574738	0.0107552	
S11000.soleus.L0                	0.92194087	0.92011044	0.0048518101	
S11000.soleus.KF                	-0.88328771	-0.9051183	0.019847886	
S11000.soleus.KS                	0.11302564	0.10719628	0.016418091	
S00011.vasti.KF                 	0.82507085	0.82643569	0.0026853957	
S00011.vasti.C0                 	0.082947567	0.081488542	0.00059972889	
S00011.vasti-knee_angle.pos_max 	-0.30277165	-0.30201431	0.00094184158	
S00011.hamstrings-pelvis_tilt.KP	0.69322	0.70641349	0.010555127	
S00011.hamstrings-pelvis_tilt.KV	0.56588784	0.56611154	0.00054710619	
S00011.hamstrings-pelvis_tilt.C0	0.02778807	0.026174033	0.0011166314	
S00011.glut_max-pelvis_tilt.KP  	1.467881	1.4772144	0.0088847894	
S00011.glut_max-pelvis_tilt.KV  	0.31161507	0.31118147	0.00055878062	
S00011.glut_max-pelvis_tilt.C0  	0.15613762	0.15738374	0.00094946644	
S00011.iliopsoas-pelvis_tilt.KP 	-3.5055061	-3.5006703	0.014994877	
S00011.iliopsoas-pelvis_tilt.KV 	-0.54308197	-0.54251228	0.00067677674	
S00011.iliopsoas-pelvis_tilt.C0 	0.33133907	0.33219474	0.0014888617	
S00100.iliopsoas.C0             	0.3355717	0.33429094	0.00080287754	
S00100.glut_max.C0              	-0.023920552	-0.023900137	0.00060009626	
S11000.iliopsoas.KL             	0.56054947	0.5605453	0.00068910392	
S11000.iliopsoas.L0             	0.38989268	0.39068814	0.00075890688	
S11000.iliopsoas-pelvis_tilt.P0 	-0.043763612	-0.043995551	0.00061049872	
S11000.iliopsoas-pelvis_tilt.KP 	0.01196527	0.011361373	0.0035485573	
S11000.iliopsoas-pelvis_tilt.KV 	0.14049573	0.14137766	0.00072264917	
S11000.iliopsoas-hamstrings.KL  	-8.4258278	-8.4373809	0.025526798	
S11000.iliopsoas-hamstrings.L0  	1.1643358	1.1642948	0.00056814841	
S11000.hamstrings.KF            	0.57577523	0.57590439	0.00054987975	
S11000.glut_max.KF              	0.61945435	0.6188436	0.00062727711	
