pelvis_tilt.offset              	0.019595235	0.019405958	0.00041144656	
hip_flexion_r.offset            	0.072306762	0.072820762	0.00040211893	
knee_angle_r.offset             	0.0017799516	0.0018005183	0.00042981992	
ankle_angle_r.offset            	-0.057021535	-0.055918951	0.00054971737	
hip_flexion_l.offset            	-0.0068460404	-0.0062213183	0.00078116987	
knee_angle_l.offset             	0.058352329	0.058611098	0.00060738714	
ankle_angle_l.offset            	0.19046448	0.18934096	0.00058426115	
stance_load_threshold           	0.15302442	0.15280819	0.00063039924	
S00111.tib_ant.KL               	1.2608509	1.2671404	0.010584603	
S00111.tib_ant.L0               	0.75874896	0.75798002	0.0011364396	
S00111.tib_ant.KS               	0.00016623547	0.00016316578	0.00040610595	
S11000.tib_ant.KL               	1.2068588	1.2061515	0.0059630895	
S11000.tib_ant.L0               	0.73183235	0.73181961	0.00089163232	
S11000.tib_ant.KS               	0.035153056	0.035410928	0.00054655981	
S11111.tib_ant-soleus.KF        	-0.11623468	-0.11464368	0.00093840268	
S00111.soleus-tib_ant.KS        	-0.89402901	-0.88214534	0.01179713	
S11000.soleus-tib_ant.KS        	-3.2497545	-3.2487566	0.013880751	
S00111.gastroc-tib_ant.KS       	-0.32171493	-0.32724704	0.0098604836	
S11000.gastroc-tib_ant.KS       	-1.661909	-1.6556793	0.011711827	
S00111.tib_ant-gastroc.KS       	-0.00357534	-0.0037835197	0.080359363	
S11000.tib_ant-gastroc.KS       	-0.00366451	-0.0034540304	0.07854339	
S00111.tib_ant-soleus.KS        	-0.00346517	-0.0033215147	0.082493034	
S11000.tib_ant-soleus.KS        	-0.00313645	-0.0032974187	0.078988747	
S00111.gastroc.KL               	0.08315732	0.080923581	0.010102332	
S00111.gastroc.L0               	0.84332707	0.84009431	0.0046371665	
S00111.gastroc.KF               	1.4102359	1.4106355	0.00059187818	
S00111.gastroc.KS               	0.16112113	0.16368525	0.0048498404	
S00111.soleus.KL                	4.0197413	4.0120414	0.010294368	
S00111.soleus.L0                	0.96646417	0.9657658	0.002607502	
S00111.soleus.KF                	0.22515964	0.22486815	0.00085356568	
S00111.soleus.KS                	0.15986624	0.15403056	0.0070091373	
S11000.gastroc.L0               	0.52478029	0.52191555	0.0048563432	
S11000.gastroc.KF               	-1.8735969	-1.852587	0.011637658	
S11000.gastroc.KS               	0.25231886	0.26015151	0.0099072691	
S11000.soleus.L0                	0.91976318	0.91454943	0.0044699693	
S11000.soleus.KF                	-0.9135866	-0.90207098	0.018284334	
S11000.soleus.KS                	0.11302564	0.10936745	0.014965935	
S00011.vasti.KF                 	0.82779275	0.82707502	0.0024702996	
S00011.vasti.C0                 	0.082197478	0.081727561	0.00055230655	
S00011.vasti-knee_angle.pos_max 	-0.30315179	-0.30290636	0.00087051854	
S00011.hamstrings-pelvis_tilt.KP	0.6769531	0.6878261	0.0097927338	
S00011.hamstrings-pelvis_tilt.KV	0.56479409	0.56526686	0.00050774361	
S00011.hamstrings-pelvis_tilt.C0	0.02514159	0.026524521	0.0010270097	
S00011.glut_max-pelvis_tilt.KP  	1.4481224	1.4661174	0.0082410725	
S00011.glut_max-pelvis_tilt.KV  	0.31108018	0.31103812	0.00051603111	
S00011.glut_max-pelvis_tilt.C0  	0.15809287	0.15801595	0.00087640366	
S00011.iliopsoas-pelvis_tilt.KP 	-3.506997	-3.5169236	0.013831732	
S00011.iliopsoas-pelvis_tilt.KV 	-0.54199524	-0.5426965	0.00062557344	
S00011.iliopsoas-pelvis_tilt.C0 	0.33393306	0.33195238	0.0013772652	
S00100.iliopsoas.C0             	0.33538367	0.33554275	0.00074239363	
S00100.glut_max.C0              	-0.02342065	-0.024522328	0.00055404421	
S11000.iliopsoas.KL             	0.56031352	0.56083107	0.00063555787	
S11000.iliopsoas.L0             	0.38966977	0.38976604	0.00070300527	
S11000.iliopsoas-pelvis_tilt.P0 	-0.043007507	-0.043339965	0.00056584697	
S11000.iliopsoas-pelvis_tilt.KP 	0.01196527	0.011294892	0.0032307875	
S11000.iliopsoas-pelvis_tilt.KV 	0.14236799	0.14188517	0.00066926138	
S11000.iliopsoas-hamstrings.KL  	-8.4607894	-8.4422053	0.023639909	
S11000.iliopsoas-hamstrings.L0  	1.1648234	1.1648999	0.00052686898	
S11000.hamstrings.KF            	0.5765138	0.57607667	0.00050641601	
S11000.glut_max.KF              	0.61789765	0.61864356	0.0005786061	
