pelvis_tilt.offset              	0.0094795267	0.0099971403	0.0019182791	
hip_flexion_r.offset            	0.050593072	0.052171069	0.0020300059	
knee_angle_r.offset             	-0.021426886	-0.018787449	0.0022458909	
ankle_angle_r.offset            	-0.055206553	-0.05794264	0.0025234865	
hip_flexion_l.offset            	-0.022541064	-0.026764516	0.0038418628	
knee_angle_l.offset             	0.057126184	0.055039543	0.0027815718	
ankle_angle_l.offset            	0.18887093	0.19011062	0.0026553632	
stance_load_threshold           	0.15746264	0.1562865	0.0029159197	
S00111.tib_ant.KL               	1.3078109	1.2276086	0.046766452	
S00111.tib_ant.L0               	0.75003443	0.75479562	0.0052609626	
S00111.tib_ant.KS               	0.00015652	0.0001662576	0.001844775	
S11000.tib_ant.KL               	1.2472442	1.2353498	0.027080728	
S11000.tib_ant.L0               	0.76473239	0.76566304	0.0045350706	
S11000.tib_ant.KS               	0.033838052	0.035068459	0.002392061	
S11111.tib_ant-soleus.KF        	-0.10533343	-0.11182517	0.0042263898	
S00111.soleus-tib_ant.KS        	-0.80888339	-0.83483805	0.052386564	
S11000.soleus-tib_ant.KS        	-3.2147978	-3.2299436	0.063876849	
S00111.gastroc-tib_ant.KS       	-0.32171493	-0.33213946	0.043584181	
S11000.gastroc-tib_ant.KS       	-1.7186058	-1.745951	0.04933857	
S00111.tib_ant-gastroc.KS       	-0.00395169	-0.003743614	0.36504552	
S11000.tib_ant-gastroc.KS       	-0.00366451	-0.0035328372	0.35679617	
S00111.tib_ant-soleus.KS        	-0.00346517	-0.0033371513	0.37473809	
S11000.tib_ant-soleus.KS        	-0.0034666	-0.0033613037	0.35881928	
S00111.gastroc.KL               	0.075250268	0.078334287	0.045696333	
S00111.gastroc.L0               	0.80076983	0.81656285	0.021053376	
S00111.gastroc.KF               	1.4017442	1.404053	0.0027647935	
S00111.gastroc.KS               	0.17739288	0.17415973	0.021515648	
S00111.soleus.KL                	4.0895792	4.1140792	0.047455003	
S00111.soleus.L0                	1.0050459	1.0017443	0.011819031	
S00111.soleus.KF                	0.23151606	0.22831788	0.003955785	
S00111.soleus.KS                	0.14946728	0.16195975	0.03114664	
S11000.gastroc.KL               	0.00837043	0.0084747878	0.03641055	
S11000.gastroc.L0               	0.5031562	0.51767815	0.021605351	
S11000.gastroc.KF               	-1.8748522	-1.8445278	0.051892844	
S11000.soleus.KL                	0.84260236	0.81655313	0.085235109	
S11000.soleus.L0                	0.92304841	0.90828917	0.020134544	
S11000.soleus.KF                	-0.86753488	-0.90999378	0.080131229	
S00011.vasti.KF                 	0.86097617	0.85849442	0.011735651	
S00011.vasti.C0                 	0.080825528	0.082419165	0.0024502343	
S00011.vasti-knee_angle.pos_max 	-0.30660094	-0.30796384	0.0039949107	
S00011.hamstrings-pelvis_tilt.KP	0.70701408	0.70474788	0.042926048	
S00011.hamstrings-pelvis_tilt.KV	0.56946907	0.56980551	0.0023113697	
S00011.hamstrings-pelvis_tilt.C0	0.02778807	0.026477948	0.0045373185	
S00011.glut_max-pelvis_tilt.KP  	1.480246	1.4533097	0.037215653	
S00011.glut_max-pelvis_tilt.KV  	0.30468254	0.3037601	0.0023842669	
S00011.glut_max-pelvis_tilt.C0  	0.1655507	0.16452972	0.0038926247	
S00011.iliopsoas-pelvis_tilt.KP 	-3.5804051	-3.5221913	0.063536859	
S00011.iliopsoas-pelvis_tilt.KV 	-0.53126671	-0.53399891	0.0029510727	
S00011.iliopsoas-pelvis_tilt.C0 	0.31579281	0.32097669	0.0060338613	
S00100.iliopsoas.C0             	0.33129312	0.32997714	0.0034360616	
S00100.glut_max.C0              	-0.02588599	-0.025085042	0.0024049247	
S11000.iliopsoas.KL             	0.57045286	0.56788263	0.0029077419	
S11000.iliopsoas.L0             	0.38172216	0.3844988	0.0033914581	
S11000.iliopsoas-pelvis_tilt.P0 	-0.04199752	-0.044701072	0.0024653842	
S11000.iliopsoas-pelvis_tilt.KP 	0.01082572	0.011426399	0.014661103	
S11000.iliopsoas-pelvis_tilt.KV 	0.15228619	0.15035038	0.0029916425	
S11000.iliopsoas-hamstrings.KL  	-8.2783945	-8.461757	0.10725257	
S11000.iliopsoas-hamstrings.L0  	1.1443928	1.1464713	0.0026400011	
S11000.hamstrings.KF            	0.5588486	0.56148327	0.0024529826	
S11000.glut_max.KF              	0.61433211	0.61287867	0.0027123204	
