pelvis_tilt.offset              	-0.0026041374	0.0016145231	0.002522897	
hip_flexion_r.offset            	0.045124011	0.043308486	0.002700711	
knee_angle_r.offset             	-0.029227574	-0.034682267	0.0031201552	
ankle_angle_r.offset            	-0.059158683	-0.055030556	0.0031596045	
hip_flexion_l.offset            	-0.033665665	-0.033189451	0.0048606025	
knee_angle_l.offset             	0.045113194	0.051585449	0.0034819804	
ankle_angle_l.offset            	0.20093021	0.19309018	0.003317562	
stance_load_threshold           	0.14656106	0.15136077	0.0036193731	
S00111.tib_ant.KL               	1.3119505	1.2700237	0.057463115	
S00111.tib_ant.L0               	0.75517707	0.75012152	0.0065588142	
S00111.tib_ant.KS               	0.00015652	0.00016746437	0.0022213623	
S11000.tib_ant.KL               	1.2170042	1.2420258	0.033499577	
S11000.tib_ant.L0               	0.77042269	0.77407054	0.0055660955	
S11000.tib_ant.KS               	0.03371447	0.035155148	0.0029073729	
S11111.tib_ant-soleus.KF        	-0.10956909	-0.10985093	0.0051918919	
S00111.soleus-tib_ant.KS        	-0.89402901	-0.8304549	0.063639745	
S11000.soleus-tib_ant.KS        	-3.3155418	-3.2374506	0.078964111	
S00111.gastroc-tib_ant.KS       	-0.32171493	-0.32831158	0.052601084	
S11000.gastroc-tib_ant.KS       	-1.7690597	-1.6736428	0.060554821	
S00111.tib_ant-gastroc.KS       	-0.00357534	-0.0038711379	0.43956468	
S11000.tib_ant-gastroc.KS       	-0.00366451	-0.003537969	0.42963134	
S00111.tib_ant-soleus.KS        	-0.00313515	-0.0032623517	0.45123586	
S11000.tib_ant-soleus.KS        	-0.00313645	-0.0033115169	0.43206744	
S00111.gastroc.KL               	0.08315732	0.079035331	0.055035164	
S00111.gastroc.L0               	0.82286383	0.82871443	0.025902768	
S00111.gastroc.KF               	1.3985486	1.3971741	0.0034794567	
S00111.gastroc.KS               	0.17739288	0.17297498	0.02597104	
S00111.soleus.KL                	4.1514517	4.1578623	0.059296789	
S00111.soleus.L0                	1.0105984	1.001349	0.014566938	
S00111.soleus.KF                	0.22541168	0.23513343	0.0048996875	
S00111.soleus.KS                	0.15567436	0.15922528	0.037560207	
S11000.gastroc.KL               	0.00837043	0.0087314926	0.043843453	
S11000.gastroc.L0               	0.53628689	0.5338542	0.026469636	
S11000.gastroc.KF               	-1.867192	-1.8210351	0.063858853	
S11000.soleus.KL                	0.76235452	0.79152475	0.1030971	
S11000.soleus.L0                	0.9280461	0.89623117	0.024926648	
S11000.soleus.KF                	-0.92583006	-0.92216261	0.097105505	
S00011.vasti.KF                 	0.86097617	0.85561985	0.014320881	
S00011.vasti.C0                 	0.084310542	0.082296083	0.0030075789	
S00011.vasti-knee_angle.pos_max 	-0.30953791	-0.3000174	0.0049859368	
S00011.hamstrings-pelvis_tilt.KP	0.67099736	0.71900975	0.05218743	
S00011.hamstrings-pelvis_tilt.KV	0.56693649	0.5704612	0.0028699427	
S00011.hamstrings-pelvis_tilt.C0	0.02514159	0.026063934	0.0054745374	
S00011.glut_max-pelvis_tilt.KP  	1.5516496	1.4815141	0.045712138	
S00011.glut_max-pelvis_tilt.KV  	0.29830002	0.30068842	0.0030063941	
S00011.glut_max-pelvis_tilt.C0  	0.15740401	0.1590633	0.0048349348	
S00011.iliopsoas-pelvis_tilt.KP 	-3.4777227	-3.6093941	0.078545952	
S00011.iliopsoas-pelvis_tilt.KV 	-0.5215423	-0.52286425	0.0037742774	
S00011.iliopsoas-pelvis_tilt.C0 	0.32007947	0.31993822	0.0073684774	
S00100.iliopsoas.C0             	0.3259355	0.32440949	0.0042732624	
S00100.glut_max.C0              	-0.02588599	-0.024927762	0.0029113686	
S11000.iliopsoas.KL             	0.57648353	0.57723714	0.0036641132	
S11000.iliopsoas.L0             	0.3783129	0.37440556	0.0044046055	
S11000.iliopsoas-pelvis_tilt.P0 	-0.044277657	-0.045551422	0.0030057246	
S11000.iliopsoas-pelvis_tilt.KP 	0.01196527	0.011307554	0.017654724	
S11000.iliopsoas-pelvis_tilt.KV 	0.15029208	0.14869196	0.0036864455	
S11000.iliopsoas-hamstrings.KL  	-8.4860995	-8.5121803	0.13360515	
S11000.iliopsoas-hamstrings.L0  	1.1394939	1.1387312	0.0034725338	
S11000.hamstrings.KF            	0.5515676	0.55218554	0.0031821449	
S11000.glut_max.KF              	0.61422393	0.61132129	0.0034040742	
