pelvis_tilt.offset              	0.0030503204	0.0014811293	0.0018478972	
hip_flexion_r.offset            	0.031635972	0.032825338	0.0021257433	
knee_angle_r.offset             	-0.055444148	-0.056193789	0.0026148427	
ankle_angle_r.offset            	-0.056118469	-0.05800325	0.0022315878	
hip_flexion_l.offset            	-0.027559921	-0.028254904	0.003458426	
knee_angle_l.offset             	0.05789843	0.051146019	0.0024300108	
ankle_angle_l.offset            	0.18876275	0.18757874	0.0023516399	
stance_load_threshold           	0.15639914	0.15226427	0.0025294689	
S00111.tib_ant.KL               	1.2686174	1.2658612	0.039092837	
S00111.tib_ant.L0               	0.74157504	0.73146985	0.0046568342	
S00111.tib_ant.KS               	0.000173	0.00016290631	0.00143543	
S11000.tib_ant.KL               	1.2238076	1.2306372	0.023007144	
S11000.tib_ant.L0               	0.76439054	0.76266299	0.0038055315	
S11000.tib_ant.KS               	0.03726336	0.035217035	0.0019277324	
S11111.tib_ant-soleus.KF        	-0.11082698	-0.11373399	0.0035307194	
S00111.soleus-tib_ant.KS        	-0.85752778	-0.85860105	0.042233186	
S11000.soleus-tib_ant.KS        	-3.3566806	-3.3077812	0.05458663	
S00111.gastroc-tib_ant.KS       	-0.35557966	-0.34877614	0.034233451	
S11000.gastroc-tib_ant.KS       	-1.7690597	-1.7672441	0.040188646	
S00111.tib_ant-gastroc.KS       	-0.00357534	-0.0037277387	0.2840434	
S11000.tib_ant-gastroc.KS       	-0.00366451	-0.0035629294	0.27762455	
S00111.tib_ant-soleus.KS        	-0.00313515	-0.0032430844	0.29158523	
S11000.tib_ant-soleus.KS        	-0.0034666	-0.0032076131	0.27919874	
S00111.gastroc.KL               	0.07523758	0.077830869	0.035584718	
S00111.gastroc.L0               	0.83113134	0.81262511	0.017743922	
S00111.gastroc.KF               	1.3932092	1.3904799	0.0025485256	
S00111.gastroc.KS               	0.17739288	0.17123224	0.016914007	
S00111.soleus.KL                	4.2113818	4.2035701	0.040777991	
S00111.soleus.L0                	1.0070115	1.0019076	0.010067528	
S00111.soleus.KF                	0.22277427	0.22294074	0.0034305169	
S00111.soleus.KS                	0.16520068	0.1598009	0.024380784	
S11000.gastroc.KL               	0.00925153	0.008805653	0.028331675	
S11000.gastroc.L0               	0.51272307	0.52901913	0.017872972	
S11000.gastroc.KF               	-1.8556588	-1.8516518	0.043611565	
S11000.soleus.KL                	0.84260236	0.7966756	0.067462084	
S11000.soleus.L0                	0.92010132	0.92231789	0.017250765	
S11000.soleus.KF                	-0.95885434	-0.9292487	0.063830365	
S00011.vasti.KF                 	0.84986567	0.85769043	0.0094689423	
S00011.vasti.C0                 	0.084997962	0.084828351	0.0020384403	
S00011.vasti-knee_angle.pos_max 	-0.32068016	-0.31825311	0.0034890852	
S00011.hamstrings-pelvis_tilt.KP	0.71875199	0.71355361	0.034727427	
S00011.hamstrings-pelvis_tilt.KV	0.56593692	0.5664248	0.0020159201	
S00011.hamstrings-pelvis_tilt.C0	0.02514159	0.026306843	0.0035574632	
S00011.glut_max-pelvis_tilt.KP  	1.467003	1.4975872	0.031829221	
S00011.glut_max-pelvis_tilt.KV  	0.30065805	0.30362631	0.002082361	
S00011.glut_max-pelvis_tilt.C0  	0.16614088	0.16338094	0.0033249733	
S00011.iliopsoas-pelvis_tilt.KP 	-3.5329832	-3.5502633	0.05376727	
S00011.iliopsoas-pelvis_tilt.KV 	-0.52229491	-0.52497565	0.0026609206	
S00011.iliopsoas-pelvis_tilt.C0 	0.32309666	0.32654027	0.005081794	
S00100.iliopsoas.C0             	0.33455984	0.33651152	0.0029807017	
S00100.glut_max.C0              	-0.02342065	-0.024827738	0.0019081091	
S11000.iliopsoas.KL             	0.57681851	0.57834747	0.0026068847	
S11000.iliopsoas.L0             	0.38379451	0.37698436	0.0030490756	
S11000.iliopsoas-pelvis_tilt.P0 	-0.045724754	-0.044876009	0.0020088567	
S11000.iliopsoas-pelvis_tilt.KP 	0.01196527	0.011411875	0.011409771	
S11000.iliopsoas-pelvis_tilt.KV 	0.14774798	0.14747944	0.0025414582	
S11000.iliopsoas-hamstrings.KL  	-8.4977775	-8.4651704	0.094495483	
S11000.iliopsoas-hamstrings.L0  	1.1195617	1.118007	0.0027294869	
S11000.hamstrings.KF            	0.5559241	0.55709838	0.002256079	
S11000.glut_max.KF              	0.59893877	0.59708675	0.0024614124	
