pelvis_tilt.offset              	0.00018036035	0.00026267973	0.00017506042	
hip_flexion_r.offset            	0.030168847	0.029977937	0.00020618556	
knee_angle_r.offset             	-0.055240719	-0.055163693	0.0002563135	
ankle_angle_r.offset            	-0.060003929	-0.059774294	0.00021123001	
hip_flexion_l.offset            	-0.03031785	-0.030323075	0.000330667	
knee_angle_l.offset             	0.050388521	0.050668674	0.00023094483	
ankle_angle_l.offset            	0.18747925	0.18781404	0.00022597433	
stance_load_threshold           	0.15431085	0.15392786	0.00024164003	
S00111.tib_ant.KL               	1.1915761	1.1935	0.0037884	
S00111.tib_ant.L0               	0.72827276	0.72803904	0.000451839	
S00111.tib_ant.KS               	0.00015652	0.00016418791	0.00010283738	
S11000.tib_ant.KL               	1.207395	1.2054746	0.0022419062	
S11000.tib_ant.L0               	0.75903093	0.75932773	0.0003503334	
S11000.tib_ant.KS               	0.035151462	0.035188289	0.00017920488	
S11111.tib_ant-soleus.KF        	-0.11085236	-0.11187336	0.00033047538	
S00111.soleus-tib_ant.KS        	-0.8712133	-0.87442387	0.0040180249	
S11000.soleus-tib_ant.KS        	-3.3563078	-3.3610309	0.0052311288	
S00111.gastroc-tib_ant.KS       	-0.3431968	-0.33921809	0.002911774	
S11000.gastroc-tib_ant.KS       	-1.7431164	-1.7363421	0.0035671685	
S00111.tib_ant-gastroc.KS       	-0.00357534	-0.003746953	0.020338719	
S11000.tib_ant-gastroc.KS       	-0.00331551	-0.0034407276	0.019879081	
S00111.tib_ant-soleus.KS        	-0.00346517	-0.0033253926	0.020878697	
S11000.tib_ant-soleus.KS        	-0.00313645	-0.0033205775	0.019991788	
S00111.gastroc.KL               	0.082867974	0.078904459	0.0027692786	
S00111.gastroc.L0               	0.81408199	0.81692294	0.0016462375	
S00111.gastroc.KF               	1.3874566	1.3875164	0.00024353899	
S00111.gastroc.KS               	0.16049832	0.16238396	0.0014709143	
S00111.soleus.KL                	4.1136719	4.1139515	0.0038805728	
S00111.soleus.L0                	1.0020049	1.0015707	0.00095322584	
S00111.soleus.KF                	0.22481397	0.22558212	0.00032830719	
S00111.soleus.KS                	0.15481908	0.1523098	0.0020985844	
S11000.gastroc.KL               	0.00925153	0.0088212435	0.0020360906	
S11000.gastroc.L0               	0.53487282	0.53218823	0.0016847603	
S11000.gastroc.KF               	-1.786716	-1.7888301	0.0041358951	
S11000.soleus.KL                	0.78732791	0.78252667	0.0060880532	
S11000.soleus.L0                	0.93283249	0.93302447	0.0016319354	
S11000.soleus.KF                	-0.94097309	-0.94182369	0.005778617	
S00011.vasti.KF                 	0.86001688	0.85989132	0.00083760669	
S00011.vasti.C0                 	0.083141395	0.08290273	0.00019098651	
S00011.vasti-knee_angle.pos_max 	-0.3201008	-0.32012316	0.00031516585	
S00011.hamstrings-pelvis_tilt.KP	0.73333091	0.73398356	0.0031523285	
S00011.hamstrings-pelvis_tilt.KV	0.56540778	0.5657826	0.00019135911	
S00011.hamstrings-pelvis_tilt.C0	0.026217983	0.026710016	0.00031022857	
S00011.glut_max-pelvis_tilt.KP  	1.5193151	1.5178198	0.0030206194	
S00011.glut_max-pelvis_tilt.KV  	0.29974055	0.29954914	0.00019475434	
S00011.glut_max-pelvis_tilt.C0  	0.16689718	0.1670505	0.00032449438	
S00011.iliopsoas-pelvis_tilt.KP 	-3.5220985	-3.5169691	0.0050709205	
S00011.iliopsoas-pelvis_tilt.KV 	-0.52640609	-0.52667977	0.00025379843	
S00011.iliopsoas-pelvis_tilt.C0 	0.3162513	0.3157303	0.00045654661	
S00100.iliopsoas.C0             	0.33693153	0.33709809	0.00028174414	
S00100.glut_max.C0              	-0.024417463	-0.024386572	0.00017322265	
S11000.iliopsoas.KL             	0.58060413	0.58044211	0.00024773659	
S11000.iliopsoas.L0             	0.37752947	0.37765079	0.00029129815	
S11000.iliopsoas-pelvis_tilt.P0 	-0.045916542	-0.045762489	0.00018676981	
S11000.iliopsoas-pelvis_tilt.KP 	0.011948414	0.011256538	0.00084145205	
S11000.iliopsoas-pelvis_tilt.KV 	0.14485143	0.14495521	0.00024552288	
S11000.iliopsoas-hamstrings.KL  	-8.4851677	-8.4905977	0.0089970809	
S11000.iliopsoas-hamstrings.L0  	1.1184133	1.1184498	0.00026082012	
S11000.hamstrings.KF            	0.55859223	0.55843893	0.00021693289	
S11000.glut_max.KF              	0.59647184	0.59701438	0.00023817929	
