pelvis_tilt.offset              	0.0006395433	0.0004884623	0.00016829008	
hip_flexion_r.offset            	0.030029262	0.029978543	0.00019627318	
knee_angle_r.offset             	-0.055227706	-0.055493545	0.00024346857	
ankle_angle_r.offset            	-0.059358706	-0.059535497	0.0002024303	
hip_flexion_l.offset            	-0.030819372	-0.030336226	0.00031874875	
knee_angle_l.offset             	0.050306785	0.050228827	0.00022042265	
ankle_angle_l.offset            	0.18706884	0.18735166	0.00021605933	
stance_load_threshold           	0.15431705	0.15450072	0.00023551472	
S00111.tib_ant.KL               	1.2003246	1.1974599	0.0036026183	
S00111.tib_ant.L0               	0.72873069	0.7277299	0.00043020826	
S00111.tib_ant.KS               	0.000173	0.00016203254	9.028585e-05	
S11000.tib_ant.KL               	1.2072549	1.2100177	0.002153861	
S11000.tib_ant.L0               	0.75844003	0.75833599	0.00033349103	
S11000.tib_ant.KS               	0.035145456	0.034872679	0.00017302396	
S11111.tib_ant-soleus.KF        	-0.11187722	-0.11182794	0.00031474694	
S00111.soleus-tib_ant.KS        	-0.87924525	-0.88720902	0.003944921	
S11000.soleus-tib_ant.KS        	-3.3569332	-3.367505	0.0050153411	
S00111.gastroc-tib_ant.KS       	-0.35339766	-0.35350951	0.0028921507	
S11000.gastroc-tib_ant.KS       	-1.7465308	-1.7489456	0.003401833	
S00111.tib_ant-gastroc.KS       	-0.00395169	-0.0037890387	0.017846301	
S11000.tib_ant-gastroc.KS       	-0.00331551	-0.0034780763	0.017442978	
S00111.tib_ant-soleus.KS        	-0.00346517	-0.0033146179	0.018320065	
S11000.tib_ant-soleus.KS        	-0.0034666	-0.0033111749	0.017541863	
S00111.gastroc.KL               	0.075888143	0.078059419	0.002574511	
S00111.gastroc.L0               	0.82291839	0.81917045	0.0015835023	
S00111.gastroc.KF               	1.3875408	1.3875074	0.00023368445	
S00111.gastroc.KS               	0.16150728	0.16161867	0.0013796763	
S00111.soleus.KL                	4.1054832	4.1081757	0.0036916599	
S00111.soleus.L0                	1.0027467	1.0050482	0.00093343928	
S00111.soleus.KF                	0.22575609	0.22602344	0.00031623429	
S00111.soleus.KS                	0.15589215	0.15473339	0.0020002611	
S11000.gastroc.KL               	0.00837043	0.0086744864	0.0017933846	
S11000.gastroc.L0               	0.53538787	0.535054	0.001608308	
S11000.gastroc.KF               	-1.787928	-1.7939529	0.0039509865	
S11000.soleus.KL                	0.77187993	0.77305351	0.0057893461	
S11000.soleus.L0                	0.93155205	0.9309118	0.0015588173	
S11000.soleus.KF                	-0.95177756	-0.94698701	0.0055104658	
S00011.vasti.KF                 	0.86097617	0.85984834	0.00077710639	
S00011.vasti.C0                 	0.082555474	0.08294342	0.00018082145	
S00011.vasti-knee_angle.pos_max 	-0.31956943	-0.32003087	0.00029829265	
S00011.hamstrings-pelvis_tilt.KP	0.72880962	0.72792397	0.0029783477	
S00011.hamstrings-pelvis_tilt.KV	0.56533491	0.56530457	0.00018250386	
S00011.hamstrings-pelvis_tilt.C0	0.026439807	0.026557101	0.00030019688	
S00011.glut_max-pelvis_tilt.KP  	1.5132198	1.5193452	0.002904924	
S00011.glut_max-pelvis_tilt.KV  	0.29958095	0.29951685	0.00018600596	
S00011.glut_max-pelvis_tilt.C0  	0.16631655	0.1668708	0.00030652754	
S00011.iliopsoas-pelvis_tilt.KP 	-3.5039245	-3.5089226	0.0047804664	
S00011.iliopsoas-pelvis_tilt.KV 	-0.52663712	-0.52661497	0.0002412381	
S00011.iliopsoas-pelvis_tilt.C0 	0.31590595	0.31636604	0.00043457235	
S00100.iliopsoas.C0             	0.33775671	0.33763533	0.00027005456	
S00100.glut_max.C0              	-0.02439248	-0.024456347	0.00016432363	
S11000.iliopsoas.KL             	0.58006893	0.5801432	0.00023362692	
S11000.iliopsoas.L0             	0.37792193	0.37797036	0.00027962513	
S11000.iliopsoas-pelvis_tilt.P0 	-0.04569146	-0.045495542	0.00017810933	
S11000.iliopsoas-pelvis_tilt.KP 	0.01082572	0.011280413	0.00075822013	
S11000.iliopsoas-pelvis_tilt.KV 	0.1457937	0.14612154	0.00024201739	
S11000.iliopsoas-hamstrings.KL  	-8.4741975	-8.4782803	0.0085856903	
S11000.iliopsoas-hamstrings.L0  	1.1191781	1.1185645	0.00024865416	
S11000.hamstrings.KF            	0.55863639	0.55844343	0.00020966852	
S11000.glut_max.KF              	0.59740814	0.59679977	0.00022809089	
