pelvis_tilt.offset              	0.0010415513	0.00087188806	0.00014962958	
hip_flexion_r.offset            	0.030158739	0.030040178	0.00017481631	
knee_angle_r.offset             	-0.055326469	-0.055419415	0.00021563278	
ankle_angle_r.offset            	-0.059264769	-0.059560596	0.0001793479	
hip_flexion_l.offset            	-0.030017207	-0.030356163	0.0002821213	
knee_angle_l.offset             	0.050065254	0.050309099	0.00019614553	
ankle_angle_l.offset            	0.18717467	0.18733948	0.00019142382	
stance_load_threshold           	0.1543203	0.15420398	0.00020861267	
S00111.tib_ant.KL               	1.1974192	1.1990192	0.0031930108	
S00111.tib_ant.L0               	0.72644511	0.72710946	0.00038382956	
S00111.tib_ant.KS               	0.00015652	0.00016101828	7.8098556e-05	
S11000.tib_ant.KL               	1.2089189	1.2097727	0.0019151068	
S11000.tib_ant.L0               	0.75836877	0.75810216	0.00029555738	
S11000.tib_ant.KS               	0.034677903	0.034757565	0.00015400947	
S11111.tib_ant-soleus.KF        	-0.11161643	-0.11197113	0.00027890322	
S00111.soleus-tib_ant.KS        	-0.88295394	-0.88539429	0.003487175	
S11000.soleus-tib_ant.KS        	-3.3686057	-3.364599	0.0044731414	
S00111.gastroc-tib_ant.KS       	-0.35557966	-0.35431474	0.0025392516	
S11000.gastroc-tib_ant.KS       	-1.750643	-1.7505286	0.0030235814	
S00111.tib_ant-gastroc.KS       	-0.00357534	-0.0037102386	0.01543355	
S11000.tib_ant-gastroc.KS       	-0.00331551	-0.0035162711	0.015084751	
S00111.tib_ant-soleus.KS        	-0.00346517	-0.0032089273	0.015843246	
S11000.tib_ant-soleus.KS        	-0.00313645	-0.0032470011	0.015170259	
S00111.gastroc.KL               	0.07523758	0.077248096	0.0022693878	
S00111.gastroc.L0               	0.82277324	0.82082596	0.0014134231	
S00111.gastroc.KF               	1.3875447	1.387631	0.00020733875	
S00111.gastroc.KS               	0.16121386	0.1611993	0.001213534	
S00111.soleus.KL                	4.1209969	4.1172553	0.003296173	
S00111.soleus.L0                	1.0045418	1.004456	0.00082351475	
S00111.soleus.KF                	0.22573935	0.22570305	0.0002794223	
S00111.soleus.KS                	0.15055277	0.15247301	0.0017748483	
S11000.gastroc.KL               	0.00925153	0.0087757145	0.0015535297	
S11000.gastroc.L0               	0.53347172	0.53506148	0.0014299712	
S11000.gastroc.KF               	-1.7960925	-1.7959238	0.0034919177	
S11000.soleus.KL                	0.77193395	0.77575517	0.0051031669	
S11000.soleus.L0                	0.93055916	0.93178839	0.0013804277	
S11000.soleus.KF                	-0.95279759	-0.94246456	0.0048760593	
S00011.vasti.KF                 	0.86027913	0.85982709	0.00068555872	
S00011.vasti.C0                 	0.082846568	0.082972609	0.00015983354	
S00011.vasti-knee_angle.pos_max 	-0.31963246	-0.31971179	0.00026374659	
S00011.hamstrings-pelvis_tilt.KP	0.72540253	0.72585926	0.0026489001	
S00011.hamstrings-pelvis_tilt.KV	0.5655911	0.56557932	0.00016260502	
S00011.hamstrings-pelvis_tilt.C0	0.026592882	0.026288468	0.00026689789	
S00011.glut_max-pelvis_tilt.KP  	1.5225375	1.5202491	0.0025801517	
S00011.glut_max-pelvis_tilt.KV  	0.29951421	0.29955388	0.00016457891	
S00011.glut_max-pelvis_tilt.C0  	0.16750106	0.1671507	0.00027068325	
S00011.iliopsoas-pelvis_tilt.KP 	-3.498074	-3.506643	0.0042684556	
S00011.iliopsoas-pelvis_tilt.KV 	-0.52645078	-0.52659275	0.0002136022	
S00011.iliopsoas-pelvis_tilt.C0 	0.31646256	0.31650539	0.00038399538	
S00100.iliopsoas.C0             	0.33793182	0.33773284	0.00023942238	
S00100.glut_max.C0              	-0.024271233	-0.02435323	0.00014527137	
S11000.iliopsoas.KL             	0.58006696	0.57998957	0.00020787452	
S11000.iliopsoas.L0             	0.37797628	0.377952	0.00024815135	
S11000.iliopsoas-pelvis_tilt.P0 	-0.045595055	-0.045723098	0.00015768426	
S11000.iliopsoas-pelvis_tilt.KP 	0.011191952	0.011304819	0.00066173749	
S11000.iliopsoas-pelvis_tilt.KV 	0.14660182	0.14638656	0.00021775507	
S11000.iliopsoas-hamstrings.KL  	-8.4815375	-8.4718193	0.0076282529	
S11000.iliopsoas-hamstrings.L0  	1.1187287	1.1187185	0.00022121615	
S11000.hamstrings.KF            	0.55820361	0.55857334	0.00018665222	
S11000.glut_max.KF              	0.59700936	0.59717437	0.00020299827	
