pelvis_tilt.offset              	0.00085173239	0.00086213406	0.00011866045	
hip_flexion_r.offset            	0.030001564	0.03009541	0.00013968635	
knee_angle_r.offset             	-0.055333542	-0.05528857	0.00017170517	
ankle_angle_r.offset            	-0.059450838	-0.059667169	0.00014121454	
hip_flexion_l.offset            	-0.030199835	-0.029832492	0.00022496136	
knee_angle_l.offset             	0.050221141	0.050298213	0.00015304326	
ankle_angle_l.offset            	0.18779591	0.18756187	0.00014966051	
stance_load_threshold           	0.15432541	0.15438648	0.00016330496	
S00111.tib_ant.KL               	1.192226	1.1919937	0.0024818947	
S00111.tib_ant.L0               	0.72617794	0.72681825	0.0003025185	
S00111.tib_ant.KS               	0.00015652	0.00016594965	5.7777542e-05	
S11000.tib_ant.KL               	1.2098693	1.2092757	0.0014913794	
S11000.tib_ant.L0               	0.75796135	0.75809532	0.00022940957	
S11000.tib_ant.KS               	0.034923572	0.03492466	0.00011999748	
S11111.tib_ant-soleus.KF        	-0.11133232	-0.11119213	0.00022103148	
S00111.soleus-tib_ant.KS        	-0.88269091	-0.88565168	0.0027175027	
S11000.soleus-tib_ant.KS        	-3.367063	-3.368717	0.0035338023	
S00111.gastroc-tib_ant.KS       	-0.35557966	-0.35530111	0.0019192734	
S11000.gastroc-tib_ant.KS       	-1.7525586	-1.7489138	0.0023596145	
S00111.tib_ant-gastroc.KS       	-0.00357534	-0.0036588755	0.011409037	
S11000.tib_ant-gastroc.KS       	-0.00366451	-0.003494212	0.011151187	
S00111.tib_ant-soleus.KS        	-0.00346517	-0.0032001218	0.011711875	
S11000.tib_ant-soleus.KS        	-0.00313645	-0.0033153442	0.011214382	
S00111.gastroc.KL               	0.078657727	0.078654386	0.0017463447	
S00111.gastroc.L0               	0.82123207	0.8198841	0.0011022134	
S00111.gastroc.KF               	1.3872193	1.3875016	0.00016245858	
S00111.gastroc.KS               	0.16049832	0.16083583	0.00091608299	
S00111.soleus.KL                	4.1221347	4.1220885	0.0026170407	
S00111.soleus.L0                	1.0048651	1.0054158	0.00064679725	
S00111.soleus.KF                	0.22580458	0.22600578	0.00021880035	
S00111.soleus.KS                	0.15773251	0.15561329	0.0013853435	
S11000.gastroc.KL               	0.00925153	0.0087136876	0.0011542502	
S11000.gastroc.L0               	0.53070546	0.53292929	0.0011239204	
S11000.gastroc.KF               	-1.7913242	-1.7908951	0.0027526514	
S11000.soleus.KL                	0.7727098	0.77173792	0.0039955331	
S11000.soleus.L0                	0.93104737	0.93211556	0.0010841975	
S11000.soleus.KF                	-0.93929274	-0.940417	0.0038576731	
S00011.vasti.KF                 	0.86085526	0.86067733	0.00052650915	
S00011.vasti.C0                 	0.082953415	0.082907835	0.00012438871	
S00011.vasti-knee_angle.pos_max 	-0.31987444	-0.31980819	0.00020620072	
S00011.hamstrings-pelvis_tilt.KP	0.71756173	0.72109845	0.0020971102	
S00011.hamstrings-pelvis_tilt.KV	0.56545266	0.56549283	0.00012811433	
S00011.hamstrings-pelvis_tilt.C0	0.025517938	0.025504627	0.00021348257	
S00011.glut_max-pelvis_tilt.KP  	1.519454	1.5183139	0.0020218699	
S00011.glut_max-pelvis_tilt.KV  	0.29945294	0.29946555	0.000128683	
S00011.glut_max-pelvis_tilt.C0  	0.16655841	0.16634844	0.00021357928	
S00011.iliopsoas-pelvis_tilt.KP 	-3.5066992	-3.5060878	0.0033470112	
S00011.iliopsoas-pelvis_tilt.KV 	-0.52706198	-0.52693419	0.00016858403	
S00011.iliopsoas-pelvis_tilt.C0 	0.31706822	0.31695851	0.00030038555	
S00100.iliopsoas.C0             	0.337334	0.33744365	0.00018721777	
S00100.glut_max.C0              	-0.024626725	-0.024517213	0.00011411317	
S11000.iliopsoas.KL             	0.58003012	0.57987948	0.00016390974	
S11000.iliopsoas.L0             	0.37736255	0.37788029	0.00019429716	
S11000.iliopsoas-pelvis_tilt.P0 	-0.046081919	-0.045858735	0.00012458684	
S11000.iliopsoas-pelvis_tilt.KP 	0.011033771	0.01136944	0.00050178953	
S11000.iliopsoas-pelvis_tilt.KV 	0.14690421	0.14679849	0.0001749487	
S11000.iliopsoas-hamstrings.KL  	-8.4408954	-8.4520261	0.0061448552	
S11000.iliopsoas-hamstrings.L0  	1.1186208	1.1187387	0.00017550356	
S11000.hamstrings.KF            	0.55836589	0.55846591	0.00014743778	
S11000.glut_max.KF              	0.59699496	0.59722365	0.00016038306	
