pelvis_tilt.offset              	0.00064561115	0.0006851797	9.5812215e-05	
hip_flexion_r.offset            	0.030135465	0.030142568	0.00011286397	
knee_angle_r.offset             	-0.055503265	-0.055626532	0.00013869442	
ankle_angle_r.offset            	-0.059786407	-0.059636086	0.00011449979	
hip_flexion_l.offset            	-0.029471741	-0.029614951	0.00018327029	
knee_angle_l.offset             	0.050533406	0.050383133	0.00012465537	
ankle_angle_l.offset            	0.18747035	0.18759824	0.00012197867	
stance_load_threshold           	0.15481492	0.15461823	0.00013312759	
S00111.tib_ant.KL               	1.1893174	1.1901731	0.0020187435	
S00111.tib_ant.L0               	0.72616178	0.72658507	0.0002473858	
S00111.tib_ant.KS               	0.00015652	0.00016823987	4.4490655e-05	
S11000.tib_ant.KL               	1.2106733	1.2113867	0.0012063952	
S11000.tib_ant.L0               	0.75819152	0.75822777	0.00018470867	
S11000.tib_ant.KS               	0.03489461	0.034881858	9.7781113e-05	
S11111.tib_ant-soleus.KF        	-0.11049649	-0.11077719	0.00018232731	
S00111.soleus-tib_ant.KS        	-0.88646087	-0.88849672	0.0022061396	
S11000.soleus-tib_ant.KS        	-3.3817431	-3.37817	0.0028961544	
S00111.gastroc-tib_ant.KS       	-0.35557966	-0.3544248	0.0015063735	
S11000.gastroc-tib_ant.KS       	-1.7500636	-1.7481948	0.0019038717	
S00111.tib_ant-gastroc.KS       	-0.00395169	-0.0037159238	0.0087749106	
S11000.tib_ant-gastroc.KS       	-0.00331551	-0.0034662192	0.0085765698	
S00111.tib_ant-soleus.KS        	-0.00346517	-0.0032960895	0.0090077787	
S11000.tib_ant-soleus.KS        	-0.0034666	-0.0033878451	0.0086251601	
S00111.gastroc.KL               	0.077176123	0.077537284	0.0014095249	
S00111.gastroc.L0               	0.81830074	0.81945632	0.00089435671	
S00111.gastroc.KF               	1.3876711	1.3874112	0.00013263766	
S00111.gastroc.KS               	0.16049832	0.16074992	0.00071796123	
S00111.soleus.KL                	4.1283091	4.1261375	0.0021628282	
S00111.soleus.L0                	1.0067678	1.0065586	0.00052670422	
S00111.soleus.KF                	0.22630643	0.22613417	0.00017807726	
S00111.soleus.KS                	0.16072651	0.1593445	0.0011440204	
S11000.gastroc.KL               	0.0084890809	0.0089510894	0.00089369177	
S11000.gastroc.L0               	0.52940997	0.53135434	0.00091853571	
S11000.gastroc.KF               	-1.7877678	-1.787593	0.0022355284	
S11000.soleus.KL                	0.77863275	0.7745105	0.0032471597	
S11000.soleus.L0                	0.93392644	0.93309859	0.00087732729	
S11000.soleus.KF                	-0.93832835	-0.94206702	0.0031405965	
S00011.vasti.KF                 	0.86018407	0.86013045	0.00042232273	
S00011.vasti.C0                 	0.082972076	0.082997371	9.9932622e-05	
S00011.vasti-knee_angle.pos_max 	-0.32026129	-0.31996781	0.00016581641	
S00011.hamstrings-pelvis_tilt.KP	0.72022024	0.71903513	0.0017148549	
S00011.hamstrings-pelvis_tilt.KV	0.56530907	0.56518741	0.00010388508	
S00011.hamstrings-pelvis_tilt.C0	0.025311281	0.025514429	0.0001727437	
S00011.glut_max-pelvis_tilt.KP  	1.5189637	1.5184305	0.0016468153	
S00011.glut_max-pelvis_tilt.KV  	0.29952023	0.2995309	0.0001047377	
S00011.glut_max-pelvis_tilt.C0  	0.1659495	0.16627723	0.00017364169	
S00011.iliopsoas-pelvis_tilt.KP 	-3.5071901	-3.5079503	0.0026943867	
S00011.iliopsoas-pelvis_tilt.KV 	-0.52691582	-0.52696405	0.00013787981	
S00011.iliopsoas-pelvis_tilt.C0 	0.31748947	0.31748245	0.00024508451	
S00100.iliopsoas.C0             	0.33688865	0.33706966	0.00015260561	
S00100.glut_max.C0              	-0.024464068	-0.024631502	9.3126302e-05	
S11000.iliopsoas.KL             	0.57989669	0.57990407	0.0001327509	
S11000.iliopsoas.L0             	0.37768909	0.37779999	0.00015730325	
S11000.iliopsoas-pelvis_tilt.P0 	-0.046279027	-0.04613132	0.0001035651	
S11000.iliopsoas-pelvis_tilt.KP 	0.011459327	0.011424157	0.00039882181	
S11000.iliopsoas-pelvis_tilt.KV 	0.14683388	0.14692271	0.00014304732	
S11000.iliopsoas-hamstrings.KL  	-8.4439268	-8.4452066	0.0051037243	
S11000.iliopsoas-hamstrings.L0  	1.1186508	1.1185946	0.00014211233	
S11000.hamstrings.KF            	0.5585266	0.55852324	0.00011869266	
S11000.glut_max.KF              	0.59714345	0.59712858	0.00012964664	
