pelvis_tilt.offset              	0.019950448	0.020204213	0.00042714752	
hip_flexion_r.offset            	0.067855479	0.067773234	0.00040154728	
knee_angle_r.offset             	-0.00059871364	-0.00037987257	0.00044542523	
ankle_angle_r.offset            	-0.056459518	-0.055346048	0.00057784128	
hip_flexion_l.offset            	-0.0015211342	-0.0019136953	0.00082498886	
knee_angle_l.offset             	0.057032582	0.056243488	0.00062976858	
ankle_angle_l.offset            	0.19178504	0.19174098	0.0006178454	
stance_load_threshold           	0.15144682	0.1511557	0.00066845483	
S00111.tib_ant.KL               	1.2903149	1.2835458	0.010941181	
S00111.tib_ant.L0               	0.75230604	0.75231462	0.0012108652	
S00111.tib_ant.KS               	0.00015652	0.00016266039	0.00041966587	
S11000.tib_ant.KL               	1.2508213	1.2455898	0.0062516503	
S11000.tib_ant.L0               	0.74278543	0.74246993	0.00090930172	
S11000.tib_ant.KS               	0.03582904	0.034780914	0.00057033969	
S11111.tib_ant-soleus.KF        	-0.11160799	-0.1121545	0.00099397136	
S00111.soleus-tib_ant.KS        	-0.88361319	-0.86818176	0.012311492	
S11000.soleus-tib_ant.KS        	-3.2871186	-3.3103013	0.0147343	
S00111.gastroc-tib_ant.KS       	-0.33015536	-0.32722756	0.0102026	
S11000.gastroc-tib_ant.KS       	-1.6396759	-1.6246673	0.012026122	
S00111.tib_ant-gastroc.KS       	-0.00395169	-0.0037835065	0.083042773	
S11000.tib_ant-gastroc.KS       	-0.00331551	-0.0034635837	0.081166159	
S00111.tib_ant-soleus.KS        	-0.00313515	-0.003323022	0.085247693	
S11000.tib_ant-soleus.KS        	-0.00313645	-0.0033460718	0.081626389	
S00111.gastroc.KL               	0.07523758	0.077883708	0.010436227	
S00111.gastroc.L0               	0.85623278	0.8559322	0.0048318972	
S00111.gastroc.KF               	1.411619	1.4114424	0.00060646889	
S00111.soleus.KL                	4.0166833	4.0169864	0.010845623	
S00111.soleus.L0                	0.96042364	0.95974702	0.002750819	
S00111.soleus.KF                	0.23062492	0.23128085	0.0008967062	
S11000.gastroc.KL               	0.00925153	0.0087552764	0.0082836475	
S11000.gastroc.L0               	0.51129669	0.51388287	0.0049843104	
S11000.gastroc.KF               	-1.866697	-1.875863	0.01211994	
S11000.soleus.KL                	0.83534842	0.79593291	0.020183206	
S11000.soleus.L0                	0.89681271	0.89418794	0.0046340073	
S11000.soleus.KF                	-0.94565876	-0.9114188	0.018966506	
S00011.vasti.KF                 	0.82700275	0.82912973	0.0026435354	
S00011.vasti.C0                 	0.082339292	0.082230788	0.00057984067	
S00011.vasti-knee_angle.pos_max 	-0.30734875	-0.307687	0.00090589979	
S00011.hamstrings-pelvis_tilt.KP	0.71381354	0.70881001	0.010074127	
S00011.hamstrings-pelvis_tilt.KV	0.57049593	0.56941731	0.0005338435	
S00011.hamstrings-pelvis_tilt.C0	0.025641466	0.025809516	0.0010599009	
S00011.glut_max-pelvis_tilt.KP  	1.5412166	1.5296681	0.0085174478	
S00011.glut_max-pelvis_tilt.KV  	0.31509131	0.31551505	0.00052892746	
S00011.glut_max-pelvis_tilt.C0  	0.16233162	0.1619478	0.00091075147	
S00011.iliopsoas-pelvis_tilt.KP 	-3.5519527	-3.5406739	0.014373604	
S00011.iliopsoas-pelvis_tilt.KV 	-0.54476634	-0.54458552	0.0006556633	
S00011.iliopsoas-pelvis_tilt.C0 	0.31768725	0.31729599	0.0014712162	
S00100.iliopsoas.C0             	0.34129376	0.34158457	0.00078790154	
S00100.glut_max.C0              	-0.024104857	-0.024401933	0.00056889107	
S11000.iliopsoas.KL             	0.56272076	0.56263921	0.00068197806	
S11000.iliopsoas.L0             	0.39494633	0.39431469	0.00074566275	
S11000.iliopsoas-pelvis_tilt.P0 	-0.045051041	-0.044545735	0.00058234922	
S11000.iliopsoas-pelvis_tilt.KP 	0.01196527	0.011211457	0.0033382719	
S11000.iliopsoas-pelvis_tilt.KV 	0.14541547	0.1444998	0.00068351591	
S11000.iliopsoas-hamstrings.KL  	-8.2583382	-8.2733795	0.024325857	
S11000.iliopsoas-hamstrings.L0  	1.1710481	1.1704159	0.00057264552	
S11000.hamstrings.KF            	0.57226215	0.57144711	0.00054614606	
S11000.glut_max.KF              	0.62006833	0.61975964	0.00059792449	
