pelvis_tilt.offset              	0.019567811	0.020445307	0.00036584452	
hip_flexion_r.offset            	0.067567708	0.067853147	0.0003422346	
knee_angle_r.offset             	-0.00086452299	-0.00046645368	0.00038110356	
ankle_angle_r.offset            	-0.056149289	-0.055485861	0.00049391073	
hip_flexion_l.offset            	-0.0018519301	-0.0021209996	0.00070871508	
knee_angle_l.offset             	0.056013408	0.056058709	0.00053644276	
ankle_angle_l.offset            	0.19170564	0.19198701	0.00053360666	
stance_load_threshold           	0.15089686	0.15089731	0.00056933436	
S00111.tib_ant.KL               	1.2591866	1.2739645	0.0094074238	
S00111.tib_ant.L0               	0.74934807	0.75119692	0.0010471892	
S00111.tib_ant.KS               	0.00015652	0.00016574751	0.00035009832	
S11000.tib_ant.KL               	1.2438746	1.2412739	0.0053418864	
S11000.tib_ant.L0               	0.74182949	0.74194371	0.00078256664	
S11000.tib_ant.KS               	0.034280741	0.034756931	0.00048736018	
S11111.tib_ant-soleus.KF        	-0.11352154	-0.11308477	0.00084969109	
S00111.soleus-tib_ant.KS        	-0.86696362	-0.86447476	0.010607798	
S11000.soleus-tib_ant.KS        	-3.3019655	-3.2930714	0.012768572	
S00111.gastroc-tib_ant.KS       	-0.32171493	-0.32757293	0.0085756813	
S11000.gastroc-tib_ant.KS       	-1.631099	-1.6266592	0.010267372	
S00111.tib_ant-gastroc.KS       	-0.00395169	-0.0037546921	0.069275978	
S11000.tib_ant-gastroc.KS       	-0.00331551	-0.0034718941	0.067710467	
S00111.tib_ant-soleus.KS        	-0.00346517	-0.0032972885	0.071115364	
S11000.tib_ant-soleus.KS        	-0.0034666	-0.0034041892	0.068094398	
S00111.gastroc.KL               	0.075604431	0.07820069	0.008740532	
S00111.gastroc.L0               	0.85187388	0.85442886	0.004136989	
S00111.gastroc.KF               	1.4119402	1.411683	0.00051756106	
S00111.soleus.KL                	4.0205954	4.0204027	0.0093251039	
S00111.soleus.L0                	0.96328125	0.95966811	0.0023494396	
S00111.soleus.KF                	0.23214022	0.23103428	0.0007699065	
S11000.gastroc.KL               	0.00837043	0.0087147263	0.0069110482	
S11000.gastroc.L0               	0.50962216	0.51466389	0.0042654359	
S11000.gastroc.KF               	-1.8648735	-1.8652672	0.010381784	
S11000.soleus.KL                	0.81594152	0.81525435	0.017302886	
S11000.soleus.L0                	0.90456175	0.90249353	0.0039757225	
S11000.soleus.KF                	-0.87610227	-0.90171358	0.016289464	
S00011.vasti.KF                 	0.83076447	0.83260727	0.002265517	
S00011.vasti.C0                 	0.081919343	0.081614003	0.00049668368	
S00011.vasti-knee_angle.pos_max 	-0.30527388	-0.30680583	0.00077443839	
S00011.hamstrings-pelvis_tilt.KP	0.69287046	0.6913724	0.0086548876	
S00011.hamstrings-pelvis_tilt.KV	0.57065709	0.5703355	0.00046200655	
S00011.hamstrings-pelvis_tilt.C0	0.026546371	0.026806925	0.00090240145	
S00011.glut_max-pelvis_tilt.KP  	1.5206146	1.5214876	0.0073200274	
S00011.glut_max-pelvis_tilt.KV  	0.3163294	0.31618438	0.00045357973	
S00011.glut_max-pelvis_tilt.C0  	0.16304072	0.16275463	0.00077834731	
S00011.iliopsoas-pelvis_tilt.KP 	-3.5540306	-3.5446947	0.012316893	
S00011.iliopsoas-pelvis_tilt.KV 	-0.54360871	-0.54400708	0.00056244692	
S00011.iliopsoas-pelvis_tilt.C0 	0.31669694	0.31739886	0.0012648471	
S00100.iliopsoas.C0             	0.34301176	0.34266868	0.00067543337	
S00100.glut_max.C0              	-0.024149059	-0.023852764	0.00048784024	
S11000.iliopsoas.KL             	0.56177796	0.56206536	0.00058732905	
S11000.iliopsoas.L0             	0.39362273	0.39371408	0.00064060018	
S11000.iliopsoas-pelvis_tilt.P0 	-0.045255699	-0.044980408	0.00050048478	
S11000.iliopsoas-pelvis_tilt.KP 	0.01082572	0.011427297	0.002787462	
S11000.iliopsoas-pelvis_tilt.KV 	0.14456768	0.14478572	0.00058608583	
S11000.iliopsoas-hamstrings.KL  	-8.3064248	-8.2811651	0.020945855	
S11000.iliopsoas-hamstrings.L0  	1.1709949	1.1710031	0.00048949772	
S11000.hamstrings.KF            	0.5718327	0.57201517	0.00046936512	
S11000.glut_max.KF              	0.6197518	0.61953429	0.00051082227	
