pelvis_tilt.offset              	0.022954047	0.022823377	0.00088384779	
hip_flexion_r.offset            	0.070046827	0.070139043	0.00083558395	
knee_angle_r.offset             	0.0016080767	0.0017929281	0.00091773378	
ankle_angle_r.offset            	-0.057924429	-0.056536672	0.00119229	
hip_flexion_l.offset            	-0.0057924184	-0.0055401827	0.0017020056	
knee_angle_l.offset             	0.061516269	0.060773086	0.0013125159	
ankle_angle_l.offset            	0.18941771	0.18777346	0.0012506896	
stance_load_threshold           	0.15203998	0.15208058	0.0013783337	
S00111.tib_ant.KL               	1.2600918	1.2399545	0.022746957	
S00111.tib_ant.L0               	0.76828639	0.76873353	0.0024335201	
S00111.tib_ant.KS               	0.00015652	0.00016760165	0.00095958494	
S11000.tib_ant.KL               	1.2086069	1.1881404	0.012946216	
S11000.tib_ant.L0               	0.73689884	0.73637651	0.0018883031	
S11000.tib_ant.KS               	0.034702113	0.035795802	0.0011968345	
S11111.tib_ant-soleus.KF        	-0.10802066	-0.10859173	0.0020432888	
S00111.soleus-tib_ant.KS        	-0.81162577	-0.84693446	0.025901475	
S11000.soleus-tib_ant.KS        	-3.2533468	-3.2547329	0.030012188	
S00111.gastroc-tib_ant.KS       	-0.32747169	-0.33965557	0.022358144	
S11000.gastroc-tib_ant.KS       	-1.6564034	-1.6665465	0.025041523	
S00111.tib_ant-gastroc.KS       	-0.00395169	-0.0037510845	0.18988394	
S11000.tib_ant-gastroc.KS       	-0.00331551	-0.0035558085	0.18559292	
S00111.tib_ant-soleus.KS        	-0.00346517	-0.003308736	0.19492568	
S11000.tib_ant-soleus.KS        	-0.0034666	-0.0032961201	0.18664527	
S00111.gastroc.KL               	0.07523758	0.07819441	0.023745829	
S00111.gastroc.L0               	0.83816426	0.842812	0.0099895725	
S00111.gastroc.KF               	1.4112258	1.4104089	0.0012784212	
S00111.soleus.KL                	4.0026793	4.0094862	0.022239319	
S00111.soleus.L0                	0.96599939	0.96532097	0.0057189699	
S00111.soleus.KF                	0.22880564	0.22965925	0.0018536476	
S11000.gastroc.KL               	0.00837043	0.0088193673	0.018939131	
S11000.gastroc.L0               	0.52763687	0.51419619	0.01049008	
S11000.gastroc.KF               	-1.7911702	-1.7907261	0.02466357	
S11000.soleus.KL                	0.81592332	0.79877247	0.043416052	
S11000.soleus.L0                	0.89287639	0.89148452	0.0096722258	
S11000.soleus.KF                	-0.91494597	-0.92123148	0.040541904	
S00011.vasti.KF                 	0.82098058	0.81947815	0.0053941945	
S00011.vasti.C0                 	0.083800513	0.084255773	0.0012287256	
S00011.vasti-knee_angle.pos_max 	-0.30971293	-0.30804701	0.0018738723	
S00011.hamstrings-pelvis_tilt.KP	0.69755085	0.67855075	0.021345362	
S00011.hamstrings-pelvis_tilt.KV	0.56667195	0.56730071	0.0010846531	
S00011.hamstrings-pelvis_tilt.C0	0.02778807	0.026095016	0.0023391025	
S00011.glut_max-pelvis_tilt.KP  	1.5207672	1.5111213	0.017664107	
S00011.glut_max-pelvis_tilt.KV  	0.31240158	0.31266076	0.0011027663	
S00011.glut_max-pelvis_tilt.C0  	0.16178953	0.15946953	0.001866438	
S00011.iliopsoas-pelvis_tilt.KP 	-3.4993555	-3.4986893	0.029770214	
S00011.iliopsoas-pelvis_tilt.KV 	-0.54455398	-0.54534426	0.0013547495	
S00011.iliopsoas-pelvis_tilt.C0 	0.33472292	0.33548491	0.002947321	
S00100.iliopsoas.C0             	0.34280549	0.34061884	0.0016097446	
S00100.glut_max.C0              	-0.025576972	-0.023869568	0.0012204171	
S11000.iliopsoas.KL             	0.562494	0.56070211	0.0013732537	
S11000.iliopsoas.L0             	0.39846833	0.39706272	0.0015585153	
S11000.iliopsoas-pelvis_tilt.P0 	-0.043830445	-0.044233497	0.0012233834	
S11000.iliopsoas-pelvis_tilt.KP 	0.01196527	0.011581653	0.0076246345	
S11000.iliopsoas-pelvis_tilt.KV 	0.14399571	0.14234258	0.0014047646	
S11000.iliopsoas-hamstrings.KL  	-8.3006106	-8.3247836	0.050254132	
S11000.iliopsoas-hamstrings.L0  	1.1689383	1.1674227	0.0011441966	
S11000.hamstrings.KF            	0.57613011	0.57608835	0.0010988258	
S11000.glut_max.KF              	0.62069514	0.61956	0.001242389	
