pelvis_tilt.offset              	0.02030962	0.021247985	0.0011283716	
hip_flexion_r.offset            	0.071032483	0.070839556	0.0010721504	
knee_angle_r.offset             	0.0018462851	0.0018418309	0.0011759065	
ankle_angle_r.offset            	-0.056444322	-0.057920851	0.0015241596	
hip_flexion_l.offset            	-0.0057283393	-0.0034064325	0.0021660601	
knee_angle_l.offset             	0.054654161	0.056719018	0.0016689672	
ankle_angle_l.offset            	0.18812796	0.18622366	0.0016001514	
stance_load_threshold           	0.15523533	0.15513018	0.001762022	
S00111.tib_ant.KL               	1.2051776	1.2265506	0.029089822	
S00111.tib_ant.L0               	0.7639948	0.76332364	0.0031384857	
S00111.tib_ant.KS               	0.00015652	0.00016340557	0.0012441085	
S11000.tib_ant.KL               	1.1884884	1.1817522	0.016536881	
S11000.tib_ant.L0               	0.73198963	0.73514861	0.0024127777	
S11000.tib_ant.KS               	0.035665643	0.035417707	0.001535398	
S11111.tib_ant-soleus.KF        	-0.11171663	-0.11056155	0.0026274414	
S00111.soleus-tib_ant.KS        	-0.86046043	-0.84637023	0.033381099	
S11000.soleus-tib_ant.KS        	-3.1614916	-3.1987419	0.038905793	
S00111.gastroc-tib_ant.KS       	-0.35557966	-0.3407964	0.028903638	
S11000.gastroc-tib_ant.KS       	-1.6635112	-1.6636324	0.032196898	
S00111.tib_ant-gastroc.KS       	-0.00357534	-0.0036719813	0.24618607	
S11000.tib_ant-gastroc.KS       	-0.00366451	-0.003484121	0.24062272	
S00111.tib_ant-soleus.KS        	-0.00313515	-0.0032206608	0.25272272	
S11000.tib_ant-soleus.KS        	-0.0034666	-0.0033328455	0.24198711	
S00111.gastroc.L0               	0.83909362	0.83947633	0.012788257	
S00111.gastroc.KS               	0.17739288	0.173055	0.014273358	
S00111.soleus.L0                	0.9472182	0.96252236	0.007381831	
S00111.soleus.KS                	0.14946728	0.15726231	0.020812791	
S11000.gastroc.KL               	0.00837043	0.0088051206	0.024554599	
S11000.gastroc.L0               	0.54989184	0.5314719	0.013452352	
S11000.gastroc.KF               	-1.8729535	-1.816452	0.031809885	
S11000.gastroc.KS               	0.27887874	0.26394442	0.029138413	
S11000.soleus.KL                	0.79519012	0.823027	0.056064461	
S11000.soleus.L0                	0.89284612	0.8956172	0.012446227	
S11000.soleus.KF                	-0.90516266	-0.89205304	0.052235992	
S11000.soleus.KS                	0.11302564	0.10809306	0.045603225	
S00011.vasti.KF                 	0.83066352	0.82357561	0.0069296336	
S00011.vasti.C0                 	0.07992329	0.080479543	0.0015646368	
S00011.vasti-knee_angle.pos_max 	-0.29992348	-0.30061022	0.002406948	
S00011.hamstrings-pelvis_tilt.KP	0.70286836	0.7040941	0.027532149	
S00011.hamstrings-pelvis_tilt.KV	0.56813139	0.56633658	0.0014017507	
S00011.hamstrings-pelvis_tilt.C0	0.02514159	0.026020763	0.0030271291	
S00011.glut_max-pelvis_tilt.KP  	1.4419646	1.4630234	0.022755766	
S00011.glut_max-pelvis_tilt.KV  	0.31393944	0.31554378	0.0014270653	
S00011.glut_max-pelvis_tilt.C0  	0.15491308	0.15932057	0.0023926682	
S00011.iliopsoas-pelvis_tilt.KP 	-3.5753114	-3.5299396	0.0382374	
S00011.iliopsoas-pelvis_tilt.KV 	-0.54478215	-0.54459104	0.00173917	
S00011.iliopsoas-pelvis_tilt.C0 	0.32262453	0.33160811	0.0037320326	
S00100.iliopsoas.C0             	0.34543989	0.34248127	0.0020864378	
S00100.glut_max.C0              	-0.02588599	-0.024956268	0.0015716812	
S11000.iliopsoas.KL             	0.56020618	0.56132673	0.0017771426	
S11000.iliopsoas.L0             	0.39487398	0.39162014	0.0019497465	
S11000.iliopsoas-pelvis_tilt.P0 	-0.044248175	-0.043901434	0.0015665833	
S11000.iliopsoas-pelvis_tilt.KP 	0.01196527	0.011497398	0.0098849229	
S11000.iliopsoas-pelvis_tilt.KV 	0.14181931	0.14007921	0.0018177457	
S11000.iliopsoas-hamstrings.KL  	-8.2058018	-8.2564023	0.064536259	
S11000.iliopsoas-hamstrings.L0  	1.1648658	1.1650184	0.0014640894	
S11000.hamstrings.KF            	0.57723566	0.57608031	0.0014040986	
S11000.glut_max.KF              	0.61725699	0.61645834	0.0016096872	
