pelvis_tilt.offset              	0.023793607	0.021177137	0.0013350871	
hip_flexion_r.offset            	0.066885193	0.068787224	0.0012563239	
knee_angle_r.offset             	0.00046298775	-0.00031700317	0.0013763086	
ankle_angle_r.offset            	-0.054013597	-0.055263567	0.001798975	
hip_flexion_l.offset            	-0.0094758883	-0.0075161351	0.0025513027	
knee_angle_l.offset             	0.059593794	0.058355283	0.0019681937	
ankle_angle_l.offset            	0.18739864	0.18890007	0.0018828447	
stance_load_threshold           	0.15030891	0.15083965	0.0020654985	
S00111.tib_ant.KL               	1.24339	1.2488059	0.034295548	
S00111.tib_ant.L0               	0.76837515	0.76080901	0.0036886962	
S00111.tib_ant.KS               	0.00015652	0.00016368841	0.0014854897	
S11000.tib_ant.KL               	1.2245315	1.2164893	0.019520934	
S11000.tib_ant.L0               	0.73521551	0.74017093	0.0028436152	
S11000.tib_ant.KS               	0.036610211	0.035795431	0.0018183575	
S11111.tib_ant-soleus.KF        	-0.11137914	-0.11270308	0.0030931598	
S00111.soleus-tib_ant.KS        	-0.80888339	-0.86613898	0.039482539	
S11000.soleus-tib_ant.KS        	-3.3319879	-3.2890419	0.045493421	
S00111.gastroc-tib_ant.KS       	-0.32171493	-0.33243482	0.034373741	
S11000.gastroc-tib_ant.KS       	-1.6463619	-1.6690439	0.037966023	
S00111.tib_ant-gastroc.KS       	-0.00395169	-0.0037052313	0.29395114	
S11000.tib_ant-gastroc.KS       	-0.00366451	-0.0034114808	0.28730839	
S00111.tib_ant-soleus.KS        	-0.00346517	-0.0033078743	0.30175604	
S11000.tib_ant-soleus.KS        	-0.00313645	-0.0032723913	0.28893749	
S00111.gastroc.KL               	0.07523758	0.079668692	0.036741611	
S00111.gastroc.L0               	0.84069626	0.84354272	0.015060218	
S00111.gastroc.KF               	1.4124055	1.4103813	0.0019210975	
S00111.soleus.KL                	4.0398734	4.0541562	0.033531716	
S00111.soleus.L0                	0.96198042	0.97140518	0.0086850017	
S00111.soleus.KF                	0.22545477	0.22783452	0.0027834296	
S11000.gastroc.KL               	0.00925153	0.0087663974	0.029318519	
S11000.gastroc.L0               	0.54989184	0.5337058	0.015859474	
S11000.gastroc.KF               	-1.8954522	-1.8234275	0.037342362	
S11000.gastroc.KS               	0.27771792	0.27070033	0.034719006	
S11000.soleus.KL                	0.83916281	0.81727366	0.066597554	
S11000.soleus.L0                	0.89293539	0.90126003	0.014551857	
S11000.soleus.KF                	-0.86753488	-0.91439323	0.061896777	
S11000.soleus.KS                	0.1022613	0.10667318	0.054439526	
S00011.vasti.KF                 	0.81474439	0.81336682	0.0081509735	
S00011.vasti.C0                 	0.085389852	0.082789942	0.001842949	
S00011.vasti-knee_angle.pos_max 	-0.30606112	-0.30421719	0.0028198189	
S00011.hamstrings-pelvis_tilt.KP	0.67099736	0.68752895	0.03247591	
S00011.hamstrings-pelvis_tilt.KV	0.56420638	0.56666707	0.0016398983	
S00011.hamstrings-pelvis_tilt.C0	0.02778807	0.026114361	0.0036050867	
S00011.glut_max-pelvis_tilt.KP  	1.5510665	1.5193498	0.026664782	
S00011.glut_max-pelvis_tilt.KV  	0.31749336	0.31512296	0.0016728148	
S00011.glut_max-pelvis_tilt.C0  	0.16502322	0.16378033	0.0028180665	
S00011.iliopsoas-pelvis_tilt.KP 	-3.493748	-3.484437	0.044968601	
S00011.iliopsoas-pelvis_tilt.KV 	-0.54242786	-0.54395371	0.0020529482	
S00011.iliopsoas-pelvis_tilt.C0 	0.34178785	0.33601329	0.0044320476	
S00100.iliopsoas.C0             	0.33393621	0.33629666	0.002418503	
S00100.glut_max.C0              	-0.02588599	-0.024129417	0.0018677254	
S11000.iliopsoas.KL             	0.56261284	0.5623002	0.0020765888	
S11000.iliopsoas.L0             	0.38678874	0.38902304	0.0023018048	
S11000.iliopsoas-pelvis_tilt.P0 	-0.045892698	-0.04308723	0.0018533741	
S11000.iliopsoas-pelvis_tilt.KP 	0.01082572	0.011638251	0.011802163	
S11000.iliopsoas-pelvis_tilt.KV 	0.1411192	0.14362362	0.0021334181	
S11000.iliopsoas-hamstrings.KL  	-8.2801661	-8.2570779	0.075400301	
S11000.iliopsoas-hamstrings.L0  	1.1680078	1.167841	0.0017236057	
S11000.hamstrings.KF            	0.5770412	0.57637726	0.0016527359	
S11000.glut_max.KF              	0.62147611	0.62077488	0.0018785131	
