pelvis_tilt.offset              	0.019165623	0.02000303	0.00035633634	
hip_flexion_r.offset            	0.068416137	0.067842474	0.00033487867	
knee_angle_r.offset             	-0.00015518059	0.00070906508	0.00036668381	
ankle_angle_r.offset            	-0.052708042	-0.052726957	0.00048387253	
hip_flexion_l.offset            	-0.0040165817	-0.0042823606	0.00067514042	
knee_angle_l.offset             	0.059335072	0.058839318	0.0005208449	
ankle_angle_l.offset            	0.18876828	0.18907355	0.00049371255	
stance_load_threshold           	0.15002387	0.14996238	0.00056426294	
S00111.tib_ant.KL               	1.2764204	1.2638955	0.0091287271	
S00111.tib_ant.L0               	0.76048559	0.75900062	0.0009843356	
S00111.tib_ant.KS               	0.000173	0.00016940444	0.00033349459	
S11000.tib_ant.KL               	1.2269387	1.2256874	0.0051595964	
S11000.tib_ant.L0               	0.73995583	0.73904922	0.00075506602	
S11000.tib_ant.KS               	0.035693349	0.035637536	0.00047237113	
S11111.tib_ant-soleus.KF        	-0.11019806	-0.1096524	0.00081961109	
S00111.soleus-tib_ant.KS        	-0.85416998	-0.85611247	0.010098553	
S11000.soleus-tib_ant.KS        	-3.2851113	-3.3061505	0.011967722	
S00111.gastroc-tib_ant.KS       	-0.33206862	-0.32756412	0.0082430733	
S11000.gastroc-tib_ant.KS       	-1.6600866	-1.6625387	0.0099962921	
S00111.tib_ant-gastroc.KS       	-0.00395169	-0.0037611327	0.065990011	
S11000.tib_ant-gastroc.KS       	-0.00331551	-0.0034363497	0.064498758	
S00111.tib_ant-soleus.KS        	-0.00346517	-0.0033298743	0.067742149	
S11000.tib_ant-soleus.KS        	-0.00313645	-0.0032749387	0.064864476	
S00111.gastroc.KL               	0.08315732	0.078557194	0.0083456719	
S00111.gastroc.L0               	0.83623138	0.83517383	0.0039423467	
S00111.gastroc.KF               	1.4075342	1.4072643	0.00051887781	
S00111.soleus.KL                	4.0690127	4.0537949	0.0089304253	
S00111.soleus.L0                	0.96035115	0.96403286	0.0023070625	
S00111.soleus.KF                	0.22489671	0.2248114	0.00073921804	
S11000.gastroc.KL               	0.0089558867	0.0088328682	0.0065836006	
S11000.gastroc.L0               	0.54835597	0.54074422	0.0041046089	
S11000.gastroc.KF               	-1.8190978	-1.8362667	0.0097979011	
S11000.gastroc.KS               	0.27112208	0.26734472	0.0083516962	
S11000.soleus.KL                	0.84260236	0.82328263	0.01650461	
S11000.soleus.L0                	0.89946132	0.89679477	0.0037995963	
S11000.soleus.KF                	-0.8937284	-0.90916855	0.015623855	
S11000.soleus.KS                	0.10270043	0.10553577	0.012343714	
S00011.vasti.KF                 	0.81265648	0.81019569	0.0021816607	
S00011.vasti.C0                 	0.085229208	0.085615455	0.00047397856	
S00011.vasti-knee_angle.pos_max 	-0.29838262	-0.29800211	0.00075622791	
S00011.hamstrings-pelvis_tilt.KP	0.71266599	0.70514409	0.0083509111	
S00011.hamstrings-pelvis_tilt.KV	0.56314664	0.56300296	0.00043122083	
S00011.hamstrings-pelvis_tilt.C0	0.02778807	0.026797744	0.00086856751	
S00011.glut_max-pelvis_tilt.KP  	1.5593663	1.5558157	0.0071596532	
S00011.glut_max-pelvis_tilt.KV  	0.31930361	0.31958787	0.00045063293	
S00011.glut_max-pelvis_tilt.C0  	0.15794839	0.15903049	0.00074069209	
S00011.iliopsoas-pelvis_tilt.KP 	-3.4527211	-3.4737129	0.012028004	
S00011.iliopsoas-pelvis_tilt.KV 	-0.54291813	-0.54297185	0.00053761808	
S00011.iliopsoas-pelvis_tilt.C0 	0.33459635	0.33527663	0.0011782928	
S00100.iliopsoas.C0             	0.3405527	0.33977458	0.00064660218	
S00100.glut_max.C0              	-0.02517671	-0.024968952	0.0004704289	
S11000.iliopsoas.KL             	0.56392895	0.56460318	0.00055421277	
S11000.iliopsoas.L0             	0.38887487	0.38864484	0.00060972927	
S11000.iliopsoas-pelvis_tilt.P0 	-0.044988439	-0.045397615	0.00047744093	
S11000.iliopsoas-pelvis_tilt.KP 	0.01196527	0.01134989	0.0026569181	
S11000.iliopsoas-pelvis_tilt.KV 	0.13855087	0.13897708	0.00057170444	
S11000.iliopsoas-hamstrings.KL  	-8.3206884	-8.3168887	0.019893919	
S11000.iliopsoas-hamstrings.L0  	1.1764338	1.1765939	0.0004940408	
S11000.hamstrings.KF            	0.57277705	0.57289947	0.0004308656	
S11000.glut_max.KF              	0.62199616	0.62085931	0.00049441563	
