pelvis_tilt.offset              	0.021821367	0.021218374	0.0013010792	
hip_flexion_r.offset            	0.06924578	0.06921142	0.0012253105	
knee_angle_r.offset             	0.00059428197	0.0012209463	0.00134063	
ankle_angle_r.offset            	-0.054694583	-0.057434193	0.0017505795	
hip_flexion_l.offset            	-0.008275458	-0.0049748967	0.0024832575	
knee_angle_l.offset             	0.056575717	0.05747582	0.0019134046	
ankle_angle_l.offset            	0.19066157	0.18764866	0.0018318445	
stance_load_threshold           	0.15054963	0.15117879	0.0020117855	
S00111.tib_ant.KL               	1.2709505	1.248041	0.03342077	
S00111.tib_ant.L0               	0.76040741	0.76244309	0.0035928414	
S00111.tib_ant.KS               	0.00015652	0.00016432908	0.0014509631	
S11000.tib_ant.KL               	1.2094256	1.2101135	0.019006854	
S11000.tib_ant.L0               	0.73815275	0.73829581	0.0027701605	
S11000.tib_ant.KS               	0.035870711	0.03489454	0.0017731788	
S11111.tib_ant-soleus.KF        	-0.1131337	-0.10896157	0.0030188205	
S00111.soleus-tib_ant.KS        	-0.89402901	-0.84662447	0.038509594	
S11000.soleus-tib_ant.KS        	-3.2845604	-3.2719553	0.044314356	
S00111.gastroc-tib_ant.KS       	-0.35557966	-0.34469577	0.033563528	
S11000.gastroc-tib_ant.KS       	-1.749768	-1.6957482	0.037018404	
S00111.tib_ant-gastroc.KS       	-0.00357534	-0.0037907542	0.28711896	
S11000.tib_ant-gastroc.KS       	-0.00366451	-0.003549559	0.28063061	
S00111.tib_ant-soleus.KS        	-0.00346517	-0.003325367	0.29474245	
S11000.tib_ant-soleus.KS        	-0.00313645	-0.0032911009	0.28222185	
S00111.gastroc.KL               	0.08315732	0.078151108	0.035886714	
S00111.gastroc.L0               	0.85112347	0.8400009	0.014672818	
S00111.gastroc.KF               	1.4124274	1.4111353	0.0018702855	
S00111.soleus.KL                	4.0138946	4.0162977	0.03271731	
S00111.soleus.L0                	0.98024744	0.96911221	0.0084186746	
S00111.soleus.KF                	0.22941674	0.22833355	0.0027101471	
S11000.gastroc.KL               	0.00837043	0.0088101317	0.028637069	
S11000.gastroc.L0               	0.49752118	0.51641949	0.015468367	
S11000.gastroc.KF               	-1.7740141	-1.7999972	0.036419755	
S11000.soleus.KL                	0.84260236	0.81034783	0.065070751	
S11000.soleus.L0                	0.90872153	0.90338368	0.014230655	
S11000.soleus.KF                	-0.90689156	-0.91596802	0.060403426	
S00011.vasti.KF                 	0.82130374	0.81488641	0.0079526054	
S00011.vasti.C0                 	0.085717602	0.084051001	0.0018005036	
S00011.vasti-knee_angle.pos_max 	-0.30412013	-0.30389037	0.0027482524	
S00011.hamstrings-pelvis_tilt.KP	0.70590959	0.71570689	0.031683665	
S00011.hamstrings-pelvis_tilt.KV	0.56587022	0.56751984	0.0015996771	
S00011.hamstrings-pelvis_tilt.C0	0.02514159	0.026699059	0.003520133	
S00011.glut_max-pelvis_tilt.KP  	1.518472	1.4928282	0.02601434	
S00011.glut_max-pelvis_tilt.KV  	0.31408681	0.3132595	0.0016235503	
S00011.glut_max-pelvis_tilt.C0  	0.15905948	0.15849706	0.0027408439	
S00011.iliopsoas-pelvis_tilt.KP 	-3.4773603	-3.5160233	0.043776382	
S00011.iliopsoas-pelvis_tilt.KV 	-0.5421176	-0.54404988	0.0019929837	
S00011.iliopsoas-pelvis_tilt.C0 	0.33352716	0.33130832	0.0042921448	
S00100.iliopsoas.C0             	0.33855921	0.3384573	0.0023580367	
S00100.glut_max.C0              	-0.023726559	-0.024976216	0.0018233627	
S11000.iliopsoas.KL             	0.56145106	0.56008685	0.0020192333	
S11000.iliopsoas.L0             	0.39423296	0.39049318	0.0022385493	
S11000.iliopsoas-pelvis_tilt.P0 	-0.044523998	-0.044559923	0.0018075551	
S11000.iliopsoas-pelvis_tilt.KP 	0.01196527	0.011465319	0.011527825	
S11000.iliopsoas-pelvis_tilt.KV 	0.14166737	0.14532006	0.0020733358	
S11000.iliopsoas-hamstrings.KL  	-8.2516967	-8.2734955	0.073399166	
S11000.iliopsoas-hamstrings.L0  	1.1663788	1.1668474	0.0016791318	
S11000.hamstrings.KF            	0.57478671	0.57423767	0.0016143519	
S11000.glut_max.KF              	0.62055873	0.61967941	0.0018333832	
