pelvis_tilt.offset              	0.020333727	0.021390173	0.001217627	
hip_flexion_r.offset            	0.069211798	0.068690734	0.0011478267	
knee_angle_r.offset             	0.00091135865	0.0010178579	0.0012548844	
ankle_angle_r.offset            	-0.055151002	-0.056754229	0.0016412446	
hip_flexion_l.offset            	-0.0079760743	-0.0067435274	0.0023294937	
knee_angle_l.offset             	0.056590633	0.057499524	0.0017924867	
ankle_angle_l.offset            	0.18928737	0.18836876	0.0017183123	
stance_load_threshold           	0.1518577	0.15124039	0.0018844035	
S00111.tib_ant.KL               	1.2213282	1.2565713	0.031300778	
S00111.tib_ant.L0               	0.75790937	0.76210352	0.0033671372	
S00111.tib_ant.KS               	0.000173	0.00016704919	0.0013563738	
S11000.tib_ant.KL               	1.2231522	1.2068366	0.01780305	
S11000.tib_ant.L0               	0.73877374	0.73845966	0.0025937372	
S11000.tib_ant.KS               	0.03726336	0.034991831	0.0016596242	
S11111.tib_ant-soleus.KF        	-0.10876367	-0.10961946	0.0028299935	
S00111.soleus-tib_ant.KS        	-0.8190104	-0.8499023	0.036052409	
S11000.soleus-tib_ant.KS        	-3.2617793	-3.2885937	0.041507816	
S00111.gastroc-tib_ant.KS       	-0.35346145	-0.34171103	0.031389742	
S11000.gastroc-tib_ant.KS       	-1.6826553	-1.6942948	0.034677347	
S00111.tib_ant-gastroc.KS       	-0.00357534	-0.0036647566	0.26840146	
S11000.tib_ant-gastroc.KS       	-0.00331551	-0.0035570956	0.26233609	
S00111.tib_ant-soleus.KS        	-0.00346517	-0.0033698369	0.27552797	
S11000.tib_ant-soleus.KS        	-0.00313645	-0.0033431038	0.26382359	
S00111.gastroc.KL               	0.08315732	0.080047123	0.033548499	
S00111.gastroc.L0               	0.83423863	0.84190643	0.013741554	
S00111.gastroc.KF               	1.4119987	1.4120886	0.0017525108	
S00111.soleus.KL                	4.0274737	4.0278545	0.030626807	
S00111.soleus.L0                	0.97347501	0.97139406	0.0078863711	
S00111.soleus.KF                	0.22653632	0.22941116	0.0025403808	
S11000.gastroc.KL               	0.00925153	0.0086421178	0.026770213	
S11000.gastroc.L0               	0.51310021	0.51907246	0.014485131	
S11000.gastroc.KF               	-1.8266981	-1.7895699	0.034106332	
S11000.soleus.KL                	0.84260236	0.80881772	0.060875597	
S11000.soleus.L0                	0.90801003	0.90733791	0.013323239	
S11000.soleus.KF                	-0.95885434	-0.90152251	0.056525858	
S00011.vasti.KF                 	0.81392338	0.81249734	0.0074512225	
S00011.vasti.C0                 	0.084711043	0.084874061	0.0016873518	
S00011.vasti-knee_angle.pos_max 	-0.30259668	-0.3041195	0.0025748351	
S00011.hamstrings-pelvis_tilt.KP	0.71537753	0.70499509	0.029652296	
S00011.hamstrings-pelvis_tilt.KV	0.56642599	0.56746146	0.0014979977	
S00011.hamstrings-pelvis_tilt.C0	0.025450814	0.026260603	0.0032917966	
S00011.glut_max-pelvis_tilt.KP  	1.4648091	1.4878889	0.024403345	
S00011.glut_max-pelvis_tilt.KV  	0.31108851	0.3135127	0.0015202699	
S00011.glut_max-pelvis_tilt.C0  	0.15579549	0.15797644	0.0025673117	
S00011.iliopsoas-pelvis_tilt.KP 	-3.4733981	-3.512263	0.041108858	
S00011.iliopsoas-pelvis_tilt.KV 	-0.54657616	-0.54423665	0.0018661062	
S00011.iliopsoas-pelvis_tilt.C0 	0.33251244	0.33141016	0.0040248964	
S00100.iliopsoas.C0             	0.33651797	0.33871366	0.0022162536	
S00100.glut_max.C0              	-0.024454503	-0.024623262	0.0017058192	
S11000.iliopsoas.KL             	0.56195188	0.55960731	0.0018905063	
S11000.iliopsoas.L0             	0.39180433	0.3911989	0.0021042002	
S11000.iliopsoas-pelvis_tilt.P0 	-0.043717474	-0.044562793	0.0016911578	
S11000.iliopsoas-pelvis_tilt.KP 	0.01082572	0.01148134	0.010776379	
S11000.iliopsoas-pelvis_tilt.KV 	0.14329502	0.14495475	0.0019441083	
S11000.iliopsoas-hamstrings.KL  	-8.2041876	-8.2377643	0.068868849	
S11000.iliopsoas-hamstrings.L0  	1.1663466	1.1665043	0.0015728717	
S11000.hamstrings.KF            	0.57480422	0.57373804	0.001512349	
S11000.glut_max.KF              	0.61964458	0.62049807	0.0017176969	
