pelvis_tilt.offset              	0.019337797	0.018797527	0.00078240848	
hip_flexion_r.offset            	0.067962779	0.069810235	0.00072798813	
knee_angle_r.offset             	0.0013069615	0.001090687	0.00080413407	
ankle_angle_r.offset            	-0.054105885	-0.055247109	0.0010555701	
hip_flexion_l.offset            	-0.0099525278	-0.0089639903	0.001491623	
knee_angle_l.offset             	0.055366828	0.055857784	0.0011500862	
ankle_angle_l.offset            	0.19079975	0.18961367	0.0011016735	
stance_load_threshold           	0.15233392	0.15101156	0.0012037523	
S00111.tib_ant.KL               	1.2272376	1.2259547	0.019872176	
S00111.tib_ant.L0               	0.75611376	0.75494518	0.0021939127	
S00111.tib_ant.KS               	0.00015652	0.00016522597	0.00079222453	
S11000.tib_ant.KL               	1.2469829	1.2319358	0.011399418	
S11000.tib_ant.L0               	0.73547252	0.73736172	0.0016455054	
S11000.tib_ant.KS               	0.036095596	0.035653296	0.0010351405	
S11111.tib_ant-soleus.KF        	-0.1098828	-0.11081297	0.0017797325	
S00111.soleus-tib_ant.KS        	-0.89402901	-0.8719202	0.022349217	
S11000.soleus-tib_ant.KS        	-3.331605	-3.3643616	0.026778958	
S00111.gastroc-tib_ant.KS       	-0.32171493	-0.34204959	0.018845451	
S11000.gastroc-tib_ant.KS       	-1.6429219	-1.6714182	0.021842164	
S00111.tib_ant-gastroc.KS       	-0.00357534	-0.0037886205	0.15676566	
S11000.tib_ant-gastroc.KS       	-0.00331551	-0.0034267189	0.15322305	
S00111.tib_ant-soleus.KS        	-0.00346517	-0.003215654	0.16092805	
S11000.tib_ant-soleus.KS        	-0.00313645	-0.0033124295	0.15409186	
S00111.gastroc.KL               	0.07523758	0.079515114	0.019640382	
S00111.gastroc.L0               	0.85113505	0.8414434	0.0087834988	
S00111.gastroc.KF               	1.410389	1.4086593	0.0011232748	
S00111.soleus.KL                	3.964864	3.9814849	0.019796481	
S00111.soleus.L0                	0.96697989	0.96997079	0.0049821782	
S00111.soleus.KF                	0.23317942	0.23384541	0.0016517327	
S11000.gastroc.KL               	0.00837043	0.0089514835	0.015636509	
S11000.gastroc.L0               	0.51498695	0.51183994	0.0091956337	
S11000.gastroc.KF               	-1.7648482	-1.7665967	0.021703986	
S11000.soleus.KL                	0.82796743	0.80988656	0.036940788	
S11000.soleus.L0                	0.91218582	0.90783	0.0084722517	
S11000.soleus.KF                	-0.90350536	-0.92789368	0.034620567	
S00011.vasti.KF                 	0.85065532	0.84494678	0.0048998024	
S00011.vasti.C0                 	0.08531332	0.086167735	0.0010588945	
S00011.vasti-knee_angle.pos_max 	-0.30539217	-0.30649026	0.0016429562	
S00011.hamstrings-pelvis_tilt.KP	0.74162866	0.72183514	0.018562989	
S00011.hamstrings-pelvis_tilt.KV	0.56681469	0.56830518	0.00096806623	
S00011.hamstrings-pelvis_tilt.C0	0.02514159	0.026673824	0.0019587413	
S00011.glut_max-pelvis_tilt.KP  	1.5136603	1.5219522	0.015660865	
S00011.glut_max-pelvis_tilt.KV  	0.31138171	0.31372836	0.00097410464	
S00011.glut_max-pelvis_tilt.C0  	0.15287573	0.15366955	0.0016432518	
S00011.iliopsoas-pelvis_tilt.KP 	-3.3682794	-3.3817089	0.026942043	
S00011.iliopsoas-pelvis_tilt.KV 	-0.54963305	-0.54926181	0.0012216993	
S00011.iliopsoas-pelvis_tilt.C0 	0.32952921	0.32976265	0.0026064866	
S00100.iliopsoas.C0             	0.34229864	0.34373681	0.0014360533	
S00100.glut_max.C0              	-0.024573505	-0.024751303	0.0010416984	
S11000.iliopsoas.KL             	0.55442884	0.55487991	0.0012191054	
S11000.iliopsoas.L0             	0.38964287	0.39046725	0.0013572524	
S11000.iliopsoas-pelvis_tilt.P0 	-0.043894673	-0.044129453	0.0010662696	
S11000.iliopsoas-pelvis_tilt.KP 	0.01082572	0.011243078	0.0062971338	
S11000.iliopsoas-pelvis_tilt.KV 	0.14496665	0.14408314	0.0012346016	
S11000.iliopsoas-hamstrings.KL  	-8.1196294	-8.1402093	0.044008693	
S11000.iliopsoas-hamstrings.L0  	1.1703914	1.1694123	0.0010115848	
S11000.hamstrings.KF            	0.5718707	0.57259389	0.00096883945	
S11000.glut_max.KF              	0.61937403	0.61928966	0.0010965574	
