pelvis_tilt.offset              	0.027785093	0.026364382	0.0010441049	
hip_flexion_r.offset            	0.069541546	0.068127168	0.00095998927	
knee_angle_r.offset             	-0.00035211338	-0.00023866476	0.0010532863	
ankle_angle_r.offset            	-0.061391594	-0.061806852	0.0013916317	
hip_flexion_l.offset            	0.0011453567	-0.0013488356	0.001957967	
knee_angle_l.offset             	0.054499574	0.055496799	0.0015267218	
ankle_angle_l.offset            	0.18900484	0.18813164	0.0014403875	
stance_load_threshold           	0.15987695	0.15668794	0.0015897232	
S00111.tib_ant.KL               	1.2905886	1.2709788	0.026217545	
S00111.tib_ant.L0               	0.7587261	0.75895701	0.0028251281	
S00111.tib_ant.KS               	0.00015652	0.00016527982	0.0010914626	
S11000.tib_ant.KL               	1.2071738	1.2141789	0.014895115	
S11000.tib_ant.L0               	0.73210368	0.73634748	0.0021972025	
S11000.tib_ant.KS               	0.036430187	0.035840109	0.0013688006	
S11111.tib_ant-soleus.KF        	-0.10809158	-0.10873088	0.0023602105	
S00111.soleus-tib_ant.KS        	-0.8168454	-0.82818393	0.029702534	
S00111.gastroc-tib_ant.KS       	-0.32479876	-0.34525459	0.02546568	
S11000.soleus-tib_ant.KS        	-3.1555104	-3.1784997	0.034895848	
S11000.gastroc-tib_ant.KS       	-1.6864384	-1.6612963	0.029094945	
S00111.tib_ant-soleus.KS        	-0.00346517	-0.0032036	0.22171461	
S00111.tib_ant-gastroc.KS       	-0.00395169	-0.0038604113	0.21597998	
S11000.tib_ant-soleus.KS        	-0.0034666	-0.0032322176	0.21229621	
S11000.tib_ant-gastroc.KS       	-0.00331551	-0.0034786719	0.21109923	
S00111.soleus.KL                	4.0666021	4.039662	0.025910197	
S00111.soleus.L0                	0.95468479	0.96128192	0.0065651722	
S00111.soleus.KF                	0.22520697	0.22681351	0.0021236288	
S00111.soleus.KS                	0.16068585	0.15576716	0.018327636	
S00111.gastroc.KL               	0.07523758	0.077543337	0.027014181	
S00111.gastroc.L0               	0.82420167	0.83873626	0.01149148	
S00111.gastroc.KF               	1.4118909	1.4140442	0.001473212	
S00111.gastroc.KS               	0.1614529	0.16614263	0.012602836	
S11000.soleus.KL                	0.7654708	0.79422867	0.049578668	
S11000.soleus.L0                	0.92929677	0.91486084	0.011103432	
S11000.soleus.KF                	-0.86753488	-0.92949432	0.046241741	
S11000.soleus.KS                	0.11302564	0.10572653	0.040026462	
S11000.gastroc.KL               	0.00837043	0.0089781754	0.021542037	
S11000.gastroc.L0               	0.51638907	0.51646368	0.012022722	
S11000.gastroc.KF               	-1.8049047	-1.8106592	0.028469068	
S11000.gastroc.KS               	0.27887874	0.26635082	0.025678257	
S00011.vasti.KF                 	0.80497796	0.80766864	0.0061919706	
S00011.vasti.C0                 	0.07992329	0.080914709	0.0013909	
S00011.vasti-knee_angle.pos_max 	-0.3025302	-0.3042684	0.0021426283	
S00011.hamstrings-pelvis_tilt.KP	0.71524171	0.7023859	0.024637527	
S00011.hamstrings-pelvis_tilt.KV	0.56717235	0.56530339	0.0012637131	
S00011.hamstrings-pelvis_tilt.C0	0.02778807	0.026868847	0.0026672875	
S00011.glut_max-pelvis_tilt.KP  	1.5241033	1.4976629	0.020437217	
S00011.glut_max-pelvis_tilt.KV  	0.31930175	0.32023047	0.0012968023	
S00011.glut_max-pelvis_tilt.C0  	0.16379911	0.16305755	0.0021441767	
S00011.iliopsoas-pelvis_tilt.KP 	-3.4724913	-3.5615505	0.0342379	
S00011.iliopsoas-pelvis_tilt.KV 	-0.53936625	-0.54314534	0.0015585327	
S00011.iliopsoas-pelvis_tilt.C0 	0.34252141	0.33954674	0.0034029674	
S00100.iliopsoas.C0             	0.34239616	0.3418523	0.001867092	
S00100.glut_max.C0              	-0.024808599	-0.025069215	0.0013942488	
S11000.iliopsoas.KL             	0.55786773	0.55929418	0.0015940332	
S11000.iliopsoas.L0             	0.38462145	0.38520514	0.0017786509	
S11000.iliopsoas-pelvis_tilt.P0 	-0.04199752	-0.043017978	0.0014046034	
S11000.iliopsoas-pelvis_tilt.KP 	0.01196527	0.011536704	0.0086729402	
S11000.iliopsoas-pelvis_tilt.KV 	0.14054675	0.14450087	0.0016451239	
S11000.iliopsoas-hamstrings.KL  	-8.4426757	-8.4094847	0.058268493	
S11000.iliopsoas-hamstrings.L0  	1.1691947	1.1692697	0.0013236987	
S11000.hamstrings.KF            	0.57748064	0.57743086	0.0012706688	
S11000.glut_max.KF              	0.62632673	0.62585692	0.0014563172	
