pelvis_tilt.offset              	0.02594146	0.025927489	0.00099324068	
hip_flexion_r.offset            	0.068202503	0.068691778	0.00090607675	
knee_angle_r.offset             	-0.00079720792	0.00017574835	0.00099632026	
ankle_angle_r.offset            	-0.064109652	-0.062099256	0.0013167597	
hip_flexion_l.offset            	-0.0026127717	0.00010315596	0.0018600544	
knee_angle_l.offset             	0.056585927	0.055717051	0.001439709	
ankle_angle_l.offset            	0.19099944	0.19097493	0.0013650587	
stance_load_threshold           	0.15905136	0.15779844	0.0015121835	
S00111.tib_ant.KL               	1.2824719	1.2787476	0.024712322	
S00111.tib_ant.L0               	0.75290775	0.75643198	0.0026741172	
S00111.tib_ant.KS               	0.000173	0.00016603432	0.0010189932	
S11000.tib_ant.KL               	1.2135002	1.2238499	0.014098228	
S11000.tib_ant.L0               	0.735973	0.73599028	0.0020811996	
S11000.tib_ant.KS               	0.036146444	0.035969901	0.0012859711	
S11111.tib_ant-soleus.KF        	-0.10718845	-0.1089991	0.0022234256	
S00111.soleus-tib_ant.KS        	-0.83544457	-0.85464831	0.027944247	
S00111.gastroc-tib_ant.KS       	-0.34313097	-0.3310174	0.023854307	
S11000.soleus-tib_ant.KS        	-3.1723803	-3.1499864	0.0330448	
S11000.gastroc-tib_ant.KS       	-1.7131109	-1.6782145	0.027434694	
S00111.tib_ant-soleus.KS        	-0.00346517	-0.0032548282	0.20699338	
S00111.tib_ant-gastroc.KS       	-0.00395169	-0.0038185023	0.20163951	
S11000.tib_ant-soleus.KS        	-0.0034666	-0.0031933965	0.19820034	
S11000.tib_ant-gastroc.KS       	-0.00331551	-0.003481272	0.19708284	
S00111.soleus.KL                	4.0649459	4.0553363	0.024441764	
S00111.soleus.L0                	0.95624337	0.96165545	0.0061957475	
S00111.soleus.KF                	0.22653455	0.22783326	0.0020085501	
S00111.soleus.KS                	0.16520068	0.15461883	0.017140526	
S00111.gastroc.KL               	0.075450552	0.079886957	0.025226502	
S00111.gastroc.L0               	0.84189227	0.83798155	0.010827938	
S00111.gastroc.KF               	1.4134301	1.4138655	0.0013931797	
S00111.gastroc.KS               	0.17739288	0.16439142	0.011816347	
S11000.soleus.KL                	0.79143228	0.81195683	0.046496561	
S11000.soleus.L0                	0.91125366	0.92032056	0.010514683	
S11000.soleus.KF                	-0.92626134	-0.92639289	0.043426009	
S11000.soleus.KS                	0.11302564	0.10530659	0.03737769	
S11000.gastroc.KL               	0.00925153	0.0090467393	0.020111822	
S11000.gastroc.L0               	0.51726849	0.51512106	0.011324896	
S11000.gastroc.KF               	-1.8421868	-1.8361857	0.026805327	
S11000.gastroc.KS               	0.27887874	0.269911	0.024033677	
S00011.vasti.KF                 	0.78960377	0.80285237	0.0058599089	
S00011.vasti.C0                 	0.082028611	0.081765949	0.0013072254	
S00011.vasti-knee_angle.pos_max 	-0.30216981	-0.3031188	0.0020194856	
S00011.hamstrings-pelvis_tilt.KP	0.74162866	0.72575304	0.023164602	
S00011.hamstrings-pelvis_tilt.KV	0.56641035	0.56574428	0.0012007169	
S00011.hamstrings-pelvis_tilt.C0	0.027188664	0.026509412	0.0024968546	
S00011.glut_max-pelvis_tilt.KP  	1.44271	1.4820396	0.019268133	
S00011.glut_max-pelvis_tilt.KV  	0.32055231	0.31941575	0.0012283934	
S00011.glut_max-pelvis_tilt.C0  	0.16477229	0.16177458	0.0020277845	
S00011.iliopsoas-pelvis_tilt.KP 	-3.5745024	-3.5465604	0.032490778	
S00011.iliopsoas-pelvis_tilt.KV 	-0.54290448	-0.5421524	0.0014720862	
S00011.iliopsoas-pelvis_tilt.C0 	0.34473769	0.34454081	0.0032302445	
S00100.iliopsoas.C0             	0.34320516	0.34201862	0.0017615941	
S00100.glut_max.C0              	-0.025592445	-0.024907378	0.0013087482	
S11000.iliopsoas.KL             	0.56587507	0.56098476	0.0015093053	
S11000.iliopsoas.L0             	0.38662551	0.3866158	0.0016800242	
S11000.iliopsoas-pelvis_tilt.P0 	-0.044786305	-0.044110853	0.0013208795	
S11000.iliopsoas-pelvis_tilt.KP 	0.01196527	0.01164581	0.008097518	
S11000.iliopsoas-pelvis_tilt.KV 	0.14439436	0.14266478	0.0015592338	
S11000.iliopsoas-hamstrings.KL  	-8.370033	-8.3723753	0.055110714	
S11000.iliopsoas-hamstrings.L0  	1.1702413	1.168982	0.0012490142	
S11000.hamstrings.KF            	0.57752594	0.5776765	0.0011976961	
S11000.glut_max.KF              	0.62545282	0.62591964	0.0013789414	
