pelvis_tilt.offset              	0.023370067	0.021084283	0.001527321	
hip_flexion_r.offset            	0.068175902	0.069099297	0.0014410427	
knee_angle_r.offset             	-0.00094935754	0.00065531005	0.0015770817	
ankle_angle_r.offset            	-0.059693255	-0.057100583	0.002062249	
hip_flexion_l.offset            	-0.0094195365	-0.0060856785	0.0029220769	
knee_angle_l.offset             	0.053458929	0.057102479	0.0022513077	
ankle_angle_l.offset            	0.18856398	0.18787425	0.0021562998	
stance_load_threshold           	0.15137896	0.15226376	0.0023692114	
S00111.tib_ant.KL               	1.2572316	1.2494767	0.039346151	
S00111.tib_ant.L0               	0.76767531	0.76402355	0.0042195746	
S00111.tib_ant.KS               	0.000173	0.00016476071	0.0017141138	
S11000.tib_ant.KL               	1.1743839	1.1983649	0.022367107	
S11000.tib_ant.L0               	0.74211841	0.73850055	0.0032603111	
S11000.tib_ant.KS               	0.03726336	0.035488918	0.00209065	
S11111.tib_ant-soleus.KF        	-0.10533343	-0.11087729	0.003550756	
S00111.soleus-tib_ant.KS        	-0.88333259	-0.8514562	0.045378514	
S11000.soleus-tib_ant.KS        	-3.336589	-3.2734366	0.052100029	
S00111.gastroc-tib_ant.KS       	-0.35557966	-0.3386473	0.039621545	
S11000.gastroc-tib_ant.KS       	-1.7083639	-1.6848188	0.04355431	
S00111.tib_ant-gastroc.KS       	-0.00357534	-0.0037635176	0.33919172	
S11000.tib_ant-gastroc.KS       	-0.00331551	-0.0034900056	0.33152662	
S00111.tib_ant-soleus.KS        	-0.00313515	-0.0033001616	0.34819783	
S11000.tib_ant-soleus.KS        	-0.00313645	-0.0033015246	0.33340645	
S00111.gastroc.L0               	0.83416634	0.83881242	0.017260095	
S00111.gastroc.KF               	1.4086136	1.4109021	0.0021984939	
S00111.gastroc.KS               	0.17739288	0.1689456	0.019577859	
S00111.soleus.L0                	0.96365969	0.96778415	0.0098995521	
S00111.soleus.KF                	0.23253671	0.22835326	0.0031867622	
S00111.soleus.KS                	0.14946728	0.15733398	0.028616807	
S11000.gastroc.KL               	0.00925153	0.0088109813	0.033830741	
S11000.gastroc.L0               	0.52042691	0.52370651	0.018200852	
S11000.gastroc.KF               	-1.7275964	-1.8163202	0.042789853	
S11000.gastroc.KS               	0.27887874	0.2655988	0.040031543	
S11000.soleus.KL                	0.83860925	0.80247844	0.076726913	
S11000.soleus.L0                	0.88596321	0.89856048	0.016712757	
S11000.soleus.KF                	-0.87283299	-0.91319461	0.071250876	
S11000.soleus.KS                	0.11302564	0.10764347	0.062813787	
S00011.vasti.KF                 	0.82205706	0.8199773	0.0093468068	
S00011.vasti.C0                 	0.082477434	0.084129782	0.0021171556	
S00011.vasti-knee_angle.pos_max 	-0.31103242	-0.30540968	0.0032295921	
S00011.hamstrings-pelvis_tilt.KP	0.74162866	0.70631301	0.03734017	
S00011.hamstrings-pelvis_tilt.KV	0.56560589	0.5667698	0.0018830359	
S00011.hamstrings-pelvis_tilt.C0	0.02514159	0.02646483	0.0041567953	
S00011.glut_max-pelvis_tilt.KP  	1.5047925	1.4940513	0.030549599	
S00011.glut_max-pelvis_tilt.KV  	0.31392377	0.31400002	0.001909932	
S00011.glut_max-pelvis_tilt.C0  	0.15778251	0.15962183	0.0032183616	
S00011.iliopsoas-pelvis_tilt.KP 	-3.5443311	-3.4930323	0.051472472	
S00011.iliopsoas-pelvis_tilt.KV 	-0.54472305	-0.5435024	0.0023456263	
S00011.iliopsoas-pelvis_tilt.C0 	0.33872889	0.33180903	0.0050553976	
S00100.iliopsoas.C0             	0.33993405	0.33785909	0.002772448	
S00100.glut_max.C0              	-0.024790733	-0.02465332	0.0021516828	
S11000.iliopsoas.KL             	0.55868537	0.56097945	0.0023702562	
S11000.iliopsoas.L0             	0.38809239	0.3909029	0.0026351428	
S11000.iliopsoas-pelvis_tilt.P0 	-0.045761906	-0.044207911	0.0021281677	
S11000.iliopsoas-pelvis_tilt.KP 	0.01082572	0.0113955	0.013618409	
S11000.iliopsoas-pelvis_tilt.KV 	0.1439951	0.14503447	0.0024410051	
S11000.iliopsoas-hamstrings.KL  	-8.1779779	-8.2549252	0.08638148	
S11000.iliopsoas-hamstrings.L0  	1.1651588	1.1659051	0.0019749648	
S11000.hamstrings.KF            	0.57431554	0.57509984	0.0018961592	
S11000.glut_max.KF              	0.62045536	0.62126484	0.0021540614	
