pelvis_tilt.offset              	0.022100568	0.021769098	0.0014271493	
hip_flexion_r.offset            	0.068507985	0.069468292	0.0013456287	
knee_angle_r.offset             	-0.004962255	-0.0003426418	0.0014728535	
ankle_angle_r.offset            	-0.058755679	-0.057504634	0.0019257213	
hip_flexion_l.offset            	-0.0085786745	-0.007285172	0.0027289595	
knee_angle_l.offset             	0.054713199	0.055249606	0.0021049765	
ankle_angle_l.offset            	0.18532635	0.18812192	0.0020132949	
stance_load_threshold           	0.15555801	0.15241649	0.0022116693	
S00111.tib_ant.KL               	1.2297806	1.2394829	0.036731177	
S00111.tib_ant.L0               	0.76627671	0.76560588	0.0039406085	
S00111.tib_ant.KS               	0.00015652	0.00016636367	0.0015975522	
S11000.tib_ant.KL               	1.1802268	1.1861667	0.020882193	
S11000.tib_ant.L0               	0.73865981	0.73897711	0.0030457102	
S11000.tib_ant.KS               	0.03371447	0.035529147	0.0019512876	
S11111.tib_ant-soleus.KF        	-0.10986263	-0.11030299	0.0033209547	
S00111.soleus-tib_ant.KS        	-0.89402901	-0.8672569	0.042340085	
S11000.soleus-tib_ant.KS        	-3.3196155	-3.2738001	0.048657949	
S00111.gastroc-tib_ant.KS       	-0.35557966	-0.34506599	0.036941939	
S11000.gastroc-tib_ant.KS       	-1.6750222	-1.685109	0.040663472	
S00111.tib_ant-gastroc.KS       	-0.00357534	-0.0038566165	0.3161263	
S11000.tib_ant-gastroc.KS       	-0.00366451	-0.0035386471	0.30898244	
S00111.tib_ant-soleus.KS        	-0.00346517	-0.0033094467	0.32451999	
S11000.tib_ant-soleus.KS        	-0.00313645	-0.0033220004	0.31073444	
S00111.gastroc.L0               	0.81221601	0.83123107	0.016127177	
S00111.gastroc.KF               	1.410559	1.4109151	0.002052044	
S00111.gastroc.KS               	0.16443376	0.16876576	0.018253728	
S00111.soleus.L0                	0.97929973	0.9644274	0.0092363901	
S00111.soleus.KF                	0.23034037	0.22810159	0.0029751149	
S00111.soleus.KS                	0.15225903	0.15701715	0.02667481	
S11000.gastroc.KL               	0.00925153	0.0086440725	0.031530226	
S11000.gastroc.L0               	0.51401051	0.52273021	0.016983973	
S11000.gastroc.KF               	-1.761529	-1.7974851	0.04003803	
S11000.gastroc.KS               	0.27887874	0.26446412	0.037317826	
S11000.soleus.KL                	0.76235452	0.81919761	0.071540511	
S11000.soleus.L0                	0.91427712	0.90155342	0.01561623	
S11000.soleus.KF                	-0.95885434	-0.9033681	0.066455791	
S11000.soleus.KS                	0.11302564	0.10971483	0.058543369	
S00011.vasti.KF                 	0.81428174	0.82369795	0.0087400383	
S00011.vasti.C0                 	0.083993541	0.083251161	0.0019774861	
S00011.vasti-knee_angle.pos_max 	-0.30772264	-0.30568527	0.0030206921	
S00011.hamstrings-pelvis_tilt.KP	0.69644866	0.71538748	0.034838644	
S00011.hamstrings-pelvis_tilt.KV	0.56505789	0.56612879	0.0017571238	
S00011.hamstrings-pelvis_tilt.C0	0.02778807	0.026486574	0.0038749147	
S00011.glut_max-pelvis_tilt.KP  	1.5185957	1.4903119	0.028550565	
S00011.glut_max-pelvis_tilt.KV  	0.31364097	0.31351483	0.001784263	
S00011.glut_max-pelvis_tilt.C0  	0.16135595	0.15999209	0.0030068639	
S00011.iliopsoas-pelvis_tilt.KP 	-3.5143543	-3.5172111	0.04810143	
S00011.iliopsoas-pelvis_tilt.KV 	-0.54306791	-0.54274433	0.0021888505	
S00011.iliopsoas-pelvis_tilt.C0 	0.33793682	0.33554132	0.0047392935	
S00100.iliopsoas.C0             	0.33449261	0.3376145	0.0025893605	
S00100.glut_max.C0              	-0.025498693	-0.025097791	0.002006432	
S11000.iliopsoas.KL             	0.55866409	0.56048959	0.0022168285	
S11000.iliopsoas.L0             	0.38773995	0.3914412	0.0024614807	
S11000.iliopsoas-pelvis_tilt.P0 	-0.043043394	-0.044768058	0.0019860469	
S11000.iliopsoas-pelvis_tilt.KP 	0.01196527	0.01150992	0.012692389	
S11000.iliopsoas-pelvis_tilt.KV 	0.14868846	0.14447423	0.0022795915	
S11000.iliopsoas-hamstrings.KL  	-8.2307738	-8.2814287	0.080674896	
S11000.iliopsoas-hamstrings.L0  	1.1661416	1.1665237	0.001842578	
S11000.hamstrings.KF            	0.57586902	0.57469363	0.0017695743	
S11000.glut_max.KF              	0.62145363	0.62162326	0.0020156466	
