pelvis_tilt.offset              	0.021120802	0.022318088	0.001219902	
hip_flexion_r.offset            	0.071170894	0.070528335	0.0011521106	
knee_angle_r.offset             	-0.0019220939	-0.0014683903	0.001267944	
ankle_angle_r.offset            	-0.058155983	-0.057981044	0.0016467801	
hip_flexion_l.offset            	-0.0039421693	-0.0063312424	0.0023380956	
knee_angle_l.offset             	0.052484432	0.053916372	0.0018065699	
ankle_angle_l.offset            	0.19024934	0.18782037	0.0017249262	
stance_load_threshold           	0.15597932	0.15237344	0.0019021874	
S00111.tib_ant.KL               	1.2052374	1.2126228	0.031368189	
S00111.tib_ant.L0               	0.76141783	0.75855453	0.0034010657	
S00111.tib_ant.KS               	0.000173	0.00016242088	0.0013516572	
S11000.tib_ant.KL               	1.184577	1.1879383	0.017821907	
S11000.tib_ant.L0               	0.73701415	0.73848054	0.0026029955	
S11000.tib_ant.KS               	0.035639343	0.035769782	0.0016607171	
S11111.tib_ant-soleus.KF        	-0.11544759	-0.11354276	0.0028348977	
S00111.soleus-tib_ant.KS        	-0.80988788	-0.84174484	0.036079497	
S11000.soleus-tib_ant.KS        	-3.3257322	-3.2969329	0.041726921	
S00111.gastroc-tib_ant.KS       	-0.32171493	-0.33881419	0.03131887	
S11000.gastroc-tib_ant.KS       	-1.7187539	-1.6716418	0.035012684	
S00111.tib_ant-gastroc.KS       	-0.00395169	-0.0037689913	0.26746808	
S11000.tib_ant-gastroc.KS       	-0.00331551	-0.0034743065	0.2614238	
S00111.tib_ant-soleus.KS        	-0.00346517	-0.00342517	0.27456981	
S11000.tib_ant-soleus.KS        	-0.0034666	-0.0032808391	0.26290613	
S00111.gastroc.L0               	0.83653136	0.83962816	0.013790244	
S00111.gastroc.KF               	1.4104969	1.411856	0.0017551469	
S00111.gastroc.KS               	0.16288001	0.17297108	0.015478764	
S00111.soleus.L0                	0.94072053	0.95765472	0.0079222615	
S00111.soleus.KF                	0.23162406	0.23107882	0.0025544347	
S00111.soleus.KS                	0.16520068	0.15511765	0.022593549	
S11000.gastroc.KL               	0.00837043	0.0088810531	0.026677163	
S11000.gastroc.L0               	0.50649312	0.52162746	0.014516489	
S11000.gastroc.KF               	-1.7434664	-1.8216634	0.034159883	
S11000.gastroc.KS               	0.26701001	0.26188034	0.031619379	
S11000.soleus.KL                	0.84260236	0.79600918	0.060704225	
S11000.soleus.L0                	0.91274777	0.89326647	0.013395849	
S11000.soleus.KF                	-0.8835845	-0.91107863	0.056489853	
S11000.soleus.KS                	0.11302564	0.10976194	0.049539887	
S00011.vasti.KF                 	0.80692867	0.81620877	0.0074596377	
S00011.vasti.C0                 	0.08258622	0.083979424	0.0016798851	
S00011.vasti-knee_angle.pos_max 	-0.30042727	-0.3033762	0.0025842877	
S00011.hamstrings-pelvis_tilt.KP	0.72872068	0.70678989	0.029656052	
S00011.hamstrings-pelvis_tilt.KV	0.56571939	0.56505162	0.0015063753	
S00011.hamstrings-pelvis_tilt.C0	0.026996315	0.026103114	0.0032831341	
S00011.glut_max-pelvis_tilt.KP  	1.4918644	1.4800094	0.024514471	
S00011.glut_max-pelvis_tilt.KV  	0.31324009	0.31387317	0.001528904	
S00011.glut_max-pelvis_tilt.C0  	0.15728562	0.16208697	0.0025689756	
S00011.iliopsoas-pelvis_tilt.KP 	-3.5117661	-3.4967726	0.041033281	
S00011.iliopsoas-pelvis_tilt.KV 	-0.54404381	-0.54075425	0.0018714881	
S00011.iliopsoas-pelvis_tilt.C0 	0.3471237	0.34126237	0.0040612775	
S00100.iliopsoas.C0             	0.33910612	0.33654932	0.0022235593	
S00100.glut_max.C0              	-0.024225059	-0.023847885	0.0017026263	
S11000.iliopsoas.KL             	0.56012693	0.55991284	0.0018977222	
S11000.iliopsoas.L0             	0.38789909	0.39105099	0.0021050093	
S11000.iliopsoas-pelvis_tilt.P0 	-0.042546282	-0.04453534	0.0016919458	
S11000.iliopsoas-pelvis_tilt.KP 	0.01196527	0.011537253	0.010739062	
S11000.iliopsoas-pelvis_tilt.KV 	0.1463992	0.14496949	0.0019524782	
S11000.iliopsoas-hamstrings.KL  	-8.1501021	-8.231954	0.068897203	
S11000.iliopsoas-hamstrings.L0  	1.1651071	1.1668246	0.0015735783	
S11000.hamstrings.KF            	0.57779746	0.57626682	0.00151654	
S11000.glut_max.KF              	0.62059791	0.62174841	0.0017297504	
