pelvis_tilt.offset              	0.0238696	0.023481674	0.00062793276	
hip_flexion_r.offset            	0.069415719	0.070218093	0.00059946938	
knee_angle_r.offset             	-0.0011016938	-9.6734785e-05	0.00065731288	
ankle_angle_r.offset            	-0.057556551	-0.057345885	0.00085656354	
hip_flexion_l.offset            	-0.0059789921	-0.0049184466	0.0012146241	
knee_angle_l.offset             	0.051054807	0.050522046	0.00094953217	
ankle_angle_l.offset            	0.18588156	0.18557214	0.00090127949	
stance_load_threshold           	0.15393851	0.15442014	0.00098480447	
S00111.tib_ant.KL               	1.2510403	1.2674607	0.016300182	
S00111.tib_ant.L0               	0.75938471	0.76046318	0.0017669041	
S00111.tib_ant.KS               	0.000173	0.00016325662	0.00065765193	
S11000.tib_ant.KL               	1.2087009	1.2051873	0.0092989606	
S11000.tib_ant.L0               	0.73256406	0.73383631	0.0013529023	
S11000.tib_ant.KS               	0.03535957	0.035847566	0.00084811755	
S11111.tib_ant-soleus.KF        	-0.11057482	-0.11029984	0.0014647661	
S00111.soleus-tib_ant.KS        	-0.80888339	-0.83630014	0.018550606	
S11000.soleus-tib_ant.KS        	-3.2852608	-3.2787163	0.021592955	
S00111.gastroc-tib_ant.KS       	-0.34046278	-0.33770351	0.015583321	
S11000.gastroc-tib_ant.KS       	-1.6724522	-1.6799385	0.018174119	
S00111.tib_ant-gastroc.KS       	-0.00357534	-0.0037577819	0.1301365	
S11000.tib_ant-gastroc.KS       	-0.00331551	-0.0035674227	0.12719565	
S00111.tib_ant-soleus.KS        	-0.00346517	-0.0033039529	0.13359184	
S11000.tib_ant-soleus.KS        	-0.00313645	-0.0033141283	0.12791688	
S00111.gastroc.L0               	0.83030891	0.81799747	0.0071994862	
S00111.gastroc.KF               	1.4128403	1.4130521	0.00090760869	
S00111.gastroc.KS               	0.17439296	0.17123549	0.0076980911	
S00111.soleus.L0                	0.94748653	0.95006977	0.0041478127	
S00111.soleus.KF                	0.23407016	0.23346824	0.0013135751	
S00111.soleus.KS                	0.16520068	0.1586263	0.011129281	
S11000.gastroc.KL               	0.00925153	0.0088541289	0.012980261	
S11000.gastroc.L0               	0.508976	0.51312392	0.0075051439	
S11000.gastroc.KF               	-1.7774389	-1.7844747	0.017819054	
S11000.gastroc.KS               	0.2664549	0.27071381	0.015639129	
S11000.soleus.KL                	0.79549138	0.80349823	0.030426854	
S11000.soleus.L0                	0.87681593	0.88054743	0.0069634029	
S11000.soleus.KF                	-0.91418237	-0.90734077	0.028537975	
S11000.soleus.KS                	0.11302564	0.10918189	0.024140128	
S00011.vasti.KF                 	0.81218324	0.81829654	0.00381129	
S00011.vasti.C0                 	0.083575039	0.083449946	0.00084735811	
S00011.vasti-knee_angle.pos_max 	-0.30671609	-0.30697594	0.0013464276	
S00011.hamstrings-pelvis_tilt.KP	0.69717586	0.69883155	0.015194282	
S00011.hamstrings-pelvis_tilt.KV	0.5688458	0.56790756	0.00078438505	
S00011.hamstrings-pelvis_tilt.C0	0.02778807	0.026768887	0.0016219625	
S00011.glut_max-pelvis_tilt.KP  	1.4731858	1.4751676	0.012662939	
S00011.glut_max-pelvis_tilt.KV  	0.31512321	0.31478685	0.00079277392	
S00011.glut_max-pelvis_tilt.C0  	0.16068067	0.15825097	0.0013329152	
S00011.iliopsoas-pelvis_tilt.KP 	-3.5854588	-3.5710366	0.021528016	
S00011.iliopsoas-pelvis_tilt.KV 	-0.54823117	-0.54731662	0.00098371964	
S00011.iliopsoas-pelvis_tilt.C0 	0.34492093	0.34208376	0.002113196	
S00100.iliopsoas.C0             	0.33968316	0.34007678	0.0011501983	
S00100.glut_max.C0              	-0.025374008	-0.024886064	0.00085557429	
S11000.iliopsoas.KL             	0.55912503	0.55928315	0.00098669478	
S11000.iliopsoas.L0             	0.38698073	0.38761745	0.0011044018	
S11000.iliopsoas-pelvis_tilt.P0 	-0.045733503	-0.045273232	0.00086644136	
S11000.iliopsoas-pelvis_tilt.KP 	0.01082572	0.011309907	0.0052270564	
S11000.iliopsoas-pelvis_tilt.KV 	0.14930282	0.14967468	0.0010264566	
S11000.iliopsoas-hamstrings.KL  	-8.3138688	-8.2324334	0.035850971	
S11000.iliopsoas-hamstrings.L0  	1.1667518	1.1669572	0.00081196049	
S11000.hamstrings.KF            	0.57679689	0.57673857	0.00078794156	
S11000.glut_max.KF              	0.62097417	0.62187272	0.00089851647	
