pelvis_tilt.offset              	0.022435396	0.023259529	0.00059449817	
hip_flexion_r.offset            	0.070828522	0.070567262	0.00056864356	
knee_angle_r.offset             	-0.00056104029	-0.00053061815	0.0006216063	
ankle_angle_r.offset            	-0.05738578	-0.056840145	0.00080947987	
hip_flexion_l.offset            	-0.0043341316	-0.0052762759	0.001147717	
knee_angle_l.offset             	0.05170906	0.050355161	0.00089721995	
ankle_angle_l.offset            	0.1861239	0.18541984	0.00085267392	
stance_load_threshold           	0.15423845	0.15426936	0.00092918728	
S00111.tib_ant.KL               	1.2555086	1.2666147	0.015445903	
S00111.tib_ant.L0               	0.76159691	0.76003035	0.0016689923	
S00111.tib_ant.KS               	0.000173	0.00016475971	0.00061791186	
S11000.tib_ant.KL               	1.1926038	1.2069641	0.0087959884	
S11000.tib_ant.L0               	0.73188991	0.73316306	0.0012815837	
S11000.tib_ant.KS               	0.036085111	0.035249984	0.00080266478	
S11111.tib_ant-soleus.KF        	-0.11207863	-0.11074718	0.0013842761	
S00111.soleus-tib_ant.KS        	-0.80888339	-0.82348687	0.017540852	
S11000.soleus-tib_ant.KS        	-3.2667551	-3.2644432	0.02042342	
S00111.gastroc-tib_ant.KS       	-0.32596428	-0.32889602	0.014692128	
S11000.gastroc-tib_ant.KS       	-1.7102499	-1.6864099	0.017204135	
S00111.tib_ant-gastroc.KS       	-0.00357534	-0.003749782	0.12227255	
S11000.tib_ant-gastroc.KS       	-0.00366451	-0.0035305226	0.11950942	
S00111.tib_ant-soleus.KS        	-0.00313515	-0.003282615	0.12551909	
S11000.tib_ant-soleus.KS        	-0.00313645	-0.0032879296	0.12018706	
S00111.gastroc.L0               	0.81125809	0.82420121	0.0068247465	
S00111.gastroc.KF               	1.4143641	1.4129507	0.00085851069	
S00111.gastroc.KS               	0.16787884	0.17019084	0.007257872	
S00111.soleus.L0                	0.94379399	0.94624902	0.0039454138	
S00111.soleus.KF                	0.2337146	0.23365434	0.0012421058	
S00111.soleus.KS                	0.15777736	0.16170268	0.010476269	
S11000.gastroc.KL               	0.00925153	0.0086134753	0.012196032	
S11000.gastroc.L0               	0.51927831	0.50558499	0.007109802	
S11000.gastroc.KF               	-1.7687482	-1.7903449	0.016849614	
S11000.gastroc.KS               	0.25859803	0.25868056	0.014749777	
S11000.soleus.KL                	0.80335616	0.80264101	0.028729872	
S11000.soleus.L0                	0.88489271	0.88544521	0.0065915769	
S11000.soleus.KF                	-0.88983439	-0.89548165	0.026908447	
S11000.soleus.KS                	0.1114917	0.10707744	0.022689876	
S00011.vasti.KF                 	0.82061062	0.81786488	0.0036082583	
S00011.vasti.C0                 	0.083549839	0.083408322	0.00080060146	
S00011.vasti-knee_angle.pos_max 	-0.30568404	-0.30592086	0.0012719213	
S00011.hamstrings-pelvis_tilt.KP	0.69852947	0.70191454	0.014382511	
S00011.hamstrings-pelvis_tilt.KV	0.56761994	0.56819659	0.00074236093	
S00011.hamstrings-pelvis_tilt.C0	0.025678744	0.026565664	0.0015289902	
S00011.glut_max-pelvis_tilt.KP  	1.4668382	1.4738591	0.012009206	
S00011.glut_max-pelvis_tilt.KV  	0.31415588	0.3147111	0.00074974073	
S00011.glut_max-pelvis_tilt.C0  	0.15626277	0.15766977	0.001263454	
S00011.iliopsoas-pelvis_tilt.KP 	-3.5789229	-3.5567767	0.020348061	
S00011.iliopsoas-pelvis_tilt.KV 	-0.547785	-0.54755968	0.00093297648	
S00011.iliopsoas-pelvis_tilt.C0 	0.34074664	0.34331417	0.0020023699	
S00100.iliopsoas.C0             	0.34091184	0.34062544	0.0010895325	
S00100.glut_max.C0              	-0.024998324	-0.024917028	0.0008090185	
S11000.iliopsoas.KL             	0.56008789	0.55926698	0.00093266909	
S11000.iliopsoas.L0             	0.38828339	0.38783994	0.001046769	
S11000.iliopsoas-pelvis_tilt.P0 	-0.044975632	-0.045464624	0.00081943941	
S11000.iliopsoas-pelvis_tilt.KP 	0.01082572	0.01130387	0.0049116034	
S11000.iliopsoas-pelvis_tilt.KV 	0.14884215	0.14880006	0.00097277023	
S11000.iliopsoas-hamstrings.KL  	-8.2363079	-8.2348819	0.033922276	
S11000.iliopsoas-hamstrings.L0  	1.1686791	1.1671731	0.0007693807	
S11000.hamstrings.KF            	0.57707414	0.57660496	0.000745077	
S11000.glut_max.KF              	0.62060252	0.62148463	0.0008509522	
