pelvis_tilt.offset              	0.022965158	0.022887175	0.00010300923	
hip_flexion_r.offset            	0.071547131	0.071550817	9.7748244e-05	
knee_angle_r.offset             	9.9490394e-05	0.00027708915	0.00010757555	
ankle_angle_r.offset            	-0.056955233	-0.056791583	0.00013916328	
hip_flexion_l.offset            	-0.0011080137	-0.0010422371	0.00020376274	
knee_angle_l.offset             	0.049134657	0.048993744	0.00015912948	
ankle_angle_l.offset            	0.18590468	0.1858626	0.00014380802	
stance_load_threshold           	0.15464693	0.15460651	0.00015943637	
S00111.tib_ant.KL               	1.2663202	1.2681459	0.0026333545	
S00111.tib_ant.L0               	0.76159291	0.76162964	0.0002861176	
S00111.tib_ant.KS               	0.000173	0.000164491	8.0081646e-05	
S11000.tib_ant.KL               	1.215028	1.2153596	0.0015030702	
S11000.tib_ant.L0               	0.73089	0.73089717	0.00023213486	
S11000.tib_ant.KS               	0.034552487	0.034476125	0.00013524291	
S11111.tib_ant-soleus.KF        	-0.11216969	-0.11190547	0.00023241119	
S00111.soleus-tib_ant.KS        	-0.80888339	-0.8120064	0.002845584	
S11000.soleus-tib_ant.KS        	-3.2810382	-3.2856304	0.0035069604	
S00111.gastroc-tib_ant.KS       	-0.33875525	-0.33866456	0.002256446	
S11000.gastroc-tib_ant.KS       	-1.6717447	-1.6703203	0.0029908668	
S00111.tib_ant-gastroc.KS       	-0.00357534	-0.0037662182	0.015834212	
S11000.tib_ant-gastroc.KS       	-0.00366451	-0.003509439	0.015476375	
S00111.tib_ant-soleus.KS        	-0.00313515	-0.0033434982	0.016254588	
S11000.tib_ant-soleus.KS        	-0.0034666	-0.0033278206	0.015564114	
S00111.gastroc.L0               	0.82614593	0.82590137	0.0011620125	
S00111.gastroc.KF               	1.4137134	1.4137099	0.00014564554	
S00111.gastroc.KS               	0.17304126	0.17334386	0.0011280129	
S00111.soleus.L0                	0.93673958	0.93661369	0.00067245585	
S00111.soleus.KF                	0.2326448	0.23262795	0.00021622546	
S00111.soleus.KS                	0.15546067	0.15536528	0.00162321	
S11000.gastroc.KL               	0.00837043	0.0089303133	0.0015882762	
S11000.gastroc.L0               	0.51131028	0.50989922	0.0012117863	
S11000.gastroc.KF               	-1.7658983	-1.7661289	0.0029080737	
S11000.gastroc.KS               	0.26483217	0.2619288	0.0023969161	
S11000.soleus.KL                	0.76791991	0.77134083	0.004806152	
S11000.soleus.L0                	0.87483964	0.87386879	0.0011214798	
S11000.soleus.KF                	-0.91529611	-0.91176732	0.0044810346	
S11000.soleus.KS                	0.10485971	0.10955587	0.0032308439	
S00011.vasti.KF                 	0.83165343	0.83058486	0.00062070184	
S00011.vasti.C0                 	0.082259111	0.082253888	0.00013452698	
S00011.vasti-knee_angle.pos_max 	-0.30956153	-0.30945581	0.00022369945	
S00011.hamstrings-pelvis_tilt.KP	0.67850802	0.67571618	0.0025346553	
S00011.hamstrings-pelvis_tilt.KV	0.56830312	0.56847036	0.0001254684	
S00011.hamstrings-pelvis_tilt.C0	0.027340309	0.027558633	0.00024769991	
S00011.glut_max-pelvis_tilt.KP  	1.470754	1.4702138	0.0020448357	
S00011.glut_max-pelvis_tilt.KV  	0.31459815	0.31463929	0.00012654721	
S00011.glut_max-pelvis_tilt.C0  	0.15614138	0.15629412	0.00021468744	
S00011.iliopsoas-pelvis_tilt.KP 	-3.6325198	-3.6345544	0.0035862975	
S00011.iliopsoas-pelvis_tilt.KV 	-0.54836446	-0.54831171	0.00016377519	
S00011.iliopsoas-pelvis_tilt.C0 	0.34263029	0.34283486	0.00034171534	
S00100.iliopsoas.C0             	0.33925596	0.33930071	0.00018780747	
S00100.glut_max.C0              	-0.023865665	-0.023585823	0.00013730858	
S11000.iliopsoas.KL             	0.55785422	0.55797454	0.00016021828	
S11000.iliopsoas.L0             	0.38715811	0.38751466	0.0001767454	
S11000.iliopsoas-pelvis_tilt.P0 	-0.045241107	-0.045079606	0.00013864927	
S11000.iliopsoas-pelvis_tilt.KP 	0.011174231	0.011346203	0.00066269031	
S11000.iliopsoas-pelvis_tilt.KV 	0.14880349	0.14882282	0.00016693897	
S11000.iliopsoas-hamstrings.KL  	-8.2144464	-8.2111533	0.0057650366	
S11000.iliopsoas-hamstrings.L0  	1.1680847	1.1681107	0.00013196122	
S11000.hamstrings.KF            	0.57517464	0.57512499	0.00012971183	
S11000.glut_max.KF              	0.62247336	0.62251893	0.00014537427	
