pelvis_tilt.offset              	0.022988178	0.022986861	6.3418403e-05	
hip_flexion_r.offset            	0.071323167	0.071359882	5.9368895e-05	
knee_angle_r.offset             	0.0002658347	0.00022426164	6.5501539e-05	
ankle_angle_r.offset            	-0.056840887	-0.05698428	8.4884676e-05	
hip_flexion_l.offset            	-0.0015258324	-0.0015358652	0.0001254713	
knee_angle_l.offset             	0.048465832	0.048347959	0.00010083871	
ankle_angle_l.offset            	0.18579327	0.18564256	8.9009604e-05	
stance_load_threshold           	0.15464391	0.15469771	9.6277493e-05	
S00111.tib_ant.KL               	1.2714298	1.2723399	0.0015988022	
S00111.tib_ant.L0               	0.76110315	0.76123254	0.00017278297	
S00111.tib_ant.KS               	0.000173	0.00016821349	4.5496392e-05	
S11000.tib_ant.KL               	1.2131612	1.2133599	0.00092246157	
S11000.tib_ant.L0               	0.73063284	0.73071483	0.00013942282	
S11000.tib_ant.KS               	0.034232278	0.034257203	8.3492525e-05	
S11111.tib_ant-soleus.KF        	-0.11213312	-0.11215084	0.00014301326	
S00111.soleus-tib_ant.KS        	-0.81175279	-0.81111956	0.001709991	
S11000.soleus-tib_ant.KS        	-3.2925021	-3.2909669	0.0021268409	
S00111.gastroc-tib_ant.KS       	-0.3403612	-0.33970967	0.0013560634	
S11000.gastroc-tib_ant.KS       	-1.6739144	-1.6730832	0.0018179773	
S00111.tib_ant-gastroc.KS       	-0.00357534	-0.0037780944	0.008983619	
S11000.tib_ant-gastroc.KS       	-0.00366451	-0.0035509864	0.0087805737	
S00111.tib_ant-soleus.KS        	-0.00313515	-0.0032888351	0.0092220668	
S11000.tib_ant-soleus.KS        	-0.00313645	-0.0032734486	0.0088303382	
S00111.gastroc.L0               	0.82681915	0.82639852	0.00070134024	
S00111.gastroc.KF               	1.4138117	1.4139794	8.9123958e-05	
S00111.gastroc.KS               	0.17236676	0.17325864	0.00068011361	
S00111.soleus.L0                	0.93753539	0.93725429	0.00040765868	
S00111.soleus.KF                	0.23261507	0.23266765	0.00013126807	
S00111.soleus.KS                	0.15843068	0.15715419	0.00097342719	
S11000.gastroc.KL               	0.00837043	0.0091552776	0.00090851066	
S11000.gastroc.L0               	0.51049672	0.51058116	0.00073101753	
S11000.gastroc.KF               	-1.7646072	-1.7665256	0.0017677676	
S11000.gastroc.KS               	0.26004597	0.26011569	0.0014558451	
S11000.soleus.KL                	0.78036852	0.77830565	0.0029130402	
S11000.soleus.L0                	0.87388876	0.87383169	0.00068352353	
S11000.soleus.KF                	-0.90680275	-0.91333722	0.002710274	
S11000.soleus.KS                	0.10717777	0.1065214	0.0019503364	
S00011.vasti.KF                 	0.83022974	0.83064059	0.00037684106	
S00011.vasti.C0                 	0.082360109	0.082226671	8.0802596e-05	
S00011.vasti-knee_angle.pos_max 	-0.30902491	-0.30915319	0.00013632186	
S00011.hamstrings-pelvis_tilt.KP	0.67911778	0.67783822	0.0015330051	
S00011.hamstrings-pelvis_tilt.KV	0.56849287	0.56844938	7.6079734e-05	
S00011.hamstrings-pelvis_tilt.C0	0.02778807	0.027699421	0.00014988119	
S00011.glut_max-pelvis_tilt.KP  	1.4691602	1.4702453	0.001237926	
S00011.glut_max-pelvis_tilt.KV  	0.31445652	0.31452399	7.704723e-05	
S00011.glut_max-pelvis_tilt.C0  	0.15645169	0.15653751	0.00013033992	
S00011.iliopsoas-pelvis_tilt.KP 	-3.6341442	-3.6354489	0.0022189255	
S00011.iliopsoas-pelvis_tilt.KV 	-0.54845067	-0.54841143	9.9438135e-05	
S00011.iliopsoas-pelvis_tilt.C0 	0.34303191	0.34302691	0.00020768614	
S00100.iliopsoas.C0             	0.33918424	0.33930883	0.00011401213	
S00100.glut_max.C0              	-0.0238296	-0.023885023	8.4197642e-05	
S11000.iliopsoas.KL             	0.55800865	0.5580783	9.6727097e-05	
S11000.iliopsoas.L0             	0.38756866	0.38744416	0.00010713263	
S11000.iliopsoas-pelvis_tilt.P0 	-0.04497507	-0.045068644	8.4546265e-05	
S11000.iliopsoas-pelvis_tilt.KP 	0.011634928	0.011626038	0.00039212753	
S11000.iliopsoas-pelvis_tilt.KV 	0.1490365	0.14908995	0.00010101052	
S11000.iliopsoas-hamstrings.KL  	-8.2027905	-8.2014772	0.0035312759	
S11000.iliopsoas-hamstrings.L0  	1.1679855	1.1679656	8.0237321e-05	
S11000.hamstrings.KF            	0.57488551	0.57499817	7.9535818e-05	
S11000.glut_max.KF              	0.62251444	0.62258949	8.8214717e-05	
