pelvis_tilt.offset              	0.023126062	0.023056607	4.2154672e-05	
hip_flexion_r.offset            	0.071317944	0.071289573	3.8806206e-05	
knee_angle_r.offset             	0.00022298151	0.00026502582	4.2723936e-05	
ankle_angle_r.offset            	-0.057007308	-0.057015153	5.469346e-05	
hip_flexion_l.offset            	-0.0014329875	-0.0015039148	8.1219687e-05	
knee_angle_l.offset             	0.048387221	0.04832817	6.5871339e-05	
ankle_angle_l.offset            	0.18566413	0.18564413	5.7591499e-05	
stance_load_threshold           	0.15469824	0.15477211	6.2040105e-05	
S00111.tib_ant.KL               	1.2743591	1.2719204	0.0010287779	
S00111.tib_ant.L0               	0.76087762	0.76084841	0.00011346367	
S00111.tib_ant.KS               	0.000173	0.00016731118	2.6966506e-05	
S11000.tib_ant.KL               	1.2151558	1.2149371	0.00059604499	
S11000.tib_ant.L0               	0.73080622	0.73078699	8.9970064e-05	
S11000.tib_ant.KS               	0.034212459	0.034146336	5.446773e-05	
S11111.tib_ant-soleus.KF        	-0.11267261	-0.11252174	9.5122377e-05	
S00111.soleus-tib_ant.KS        	-0.81435857	-0.81362205	0.0011080031	
S11000.soleus-tib_ant.KS        	-3.2935382	-3.2925377	0.0013799492	
S00111.gastroc-tib_ant.KS       	-0.34042345	-0.34031174	0.00086878943	
S11000.gastroc-tib_ant.KS       	-1.6732049	-1.6726871	0.0011824529	
S00111.tib_ant-gastroc.KS       	-0.00395169	-0.0037361981	0.0052940228	
S11000.tib_ant-gastroc.KS       	-0.00331551	-0.0034932119	0.0051743038	
S00111.tib_ant-soleus.KS        	-0.00346517	-0.003252046	0.0054343908	
S11000.tib_ant-soleus.KS        	-0.0034666	-0.003304077	0.0052035961	
S00111.gastroc.L0               	0.82812159	0.82723725	0.00045793036	
S00111.gastroc.KF               	1.4140571	1.4140016	5.7468912e-05	
S00111.gastroc.KS               	0.17261909	0.17250533	0.00043949494	
S00111.soleus.L0                	0.93658066	0.9366361	0.0002633696	
S00111.soleus.KF                	0.23270421	0.23273984	8.4222694e-05	
S00111.soleus.KS                	0.15741831	0.15759002	0.00062700004	
S11000.gastroc.KL               	0.00837043	0.008818741	0.00055086595	
S11000.gastroc.L0               	0.5114785	0.51106867	0.00047714362	
S11000.gastroc.KF               	-1.7639347	-1.764967	0.0011404733	
S11000.gastroc.KS               	0.25606381	0.25618944	0.00096707391	
S11000.soleus.KL                	0.77678256	0.77931455	0.0018872189	
S11000.soleus.L0                	0.87236303	0.87306105	0.00044247898	
S11000.soleus.KF                	-0.91789308	-0.91447768	0.0017677503	
S11000.soleus.KS                	0.10514668	0.10417927	0.0012473572	
S00011.vasti.KF                 	0.83040866	0.83024045	0.00024734586	
S00011.vasti.C0                 	0.082268911	0.082220448	5.257433e-05	
S00011.vasti-knee_angle.pos_max 	-0.30906574	-0.30913613	8.7694745e-05	
S00011.hamstrings-pelvis_tilt.KP	0.67681474	0.6780153	0.00099286288	
S00011.hamstrings-pelvis_tilt.KV	0.56838652	0.56847313	4.8718873e-05	
S00011.hamstrings-pelvis_tilt.C0	0.027520956	0.027559715	9.5583923e-05	
S00011.glut_max-pelvis_tilt.KP  	1.4670798	1.4671829	0.00080805164	
S00011.glut_max-pelvis_tilt.KV  	0.31468795	0.31468068	5.0284283e-05	
S00011.glut_max-pelvis_tilt.C0  	0.15654258	0.15653614	8.4046213e-05	
S00011.iliopsoas-pelvis_tilt.KP 	-3.6388118	-3.6389234	0.0014412027	
S00011.iliopsoas-pelvis_tilt.KV 	-0.54835477	-0.5483277	6.4990577e-05	
S00011.iliopsoas-pelvis_tilt.C0 	0.34293535	0.34297215	0.00013426976	
S00100.iliopsoas.C0             	0.33907697	0.33917277	7.381789e-05	
S00100.glut_max.C0              	-0.023896744	-0.023868198	5.5117944e-05	
S11000.iliopsoas.KL             	0.55811033	0.55800192	6.2788904e-05	
S11000.iliopsoas.L0             	0.38750083	0.38744568	6.8545795e-05	
S11000.iliopsoas-pelvis_tilt.P0 	-0.044825949	-0.04482047	5.6219859e-05	
S11000.iliopsoas-pelvis_tilt.KP 	0.010939014	0.011585344	0.0002509351	
S11000.iliopsoas-pelvis_tilt.KV 	0.14903708	0.14910583	6.4987514e-05	
S11000.iliopsoas-hamstrings.KL  	-8.2024554	-8.2027984	0.0022756025	
S11000.iliopsoas-hamstrings.L0  	1.1680806	1.1680595	5.2449336e-05	
S11000.hamstrings.KF            	0.57478711	0.57475309	5.2111454e-05	
S11000.glut_max.KF              	0.6225846	0.62255361	5.6891004e-05	
