pelvis_tilt.offset              	0.020389659	0.020661245	0.00022123669	
hip_flexion_r.offset            	0.069858639	0.069734085	0.00021487536	
knee_angle_r.offset             	0.00048235877	0.00065820874	0.00023227359	
ankle_angle_r.offset            	-0.057300048	-0.057211057	0.00030261489	
hip_flexion_l.offset            	-0.002461142	-0.003451298	0.00043606716	
knee_angle_l.offset             	0.056468037	0.056162723	0.0003314899	
ankle_angle_l.offset            	0.18860164	0.1887392	0.00031477642	
stance_load_threshold           	0.1512739	0.15117373	0.00035220144	
S00111.tib_ant.KL               	1.2773399	1.2791087	0.0057465815	
S00111.tib_ant.L0               	0.76367742	0.76319385	0.00061932772	
S00111.tib_ant.KS               	0.00016625576	0.00016521816	0.00020376478	
S11000.tib_ant.KL               	1.2346171	1.2361866	0.0032919982	
S11000.tib_ant.L0               	0.72975635	0.72921411	0.00049681828	
S11000.tib_ant.KS               	0.035534255	0.035325725	0.00029854821	
S11111.tib_ant-soleus.KF        	-0.11297486	-0.11396383	0.00051604541	
S00111.soleus-tib_ant.KS        	-0.8118944	-0.8180959	0.0063816227	
S11000.soleus-tib_ant.KS        	-3.2674916	-3.2752503	0.0077360657	
S00111.gastroc-tib_ant.KS       	-0.33033443	-0.32450203	0.0051452292	
S11000.gastroc-tib_ant.KS       	-1.7329384	-1.7270059	0.0064611145	
S00111.tib_ant-gastroc.KS       	-0.00357534	-0.0038243422	0.040317214	
S11000.tib_ant-gastroc.KS       	-0.00331551	-0.0034734578	0.039406112	
S00111.tib_ant-soleus.KS        	-0.00346517	-0.0032939484	0.041387685	
S11000.tib_ant-soleus.KS        	-0.0034666	-0.0033899268	0.039629549	
S00111.gastroc.KL               	0.08315732	0.080075939	0.0051651629	
S00111.gastroc.L0               	0.82346849	0.82602833	0.0025218672	
S00111.gastroc.KF               	1.412995	1.4130367	0.00032937915	
S00111.gastroc.KS               	0.16566118	0.16434147	0.0025914355	
S00111.soleus.KL                	3.9826106	3.9837001	0.0057496138	
S00111.soleus.L0                	0.97327356	0.97263931	0.0013830517	
S00111.soleus.KF                	0.22076841	0.22130795	0.00047891153	
S00111.soleus.KS                	0.15693866	0.15494363	0.0036757602	
S11000.gastroc.KL               	0.00837043	0.0090262944	0.0040237453	
S11000.gastroc.L0               	0.51784869	0.52241584	0.0026370211	
S11000.gastroc.KF               	-1.8252373	-1.8263143	0.0063362832	
S11000.soleus.KL                	0.8094492	0.79707453	0.010450421	
S11000.soleus.L0                	0.88723693	0.88526634	0.0024662136	
S11000.soleus.KF                	-0.89914212	-0.90987946	0.0098544567	
S00011.vasti.KF                 	0.82809311	0.82773421	0.0013727293	
S00011.vasti.C0                 	0.081924964	0.081934542	0.00029238786	
S00011.vasti-knee_angle.pos_max 	-0.30026	-0.30039647	0.00047858314	
S00011.hamstrings-pelvis_tilt.KP	0.71746478	0.71681556	0.0053333822	
S00011.hamstrings-pelvis_tilt.KV	0.5645866	0.5649523	0.00027494394	
S00011.hamstrings-pelvis_tilt.C0	0.025620033	0.025944356	0.00055042768	
S00011.glut_max-pelvis_tilt.KP  	1.505256	1.5091535	0.004446137	
S00011.glut_max-pelvis_tilt.KV  	0.31265534	0.31326684	0.00028264242	
S00011.glut_max-pelvis_tilt.C0  	0.15862838	0.15878103	0.00046721055	
S00011.iliopsoas-pelvis_tilt.KP 	-3.5545867	-3.5648196	0.0077808538	
S00011.iliopsoas-pelvis_tilt.KV 	-0.54138206	-0.54182277	0.00034528192	
S00011.iliopsoas-pelvis_tilt.C0 	0.34326432	0.34309585	0.00075831763	
S00100.iliopsoas.C0             	0.33564393	0.33555484	0.00040870486	
S00100.glut_max.C0              	-0.024637845	-0.024157839	0.00030030541	
S11000.iliopsoas.KL             	0.56206534	0.5623238	0.00035435901	
S11000.iliopsoas.L0             	0.39287286	0.39308365	0.00038743668	
S11000.iliopsoas-pelvis_tilt.P0 	-0.043846447	-0.043650787	0.00030761351	
S11000.iliopsoas-pelvis_tilt.KP 	0.01082572	0.011324334	0.0016287344	
S11000.iliopsoas-pelvis_tilt.KV 	0.1428844	0.1428284	0.00035651711	
S11000.iliopsoas-hamstrings.KL  	-8.2760804	-8.2792682	0.013128036	
S11000.iliopsoas-hamstrings.L0  	1.165809	1.165666	0.00028684768	
S11000.hamstrings.KF            	0.57638934	0.57649463	0.00027642046	
S11000.glut_max.KF              	0.62099914	0.62115144	0.00031746968	
