pelvis_tilt.offset              	0.02035379	0.020364034	0.00016940494	
hip_flexion_r.offset            	0.070656477	0.070366534	0.00016416259	
knee_angle_r.offset             	-0.0001659935	0.00021284965	0.00017502466	
ankle_angle_r.offset            	-0.056649267	-0.057069346	0.00022922473	
hip_flexion_l.offset            	-0.0033278798	-0.0033122524	0.00033380271	
knee_angle_l.offset             	0.055638715	0.055776659	0.00025465067	
ankle_angle_l.offset            	0.18801453	0.1881206	0.00023910706	
stance_load_threshold           	0.15074059	0.15101348	0.00027085325	
S00111.tib_ant.KL               	1.2790057	1.285913	0.0044076886	
S00111.tib_ant.L0               	0.76388538	0.76316075	0.00046901734	
S00111.tib_ant.KS               	0.000173	0.0001632282	0.00014361038	
S11000.tib_ant.KL               	1.2220848	1.2235568	0.0025421327	
S11000.tib_ant.L0               	0.73104658	0.73067049	0.00038349035	
S11000.tib_ant.KS               	0.03565345	0.035599451	0.00022797041	
S11111.tib_ant-soleus.KF        	-0.11320449	-0.11280034	0.00039497301	
S00111.soleus-tib_ant.KS        	-0.82099858	-0.81991793	0.0047873259	
S11000.soleus-tib_ant.KS        	-3.2666971	-3.2622662	0.0059088209	
S00111.gastroc-tib_ant.KS       	-0.33308048	-0.32564301	0.0037406612	
S11000.gastroc-tib_ant.KS       	-1.708153	-1.7134935	0.0049351765	
S00111.tib_ant-gastroc.KS       	-0.00395169	-0.0037990178	0.02840992	
S11000.tib_ant-gastroc.KS       	-0.00366451	-0.0035195507	0.027767895	
S00111.tib_ant-soleus.KS        	-0.00346517	-0.00328024	0.029164216	
S11000.tib_ant-soleus.KS        	-0.00313645	-0.0033455634	0.027925333	
S00111.gastroc.KL               	0.078371669	0.077890756	0.0037596282	
S00111.gastroc.L0               	0.82230131	0.824183	0.0019180865	
S00111.gastroc.KF               	1.4130341	1.41276	0.0002520936	
S00111.gastroc.KS               	0.16861795	0.16602368	0.0019180821	
S00111.soleus.KL                	3.9834912	3.9838956	0.0043721092	
S00111.soleus.L0                	0.97197507	0.97313686	0.0010455245	
S00111.soleus.KF                	0.22011573	0.2204913	0.00036490989	
S00111.soleus.KS                	0.15538308	0.15673737	0.0027722018	
S11000.gastroc.KL               	0.00925153	0.0087819431	0.0028390168	
S11000.gastroc.L0               	0.52145097	0.52188095	0.0019886219	
S11000.gastroc.KF               	-1.8431092	-1.8493667	0.0048859921	
S11000.soleus.KL                	0.80291527	0.79198354	0.0079306846	
S11000.soleus.L0                	0.88321444	0.88385487	0.0018930548	
S11000.soleus.KF                	-0.88775982	-0.8835288	0.0076310025	
S00011.vasti.KF                 	0.83283226	0.83029741	0.0010394723	
S00011.vasti.C0                 	0.081560687	0.081934209	0.00021886389	
S00011.vasti-knee_angle.pos_max 	-0.30076096	-0.30058811	0.00036540368	
S00011.hamstrings-pelvis_tilt.KP	0.70672322	0.70519588	0.0041010214	
S00011.hamstrings-pelvis_tilt.KV	0.56498051	0.56520607	0.00020972034	
S00011.hamstrings-pelvis_tilt.C0	0.025818519	0.026031976	0.00041694358	
S00011.glut_max-pelvis_tilt.KP  	1.5030672	1.5019446	0.0034249974	
S00011.glut_max-pelvis_tilt.KV  	0.31249732	0.31258784	0.00021918544	
S00011.glut_max-pelvis_tilt.C0  	0.15878995	0.15870857	0.00035568199	
S00011.iliopsoas-pelvis_tilt.KP 	-3.5699199	-3.5643987	0.0059809341	
S00011.iliopsoas-pelvis_tilt.KV 	-0.54218039	-0.54205407	0.00026238252	
S00011.iliopsoas-pelvis_tilt.C0 	0.34151946	0.3423408	0.00056855798	
S00100.iliopsoas.C0             	0.33511566	0.33552841	0.00031087544	
S00100.glut_max.C0              	-0.023760903	-0.023832354	0.00023079032	
S11000.iliopsoas.KL             	0.5618264	0.56207708	0.00026945014	
S11000.iliopsoas.L0             	0.39312493	0.39255843	0.00029246974	
S11000.iliopsoas-pelvis_tilt.P0 	-0.043179014	-0.043187084	0.00023565553	
S11000.iliopsoas-pelvis_tilt.KP 	0.011181354	0.011241305	0.0011597613	
S11000.iliopsoas-pelvis_tilt.KV 	0.14299278	0.143058	0.00027141352	
S11000.iliopsoas-hamstrings.KL  	-8.2621898	-8.2830565	0.0099316557	
S11000.iliopsoas-hamstrings.L0  	1.1658864	1.165627	0.00021656637	
S11000.hamstrings.KF            	0.5766915	0.5768771	0.00020965657	
S11000.glut_max.KF              	0.62139514	0.62138891	0.00024071782	
