pelvis_tilt.offset              	0.020340683	0.020414773	0.00010437341	
hip_flexion_r.offset            	0.070382725	0.07046099	0.00010192852	
knee_angle_r.offset             	0.00028173183	0.00020371628	0.00010998294	
ankle_angle_r.offset            	-0.057345362	-0.057064106	0.00014259372	
hip_flexion_l.offset            	-0.0031901496	-0.0031844658	0.00020682265	
knee_angle_l.offset             	0.056641194	0.056710577	0.0001606525	
ankle_angle_l.offset            	0.18839862	0.18823687	0.00014833178	
stance_load_threshold           	0.15081031	0.15080611	0.00016528719	
S00111.tib_ant.KL               	1.2706293	1.2662085	0.0028119561	
S00111.tib_ant.L0               	0.76266572	0.76236136	0.00028860632	
S00111.tib_ant.KS               	0.00017035657	0.00016094136	7.9597338e-05	
S11000.tib_ant.KL               	1.2202362	1.2207391	0.00160258	
S11000.tib_ant.L0               	0.73081589	0.73079702	0.00024018649	
S11000.tib_ant.KS               	0.035358796	0.035325823	0.00014079969	
S11111.tib_ant-soleus.KF        	-0.11241139	-0.11274319	0.00024701226	
S00111.soleus-tib_ant.KS        	-0.81087238	-0.81197331	0.0028557191	
S11000.soleus-tib_ant.KS        	-3.266418	-3.2710892	0.0036818729	
S00111.gastroc-tib_ant.KS       	-0.32626118	-0.32525031	0.0022135326	
S11000.gastroc-tib_ant.KS       	-1.7044856	-1.7070654	0.003042077	
S00111.tib_ant-gastroc.KS       	-0.00357534	-0.0036686947	0.015735593	
S11000.tib_ant-gastroc.KS       	-0.00331551	-0.0035262518	0.015379973	
S00111.tib_ant-soleus.KS        	-0.00346517	-0.0033941513	0.016153346	
S11000.tib_ant-soleus.KS        	-0.0034666	-0.0032730323	0.015467165	
S00111.gastroc.KL               	0.077364701	0.079678093	0.0022501298	
S00111.gastroc.L0               	0.82483302	0.82727733	0.00118763	
S00111.gastroc.KF               	1.4131867	1.4131227	0.00015592972	
S00111.gastroc.KS               	0.16526761	0.16483929	0.001147055	
S00111.soleus.KL                	3.9971509	3.998604	0.0027433041	
S00111.soleus.L0                	0.97366058	0.97351185	0.00064220637	
S00111.soleus.KF                	0.22054565	0.22066104	0.00022701356	
S00111.soleus.KS                	0.15583718	0.1560273	0.0017021058	
S11000.gastroc.KL               	0.00837043	0.008840565	0.0015796085	
S11000.gastroc.L0               	0.52315494	0.52146821	0.0012184035	
S11000.gastroc.KF               	-1.8514944	-1.8531551	0.0031372114	
S11000.soleus.KL                	0.76235452	0.76790668	0.0049584181	
S11000.soleus.L0                	0.88752707	0.88826104	0.0011741429	
S11000.soleus.KF                	-0.90100304	-0.89487547	0.0046679547	
S00011.vasti.KF                 	0.8297188	0.82921324	0.00065420154	
S00011.vasti.C0                 	0.082526614	0.08242101	0.00013454581	
S00011.vasti-knee_angle.pos_max 	-0.30113955	-0.30108933	0.00022317917	
S00011.hamstrings-pelvis_tilt.KP	0.71002097	0.71078568	0.0025459951	
S00011.hamstrings-pelvis_tilt.KV	0.56544987	0.56542541	0.00012982805	
S00011.hamstrings-pelvis_tilt.C0	0.026037492	0.026538978	0.00025991045	
S00011.glut_max-pelvis_tilt.KP  	1.4967213	1.4948502	0.0021365655	
S00011.glut_max-pelvis_tilt.KV  	0.31282333	0.31294628	0.000134948	
S00011.glut_max-pelvis_tilt.C0  	0.15938287	0.15936261	0.00022152539	
S00011.iliopsoas-pelvis_tilt.KP 	-3.5639449	-3.5632607	0.0036698638	
S00011.iliopsoas-pelvis_tilt.KV 	-0.54156105	-0.54163273	0.00016335176	
S00011.iliopsoas-pelvis_tilt.C0 	0.34031774	0.34015091	0.0003570786	
S00100.iliopsoas.C0             	0.3362033	0.33610485	0.00019441484	
S00100.glut_max.C0              	-0.023590209	-0.023728747	0.00014298314	
S11000.iliopsoas.KL             	0.56173583	0.56154661	0.00016704588	
S11000.iliopsoas.L0             	0.39296283	0.39305542	0.00018036203	
S11000.iliopsoas-pelvis_tilt.P0 	-0.043153442	-0.04296778	0.00014702085	
S11000.iliopsoas-pelvis_tilt.KP 	0.01196527	0.011517376	0.00066296079	
S11000.iliopsoas-pelvis_tilt.KV 	0.14228868	0.14238955	0.00016906532	
S11000.iliopsoas-hamstrings.KL  	-8.234188	-8.2387838	0.0063738205	
S11000.iliopsoas-hamstrings.L0  	1.1661543	1.1661161	0.00013411754	
S11000.hamstrings.KF            	0.57662126	0.57661237	0.00013063812	
S11000.glut_max.KF              	0.6213124	0.62129967	0.0001511719	
