pelvis_tilt.offset              	0.020573079	0.020555293	6.3162576e-05	
hip_flexion_r.offset            	0.070193768	0.070307363	6.1352245e-05	
knee_angle_r.offset             	0.00017266046	0.00011368837	6.6054482e-05	
ankle_angle_r.offset            	-0.056789766	-0.056898073	8.573796e-05	
hip_flexion_l.offset            	-0.0032623545	-0.003313254	0.00012386026	
knee_angle_l.offset             	0.056768641	0.056659812	9.6941513e-05	
ankle_angle_l.offset            	0.1883309	0.18830222	8.9299367e-05	
stance_load_threshold           	0.15097232	0.15092987	9.9737171e-05	
S00111.tib_ant.KL               	1.2659837	1.2631368	0.0017219708	
S00111.tib_ant.L0               	0.7625993	0.76276497	0.00017374608	
S00111.tib_ant.KS               	0.00015652	0.00016305854	4.5197222e-05	
S11000.tib_ant.KL               	1.2214838	1.2221956	0.00097055248	
S11000.tib_ant.L0               	0.73102155	0.73086482	0.00014416895	
S11000.tib_ant.KS               	0.035305269	0.035334433	8.4774316e-05	
S11111.tib_ant-soleus.KF        	-0.11268808	-0.11256242	0.0001484852	
S00111.soleus-tib_ant.KS        	-0.81293765	-0.81316112	0.0017022055	
S11000.soleus-tib_ant.KS        	-3.268717	-3.267558	0.0022231318	
S00111.gastroc-tib_ant.KS       	-0.32578316	-0.32657318	0.0013183273	
S11000.gastroc-tib_ant.KS       	-1.7057206	-1.706143	0.0018486531	
S00111.tib_ant-gastroc.KS       	-0.00395169	-0.0037273311	0.0089249025	
S11000.tib_ant-gastroc.KS       	-0.00366451	-0.0034294531	0.0087231971	
S00111.tib_ant-soleus.KS        	-0.00313515	-0.0033698715	0.009161809	
S11000.tib_ant-soleus.KS        	-0.00313645	-0.0033289805	0.0087726357	
S00111.gastroc.KL               	0.081139077	0.080368202	0.0013447466	
S00111.gastroc.L0               	0.82589788	0.82618397	0.00071455668	
S00111.gastroc.KF               	1.4132053	1.4131708	9.4037649e-05	
S00111.gastroc.KS               	0.16446908	0.16522955	0.00068238912	
S00111.soleus.KL                	4.0021974	4.002891	0.0016657701	
S00111.soleus.L0                	0.97289	0.97269576	0.00038659509	
S00111.soleus.KF                	0.22031575	0.2204775	0.00013636575	
S00111.soleus.KS                	0.1576626	0.15621306	0.001023346	
S11000.gastroc.KL               	0.0083736763	0.0087145171	0.00090194458	
S11000.gastroc.L0               	0.52198582	0.52180787	0.0007334646	
S11000.gastroc.KF               	-1.8503971	-1.8515564	0.001879933	
S11000.soleus.KL                	0.77182258	0.76997389	0.0029622693	
S11000.soleus.L0                	0.8875618	0.88768265	0.00070512219	
S11000.soleus.KF                	-0.896708	-0.89782912	0.0028201458	
S00011.vasti.KF                 	0.8284266	0.82854454	0.0003939103	
S00011.vasti.C0                 	0.082548852	0.082296581	8.0698325e-05	
S00011.vasti-knee_angle.pos_max 	-0.30101513	-0.30096223	0.00013372172	
S00011.hamstrings-pelvis_tilt.KP	0.70739807	0.70667814	0.0015285507	
S00011.hamstrings-pelvis_tilt.KV	0.56535939	0.56538961	7.8809719e-05	
S00011.hamstrings-pelvis_tilt.C0	0.026617822	0.026649677	0.00015668128	
S00011.glut_max-pelvis_tilt.KP  	1.494694	1.4937845	0.0012862502	
S00011.glut_max-pelvis_tilt.KV  	0.31298953	0.31296514	8.1056479e-05	
S00011.glut_max-pelvis_tilt.C0  	0.15927929	0.15927423	0.00013218742	
S00011.iliopsoas-pelvis_tilt.KP 	-3.5779071	-3.5769273	0.0022560246	
S00011.iliopsoas-pelvis_tilt.KV 	-0.54170895	-0.54169131	9.7831606e-05	
S00011.iliopsoas-pelvis_tilt.C0 	0.33995635	0.33994922	0.00021732872	
S00100.iliopsoas.C0             	0.33619889	0.3362422	0.00011810161	
S00100.glut_max.C0              	-0.023773261	-0.02369488	8.6395592e-05	
S11000.iliopsoas.KL             	0.56145541	0.56143066	0.00010079208	
S11000.iliopsoas.L0             	0.39316135	0.3929821	0.00010780309	
S11000.iliopsoas-pelvis_tilt.P0 	-0.042909346	-0.043088786	8.7828427e-05	
S11000.iliopsoas-pelvis_tilt.KP 	0.01112962	0.011356459	0.00038807267	
S11000.iliopsoas-pelvis_tilt.KV 	0.14227318	0.14220887	0.00010314279	
S11000.iliopsoas-hamstrings.KL  	-8.2302378	-8.2294664	0.0039080213	
S11000.iliopsoas-hamstrings.L0  	1.1660155	1.1660264	7.9966154e-05	
S11000.hamstrings.KF            	0.57670754	0.57667443	7.9283396e-05	
S11000.glut_max.KF              	0.62121086	0.62132709	9.1422442e-05	
