pelvis_tilt.offset              	0.020605032	0.020607817	5.2807321e-05	
hip_flexion_r.offset            	0.07028066	0.070293954	5.0816132e-05	
knee_angle_r.offset             	0.00017814164	0.00017063024	5.4881303e-05	
ankle_angle_r.offset            	-0.057037995	-0.057018926	7.1448611e-05	
hip_flexion_l.offset            	-0.0033370908	-0.0032478832	0.00010263625	
knee_angle_l.offset             	0.056726889	0.056667206	8.0345177e-05	
ankle_angle_l.offset            	0.18824735	0.18835427	7.4167116e-05	
stance_load_threshold           	0.15089684	0.15091296	8.3446711e-05	
S00111.tib_ant.KL               	1.2613507	1.2625949	0.0014301825	
S00111.tib_ant.L0               	0.76275052	0.76259255	0.00014479352	
S00111.tib_ant.KS               	0.00015652	0.00016336687	3.6241331e-05	
S11000.tib_ant.KL               	1.222001	1.221539	0.00080080943	
S11000.tib_ant.L0               	0.73076504	0.73082992	0.00011963621	
S11000.tib_ant.KS               	0.035369341	0.035438389	7.05581e-05	
S11111.tib_ant-soleus.KF        	-0.11241282	-0.112344	0.00012352089	
S00111.soleus-tib_ant.KS        	-0.81072899	-0.81071105	0.0014112819	
S11000.soleus-tib_ant.KS        	-3.2681506	-3.2677819	0.0018483925	
S00111.gastroc-tib_ant.KS       	-0.32686974	-0.32594968	0.0010861503	
S11000.gastroc-tib_ant.KS       	-1.7022351	-1.7043598	0.0015523845	
S00111.tib_ant-gastroc.KS       	-0.00357534	-0.0037458089	0.0071460669	
S11000.tib_ant-gastroc.KS       	-0.00331551	-0.0034506958	0.0069845599	
S00111.tib_ant-soleus.KS        	-0.00346517	-0.003310525	0.0073357106	
S11000.tib_ant-soleus.KS        	-0.00313645	-0.0032526018	0.0070241205	
S00111.gastroc.KL               	0.079735841	0.077964666	0.001122494	
S00111.gastroc.L0               	0.82633237	0.82646366	0.00059175325	
S00111.gastroc.KF               	1.4134901	1.413371	7.8815489e-05	
S00111.gastroc.KS               	0.16459666	0.16527255	0.00056263377	
S00111.soleus.KL                	4.0020081	4.0022928	0.0013827432	
S00111.soleus.L0                	0.97207661	0.97219277	0.00032410827	
S00111.soleus.KF                	0.22057929	0.22063629	0.00011428405	
S00111.soleus.KS                	0.15491135	0.15492583	0.00084782869	
S11000.gastroc.KL               	0.00837043	0.0086511011	0.00072803191	
S11000.gastroc.L0               	0.52295845	0.52200067	0.00061096098	
S11000.gastroc.KF               	-1.8495981	-1.8507978	0.0015555598	
S11000.soleus.KL                	0.76999635	0.77021828	0.0024615986	
S11000.soleus.L0                	0.88644648	0.88604984	0.00059505424	
S11000.soleus.KF                	-0.89804511	-0.90337018	0.0023625745	
S00011.vasti.KF                 	0.82919597	0.82887051	0.00032765309	
S00011.vasti.C0                 	0.082264502	0.082296719	6.7013462e-05	
S00011.vasti-knee_angle.pos_max 	-0.30078518	-0.30088774	0.00011154382	
S00011.hamstrings-pelvis_tilt.KP	0.70392789	0.70471433	0.0012889994	
S00011.hamstrings-pelvis_tilt.KV	0.56535706	0.56533616	6.5333089e-05	
S00011.hamstrings-pelvis_tilt.C0	0.026985799	0.026928364	0.00013148141	
S00011.glut_max-pelvis_tilt.KP  	1.4953307	1.4955715	0.0010641059	
S00011.glut_max-pelvis_tilt.KV  	0.31307885	0.31309821	6.7464369e-05	
S00011.glut_max-pelvis_tilt.C0  	0.15930321	0.15932393	0.00010953529	
S00011.iliopsoas-pelvis_tilt.KP 	-3.5795008	-3.5786134	0.0018946452	
S00011.iliopsoas-pelvis_tilt.KV 	-0.54174053	-0.54161386	8.1215191e-05	
S00011.iliopsoas-pelvis_tilt.C0 	0.33990542	0.34001166	0.00018099881	
S00100.iliopsoas.C0             	0.33603989	0.33602518	9.7419935e-05	
S00100.glut_max.C0              	-0.02357396	-0.023629723	7.2113087e-05	
S11000.iliopsoas.KL             	0.56147895	0.56149556	8.3497358e-05	
S11000.iliopsoas.L0             	0.39299246	0.3929776	8.9721191e-05	
S11000.iliopsoas-pelvis_tilt.P0 	-0.043056694	-0.043009893	7.2917244e-05	
S11000.iliopsoas-pelvis_tilt.KP 	0.011664775	0.011497844	0.00031947888	
S11000.iliopsoas-pelvis_tilt.KV 	0.14204128	0.14203584	8.5649662e-05	
S11000.iliopsoas-hamstrings.KL  	-8.2348837	-8.2305691	0.0032450469	
S11000.iliopsoas-hamstrings.L0  	1.1659879	1.1659807	6.6692048e-05	
S11000.hamstrings.KF            	0.57670633	0.57675539	6.5687912e-05	
S11000.glut_max.KF              	0.62136633	0.62140097	7.6509791e-05	
