pelvis_tilt.offset              	0.020502181	0.020498677	9.7871042e-06	
hip_flexion_r.offset            	0.070287794	0.070296678	9.4004712e-06	
knee_angle_r.offset             	0.00011897832	0.00011843781	1.0289686e-05	
ankle_angle_r.offset            	-0.056910752	-0.056910151	1.3191451e-05	
hip_flexion_l.offset            	-0.0032397387	-0.0032605673	1.9842198e-05	
knee_angle_l.offset             	0.056708451	0.056688773	1.4600312e-05	
ankle_angle_l.offset            	0.18853101	0.18850813	1.450664e-05	
stance_load_threshold           	0.15070265	0.15069338	1.5455858e-05	
S00111.tib_ant.KL               	1.2640813	1.2641147	0.00026346977	
S00111.tib_ant.L0               	0.76260659	0.76261277	2.6549478e-05	
S00111.tib_ant.KS               	0.00017018407	0.00016751785	4.7348855e-06	
S11000.tib_ant.KL               	1.2213072	1.221294	0.00014312588	
S11000.tib_ant.L0               	0.73102574	0.73103547	2.1487206e-05	
S11000.tib_ant.KS               	0.035581316	0.035574565	1.3370714e-05	
S11111.tib_ant-soleus.KF        	-0.11244854	-0.11248114	2.4258614e-05	
S00111.soleus-tib_ant.KS        	-0.80898963	-0.80912434	0.00024155573	
S11000.soleus-tib_ant.KS        	-3.2693704	-3.2693206	0.00034605027	
S00111.gastroc-tib_ant.KS       	-0.32869806	-0.32883078	0.00018869018	
S11000.gastroc-tib_ant.KS       	-1.7037842	-1.7034149	0.00029109878	
S00111.tib_ant-gastroc.KS       	-0.00357534	-0.0037577062	0.00073028925	
S11000.tib_ant-gastroc.KS       	-0.00331551	-0.0034735515	0.00071287349	
S00111.tib_ant-soleus.KS        	-0.0031877344	-0.0033770828	0.00074737823	
S11000.tib_ant-soleus.KS        	-0.0034666	-0.003303789	0.00071622387	
S00111.gastroc.KL               	0.077929065	0.077804745	0.00021178398	
S00111.gastroc.L0               	0.82567097	0.82565093	0.00011297086	
S00111.gastroc.KF               	1.4134058	1.4133898	1.4648781e-05	
S00111.gastroc.KS               	0.16581612	0.16588545	9.7141298e-05	
S00111.soleus.KL                	3.9990362	3.9992188	0.00025679626	
S00111.soleus.L0                	0.97222424	0.97231175	5.7362366e-05	
S00111.soleus.KF                	0.22080073	0.22081418	2.0715133e-05	
S00111.soleus.KS                	0.15428959	0.15439753	0.00015212349	
S11000.gastroc.KL               	0.0090786818	0.009037649	0.00011745862	
S11000.gastroc.L0               	0.52282384	0.52279892	0.0001117724	
S11000.gastroc.KF               	-1.8452184	-1.8446205	0.00028578998	
S11000.soleus.KL                	0.76487122	0.76475817	0.00045415219	
S11000.soleus.L0                	0.88566359	0.88572078	0.00010856264	
S11000.soleus.KF                	-0.90770094	-0.90701429	0.00044280383	
S00011.vasti.KF                 	0.82851222	0.82847837	5.8763011e-05	
S00011.vasti.C0                 	0.082324248	0.082318675	1.1927967e-05	
S00011.vasti-knee_angle.pos_max 	-0.30070448	-0.30069659	2.0505286e-05	
S00011.hamstrings-pelvis_tilt.KP	0.70590773	0.70587702	0.00024559362	
S00011.hamstrings-pelvis_tilt.KV	0.56531297	0.56534619	1.2420243e-05	
S00011.hamstrings-pelvis_tilt.C0	0.027148722	0.027113596	2.5402075e-05	
S00011.glut_max-pelvis_tilt.KP  	1.4942457	1.4942157	0.0001955811	
S00011.glut_max-pelvis_tilt.KV  	0.31310458	0.31309553	1.1844701e-05	
S00011.glut_max-pelvis_tilt.C0  	0.15933912	0.15930947	1.9878743e-05	
S00011.iliopsoas-pelvis_tilt.KP 	-3.5811616	-3.5812599	0.00035239501	
S00011.iliopsoas-pelvis_tilt.KV 	-0.5417452	-0.54175694	1.4349381e-05	
S00011.iliopsoas-pelvis_tilt.C0 	0.33933443	0.33936202	3.4047758e-05	
S00100.iliopsoas.C0             	0.33602953	0.33603226	1.7611058e-05	
S00100.glut_max.C0              	-0.023865015	-0.023859068	1.3088763e-05	
S11000.iliopsoas.KL             	0.56117507	0.56118572	1.5838512e-05	
S11000.iliopsoas.L0             	0.39321608	0.39319429	1.6981179e-05	
S11000.iliopsoas-pelvis_tilt.P0 	-0.043164999	-0.043163503	1.3420755e-05	
S11000.iliopsoas-pelvis_tilt.KP 	0.011633833	0.01165497	5.6898175e-05	
S11000.iliopsoas-pelvis_tilt.KV 	0.14208519	0.14211176	1.5850618e-05	
S11000.iliopsoas-hamstrings.KL  	-8.2223264	-8.2221371	0.00059404838	
S11000.iliopsoas-hamstrings.L0  	1.1659731	1.1659518	1.2021789e-05	
S11000.hamstrings.KF            	0.57657626	0.5765701	1.2226671e-05	
S11000.glut_max.KF              	0.62098929	0.62101017	1.4522672e-05	
