pelvis_tilt.offset              	0.02216474	0.022341649	0.0012579248	
hip_flexion_r.offset            	0.070181365	0.069719645	0.0011819759	
knee_angle_r.offset             	0.0038739426	0.00092842824	0.001296794	
ankle_angle_r.offset            	-0.058212689	-0.057034977	0.0016893268	
hip_flexion_l.offset            	-0.004372156	-0.0042322874	0.0024098831	
knee_angle_l.offset             	0.05661417	0.05749767	0.0018501493	
ankle_angle_l.offset            	0.1931143	0.18994729	0.0017724352	
stance_load_threshold           	0.15210308	0.15308921	0.0019521209	
S00111.tib_ant.KL               	1.2184014	1.2405888	0.032294242	
S00111.tib_ant.L0               	0.75829036	0.76624646	0.0034833145	
S00111.tib_ant.KS               	0.000173	0.00016449375	0.0013959108	
S11000.tib_ant.KL               	1.1924746	1.183972	0.018365726	
S11000.tib_ant.L0               	0.7397087	0.74215928	0.002687026	
S11000.tib_ant.KS               	0.035299183	0.035265435	0.0017099195	
S11111.tib_ant-soleus.KF        	-0.11098269	-0.10903059	0.0029175711	
S00111.soleus-tib_ant.KS        	-0.89402901	-0.85208329	0.037149968	
S11000.soleus-tib_ant.KS        	-3.3759905	-3.3083004	0.042902929	
S00111.gastroc-tib_ant.KS       	-0.35557966	-0.35153789	0.032301615	
S11000.gastroc-tib_ant.KS       	-1.6917606	-1.7059171	0.03575215	
S00111.tib_ant-gastroc.KS       	-0.00357534	-0.0036748395	0.27622509	
S11000.tib_ant-gastroc.KS       	-0.00331551	-0.0034993694	0.26998292	
S00111.tib_ant-soleus.KS        	-0.00313515	-0.0032893257	0.28355933	
S11000.tib_ant-soleus.KS        	-0.0034666	-0.0032981556	0.27151378	
S00111.gastroc.L0               	0.85325984	0.84906174	0.014167713	
S00111.gastroc.KF               	1.4089953	1.4106072	0.0018133465	
S00111.gastroc.KS               	0.16049832	0.16585021	0.015965226	
S00111.soleus.L0                	0.99557541	0.98969313	0.008161253	
S00111.soleus.KF                	0.23788505	0.2311021	0.0026200291	
S00111.soleus.KS                	0.16520068	0.15736188	0.023322598	
S11000.gastroc.KL               	0.00837043	0.0087656218	0.027550554	
S11000.gastroc.L0               	0.54834005	0.52340987	0.014961228	
S11000.gastroc.KF               	-1.8228085	-1.8103648	0.035170725	
S11000.gastroc.KS               	0.25231886	0.270623	0.032634502	
S11000.soleus.KL                	0.76235452	0.8191985	0.062616929	
S11000.soleus.L0                	0.88859339	0.90707814	0.013720582	
S11000.soleus.KF                	-0.95885434	-0.91786353	0.05822932	
S11000.soleus.KS                	0.11302564	0.10603137	0.051157276	
S00011.vasti.KF                 	0.816278	0.81587998	0.0076831881	
S00011.vasti.C0                 	0.086417553	0.083802176	0.0017349011	
S00011.vasti-knee_angle.pos_max 	-0.30586454	-0.30484497	0.0026549917	
S00011.hamstrings-pelvis_tilt.KP	0.71184602	0.70570148	0.030571946	
S00011.hamstrings-pelvis_tilt.KV	0.56610369	0.56668975	0.0015500305	
S00011.hamstrings-pelvis_tilt.C0	0.025974001	0.026754234	0.003388511	
S00011.glut_max-pelvis_tilt.KP  	1.4466821	1.4707885	0.025116065	
S00011.glut_max-pelvis_tilt.KV  	0.31569996	0.31351524	0.0015728379	
S00011.glut_max-pelvis_tilt.C0  	0.16084325	0.16015389	0.0026517256	
S00011.iliopsoas-pelvis_tilt.KP 	-3.4054234	-3.4488648	0.042291184	
S00011.iliopsoas-pelvis_tilt.KV 	-0.53925324	-0.5431444	0.0019267919	
S00011.iliopsoas-pelvis_tilt.C0 	0.33315815	0.33496759	0.0041688913	
S00100.iliopsoas.C0             	0.33881573	0.33786149	0.0022809376	
S00100.glut_max.C0              	-0.02342065	-0.024050648	0.0017566685	
S11000.iliopsoas.KL             	0.55999209	0.56145677	0.0019489979	
S11000.iliopsoas.L0             	0.39205683	0.3912684	0.0021658885	
S11000.iliopsoas-pelvis_tilt.P0 	-0.043989033	-0.044542512	0.0017446998	
S11000.iliopsoas-pelvis_tilt.KP 	0.01082572	0.011337056	0.011090628	
S11000.iliopsoas-pelvis_tilt.KV 	0.14666151	0.14666603	0.0020075613	
S11000.iliopsoas-hamstrings.KL  	-8.278627	-8.2701061	0.071093719	
S11000.iliopsoas-hamstrings.L0  	1.1668855	1.1669256	0.0016218984	
S11000.hamstrings.KF            	0.57477895	0.57556664	0.0015522147	
S11000.glut_max.KF              	0.61968703	0.62186662	0.0017726365	
