pelvis_tilt.offset              	0.021048872	0.022298931	0.0012518055	
hip_flexion_r.offset            	0.068940432	0.06959277	0.0011765256	
knee_angle_r.offset             	0.0015185431	0.0019097828	0.0012952974	
ankle_angle_r.offset            	-0.057513878	-0.057806968	0.001682752	
hip_flexion_l.offset            	-0.0076300585	-0.0053071548	0.0023986448	
knee_angle_l.offset             	0.058080887	0.057477984	0.0018418229	
ankle_angle_l.offset            	0.19003491	0.18884338	0.0017690254	
stance_load_threshold           	0.15662151	0.15334571	0.0019454473	
S00111.tib_ant.KL               	1.223698	1.2382803	0.032221843	
S00111.tib_ant.L0               	0.76188186	0.76488516	0.0034731568	
S00111.tib_ant.KS               	0.000173	0.00016294604	0.0013835656	
S11000.tib_ant.KL               	1.1926832	1.1957014	0.018270956	
S11000.tib_ant.L0               	0.73894969	0.74151783	0.0026749211	
S11000.tib_ant.KS               	0.035117056	0.035446914	0.0016991117	
S11111.tib_ant-soleus.KF        	-0.10655499	-0.10881335	0.002905092	
S00111.soleus-tib_ant.KS        	-0.89402901	-0.8672222	0.036915211	
S11000.soleus-tib_ant.KS        	-3.3376678	-3.3081708	0.042908797	
S00111.gastroc-tib_ant.KS       	-0.32171493	-0.33821165	0.032052735	
S11000.gastroc-tib_ant.KS       	-1.7179338	-1.6803416	0.035619339	
S00111.tib_ant-gastroc.KS       	-0.00395169	-0.0037900047	0.27378215	
S11000.tib_ant-gastroc.KS       	-0.00331551	-0.0035819304	0.26759518	
S00111.tib_ant-soleus.KS        	-0.00346517	-0.0033599556	0.28105152	
S11000.tib_ant-soleus.KS        	-0.00313645	-0.0032706418	0.26911251	
S00111.gastroc.L0               	0.84978957	0.84512056	0.014081204	
S00111.gastroc.KF               	1.4096306	1.4089627	0.0018051277	
S00111.gastroc.KS               	0.17739288	0.17137857	0.015845902	
S00111.soleus.L0                	1.0161734	1.0016655	0.0082015546	
S00111.soleus.KF                	0.23227554	0.23153589	0.0026203751	
S00111.soleus.KS                	0.14946728	0.15878249	0.023126583	
S11000.gastroc.KL               	0.00925153	0.008870377	0.027306931	
S11000.gastroc.L0               	0.51222833	0.5285503	0.014909425	
S11000.gastroc.KF               	-1.7375157	-1.8260008	0.035052907	
S11000.gastroc.KS               	0.26818497	0.26687282	0.032368497	
S11000.soleus.KL                	0.84260236	0.80650541	0.062156616	
S11000.soleus.L0                	0.87503196	0.8942798	0.013687002	
S11000.soleus.KF                	-0.94248889	-0.9149577	0.05781597	
S11000.soleus.KS                	0.11302564	0.10922547	0.0507076	
S00011.vasti.KF                 	0.82618466	0.81651384	0.0076370844	
S00011.vasti.C0                 	0.082185752	0.084384379	0.0017271555	
S00011.vasti-knee_angle.pos_max 	-0.30951579	-0.30560989	0.0026408866	
S00011.hamstrings-pelvis_tilt.KP	0.68392016	0.70443034	0.030395652	
S00011.hamstrings-pelvis_tilt.KV	0.56608265	0.56634621	0.0015436012	
S00011.hamstrings-pelvis_tilt.C0	0.027709867	0.02687405	0.0033614028	
S00011.glut_max-pelvis_tilt.KP  	1.4698501	1.4815619	0.025024127	
S00011.glut_max-pelvis_tilt.KV  	0.31458537	0.3152095	0.0015677071	
S00011.glut_max-pelvis_tilt.C0  	0.15653098	0.1600183	0.0026379979	
S00011.iliopsoas-pelvis_tilt.KP 	-3.4623969	-3.4457986	0.042045507	
S00011.iliopsoas-pelvis_tilt.KV 	-0.538572	-0.54196578	0.0019211191	
S00011.iliopsoas-pelvis_tilt.C0 	0.33018458	0.33590622	0.0041474728	
S00100.iliopsoas.C0             	0.34236702	0.33960399	0.002279926	
S00100.glut_max.C0              	-0.024713359	-0.024481653	0.0017435757	
S11000.iliopsoas.KL             	0.56160468	0.56362381	0.0019450609	
S11000.iliopsoas.L0             	0.38915203	0.39260945	0.0021565694	
S11000.iliopsoas-pelvis_tilt.P0 	-0.044839887	-0.043997714	0.0017339808	
S11000.iliopsoas-pelvis_tilt.KP 	0.011820223	0.011385395	0.010992685	
S11000.iliopsoas-pelvis_tilt.KV 	0.14928091	0.14749525	0.0020048408	
S11000.iliopsoas-hamstrings.KL  	-8.309488	-8.2243917	0.070879503	
S11000.iliopsoas-hamstrings.L0  	1.1687759	1.1670972	0.0016129283	
S11000.hamstrings.KF            	0.57295245	0.57460019	0.001545064	
S11000.glut_max.KF              	0.61889033	0.62164059	0.0017638993	
