pelvis_tilt.offset              	0.019563844	0.020136758	0.0013263491	
hip_flexion_r.offset            	0.068745112	0.070145819	0.0012416693	
knee_angle_r.offset             	0.0019341483	0.0033083022	0.0013777612	
ankle_angle_r.offset            	-0.05692115	-0.057963304	0.0017806804	
hip_flexion_l.offset            	-0.0063000374	-0.0076684697	0.0025460582	
knee_angle_l.offset             	0.055551413	0.056245424	0.0019503945	
ankle_angle_l.offset            	0.19053668	0.19006931	0.0018639868	
stance_load_threshold           	0.15410883	0.15619095	0.0020658395	
S00111.tib_ant.KL               	1.204141	1.2373407	0.034018574	
S00111.tib_ant.L0               	0.76524166	0.76025419	0.003664224	
S00111.tib_ant.KS               	0.00015652	0.00016270214	0.0014331305	
S11000.tib_ant.KL               	1.2142012	1.2070772	0.019283373	
S11000.tib_ant.L0               	0.7425192	0.74570453	0.0028433072	
S11000.tib_ant.KS               	0.033998462	0.034868791	0.0017791947	
S11111.tib_ant-soleus.KF        	-0.1062212	-0.10863287	0.003054666	
S00111.soleus-tib_ant.KS        	-0.82846663	-0.86278232	0.038706894	
S11000.soleus-tib_ant.KS        	-3.2598461	-3.3230986	0.045384462	
S00111.gastroc-tib_ant.KS       	-0.32171493	-0.33833042	0.033318856	
S11000.gastroc-tib_ant.KS       	-1.6885604	-1.6658272	0.037634603	
S00111.tib_ant-gastroc.KS       	-0.00357534	-0.0037532183	0.28358995	
S11000.tib_ant-gastroc.KS       	-0.00331551	-0.0034402771	0.27718134	
S00111.tib_ant-soleus.KS        	-0.00346517	-0.0033542287	0.29111973	
S11000.tib_ant-soleus.KS        	-0.00313645	-0.0033256949	0.27875302	
S00111.gastroc.L0               	0.82546586	0.82580557	0.014864825	
S00111.gastroc.KF               	1.4098339	1.4086978	0.0019164237	
S00111.gastroc.KS               	0.1684674	0.17262139	0.016479567	
S00111.soleus.L0                	1.0075151	1.0138117	0.0088699532	
S00111.soleus.KF                	0.23827761	0.23493205	0.002786426	
S00111.soleus.KS                	0.14946728	0.15563945	0.023995813	
S11000.gastroc.KL               	0.00925153	0.0088246084	0.028285296	
S11000.gastroc.L0               	0.53402431	0.51558026	0.015685823	
S11000.gastroc.KF               	-1.8151812	-1.8609361	0.03703417	
S11000.gastroc.KS               	0.27887874	0.26492739	0.033609267	
S11000.soleus.KL                	0.83071172	0.79624813	0.064735749	
S11000.soleus.L0                	0.8835025	0.91540632	0.014472305	
S11000.soleus.KF                	-0.93216526	-0.91133793	0.060347061	
S11000.soleus.KS                	0.11212228	0.10812993	0.052534966	
S00011.vasti.KF                 	0.80915419	0.80496998	0.0081109757	
S00011.vasti.C0                 	0.081603153	0.08209172	0.001824332	
S00011.vasti-knee_angle.pos_max 	-0.30162875	-0.30271808	0.0028013728	
S00011.hamstrings-pelvis_tilt.KP	0.67241684	0.7025584	0.031890792	
S00011.hamstrings-pelvis_tilt.KV	0.56549045	0.56524993	0.0016341414	
S00011.hamstrings-pelvis_tilt.C0	0.02778807	0.026112289	0.0034900736	
S00011.glut_max-pelvis_tilt.KP  	1.4459138	1.4604727	0.026530231	
S00011.glut_max-pelvis_tilt.KV  	0.31362091	0.3148029	0.0016635317	
S00011.glut_max-pelvis_tilt.C0  	0.15680062	0.15643213	0.002796437	
S00011.iliopsoas-pelvis_tilt.KP 	-3.3851275	-3.3765776	0.044713579	
S00011.iliopsoas-pelvis_tilt.KV 	-0.5420405	-0.54298653	0.0020391054	
S00011.iliopsoas-pelvis_tilt.C0 	0.33205383	0.33349743	0.0043939478	
S00100.iliopsoas.C0             	0.33652707	0.34090773	0.0024146931	
S00100.glut_max.C0              	-0.024156961	-0.024445754	0.0018161578	
S11000.iliopsoas.KL             	0.56137505	0.5635286	0.0020670217	
S11000.iliopsoas.L0             	0.38999043	0.39144009	0.0022860283	
S11000.iliopsoas-pelvis_tilt.P0 	-0.042662777	-0.044918905	0.0018199066	
S11000.iliopsoas-pelvis_tilt.KP 	0.011722809	0.011573028	0.011387101	
S11000.iliopsoas-pelvis_tilt.KV 	0.14819627	0.14948298	0.002131903	
S11000.iliopsoas-hamstrings.KL  	-8.2247986	-8.2055266	0.075148293	
S11000.iliopsoas-hamstrings.L0  	1.1632551	1.1658594	0.0017096236	
S11000.hamstrings.KF            	0.57300441	0.57334044	0.0016377283	
S11000.glut_max.KF              	0.61762802	0.61905273	0.0018746071	
