pelvis_tilt.offset              	0.018522147	0.018247885	0.00092615795	
hip_flexion_r.offset            	0.068607405	0.068462779	0.00086213229	
knee_angle_r.offset             	0.0011491792	0.0022822665	0.00095418051	
ankle_angle_r.offset            	-0.06077026	-0.057133952	0.0012300488	
hip_flexion_l.offset            	-0.010296587	-0.010092847	0.0017670057	
knee_angle_l.offset             	0.057216692	0.056546634	0.001353465	
ankle_angle_l.offset            	0.19332975	0.19276809	0.001296373	
stance_load_threshold           	0.1518566	0.1532499	0.0014347819	
S00111.tib_ant.KL               	1.2167651	1.2075479	0.02337991	
S00111.tib_ant.L0               	0.75179497	0.75310462	0.0025590493	
S00111.tib_ant.KS               	0.00015652	0.00016758202	0.00096206861	
S11000.tib_ant.KL               	1.2537262	1.2291615	0.013356556	
S11000.tib_ant.L0               	0.74429639	0.74389998	0.0019700594	
S11000.tib_ant.KS               	0.034316623	0.03468185	0.001217942	
S11111.tib_ant-soleus.KF        	-0.10896525	-0.11293157	0.0021183136	
S00111.soleus-tib_ant.KS        	-0.88990873	-0.8571324	0.026492936	
S11000.soleus-tib_ant.KS        	-3.1857039	-3.2703496	0.031385345	
S00111.gastroc-tib_ant.KS       	-0.32171493	-0.32749179	0.022509426	
S11000.gastroc-tib_ant.KS       	-1.6875806	-1.6819039	0.025975435	
S00111.tib_ant-gastroc.KS       	-0.00395169	-0.0036990474	0.1903752	
S11000.tib_ant-gastroc.KS       	-0.00366451	-0.0034606429	0.18607307	
S00111.tib_ant-soleus.KS        	-0.00313515	-0.0033307956	0.19542998	
S11000.tib_ant-soleus.KS        	-0.00313645	-0.0033103471	0.18712815	
S00111.gastroc.L0               	0.80195673	0.81172205	0.010304223	
S00111.gastroc.KF               	1.4103853	1.4082403	0.0013205804	
S00111.gastroc.KS               	0.16049832	0.16711826	0.011141777	
S00111.soleus.L0                	1.0051703	1.0120449	0.0061079781	
S00111.soleus.KF                	0.23171662	0.23362158	0.0019305703	
S00111.soleus.KS                	0.16520068	0.15912352	0.016179487	
S11000.gastroc.KL               	0.00925153	0.008805264	0.0189883	
S11000.gastroc.L0               	0.53848676	0.53234224	0.010832382	
S11000.gastroc.KF               	-1.8928518	-1.8600399	0.025524205	
S11000.gastroc.KS               	0.25231886	0.2672867	0.022687943	
S11000.soleus.KL                	0.76235452	0.800344	0.043867645	
S11000.soleus.L0                	0.92646237	0.91592802	0.010043766	
S11000.soleus.KF                	-0.92274125	-0.915798	0.041067268	
S11000.soleus.KS                	0.10488981	0.10894864	0.035283726	
S00011.vasti.KF                 	0.8094396	0.80696546	0.0056181062	
S00011.vasti.C0                 	0.081967797	0.081535548	0.0012520399	
S00011.vasti-knee_angle.pos_max 	-0.29766883	-0.29797538	0.0019533564	
S00011.hamstrings-pelvis_tilt.KP	0.73199658	0.71920861	0.02185512	
S00011.hamstrings-pelvis_tilt.KV	0.56407757	0.56331591	0.00112974	
S00011.hamstrings-pelvis_tilt.C0	0.02514159	0.026464594	0.0023549501	
S00011.glut_max-pelvis_tilt.KP  	1.4651036	1.4751907	0.018257268	
S00011.glut_max-pelvis_tilt.KV  	0.31298169	0.3137286	0.0011564105	
S00011.glut_max-pelvis_tilt.C0  	0.1526924	0.15535278	0.001929371	
S00011.iliopsoas-pelvis_tilt.KP 	-3.3800955	-3.4251769	0.031086906	
S00011.iliopsoas-pelvis_tilt.KV 	-0.54148591	-0.54085167	0.001404221	
S00011.iliopsoas-pelvis_tilt.C0 	0.32956028	0.33200132	0.0030282691	
S00100.iliopsoas.C0             	0.33933207	0.33917314	0.0016709882	
S00100.glut_max.C0              	-0.024885933	-0.024443906	0.0012315413	
S11000.iliopsoas.KL             	0.56740361	0.56524158	0.001429259	
S11000.iliopsoas.L0             	0.39236017	0.3919967	0.0015815167	
S11000.iliopsoas-pelvis_tilt.P0 	-0.044434705	-0.043151812	0.0012486909	
S11000.iliopsoas-pelvis_tilt.KP 	0.01082572	0.011607721	0.0076451519	
S11000.iliopsoas-pelvis_tilt.KV 	0.14603398	0.14753325	0.001470406	
S11000.iliopsoas-hamstrings.KL  	-8.1612812	-8.1815382	0.052014909	
S11000.iliopsoas-hamstrings.L0  	1.1668105	1.165889	0.001177491	
S11000.hamstrings.KF            	0.57143597	0.57239022	0.0011325238	
S11000.glut_max.KF              	0.61620994	0.61549464	0.0013116837	
