pelvis_tilt.offset              	0.018695874	0.018711573	2.6043945e-05	
hip_flexion_r.offset            	0.070337229	0.070360074	2.3035858e-05	
knee_angle_r.offset             	0.0058855783	0.0059048611	2.7993385e-05	
ankle_angle_r.offset            	-0.057903696	-0.057924873	3.4971712e-05	
hip_flexion_l.offset            	-0.0093564856	-0.0094114438	4.9572171e-05	
knee_angle_l.offset             	0.057666046	0.057657891	3.6746213e-05	
ankle_angle_l.offset            	0.18954469	0.18960526	3.493603e-05	
stance_load_threshold           	0.15521108	0.1552537	3.9634366e-05	
S00111.tib_ant.KL               	1.2580465	1.2571267	0.00064384019	
S00111.tib_ant.L0               	0.75258307	0.75258158	7.1295749e-05	
S00111.tib_ant.KS               	0.0001652077	0.00016607652	1.5281577e-05	
S11000.tib_ant.KL               	1.2460379	1.2466693	0.00036497032	
S11000.tib_ant.L0               	0.74312978	0.74302961	5.4078519e-05	
S11000.tib_ant.KS               	0.036628091	0.036613657	3.2901191e-05	
S11111.tib_ant-soleus.KF        	-0.11295785	-0.11285588	5.7895827e-05	
S00111.soleus-tib_ant.KS        	-0.83730789	-0.83650484	0.00069817129	
S11000.soleus-tib_ant.KS        	-3.2239415	-3.22378	0.00087797103	
S00111.gastroc-tib_ant.KS       	-0.3265074	-0.32710559	0.00052739047	
S11000.gastroc-tib_ant.KS       	-1.6755569	-1.6764768	0.00069830899	
S00111.tib_ant-gastroc.KS       	-0.00357534	-0.003767004	0.0029704743	
S11000.tib_ant-gastroc.KS       	-0.00366451	-0.0034526	0.0029032675	
S00111.tib_ant-soleus.KS        	-0.00313515	-0.0032239521	0.0030490996	
S11000.tib_ant-soleus.KS        	-0.00313645	-0.0032824368	0.0029196382	
S00111.gastroc.L0               	0.8090382	0.80880326	0.00028035531	
S00111.gastroc.KF               	1.4080045	1.4079507	3.5262204e-05	
S00111.gastroc.KS               	0.16852214	0.1684416	0.00027177698	
S00111.soleus.L0                	1.0092672	1.0093685	0.00016098109	
S00111.soleus.KF                	0.23387752	0.23380118	5.1703809e-05	
S00111.soleus.KS                	0.15620269	0.15633913	0.00039695487	
S11000.gastroc.KL               	0.0089154952	0.0088287473	0.00032211858	
S11000.gastroc.L0               	0.53733241	0.53674866	0.00029427315	
S11000.gastroc.KF               	-1.8577331	-1.8590316	0.00071024976	
S11000.gastroc.KS               	0.26361953	0.26360964	0.00057669974	
S11000.soleus.KL                	0.79926026	0.80122908	0.0012146551	
S11000.soleus.L0                	0.91213566	0.91194173	0.00027329993	
S11000.soleus.KF                	-0.92557491	-0.92473519	0.001122803	
S11000.soleus.KS                	0.10592137	0.10423408	0.00074603999	
S00011.vasti.KF                 	0.81121411	0.8111841	0.00015354246	
S00011.vasti.C0                 	0.080208113	0.080230568	3.4085824e-05	
S00011.vasti-knee_angle.pos_max 	-0.29996763	-0.29994716	5.5554798e-05	
S00011.hamstrings-pelvis_tilt.KP	0.71370196	0.71416931	0.00060220568	
S00011.hamstrings-pelvis_tilt.KV	0.56354699	0.56357557	3.1025619e-05	
S00011.hamstrings-pelvis_tilt.C0	0.026184308	0.026256673	5.7602657e-05	
S00011.glut_max-pelvis_tilt.KP  	1.4593472	1.4591803	0.00049004329	
S00011.glut_max-pelvis_tilt.KV  	0.31266946	0.31268747	3.1730281e-05	
S00011.glut_max-pelvis_tilt.C0  	0.15663123	0.1566878	5.4089677e-05	
S00011.iliopsoas-pelvis_tilt.KP 	-3.4464529	-3.4475103	0.00083704392	
S00011.iliopsoas-pelvis_tilt.KV 	-0.5432861	-0.54322244	3.7833906e-05	
S00011.iliopsoas-pelvis_tilt.C0 	0.3313759	0.33137544	8.3898159e-05	
S00100.iliopsoas.C0             	0.33930727	0.33926881	4.5495369e-05	
S00100.glut_max.C0              	-0.02404739	-0.024067242	3.2554321e-05	
S11000.iliopsoas.KL             	0.56946615	0.56947816	4.0176114e-05	
S11000.iliopsoas.L0             	0.38785352	0.38781926	4.1438657e-05	
S11000.iliopsoas-pelvis_tilt.P0 	-0.043222238	-0.043177143	3.3656458e-05	
S11000.iliopsoas-pelvis_tilt.KP 	0.011303946	0.011534221	0.00015195705	
S11000.iliopsoas-pelvis_tilt.KV 	0.14642365	0.14644436	3.9751465e-05	
S11000.iliopsoas-hamstrings.KL  	-8.2110541	-8.2115702	0.0014428268	
S11000.iliopsoas-hamstrings.L0  	1.164799	1.1647864	3.2075298e-05	
S11000.hamstrings.KF            	0.57112611	0.57113238	3.1177235e-05	
S11000.glut_max.KF              	0.61385799	0.61384496	3.6360182e-05	
