Step	Best	Median	Predicted	Progress
0	104.959	107.959	0	0
1	102.874	107.128	-939.526	0.0202656
2	101.915	105.569	-659.093	0.0148235
3	101.999	104.245	-378.137	0.00936412
4	101.309	104.379	-214.192	0.00617084
5	89.4687	103.764	-380.055	0.00945263
6	85.8771	103.626	-665.181	0.0152764
7	45.818	91.315	-952.035	0.0215774
8	74.0229	98.3425	-1855.62	0.0423072
9	59.8052	85.7539	-2563.93	0.0599247
10	67.8883	86.557	-2385.09	0.0567829
11	62.2248	90.641	-2236.09	0.0545649
12	72.4349	88.4381	-2134.49	0.0533586
13	45.0192	88.7571	-2245.28	0.0577141
14	70.8022	89.3194	-2095.03	0.0547905
15	44.2098	89.9282	-2122.02	0.0573589
16	46.1467	87.2	-2052.4	0.0564929
17	39.3008	86.4153	-2002.66	0.0567431
18	10.7397	83.6618	-2060.78	0.0598755
19	46.5918	86.612	-2010.83	0.0601565
20	13.0814	87.8712	-2058.1	0.0633489
21	11.0284	84.6546	-2107.72	0.067647
22	13.5693	84.1877	-2129.23	0.0713802
23	46.6174	85.756	-2116.23	0.0725552
24	16.1694	85.0663	-2074.78	0.0725395
25	14.9422	88.7951	-2035.33	0.0734037
26	10.742	86.0842	-1995.49	0.0741995
27	9.17575	83.8384	-1952.72	0.073624
28	14.5956	84.9897	-1898	0.0732443
29	12.8994	85.7104	-1846.6	0.0730589
30	14.1129	84.9823	-1828.69	0.0743866
31	21.8129	85.517	-1812.94	0.0763535
32	10.8921	86.3827	-1796.46	0.0777208
33	33.0757	87.9411	-1618.53	0.0677315
34	6.0862	83.9366	-1575.89	0.0660351
35	12.84	86.3288	-1529.36	0.0666117
36	10.3887	87.4322	-1490	0.0673329
37	10.3366	86.1625	-1387.28	0.0627035
38	11.1551	85.8131	-1340.12	0.0615661
39	13.431	86.521	-1272.74	0.06024
40	8.58703	83.0514	-1189.48	0.0552
41	15.9706	86.1508	-1170.14	0.0553899
42	8.77804	84.6965	-1019.75	0.0499053
43	11.0742	84.2715	-894.055	0.0476418
44	11.4525	84.7703	-749.288	0.0430839
45	17.4338	85.2504	-713.532	0.0413709
46	9.1383	84.912	-602.438	0.0376497
47	12.256	80.3647	-557.495	0.0346507
48	6.59286	76.2135	-499.983	0.0327756
49	5.97382	84.014	-514.404	0.033613
50	6.53192	82.2422	-492.377	0.0336887
51	13.8691	81.6567	-467.666	0.0334455
52	12.579	82.3473	-441.623	0.0324499
53	7.71602	78.0776	-405.388	0.0310511
54	6.47258	85.1976	-367.899	0.0287002
55	5.75721	81.6875	-362.308	0.02878
56	9.81608	84.4146	-340.495	0.0286823
57	12.8236	79.9262	-316.397	0.0278081
58	12.7039	81.7339	-290.956	0.0262089
59	9.20913	75.3333	-247.441	0.0239297
60	8.55045	75.4462	-228.871	0.0225461
61	10.632	81.1752	-200.28	0.0206196
62	10.5149	78.8468	-194.212	0.0203716
63	6.31582	72.9182	-190.604	0.0203674
64	10.212	76.7656	-180.379	0.0198769
65	10.6879	73.7217	-160.852	0.0188871
66	7.28124	73.713	-156.278	0.0186172
67	9.08646	78.7984	-148.81	0.0181866
68	12.0674	85.907	-142.873	0.0179074
69	7.98481	80.0225	-137.134	0.0171126
70	10.9279	72.14	-130.727	0.0161373
71	8.52063	73.4067	-127.245	0.0159575
72	7.63974	82.004	-119.502	0.0153791
73	8.27389	75.0836	-115.631	0.0151323
74	10.2361	80.5099	-112.077	0.0148866
75	6.60533	76.7107	-109.261	0.0148277
76	8.37594	77.5813	-104.228	0.0144267
77	7.10759	77.7222	-103.525	0.0143841
78	5.81421	81.6172	-101.021	0.0143535
79	7.68794	75.313	-96.7023	0.0140505
80	8.3857	76.6399	-90.8308	0.0136701
81	7.95787	71.9071	-88.3153	0.0134388
82	8.48946	75.173	-84.5059	0.0131054
83	8.90085	75.6149	-81.8253	0.0128932
84	6.51944	73.7868	-77.9276	0.0125711
85	7.79555	77.5777	-76.1242	0.0124446
86	7.25269	74.2555	-73.5415	0.0122258
87	5.88517	78.6252	-73.0525	0.0122431
88	9.28516	70.8818	-71.4438	0.0119634
89	10.7355	75.4206	-70.3098	0.0118393
90	6.61679	85.9045	-68.6509	0.0115751
91	7.31648	79.5232	-68.0992	0.011562
92	8.5667	75.9591	-65.1773	0.0112396
93	7.80279	74.5605	-62.4619	0.0109578
94	8.15623	80.5673	-59.6416	0.0106863
95	7.10514	72.2495	-58.0159	0.0104995
96	8.61211	76.6049	-55.8475	0.0102311
97	8.71658	72.6177	-54.3734	0.0100466
98	7.84673	74.0592	-53.7179	0.00997571
99	7.31268	70.2047	-53.1463	0.00992655
100	6.98344	76.5203	-50.1731	0.00951796
101	8.71943	74.5334	-47.0194	0.009058
102	7.06811	78.9501	-46.6826	0.00904865
103	7.89295	71.0103	-46.0027	0.00896212
104	8.08713	69.9578	-45.6708	0.00890085
105	6.35027	72.3327	-45.456	0.0088598
106	7.95539	71.7379	-44.4454	0.00874675
107	6.56255	72.4829	-43.3815	0.0085962
108	6.16707	67.0823	-42.5247	0.00853559
109	5.43348	73.243	-42.3516	0.00855676
110	6.74392	70.4689	-42.0761	0.00853996
111	9.91427	71.4098	-40.68	0.0083581
112	7.07648	74.2452	-37.9466	0.00799884
113	6.79179	71.5012	-36.829	0.00785367
114	8.46564	72.805	-36.3985	0.00779894
115	6.31798	73.4309	-35.7312	0.00769885
116	7.76721	70.1151	-35.1083	0.00760422
117	7.74253	70.2364	-34.1415	0.00745153
118	7.71609	54.3617	-32.8613	0.00728431
119	7.76061	69.7464	-32.0658	0.00716693
120	7.07937	66.7722	-31.023	0.00699901
121	7.2596	70.6486	-30.3999	0.00691687
122	8.12367	71.2929	-29.6183	0.00679254
123	7.93134	67.7667	-29.1082	0.0067062
124	8.33667	63.1579	-28.5548	0.00661443
125	7.6516	61.6359	-27.546	0.00645986
126	8.37607	72.8702	-26.5873	0.00630394
127	7.85204	70.4071	-25.8798	0.00619789
128	9.8116	73.8643	-25.0458	0.00606574
129	6.86094	70.1357	-24.8636	0.00603039
130	7.70815	52.1117	-24.1464	0.00590152
131	6.86355	72.0217	-23.5337	0.00580272
132	6.8729	57.7917	-22.9173	0.00570703
133	9.08295	62.7598	-22.4933	0.00564151
134	8.53889	24.4452	-22.0209	0.00556322
135	8.77592	53.3781	-20.7396	0.00536126
136	7.25553	67.0916	-20.4567	0.00531988
137	8.34254	58.0591	-19.7863	0.00519852
138	7.59779	62.7976	-19.1474	0.00509806
139	6.89488	49.2076	-18.6924	0.00502887
140	7.62924	70.0749	-18.386	0.00497211
141	7.45645	47.9702	-17.9632	0.00491139
142	6.9209	61.7968	-17.5829	0.00485429
143	7.79572	49.4929	-16.8658	0.00474733
144	7.24935	49.6941	-16.4712	0.00468442
145	7.88094	46.5719	-15.9954	0.00460098
146	6.93916	50.2502	-15.5401	0.00452438
147	7.64811	49.5157	-15.0425	0.00444534
148	7.68526	50.3147	-14.5018	0.00433914
149	6.91348	48.3201	-14.0247	0.00425985
150	6.93101	50.3327	-13.6664	0.00420281
151	6.56603	50.6492	-13.3098	0.00414463
152	6.52744	50.1103	-13.4025	0.00416622
153	5.87247	50.2451	-13.3235	0.00416247
154	7.95	57.9921	-12.5972	0.00404208
155	7.27761	50.1022	-12.3267	0.00399659
156	5.15252	49.6095	-12.3999	0.00401208
157	7.27674	49.6265	-12.0824	0.00395902
158	6.09488	50.3488	-12.126	0.00396963
159	6.8467	33.843	-12.0613	0.00395867
160	8.03008	54.587	-11.9715	0.0039415
161	7.38398	50.7573	-11.4074	0.00384539
162	7.79731	50.5327	-10.8387	0.00374132
163	7.43668	49.9954	-10.5771	0.0036975
164	5.92132	13.603	-10.7665	0.00373297
165	7.19806	42.7174	-10.4527	0.00367458
166	7.08875	50.3685	-10.0813	0.00360561
167	8.08682	40.9431	-9.77565	0.00354405
168	7.37923	59.356	-9.21114	0.00344502
169	6.94928	49.175	-8.75409	0.00336268
170	6.0205	48.231	-8.76799	0.00336551
171	7.39734	42.3878	-8.67579	0.0033479
172	7.29439	50.2742	-8.55186	0.00332595
173	6.91656	50.3321	-8.13293	0.0032492
174	7.94949	41.7154	-7.61812	0.00315316
175	7.17458	52.5134	-7.43682	0.00311842
176	7.61868	21.396	-7.38807	0.00310673
177	7.79776	52.9358	-7.05299	0.00304229
178	8.0192	49.9843	-6.78653	0.00298665
179	6.42843	54.45	-6.96589	0.00302369
180	5.43248	47.5436	-7.35295	0.00309851
181	7.53822	53.3557	-7.05802	0.0030405
182	7.15766	51.5182	-7.06483	0.0030394
183	8.48229	54.0373	-6.62979	0.00295226
184	5.7617	48.5703	-6.67358	0.00296144
185	6.97811	44.4769	-6.66324	0.0029573
186	5.2621	50.1624	-6.92135	0.00300662
187	7.77316	49.0321	-6.66986	0.00295717
188	7.18091	49.7155	-6.35377	0.00289719
189	7.274	49.3051	-6.13597	0.00285424
190	7.20923	39.2584	-6.0847	0.00284272
191	7.19917	32.8305	-5.5414	0.00274255
192	6.58151	54.4379	-5.62417	0.00275635
193	7.63538	46.3226	-5.35963	0.00270359
194	6.27849	10.2013	-5.37748	0.00271194
195	7.46069	54.5113	-5.09315	0.00265329
196	7.65973	12.1828	-4.94353	0.00262261
197	6.91074	29.1904	-4.5988	0.00255953
198	6.69656	49.1883	-4.47048	0.0025332
199	7.1875	30.7438	-4.12209	0.00246488
200	6.24486	43.9996	-4.08389	0.00245699
201	6.68087	46.9469	-3.82047	0.00240582
202	6.04452	44.4715	-3.75745	0.00239429
203	5.94736	51.5905	-3.89846	0.00242171
204	6.55173	32.0486	-3.76419	0.0023936
205	6.04964	34.5798	-3.82151	0.00240513
206	7.06081	43.2786	-3.66733	0.00237345
207	7.06005	39.0014	-3.30439	0.00230348
208	6.87717	38.8923	-3.22049	0.00228622
209	6.46588	43.3311	-3.1858	0.00227846
210	7.86252	50.5277	-3.10064	0.00226171
211	6.05436	18.3888	-3.17206	0.00227401
212	6.3081	14.3947	-3.1965	0.00227772
213	6.406	46.6055	-3.15519	0.00226896
214	7.80117	44.1358	-3.03869	0.00224559
215	8.21404	33.3716	-2.98584	0.00223415
216	8.09406	34.8662	-2.95014	0.00222591
217	6.79266	50.1336	-2.74977	0.00218561
218	6.94278	26.9842	-2.6733	0.00216982
219	6.40727	49.4848	-2.60089	0.00215462
220	8.09365	49.6946	-2.54377	0.00214203
221	7.95625	50.6168	-2.4828	0.00212896
222	6.19115	18.1156	-2.39238	0.00211068
223	6.82165	29.081	-2.2223	0.00207507
224	7.49589	50.063	-2.1513	0.00205962
225	6.56343	38.5599	-2.11872	0.00205193
226	7.3155	31.5327	-2.05031	0.00203738
227	6.57451	38.8365	-1.94037	0.00201463
228	6.67757	36.4738	-1.84203	0.00199406
229	7.74459	50.1008	-1.75626	0.0019758
230	6.06316	49.321	-1.75494	0.00197438
231	6.53601	51.9141	-1.66793	0.00195622
232	5.14493	38.0321	-1.81184	0.0019831
233	6.95186	40.8293	-1.70007	0.00196005
234	7.72466	26.2431	-1.62229	0.00194366
235	5.9509	18.0639	-1.65527	0.00194902
236	7.51627	31.8424	-1.52618	0.00192258
237	6.23811	23.2467	-1.6069	0.00193726
238	7.16135	16.3899	-1.46672	0.00190843
239	6.5988	21.3314	-1.45143	0.001904
240	7.57667	19.3787	-1.34613	0.00188145
241	7.26469	38.0577	-1.27367	0.00186564
242	6.16432	24.756	-1.29679	0.00186901
243	6.45821	9.65833	-1.23336	0.00185512
244	5.03153	45.5078	-1.33018	0.00187312
245	5.04442	9.58532	-1.42214	0.00189068
246	5.71016	9.99055	-1.51746	0.00190871
247	6.79921	9.3263	-1.44025	0.00189178
248	7.4633	18.9936	-1.3909	0.00188016
249	7.24456	9.60452	-1.27486	0.00185597
250	6.89052	26.4207	-1.14676	0.00182929
251	6.10289	34.9407	-1.19985	0.00183887
252	6.81799	41.2296	-1.12924	0.00182333
253	5.72053	35.5384	-1.22023	0.00184046
254	6.86069	27.6158	-1.15855	0.00182666
255	7.13872	32.956	-1.06344	0.00180664
256	6.92539	9.83229	-1.02141	0.00179699
257	6.70413	12.9464	-0.898076	0.00177145
258	7.26699	15.0619	-0.782173	0.00174714
259	5.98986	9.95536	-0.916808	0.00177271
260	6.16506	22.8852	-0.913766	0.00177072
261	5.94756	22.6622	-0.910254	0.00176901
262	6.32089	38.8582	-0.832543	0.00175219
263	6.04904	35.2099	-0.881405	0.00176076
264	6.26547	9.79886	-0.775117	0.00173849
265	6.28734	50.1739	-0.772231	0.00173665
266	5.39828	23.9622	-0.920852	0.00176489
267	6.60472	39.497	-0.772882	0.00173438
268	7.04844	34.6182	-0.742086	0.00172691
269	5.79411	9.91717	-0.795382	0.00173643
270	6.55995	23.5116	-0.718815	0.00171984
271	8.48726	38.7884	-0.651774	0.00170517
272	6.76461	39.1244	-0.572217	0.00168811
273	7.97819	42.4345	-0.534726	0.00167943
274	7.20252	47.112	-0.372438	0.00164583
275	7.76448	42.083	-0.323622	0.00163483
276	3.83036	39.8048	-0.398209	0.00164854
277	6.1366	30.2467	-0.433377	0.00165434
278	5.8689	49.741	-0.45613	0.0016577
279	8.11148	47.8735	-0.308339	0.00162689
280	5.822	46.0404	-0.320002	0.00162802
281	7.2098	43.1031	-0.308352	0.00162446
282	7.36538	32.6298	-0.306056	0.00162279
283	8.20198	32.1531	-0.250765	0.00161048
284	6.99805	9.93542	-0.202323	0.00159952
285	6.65123	9.6422	-0.187025	0.0015952
286	7.26303	9.5306	-0.131202	0.00158278
287	7.03283	9.95994	-0.0909643	0.00157346
288	6.51834	36.4855	-0.0784006	0.00156973
289	6.00904	9.28344	-0.0576286	0.00156436
290	7.28738	17.4774	-0.0357819	0.00155878
291	7.18072	28.9853	-0.00520039	0.00155143
292	5.18855	9.89671	-0.059864	0.00156121
293	7.30282	37.6291	-0.0291443	0.00155384
294	7.47851	23.944	0.037075	0.00153933
295	6.43531	9.66923	0.129631	0.00151955
296	6.42185	9.30886	0.160003	0.00151226
297	6.72894	15.222	0.203623	0.00150229
298	7.04925	9.96581	0.274665	0.00148681
299	7.39804	9.87766	0.274411	0.00148567
300	5.95501	21.6961	0.252245	0.00148895
301	7.12841	9.70366	0.324332	0.00147324
302	6.43533	9.04787	0.369031	0.00146308
303	5.09514	42.8491	0.317636	0.00147223
304	6.33184	40.124	0.344214	0.00146572
305	6.79771	15.9786	0.399808	0.00145348
306	7.01542	49.256	0.427712	0.00144678
307	7.10419	9.68634	0.46379	0.00143839
308	5.41821	34.9934	0.405602	0.00144888
309	6.56352	20.1894	0.456197	0.00143757
310	5.94838	9.83528	0.478998	0.00143187
311	7.1227	14.2307	0.522487	0.00142194
312	6.23766	38.5855	0.561129	0.00141295
313	6.18406	26.6597	0.574627	0.0014091
314	5.10823	45.0257	0.539644	0.00141495
315	6.81625	9.5997	0.553214	0.00141109
316	5.62637	9.87621	0.518161	0.00141696
317	6.83856	9.60251	0.531802	0.00141308
318	7.10062	9.52282	0.583773	0.00140165
319	6.69226	9.97322	0.653961	0.00138657
320	6.85545	9.46068	0.679856	0.00138037
321	4.44183	9.88254	0.632936	0.00138849
322	7.02929	11.1547	0.658919	0.00138228
323	5.46714	9.22395	0.61191	0.00139042
324	5.59262	15.21	0.583588	0.00139492
325	5.73095	9.2616	0.577943	0.00139475
326	6.6554	9.64879	0.585961	0.00139216
327	6.00955	9.72363	0.606592	0.00138698
328	6.95761	9.2595	0.681787	0.00137096
329	6.91737	9.71563	0.714965	0.00136332
330	7.17615	9.12233	0.784288	0.00134872
331	6.90472	9.22347	0.803978	0.00134382
332	5.4167	9.59991	0.767318	0.00134987
333	6.7712	9.61143	0.794846	0.00134342
334	6.82187	9.38595	0.803822	0.00134059
335	6.13519	9.61749	0.816969	0.00133739
336	5.09376	9.69839	0.749826	0.00134907
337	5.83404	9.29387	0.764741	0.00134506
338	6.18358	9.52557	0.837347	0.00132963
339	7.11063	12.3538	0.893123	0.00131783
340	5.67545	30.7358	0.86221	0.00132262
341	6.61374	9.94857	0.904933	0.0013133
342	5.29861	9.39639	0.917382	0.00130971
343	5.64451	9.86281	0.905736	0.00131076
344	6.79422	33.0384	0.95899	0.00129907
345	7.38587	9.70044	0.987279	0.00129236
346	6.702	12.3663	0.999966	0.00128889
347	5.56811	9.23973	0.984787	0.00129073
348	6.35594	9.45146	1.00339	0.00128605
349	5.72679	9.02339	1.00078	0.00128541
350	5.80485	9.33233	1.01172	0.00128212
351	6.25911	9.8496	1.06178	0.00127101
352	7.05422	9.76685	1.08982	0.00126425
353	5.98361	9.51004	1.1001	0.00126117
354	6.24793	9.30129	1.1185	0.00125635
355	5.89009	9.02626	1.13844	0.0012516
356	7.43129	9.60743	1.1687	0.00124471
357	7.00212	9.37043	1.21432	0.00123479
358	7.3577	9.22839	1.21182	0.00123434
359	6.74871	8.97368	1.28604	0.00121884
360	6.70405	9.45778	1.31395	0.00121235
361	6.43235	9.28547	1.35056	0.00120409
362	5.8544	9.49939	1.39402	0.00119413
363	6.58937	12.8084	1.43786	0.00118434
364	6.70837	9.06854	1.45334	0.00118022
365	6.20859	20.533	1.47316	0.00117504
366	4.98189	9.19372	1.45042	0.00117857
367	5.38242	9.01311	1.44196	0.00117909
368	6.41116	9.61757	1.45671	0.00117494
369	6.6139	9.63795	1.49048	0.00116737
370	6.1932	9.42011	1.52283	0.00116008
371	7.28226	9.62442	1.57389	0.00114908
372	6.10603	9.28014	1.60655	0.00114156
373	7.022	9.29789	1.65067	0.00113194
374	7.49378	37.2127	1.68462	0.00112444
375	5.69117	9.37012	1.69476	0.00112127
376	7.68756	9.33787	1.71215	0.00111698
377	6.31311	8.76261	1.7406	0.00111084
378	6.67749	9.42749	1.81033	0.00109628
379	5.07177	9.23839	1.73804	0.00110939
380	5.92034	9.14949	1.79414	0.00109748
381	6.42976	9.62064	1.7955	0.00109622
382	6.0736	9.84551	1.79827	0.00109465
383	7.0124	9.7169	1.84937	0.00108416
384	7.33457	9.21625	1.91756	0.00107048
385	6.29453	9.3217	1.97242	0.00105898
386	5.91978	9.41518	1.98649	0.00105511
387	6.36294	9.65733	1.99947	0.00105179
388	7.0354	9.51149	2.01921	0.00104737
389	7.39521	9.7594	2.0596	0.00103882
390	5.79207	9.52425	2.05978	0.00103781
391	7.33568	9.91406	2.09757	0.0010293
392	5.68999	9.48727	2.08644	0.00102996
393	6.88172	9.42022	2.10069	0.00102667
394	6.91803	9.33317	2.12688	0.00102115
395	6.12538	9.94718	2.13804	0.0010182
396	6.18801	9.31291	2.15115	0.00101504
397	5.9874	9.5041	2.17503	0.00100987
398	6.64438	9.40406	2.21858	0.00100075
399	5.8712	9.44693	2.25728	0.000991875
400	7.0351	9.70195	2.25559	0.000991269
401	6.73301	9.30261	2.28121	0.000984968
402	7.52106	9.39047	2.31185	0.000978123
403	7.29175	9.70885	2.32344	0.000975172
404	6.8319	9.35497	2.36276	0.000967243
405	6.59277	9.39209	2.38157	0.000962744
406	4.75113	13.2849	2.34854	0.000968179
407	7.30249	9.76122	2.36742	0.000963672
408	3.72999	33.6373	2.33432	0.000969117
409	6.03082	9.45708	2.34226	0.000966759
410	6.31801	9.41187	2.36147	0.00096243
411	6.44672	9.29555	2.39342	0.000954728
412	6.9571	9.66894	2.411	0.000949955
413	6.77978	9.4253	2.44829	0.000941924
414	4.13809	14.325	2.39711	0.000950858
415	5.61925	9.46905	2.39218	0.000950834
416	5.21288	9.26934	2.36602	0.000955317
417	6.4492	9.08561	2.39257	0.000948684
418	4.89307	9.18795	2.35207	0.000956231
419	5.74667	9.32258	2.32988	0.000959255
420	6.03003	9.1377	2.3352	0.000957763
421	5.99653	20.3679	2.3452	0.000954692
422	4.60746	9.36017	2.32124	0.000958681
423	5.98414	8.96937	2.3313	0.000955605
424	6.97618	26.6546	2.36653	0.000947564
425	7.05667	21.3628	2.38823	0.000942845
426	5.86866	8.95233	2.41298	0.000937236
427	5.43825	16.7778	2.37453	0.000943734
428	7.13545	9.32094	2.42279	0.000933755
429	5.86811	9.31906	2.43143	0.000931244
430	5.77415	9.28594	2.4365	0.000929111
431	5.41843	11.0486	2.38782	0.000937542
432	7.19901	9.26137	2.42303	0.000929975
433	5.51597	8.82921	2.40738	0.000931685
434	6.73995	9.00938	2.42472	0.000927699
435	6.56274	9.37771	2.43566	0.000925142
436	6.38838	9.32248	2.46483	0.000919419
437	6.78813	17.1443	2.483	0.000915197
438	6.5569	9.35289	2.49965	0.000911285
439	6.16426	8.94304	2.50793	0.000908899
440	5.79479	9.05805	2.51848	0.000905922
441	6.01277	9.20047	2.52079	0.00090444
442	6.8912	9.33808	2.57571	0.000892451
443	6.5268	9.326	2.64331	0.000879068
444	6.61351	37.4874	2.70682	0.000866332
445	7.22478	34.7654	2.71563	0.000864181
446	6.55968	9.36526	2.7382	0.000859332
447	7.15017	12.33	2.76973	0.000851993
448	5.49777	9.22016	2.73512	0.000858031
449	7.14693	15.256	2.75744	0.00085272
450	7.67011	9.10604	2.77455	0.000849163
451	6.04995	9.45466	2.80165	0.000843366
452	5.36566	9.61087	2.76231	0.000849885
453	6.45544	9.33613	2.77676	0.000846591
454	5.47728	9.27369	2.75015	0.00085059
455	6.31535	9.3961	2.7675	0.000846728
456	5.09834	9.21938	2.73852	0.000851201
457	7.33979	9.01878	2.77356	0.00084385
458	5.03143	11.1338	2.73464	0.00085039
459	5.69007	13.2472	2.72942	0.000849784
460	5.66482	9.28503	2.71442	0.000850868
461	7.10956	9.28007	2.74174	0.000845329
462	5.77245	9.352	2.75286	0.000842933
463	5.69041	8.97897	2.72557	0.00084677
464	7.60348	9.30473	2.74887	0.00084183
465	6.28585	12.897	2.77619	0.000835071
466	7.20584	12.6206	2.79195	0.000831066
467	6.96397	9.30967	2.83353	0.000822717
468	5.83831	16.7098	2.8337	0.000821881
469	5.29731	9.18333	2.82312	0.000823135
470	5.78306	10.8393	2.82145	0.000822667
471	6.33839	9.29205	2.87529	0.000811971
472	6.41822	9.44946	2.88442	0.00080969
473	7.46983	9.31978	2.9045	0.000805046
474	5.79809	9.12978	2.94786	0.000796615
475	6.67008	9.23756	2.97364	0.000790704
476	6.14283	9.26719	2.9771	0.000789091
477	6.62209	39.1098	2.98868	0.000786003
478	6.52901	9.02917	3.00249	0.000782182
479	6.5294	9.32082	3.02904	0.000776638
480	5.12893	9.32404	3.00286	0.000780339
481	6.52606	9.16446	3.02949	0.000775045
482	5.25913	9.28849	2.99582	0.000780116
483	6.37478	9.40562	3.02571	0.000774266
484	6.65351	9.30912	3.03622	0.000771797
485	6.43945	9.28636	3.04919	0.000768293
486	5.91949	9.62032	3.05928	0.00076581
487	6.82712	29.0482	3.07968	0.000761677
488	5.16186	8.63151	3.05124	0.000765892
489	7.49859	10.1217	3.06887	0.000762258
490	4.83072	9.06817	3.04038	0.000766479
491	6.46775	9.40183	3.05806	0.000762839
492	6.95099	9.26555	3.08609	0.000756811
493	6.66184	11.0533	3.1453	0.000745568
494	6.69813	9.17793	3.17038	0.000740661
495	5.20526	9.0606	3.13473	0.000746125
496	5.69589	9.62946	3.12436	0.0007471
497	6.77719	9.55226	3.14402	0.000743168
498	6.40536	9.12267	3.17142	0.000737651
499	5.48388	9.16454	3.1349	0.000743472
