pelvis_tilt.offset              	0.025585696	0.025658612	0.00010964437	
hip_flexion_r.offset            	0.069808993	0.06978972	0.00010383311	
knee_angle_r.offset             	0.0022006666	0.0022388667	0.00011340252	
ankle_angle_r.offset            	-0.054209591	-0.054421306	0.00014989753	
hip_flexion_l.offset            	-0.00032228142	-6.928933e-05	0.0002127065	
knee_angle_l.offset             	0.0546873	0.054402902	0.00016176237	
ankle_angle_l.offset            	0.1865687	0.18677245	0.00015441562	
stance_load_threshold           	0.14965979	0.14968271	0.00017025051	
S00111.tib_ant.KL               	1.2366131	1.2366741	0.0028852436	
S00111.tib_ant.L0               	0.76322024	0.76356896	0.00031069586	
S00111.tib_ant.KS               	0.000173	0.00016347768	8.7046188e-05	
S11000.tib_ant.KL               	1.2482357	1.2502097	0.0016269144	
S11000.tib_ant.L0               	0.73148737	0.73188993	0.00023450562	
S11000.tib_ant.KS               	0.035484192	0.03569131	0.00014433676	
S11111.tib_ant-soleus.KF        	-0.1118306	-0.11202502	0.00025104674	
S00111.soleus-tib_ant.KS        	-0.86054453	-0.86287893	0.0031168667	
S11000.soleus-tib_ant.KS        	-3.3076958	-3.3098194	0.0037639271	
S00111.gastroc-tib_ant.KS       	-0.3243845	-0.32382586	0.0022872958	
S11000.gastroc-tib_ant.KS       	-1.6168826	-1.6227331	0.0030510493	
S00111.tib_ant-gastroc.KS       	-0.00357534	-0.0037718128	0.017213834	
S11000.tib_ant-gastroc.KS       	-0.00366451	-0.0034581805	0.01682482	
S00111.tib_ant-soleus.KS        	-0.00313515	-0.0033160011	0.017670841	
S11000.tib_ant-soleus.KS        	-0.00313645	-0.0033235846	0.016920207	
S00111.gastroc.L0               	0.80970192	0.80817598	0.0012074	
S00111.gastroc.KS               	0.17518666	0.17379997	0.0011628774	
S00111.soleus.L0                	0.97568698	0.97618776	0.00072454068	
S00111.soleus.KS                	0.15794315	0.15628798	0.0018128889	
S11000.gastroc.KL               	0.00925153	0.0086924026	0.0017244715	
S11000.gastroc.L0               	0.51704154	0.51687414	0.0012884985	
S11000.gastroc.KF               	-1.7672334	-1.7673359	0.0030526187	
S11000.gastroc.KS               	0.26119806	0.2630131	0.0025880983	
S11000.soleus.KL                	0.8043226	0.80214964	0.0051224776	
S11000.soleus.L0                	0.91009243	0.90882766	0.0012055585	
S11000.soleus.KF                	-0.9098256	-0.90791091	0.0048926204	
S11000.soleus.KS                	0.1083994	0.1079463	0.0034942483	
S00011.vasti.KF                 	0.82379961	0.82326992	0.00066032022	
S00011.vasti.C0                 	0.083476308	0.083394819	0.00013956272	
S00011.vasti-knee_angle.pos_max 	-0.29982471	-0.30006249	0.00023109697	
S00011.hamstrings-pelvis_tilt.KP	0.72468925	0.72852454	0.0026271586	
S00011.hamstrings-pelvis_tilt.KV	0.56722195	0.56705127	0.00013604889	
S00011.hamstrings-pelvis_tilt.C0	0.026266191	0.026404139	0.00026286578	
S00011.glut_max-pelvis_tilt.KP  	1.4490453	1.4524154	0.0021754269	
S00011.glut_max-pelvis_tilt.KV  	0.31580698	0.31552916	0.00013355819	
S00011.glut_max-pelvis_tilt.C0  	0.15489747	0.15534699	0.00023179227	
S00011.iliopsoas-pelvis_tilt.KP 	-3.5741866	-3.5712336	0.0036716143	
S00011.iliopsoas-pelvis_tilt.KV 	-0.5490608	-0.54882236	0.00017045056	
S00011.iliopsoas-pelvis_tilt.C0 	0.3449802	0.3451805	0.00036415248	
S00100.iliopsoas.C0             	0.33139051	0.33177431	0.00020245918	
S00100.glut_max.C0              	-0.024250962	-0.024495049	0.00014607063	
S11000.iliopsoas.KL             	0.56179188	0.56160029	0.00016923054	
S11000.iliopsoas.L0             	0.39154943	0.39166184	0.00018648531	
S11000.iliopsoas-pelvis_tilt.P0 	-0.045889027	-0.045934851	0.00014627063	
S11000.iliopsoas-pelvis_tilt.KP 	0.011143901	0.011536296	0.00071653629	
S11000.iliopsoas-pelvis_tilt.KV 	0.1480382	0.14807433	0.00017311241	
S11000.iliopsoas-hamstrings.KL  	-8.4025276	-8.4095562	0.006350188	
S11000.iliopsoas-hamstrings.L0  	1.1706922	1.1706245	0.00014170534	
S11000.hamstrings.KF            	0.57934521	0.57935921	0.00013693018	
S11000.glut_max.KF              	0.62147453	0.62162928	0.00015093754	
