pelvis_tilt.offset              	0.019610584	0.020926934	0.0014223991	
hip_flexion_r.offset            	0.068662721	0.069255294	0.0013444586	
knee_angle_r.offset             	0.00084615365	0.00060701304	0.0014680999	
ankle_angle_r.offset            	-0.058549562	-0.056682178	0.0019185308	
hip_flexion_l.offset            	-0.0083617981	-0.0069868706	0.002726967	
knee_angle_l.offset             	0.060009894	0.057243874	0.0020967322	
ankle_angle_l.offset            	0.19024869	0.18799158	0.0020086548	
stance_load_threshold           	0.14843997	0.15198343	0.002206953	
S00111.tib_ant.KL               	1.2724014	1.249921	0.036616462	
S00111.tib_ant.L0               	0.75905729	0.76258224	0.0039260036	
S00111.tib_ant.KS               	0.000173	0.00016365483	0.0015923476	
S11000.tib_ant.KL               	1.1929681	1.1904128	0.020806803	
S11000.tib_ant.L0               	0.73978434	0.73865284	0.00303049	
S11000.tib_ant.KS               	0.035979514	0.035557624	0.0019444426	
S11111.tib_ant-soleus.KF        	-0.11468575	-0.11021565	0.0033046366	
S00111.soleus-tib_ant.KS        	-0.882823	-0.87684934	0.042212867	
S11000.soleus-tib_ant.KS        	-3.1746956	-3.2498085	0.048506934	
S00111.gastroc-tib_ant.KS       	-0.32171493	-0.33169909	0.036818105	
S11000.gastroc-tib_ant.KS       	-1.6605577	-1.6606892	0.0405803	
S00111.tib_ant-gastroc.KS       	-0.00357534	-0.0037895884	0.31509641	
S11000.tib_ant-gastroc.KS       	-0.00331551	-0.0035640697	0.30797582	
S00111.tib_ant-soleus.KS        	-0.00346517	-0.0033203125	0.32346275	
S11000.tib_ant-soleus.KS        	-0.00313645	-0.0032976514	0.30972211	
S00111.gastroc.KL               	0.08315732	0.077870199	0.039382359	
S00111.gastroc.L0               	0.81958312	0.83909454	0.016055525	
S00111.gastroc.KF               	1.41039	1.4110642	0.002047738	
S00111.soleus.KL                	4.0412021	4.0383453	0.035800343	
S00111.soleus.L0                	0.98065143	0.97991137	0.009246552	
S00111.soleus.KF                	0.22517253	0.22785947	0.0029659798	
S11000.gastroc.KL               	0.00925153	0.0085880262	0.031427505	
S11000.gastroc.L0               	0.52761542	0.52045843	0.016943499	
S11000.gastroc.KF               	-1.8039987	-1.8175198	0.039909161	
S11000.gastroc.KS               	0.25477088	0.26195483	0.037195501	
S11000.soleus.KL                	0.84260236	0.82278677	0.071310668	
S11000.soleus.L0                	0.91118059	0.90794477	0.015570552	
S11000.soleus.KF                	-0.94904841	-0.89548785	0.066232051	
S11000.soleus.KS                	0.1022613	0.1075615	0.058352693	
S00011.vasti.KF                 	0.80704704	0.816892	0.0087144668	
S00011.vasti.C0                 	0.085723162	0.084076603	0.0019690181	
S00011.vasti-knee_angle.pos_max 	-0.30561742	-0.30570667	0.0030048144	
S00011.hamstrings-pelvis_tilt.KP	0.70849615	0.70114492	0.034726555	
S00011.hamstrings-pelvis_tilt.KV	0.56273852	0.56600133	0.0017534422	
S00011.hamstrings-pelvis_tilt.C0	0.02778807	0.025988737	0.0038624379	
S00011.glut_max-pelvis_tilt.KP  	1.5153573	1.49337	0.028420403	
S00011.glut_max-pelvis_tilt.KV  	0.31681324	0.31298041	0.0017796167	
S00011.glut_max-pelvis_tilt.C0  	0.16097263	0.16059182	0.0029958244	
S00011.iliopsoas-pelvis_tilt.KP 	-3.4979109	-3.5105752	0.047922899	
S00011.iliopsoas-pelvis_tilt.KV 	-0.54520488	-0.54323051	0.0021826625	
S00011.iliopsoas-pelvis_tilt.C0 	0.33258855	0.32981584	0.004716074	
S00100.iliopsoas.C0             	0.3378383	0.33743979	0.0025802205	
S00100.glut_max.C0              	-0.025725768	-0.024497484	0.0019998686	
S11000.iliopsoas.KL             	0.55537096	0.56096736	0.0022090502	
S11000.iliopsoas.L0             	0.39148435	0.39172607	0.0024516963	
S11000.iliopsoas-pelvis_tilt.P0 	-0.04199752	-0.044269326	0.0019792237	
S11000.iliopsoas-pelvis_tilt.KP 	0.01082572	0.011322465	0.012651037	
S11000.iliopsoas-pelvis_tilt.KV 	0.14695812	0.14492406	0.0022710022	
S11000.iliopsoas-hamstrings.KL  	-8.1959181	-8.2575685	0.080352424	
S11000.iliopsoas-hamstrings.L0  	1.1673381	1.1655778	0.0018363139	
S11000.hamstrings.KF            	0.57388258	0.57498449	0.0017660495	
S11000.glut_max.KF              	0.62158905	0.62090933	0.0020046178	
