pelvis_tilt.offset              	0.021954384	0.022726405	0.00091975047	
hip_flexion_r.offset            	0.069817259	0.070754962	0.0008662547	
knee_angle_r.offset             	0.0008121248	0.00052057878	0.00094411483	
ankle_angle_r.offset            	-0.056939618	-0.058935535	0.001230705	
hip_flexion_l.offset            	-0.0051632007	-0.0072739771	0.0017633213	
knee_angle_l.offset             	0.059757437	0.058309484	0.0013593491	
ankle_angle_l.offset            	0.18792619	0.18726975	0.0012995314	
stance_load_threshold           	0.14816898	0.14706278	0.0014382955	
S00111.tib_ant.KL               	1.2957457	1.2652786	0.023428423	
S00111.tib_ant.L0               	0.7531074	0.75312109	0.0025695131	
S00111.tib_ant.KS               	0.00015652	0.00016384617	0.00098413683	
S11000.tib_ant.KL               	1.2133116	1.2164923	0.013473997	
S11000.tib_ant.L0               	0.7335352	0.73005613	0.0019857352	
S11000.tib_ant.KS               	0.036813801	0.03564901	0.0012288779	
S11111.tib_ant-soleus.KF        	-0.11110053	-0.10972635	0.0021326931	
S00111.soleus-tib_ant.KS        	-0.88418101	-0.86665493	0.026791575	
S11000.soleus-tib_ant.KS        	-3.2537812	-3.2177733	0.031425468	
S00111.gastroc-tib_ant.KS       	-0.32171493	-0.3220556	0.022792229	
S11000.gastroc-tib_ant.KS       	-1.6262371	-1.670907	0.026116619	
S00111.tib_ant-gastroc.KS       	-0.00357534	-0.0038391259	0.19474224	
S11000.tib_ant-gastroc.KS       	-0.00366451	-0.0035743729	0.19034143	
S00111.tib_ant-soleus.KS        	-0.00346517	-0.0032508488	0.19991297	
S11000.tib_ant-soleus.KS        	-0.0034666	-0.0032808633	0.19142071	
S00111.gastroc.KL               	0.08315732	0.07799846	0.024356938	
S00111.gastroc.L0               	0.83152929	0.82252988	0.010356552	
S00111.gastroc.KF               	1.4113769	1.4112526	0.0013221017	
S00111.soleus.KL                	4.0212979	4.0544962	0.023123284	
S00111.soleus.L0                	0.98973933	0.99287448	0.0059968845	
S00111.soleus.KF                	0.23153313	0.2315286	0.0019543494	
S11000.gastroc.KL               	0.00925153	0.0088641403	0.019423767	
S11000.gastroc.L0               	0.50496794	0.52804915	0.010877163	
S11000.gastroc.KF               	-1.8461472	-1.8084075	0.025518215	
S11000.gastroc.KS               	0.25231886	0.25887958	0.02316069	
S11000.soleus.KL                	0.83228484	0.81813431	0.044690209	
S11000.soleus.L0                	0.88603221	0.90165051	0.010056758	
S11000.soleus.KF                	-0.91306592	-0.9078189	0.041729521	
S11000.soleus.KS                	0.11302564	0.10901888	0.036086477	
S00011.vasti.KF                 	0.82407453	0.82052462	0.0055901417	
S00011.vasti.C0                 	0.082862117	0.082395035	0.0012563022	
S00011.vasti-knee_angle.pos_max 	-0.3061778	-0.3077238	0.0019456976	
S00011.hamstrings-pelvis_tilt.KP	0.69951654	0.69318384	0.022067937	
S00011.hamstrings-pelvis_tilt.KV	0.56305213	0.56151245	0.0011627115	
S00011.hamstrings-pelvis_tilt.C0	0.027450613	0.027034391	0.0024046967	
S00011.glut_max-pelvis_tilt.KP  	1.53633	1.5239882	0.018386221	
S00011.glut_max-pelvis_tilt.KV  	0.31498443	0.31410644	0.0011558057	
S00011.glut_max-pelvis_tilt.C0  	0.15912845	0.16139574	0.001940039	
S00011.iliopsoas-pelvis_tilt.KP 	-3.5593976	-3.5855684	0.031041053	
S00011.iliopsoas-pelvis_tilt.KV 	-0.54261995	-0.54303639	0.0014128146	
S00011.iliopsoas-pelvis_tilt.C0 	0.32700135	0.33234653	0.0030492294	
S00100.iliopsoas.C0             	0.33737774	0.33553549	0.0016637147	
S00100.glut_max.C0              	-0.025276931	-0.024412177	0.0012550461	
S11000.iliopsoas.KL             	0.56395547	0.56347192	0.0014324125	
S11000.iliopsoas.L0             	0.39009761	0.3913753	0.0015855245	
S11000.iliopsoas-pelvis_tilt.P0 	-0.042785124	-0.043449067	0.0012623972	
S11000.iliopsoas-pelvis_tilt.KP 	0.01196527	0.011480955	0.0078200389	
S11000.iliopsoas-pelvis_tilt.KV 	0.14886649	0.15006495	0.0014859843	
S11000.iliopsoas-hamstrings.KL  	-8.2859682	-8.31425	0.05212278	
S11000.iliopsoas-hamstrings.L0  	1.168605	1.1675907	0.0011831961	
S11000.hamstrings.KF            	0.57286452	0.57300432	0.0011435483	
S11000.glut_max.KF              	0.62057469	0.61905988	0.0013091359	
