pelvis_tilt.offset              	0.023941076	0.024365042	0.00032451208	
hip_flexion_r.offset            	0.071005076	0.070625603	0.00030542542	
knee_angle_r.offset             	0.0010499755	0.0011781039	0.00033125832	
ankle_angle_r.offset            	-0.056551928	-0.056930299	0.00043076544	
hip_flexion_l.offset            	-0.0089230944	-0.008148502	0.00061644632	
knee_angle_l.offset             	0.057264676	0.05695078	0.00047627512	
ankle_angle_l.offset            	0.18858495	0.18834439	0.00045191852	
stance_load_threshold           	0.14638713	0.1469011	0.00050225067	
S00111.tib_ant.KL               	1.2583005	1.2425427	0.0081294315	
S00111.tib_ant.L0               	0.75491046	0.75426676	0.0009008884	
S00111.tib_ant.KS               	0.00015652	0.00016088643	0.00031395669	
S11000.tib_ant.KL               	1.217842	1.2274537	0.004686048	
S11000.tib_ant.L0               	0.72862007	0.72951455	0.00070161485	
S11000.tib_ant.KS               	0.036844663	0.036690129	0.00042597878	
S11111.tib_ant-soleus.KF        	-0.11007209	-0.108357	0.00074538373	
S00111.soleus-tib_ant.KS        	-0.87030504	-0.85479162	0.0092690446	
S11000.soleus-tib_ant.KS        	-3.1562404	-3.1687554	0.011098424	
S00111.gastroc-tib_ant.KS       	-0.32171493	-0.32267858	0.0072885926	
S11000.gastroc-tib_ant.KS       	-1.725588	-1.7283062	0.0092087344	
S00111.tib_ant-gastroc.KS       	-0.00357534	-0.003785866	0.062124374	
S11000.tib_ant-gastroc.KS       	-0.00331551	-0.0035072509	0.060720478	
S00111.tib_ant-soleus.KS        	-0.00346517	-0.0033868636	0.063773874	
S11000.tib_ant-soleus.KS        	-0.00313645	-0.003350214	0.061064773	
S00111.gastroc.KL               	0.07523758	0.08039442	0.0078280191	
S00111.gastroc.L0               	0.80693421	0.81492793	0.0035906482	
S00111.gastroc.KF               	1.410021	1.4108117	0.00046097071	
S00111.soleus.KL                	4.0661834	4.0635273	0.0081301377	
S00111.soleus.L0                	0.99104459	0.99105841	0.0021260974	
S00111.soleus.KF                	0.23694713	0.23704711	0.00070603591	
S11000.gastroc.KL               	0.00837043	0.0089041849	0.0061976087	
S11000.gastroc.L0               	0.51450963	0.51289109	0.0038649475	
S11000.gastroc.KF               	-1.8519634	-1.8401914	0.0089606251	
S11000.gastroc.KS               	0.26061523	0.2558074	0.0078030597	
S11000.soleus.KL                	0.78503536	0.77735049	0.015139428	
S11000.soleus.L0                	0.89775602	0.89665634	0.0034862871	
S11000.soleus.KF                	-0.91338015	-0.89847936	0.014262837	
S11000.soleus.KS                	0.1022613	0.1085047	0.011598183	
S00011.vasti.KF                 	0.81998886	0.81798291	0.0019298193	
S00011.vasti.C0                 	0.082893229	0.08188874	0.00043298305	
S00011.vasti-knee_angle.pos_max 	-0.30782855	-0.30763961	0.00068152859	
S00011.hamstrings-pelvis_tilt.KP	0.7198464	0.72503019	0.0076626312	
S00011.hamstrings-pelvis_tilt.KV	0.56174499	0.56187772	0.0004027657	
S00011.hamstrings-pelvis_tilt.C0	0.025744713	0.026091195	0.00080281535	
S00011.glut_max-pelvis_tilt.KP  	1.5244566	1.5318843	0.0064365385	
S00011.glut_max-pelvis_tilt.KV  	0.31279802	0.3126093	0.00040501525	
S00011.glut_max-pelvis_tilt.C0  	0.16201182	0.16117912	0.000674309	
S00011.iliopsoas-pelvis_tilt.KP 	-3.5944366	-3.5950336	0.011082494	
S00011.iliopsoas-pelvis_tilt.KV 	-0.54414847	-0.54443355	0.00049416523	
S00011.iliopsoas-pelvis_tilt.C0 	0.3307866	0.33183607	0.0010830711	
S00100.iliopsoas.C0             	0.33363829	0.33479545	0.00057961908	
S00100.glut_max.C0              	-0.02509349	-0.025049683	0.00042719429	
S11000.iliopsoas.KL             	0.56713781	0.566358	0.00051265329	
S11000.iliopsoas.L0             	0.39037734	0.38932076	0.00056327522	
S11000.iliopsoas-pelvis_tilt.P0 	-0.045213065	-0.044748865	0.00044435038	
S11000.iliopsoas-pelvis_tilt.KP 	0.01082572	0.011397641	0.0024998465	
S11000.iliopsoas-pelvis_tilt.KV 	0.14910656	0.14934939	0.00051945632	
S11000.iliopsoas-hamstrings.KL  	-8.2477505	-8.2431665	0.018455448	
S11000.iliopsoas-hamstrings.L0  	1.1674319	1.1674233	0.00041174377	
S11000.hamstrings.KF            	0.57358323	0.57362005	0.00039598963	
S11000.glut_max.KF              	0.61728745	0.61749833	0.00046260831	
