pelvis_tilt.offset              	0.024230479	0.024213619	0.00013867018	
hip_flexion_r.offset            	0.070552673	0.070492857	0.00012755308	
knee_angle_r.offset             	0.0016945089	0.0016577062	0.00014133805	
ankle_angle_r.offset            	-0.056428672	-0.056544299	0.00018062591	
hip_flexion_l.offset            	-0.005830096	-0.0062850401	0.00026489055	
knee_angle_l.offset             	0.057683619	0.057517239	0.00019892093	
ankle_angle_l.offset            	0.188483	0.18874019	0.00019619724	
stance_load_threshold           	0.146489	0.14646361	0.00021302814	
S00111.tib_ant.KL               	1.2527341	1.2525512	0.0034723306	
S00111.tib_ant.L0               	0.75596155	0.75621509	0.00037983773	
S00111.tib_ant.KS               	0.000173	0.00016349625	0.00011378559	
S11000.tib_ant.KL               	1.2297544	1.2285711	0.0019890144	
S11000.tib_ant.L0               	0.72791942	0.72870949	0.0002979035	
S11000.tib_ant.KS               	0.036745353	0.036884923	0.00017818621	
S11111.tib_ant-soleus.KF        	-0.11101846	-0.11094163	0.00031952367	
S00111.soleus-tib_ant.KS        	-0.88447084	-0.88317865	0.003960067	
S11000.soleus-tib_ant.KS        	-3.1568019	-3.1583828	0.0047338508	
S00111.gastroc-tib_ant.KS       	-0.32171493	-0.3222729	0.0026594744	
S11000.gastroc-tib_ant.KS       	-1.7050074	-1.7084335	0.0038980952	
S00111.tib_ant-gastroc.KS       	-0.00357534	-0.0037532297	0.022509082	
S11000.tib_ant-gastroc.KS       	-0.00366451	-0.0035054755	0.022000411	
S00111.tib_ant-soleus.KS        	-0.00313515	-0.0032739047	0.023106707	
S11000.tib_ant-soleus.KS        	-0.00313645	-0.0033692697	0.022125147	
S00111.gastroc.KL               	0.079529415	0.081549622	0.0029796393	
S00111.gastroc.L0               	0.80338627	0.80471447	0.0015426265	
S00111.gastroc.KF               	1.4109869	1.4109	0.00019776797	
S00111.soleus.KL                	4.0637709	4.063241	0.0034480303	
S00111.soleus.L0                	0.98539449	0.98561916	0.00089816165	
S00111.soleus.KF                	0.23585074	0.23544225	0.00029861516	
S11000.gastroc.KL               	0.00837043	0.0088543278	0.0022497497	
S11000.gastroc.L0               	0.50391618	0.50237566	0.0016369651	
S11000.gastroc.KF               	-1.8246271	-1.8259174	0.0038237686	
S11000.gastroc.KS               	0.25700889	0.25656741	0.0031281547	
S11000.soleus.KL                	0.78892915	0.80465387	0.0063317011	
S11000.soleus.L0                	0.90026398	0.89777934	0.0014682556	
S11000.soleus.KF                	-0.90519769	-0.90838172	0.0060311149	
S11000.soleus.KS                	0.10430668	0.10910195	0.0043986869	
S00011.vasti.KF                 	0.82103738	0.82089913	0.00080250941	
S00011.vasti.C0                 	0.080530468	0.080746847	0.0001823703	
S00011.vasti-knee_angle.pos_max 	-0.30546888	-0.30542869	0.0002940665	
S00011.hamstrings-pelvis_tilt.KP	0.72696804	0.72746352	0.0032616391	
S00011.hamstrings-pelvis_tilt.KV	0.5631511	0.5633443	0.00017369364	
S00011.hamstrings-pelvis_tilt.C0	0.025550908	0.025711184	0.00033306191	
S00011.glut_max-pelvis_tilt.KP  	1.5276826	1.5325829	0.002658115	
S00011.glut_max-pelvis_tilt.KV  	0.31292208	0.3128197	0.0001737157	
S00011.glut_max-pelvis_tilt.C0  	0.16064129	0.16045805	0.00028248791	
S00011.iliopsoas-pelvis_tilt.KP 	-3.6302437	-3.6316342	0.0047392068	
S00011.iliopsoas-pelvis_tilt.KV 	-0.54548669	-0.54546326	0.00021118931	
S00011.iliopsoas-pelvis_tilt.C0 	0.33026267	0.3298273	0.00045891587	
S00100.iliopsoas.C0             	0.33504762	0.33488609	0.00024279495	
S00100.glut_max.C0              	-0.023773104	-0.023914267	0.00017976806	
S11000.iliopsoas.KL             	0.56692957	0.56701743	0.00021604665	
S11000.iliopsoas.L0             	0.39110423	0.39113755	0.00024269869	
S11000.iliopsoas-pelvis_tilt.P0 	-0.045165539	-0.045093264	0.00018996527	
S11000.iliopsoas-pelvis_tilt.KP 	0.01196527	0.011661576	0.00092062218	
S11000.iliopsoas-pelvis_tilt.KV 	0.15035197	0.15040917	0.00022245248	
S11000.iliopsoas-hamstrings.KL  	-8.259899	-8.2636373	0.0078887839	
S11000.iliopsoas-hamstrings.L0  	1.1670834	1.1673304	0.00017212034	
S11000.hamstrings.KF            	0.57356049	0.57354884	0.00016773076	
S11000.glut_max.KF              	0.61795787	0.61804765	0.00019320304	
