pelvis_tilt.offset              	0.023944355	0.023940113	1.051531e-05	
hip_flexion_r.offset            	0.070547189	0.070553708	1.0096353e-05	
knee_angle_r.offset             	0.0018705264	0.0018584645	1.0739401e-05	
ankle_angle_r.offset            	-0.056052146	-0.056055197	1.3861366e-05	
hip_flexion_l.offset            	-0.004693722	-0.0046868128	2.1042067e-05	
knee_angle_l.offset             	0.057580797	0.05756599	1.4909773e-05	
ankle_angle_l.offset            	0.18901654	0.18899856	1.5428609e-05	
stance_load_threshold           	0.14635065	0.14631302	1.6109552e-05	
S00111.tib_ant.KL               	1.2470412	1.2472533	0.00026692788	
S00111.tib_ant.L0               	0.75586727	0.75583517	2.9036259e-05	
S00111.tib_ant.KS               	0.00016629442	0.00016489847	4.2091409e-06	
S11000.tib_ant.KL               	1.2385804	1.2385196	0.0001532184	
S11000.tib_ant.L0               	0.72662326	0.7266257	2.4510467e-05	
S11000.tib_ant.KS               	0.036319629	0.036317336	1.3458039e-05	
S11111.tib_ant-soleus.KF        	-0.11280774	-0.11282286	2.548993e-05	
S00111.soleus-tib_ant.KS        	-0.89111531	-0.89101357	0.00028258866	
S11000.soleus-tib_ant.KS        	-3.1345973	-3.1345654	0.00037785367	
S00111.gastroc-tib_ant.KS       	-0.32189005	-0.32203138	0.00015064769	
S11000.gastroc-tib_ant.KS       	-1.7119605	-1.7122271	0.00028888152	
S00111.tib_ant-gastroc.KS       	-0.00395169	-0.0037172237	0.00069135667	
S11000.tib_ant-gastroc.KS       	-0.00331551	-0.0034740351	0.00067519501	
S00111.tib_ant-soleus.KS        	-0.0032597682	-0.003305322	0.00070834812	
S11000.tib_ant-soleus.KS        	-0.00313645	-0.0033727105	0.00067874456	
S00111.gastroc.KL               	0.078837809	0.078709768	0.00021650395	
S00111.gastroc.L0               	0.79707823	0.79714641	0.00011265301	
S00111.gastroc.KF               	1.4110644	1.4110733	1.4987965e-05	
S00111.soleus.KL                	4.0552178	4.0553333	0.00025330097	
S00111.soleus.L0                	0.98194122	0.98191548	6.4305196e-05	
S00111.soleus.KF                	0.23529074	0.23527197	2.2799893e-05	
S11000.gastroc.KL               	0.0087453056	0.0087919208	0.00010371081	
S11000.gastroc.L0               	0.4982689	0.49808356	0.00012057565	
S11000.gastroc.KF               	-1.8143203	-1.8141333	0.00028969469	
S11000.gastroc.KS               	0.26945825	0.26926522	0.00023602072	
S11000.soleus.KL                	0.80623115	0.80626411	0.0004838083	
S11000.soleus.L0                	0.90203118	0.90194475	0.00011211191	
S11000.soleus.KF                	-0.88018614	-0.87962827	0.00046308369	
S11000.soleus.KS                	0.10870219	0.10920349	0.00031469885	
S00011.vasti.KF                 	0.81789299	0.81786607	5.9954737e-05	
S00011.vasti.C0                 	0.080966744	0.080953639	1.3773499e-05	
S00011.vasti-knee_angle.pos_max 	-0.30498775	-0.30499703	2.1339932e-05	
S00011.hamstrings-pelvis_tilt.KP	0.73897196	0.73882535	0.0002504172	
S00011.hamstrings-pelvis_tilt.KV	0.5641423	0.56412375	1.3689078e-05	
S00011.hamstrings-pelvis_tilt.C0	0.025222775	0.025214015	2.2109082e-05	
S00011.glut_max-pelvis_tilt.KP  	1.534458	1.5346813	0.00020127872	
S00011.glut_max-pelvis_tilt.KV  	0.31307084	0.31306871	1.2774926e-05	
S00011.glut_max-pelvis_tilt.C0  	0.15995657	0.15996412	2.0882983e-05	
S00011.iliopsoas-pelvis_tilt.KP 	-3.6544194	-3.6546208	0.00036137575	
S00011.iliopsoas-pelvis_tilt.KV 	-0.54552297	-0.54548684	1.6036349e-05	
S00011.iliopsoas-pelvis_tilt.C0 	0.33005265	0.33009143	3.34199e-05	
S00100.iliopsoas.C0             	0.33380864	0.33383547	1.8374511e-05	
S00100.glut_max.C0              	-0.023491491	-0.023502995	1.2888196e-05	
S11000.iliopsoas.KL             	0.56729438	0.56729823	1.6285622e-05	
S11000.iliopsoas.L0             	0.39130068	0.39129017	1.8057363e-05	
S11000.iliopsoas-pelvis_tilt.P0 	-0.046182161	-0.046178912	1.4623803e-05	
S11000.iliopsoas-pelvis_tilt.KP 	0.010924501	0.010987739	5.8148599e-05	
S11000.iliopsoas-pelvis_tilt.KV 	0.15129047	0.15127608	1.7733603e-05	
S11000.iliopsoas-hamstrings.KL  	-8.2485203	-8.2484794	0.00058560576	
S11000.iliopsoas-hamstrings.L0  	1.1667654	1.1667618	1.3140003e-05	
S11000.hamstrings.KF            	0.57362589	0.57362109	1.2690622e-05	
S11000.glut_max.KF              	0.61842612	0.61842471	1.5068393e-05	
