pelvis_tilt.offset              	0.02360532	0.023186164	0.00065643305	
hip_flexion_r.offset            	0.069973121	0.069557117	0.00062536529	
knee_angle_r.offset             	0.0021941468	0.0022386187	0.00068290716	
ankle_angle_r.offset            	-0.057073891	-0.057122101	0.00088553468	
hip_flexion_l.offset            	-0.0069187053	-0.0078800428	0.0012545174	
knee_angle_l.offset             	0.055495418	0.055015277	0.00096784456	
ankle_angle_l.offset            	0.19048037	0.18939757	0.00092155582	
stance_load_threshold           	0.15048445	0.15135821	0.0010129086	
S00111.tib_ant.KL               	1.2630711	1.2560147	0.016769213	
S00111.tib_ant.L0               	0.75894305	0.76091495	0.0018131644	
S00111.tib_ant.KS               	0.00015652	0.00016011513	0.00068416436	
S11000.tib_ant.KL               	1.247265	1.2295656	0.0096619666	
S11000.tib_ant.L0               	0.73631427	0.73546047	0.0014020626	
S11000.tib_ant.KS               	0.034977863	0.034934734	0.00087552102	
S11111.tib_ant-soleus.KF        	-0.1118899	-0.11165418	0.00151151	
S00111.soleus-tib_ant.KS        	-0.84248799	-0.85013026	0.019060144	
S11000.soleus-tib_ant.KS        	-3.2435024	-3.2755115	0.022163829	
S00111.gastroc-tib_ant.KS       	-0.3411369	-0.33527938	0.016184565	
S11000.gastroc-tib_ant.KS       	-1.6917295	-1.6816583	0.018677132	
S00111.tib_ant-gastroc.KS       	-0.00357534	-0.0036107884	0.13538286	
S11000.tib_ant-gastroc.KS       	-0.00366451	-0.0034557771	0.13232346	
S00111.tib_ant-soleus.KS        	-0.00346517	-0.003367839	0.1389775	
S11000.tib_ant-soleus.KS        	-0.00313645	-0.0032580789	0.13307376	
S00111.gastroc.KL               	0.08315732	0.081593338	0.016953561	
S00111.gastroc.L0               	0.83682447	0.84234136	0.0073887837	
S00111.gastroc.KF               	1.4099951	1.4097073	0.0009412786	
S00111.gastroc.KS               	0.1646383	0.16621347	0.0080104721	
S00111.soleus.KL                	4.1269389	4.1251172	0.016846096	
S00111.soleus.L0                	0.97102984	0.97070041	0.0041994224	
S00111.soleus.KF                	0.2245463	0.2242662	0.0013738846	
S00111.soleus.KS                	0.16111796	0.15575626	0.011575988	
S11000.gastroc.L0               	0.5187115	0.51994204	0.0077230856	
S11000.gastroc.KF               	-1.7859592	-1.7619276	0.018568853	
S11000.gastroc.KS               	0.27638672	0.26667213	0.016241488	
S11000.soleus.L0                	0.8989172	0.89170132	0.0071322721	
S11000.soleus.KF                	-0.92067866	-0.92330775	0.029489827	
S11000.soleus.KS                	0.1022613	0.10562341	0.025110395	
S00011.vasti.KF                 	0.82638326	0.82483463	0.0040004138	
S00011.vasti.C0                 	0.081035668	0.080874388	0.00089215778	
S00011.vasti-knee_angle.pos_max 	-0.30699318	-0.30704133	0.0013811913	
S00011.hamstrings-pelvis_tilt.KP	0.68231305	0.68736042	0.015723201	
S00011.hamstrings-pelvis_tilt.KV	0.56815858	0.5682175	0.00080615616	
S00011.hamstrings-pelvis_tilt.C0	0.02778807	0.026241089	0.001685265	
S00011.glut_max-pelvis_tilt.KP  	1.5217798	1.5056657	0.013023017	
S00011.glut_max-pelvis_tilt.KV  	0.31233635	0.31186059	0.00082024984	
S00011.glut_max-pelvis_tilt.C0  	0.16340921	0.16314241	0.0013852144	
S00011.iliopsoas-pelvis_tilt.KP 	-3.4850319	-3.5122645	0.022276937	
S00011.iliopsoas-pelvis_tilt.KV 	-0.54488734	-0.5444373	0.0010046665	
S00011.iliopsoas-pelvis_tilt.C0 	0.32845971	0.33327145	0.0021613533	
S00100.iliopsoas.C0             	0.33622092	0.33483466	0.001191662	
S00100.glut_max.C0              	-0.02437635	-0.024888635	0.00089050299	
S11000.iliopsoas.KL             	0.56073074	0.56150969	0.0010195554	
S11000.iliopsoas.L0             	0.38985355	0.38831076	0.0011418696	
S11000.iliopsoas-pelvis_tilt.P0 	-0.043163057	-0.043679824	0.00089775736	
S11000.iliopsoas-pelvis_tilt.KP 	0.01196527	0.010966019	0.0054377894	
S11000.iliopsoas-pelvis_tilt.KV 	0.14278088	0.14420703	0.0010462376	
S11000.iliopsoas-hamstrings.KL  	-8.3209143	-8.3712847	0.037301562	
S11000.iliopsoas-hamstrings.L0  	1.1626387	1.1624557	0.00084266746	
S11000.hamstrings.KF            	0.57573689	0.5765004	0.00081628022	
S11000.glut_max.KF              	0.62137427	0.62314484	0.0009224212	
