pelvis_tilt.offset              	0.023547304	0.023074754	0.00050971498	
hip_flexion_r.offset            	0.069502061	0.069700012	0.00049074066	
knee_angle_r.offset             	0.0010520988	0.00094679263	0.00053240174	
ankle_angle_r.offset            	-0.056514923	-0.057349446	0.00068567294	
hip_flexion_l.offset            	-0.0069170397	-0.0072167436	0.00097746436	
knee_angle_l.offset             	0.053903449	0.054597693	0.00074910899	
ankle_angle_l.offset            	0.18978047	0.18845146	0.00071669514	
stance_load_threshold           	0.15172126	0.15252834	0.00078739011	
S00111.tib_ant.KL               	1.2846272	1.2731435	0.013031254	
S00111.tib_ant.L0               	0.76093552	0.76061696	0.0014027947	
S00111.tib_ant.KS               	0.000173	0.00016379019	0.00051015189	
S11000.tib_ant.KL               	1.2246656	1.2269755	0.0076226994	
S11000.tib_ant.L0               	0.73261652	0.73438598	0.0010849944	
S11000.tib_ant.KS               	0.036033993	0.036193115	0.00067683254	
S11111.tib_ant-soleus.KF        	-0.11066381	-0.11137059	0.0011654696	
S00111.soleus-tib_ant.KS        	-0.89402901	-0.87421028	0.014725219	
S11000.soleus-tib_ant.KS        	-3.2567789	-3.2483177	0.017248241	
S00111.gastroc-tib_ant.KS       	-0.35557966	-0.3510746	0.012303835	
S11000.gastroc-tib_ant.KS       	-1.7057412	-1.6978279	0.014475873	
S00111.tib_ant-gastroc.KS       	-0.00395169	-0.00381502	0.10094836	
S11000.tib_ant-gastroc.KS       	-0.00331551	-0.003411466	0.098667111	
S00111.tib_ant-soleus.KS        	-0.00346517	-0.0032452715	0.1036287	
S11000.tib_ant-soleus.KS        	-0.00313645	-0.003318928	0.099226572	
S00111.gastroc.KL               	0.08315732	0.079236635	0.01267376	
S00111.gastroc.L0               	0.83252901	0.84395234	0.0057365068	
S00111.gastroc.KF               	1.4107982	1.412137	0.00073179795	
S00111.gastroc.KS               	0.17335274	0.1706611	0.0060781084	
S00111.soleus.KL                	4.1151373	4.1165125	0.013021558	
S00111.soleus.L0                	0.96619449	0.96892758	0.00321908	
S00111.soleus.KF                	0.22371071	0.22597033	0.0010638821	
S00111.soleus.KS                	0.16266368	0.15859399	0.0087637037	
S11000.gastroc.L0               	0.51121708	0.51248949	0.0060085045	
S11000.gastroc.KF               	-1.8087191	-1.797241	0.014450202	
S11000.gastroc.KS               	0.25818487	0.26860068	0.012360418	
S11000.soleus.L0                	0.87417273	0.88456928	0.0055407084	
S11000.soleus.KF                	-0.86753488	-0.88728019	0.022756421	
S11000.soleus.KS                	0.11302564	0.10644981	0.018768088	
S00011.vasti.KF                 	0.8256289	0.82128645	0.0030926193	
S00011.vasti.C0                 	0.08191022	0.081970213	0.00068388502	
S00011.vasti-knee_angle.pos_max 	-0.30401026	-0.30498524	0.0010906564	
S00011.hamstrings-pelvis_tilt.KP	0.68757757	0.678062	0.012075899	
S00011.hamstrings-pelvis_tilt.KV	0.56849	0.56823305	0.00062679576	
S00011.hamstrings-pelvis_tilt.C0	0.026252153	0.026674811	0.0012783506	
S00011.glut_max-pelvis_tilt.KP  	1.4865578	1.501838	0.010080974	
S00011.glut_max-pelvis_tilt.KV  	0.31235495	0.31277	0.00063591764	
S00011.glut_max-pelvis_tilt.C0  	0.16172864	0.16078477	0.0010784077	
S00011.iliopsoas-pelvis_tilt.KP 	-3.5195781	-3.5337989	0.017253029	
S00011.iliopsoas-pelvis_tilt.KV 	-0.54400142	-0.54494354	0.00077648374	
S00011.iliopsoas-pelvis_tilt.C0 	0.32676705	0.3257763	0.0017220493	
S00100.iliopsoas.C0             	0.33508829	0.33538977	0.0009212524	
S00100.glut_max.C0              	-0.024489343	-0.024730556	0.00068681161	
S11000.iliopsoas.KL             	0.56035257	0.56032966	0.00079418962	
S11000.iliopsoas.L0             	0.38753946	0.38813149	0.00088347335	
S11000.iliopsoas-pelvis_tilt.P0 	-0.045309493	-0.04479845	0.00069654062	
S11000.iliopsoas-pelvis_tilt.KP 	0.01082572	0.011338832	0.0040572075	
S11000.iliopsoas-pelvis_tilt.KV 	0.14533029	0.14559585	0.00081525241	
S11000.iliopsoas-hamstrings.KL  	-8.3374374	-8.3392285	0.0288649	
S11000.iliopsoas-hamstrings.L0  	1.1620589	1.163095	0.00064773537	
S11000.hamstrings.KF            	0.57731411	0.57651809	0.00063093988	
S11000.glut_max.KF              	0.62024546	0.62246268	0.00071351817	
