pelvis_tilt.offset              	0.026598622	0.026447187	0.0011087978	
hip_flexion_r.offset            	0.070098618	0.070054817	0.0010174453	
knee_angle_r.offset             	0.0056944433	0.0050511711	0.0011271332	
ankle_angle_r.offset            	-0.056191	-0.054283878	0.0014628076	
hip_flexion_l.offset            	-0.0083592128	-0.0061889085	0.0020555065	
knee_angle_l.offset             	0.057362396	0.057393178	0.0015953317	
ankle_angle_l.offset            	0.18755507	0.18704078	0.0015288025	
stance_load_threshold           	0.14927517	0.14929125	0.0016820473	
S00111.tib_ant.KL               	1.1987752	1.2155177	0.02785531	
S00111.tib_ant.L0               	0.75707091	0.75735615	0.0029938325	
S00111.tib_ant.KS               	0.00015652	0.00016535509	0.0011714185	
S11000.tib_ant.KL               	1.2167412	1.2082982	0.015772398	
S11000.tib_ant.L0               	0.73589415	0.73473746	0.0023303169	
S11000.tib_ant.KS               	0.036704849	0.036343038	0.0014573527	
S11111.tib_ant-soleus.KF        	-0.10808923	-0.10745365	0.0025110594	
S00111.soleus-tib_ant.KS        	-0.82063461	-0.83458714	0.031753597	
S00111.gastroc-tib_ant.KS       	-0.35557966	-0.34329047	0.027294171	
S11000.soleus-tib_ant.KS        	-3.2961028	-3.2776609	0.036729062	
S11000.gastroc-tib_ant.KS       	-1.7502034	-1.701523	0.03097917	
S00111.tib_ant-soleus.KS        	-0.00313515	-0.0033104312	0.23795658	
S00111.tib_ant-gastroc.KS       	-0.00395169	-0.0038959139	0.23180186	
S11000.tib_ant-soleus.KS        	-0.0034666	-0.0033601639	0.22784823	
S11000.tib_ant-gastroc.KS       	-0.00366451	-0.0034077818	0.22656357	
S00111.soleus.KL                	3.9397332	3.9640087	0.027578806	
S00111.soleus.L0                	0.97504299	0.97074699	0.0070208978	
S00111.soleus.KF                	0.22630637	0.22689833	0.0022577092	
S00111.soleus.KS                	0.16452099	0.16266919	0.01964329	
S00111.gastroc.KL               	0.08315732	0.07979081	0.028986864	
S00111.gastroc.L0               	0.83110176	0.83545146	0.012194066	
S00111.gastroc.KF               	1.4144491	1.4131537	0.0015643295	
S00111.gastroc.KS               	0.17739288	0.17046665	0.013498441	
S11000.soleus.KL                	0.81218938	0.80894613	0.053040143	
S11000.soleus.L0                	0.90815449	0.91881331	0.011758358	
S11000.soleus.KF                	-0.9078707	-0.90709356	0.049426963	
S11000.soleus.KS                	0.11219093	0.10826797	0.042950335	
S11000.gastroc.KL               	0.00925153	0.0091002182	0.023120072	
S11000.gastroc.L0               	0.52886865	0.5316345	0.012805131	
S11000.gastroc.KF               	-1.7255918	-1.7566147	0.030453695	
S11000.gastroc.KS               	0.25231886	0.26297982	0.027511081	
S00011.vasti.KF                 	0.81298155	0.80978912	0.006597087	
S00011.vasti.C0                 	0.081643897	0.082305008	0.0014859655	
S00011.vasti-knee_angle.pos_max 	-0.30078935	-0.30328877	0.0022852521	
S00011.hamstrings-pelvis_tilt.KP	0.74162866	0.72074113	0.025948382	
S00011.hamstrings-pelvis_tilt.KV	0.56883772	0.56788691	0.0013442557	
S00011.hamstrings-pelvis_tilt.C0	0.02514159	0.026302441	0.0028549418	
S00011.glut_max-pelvis_tilt.KP  	1.5538159	1.5097046	0.021651537	
S00011.glut_max-pelvis_tilt.KV  	0.31584267	0.3148599	0.0013492391	
S00011.glut_max-pelvis_tilt.C0  	0.15408488	0.15321123	0.0022928132	
S00011.iliopsoas-pelvis_tilt.KP 	-3.4764601	-3.4880693	0.036343458	
S00011.iliopsoas-pelvis_tilt.KV 	-0.54233849	-0.54199147	0.0016500694	
S00011.iliopsoas-pelvis_tilt.C0 	0.33936258	0.34165026	0.0036327059	
S00100.iliopsoas.C0             	0.3346948	0.33577839	0.0019712857	
S00100.glut_max.C0              	-0.02588599	-0.024335774	0.0014903458	
S11000.iliopsoas.KL             	0.56493046	0.56428523	0.0016805026	
S11000.iliopsoas.L0             	0.387662	0.39239313	0.0018786204	
S11000.iliopsoas-pelvis_tilt.P0 	-0.044248376	-0.044629832	0.0014859325	
S11000.iliopsoas-pelvis_tilt.KP 	0.01196527	0.011667854	0.0093078058	
S11000.iliopsoas-pelvis_tilt.KV 	0.14990617	0.14965013	0.0017477823	
S11000.iliopsoas-hamstrings.KL  	-8.3915594	-8.2624077	0.061186946	
S11000.iliopsoas-hamstrings.L0  	1.168169	1.1680097	0.0014026173	
S11000.hamstrings.KF            	0.57963182	0.57821184	0.0013362143	
S11000.glut_max.KF              	0.61611983	0.61847523	0.0015368253	
