pelvis_tilt.offset              	0.026396241	0.02796211	0.0010749796	
hip_flexion_r.offset            	0.07247671	0.070653621	0.00097056677	
knee_angle_r.offset             	0.004880067	0.0056420838	0.0010850429	
ankle_angle_r.offset            	-0.054160129	-0.054828265	0.0014036048	
hip_flexion_l.offset            	-0.0062976903	-0.0076851816	0.0019688942	
knee_angle_l.offset             	0.059176663	0.057293634	0.0015195357	
ankle_angle_l.offset            	0.18612015	0.18724254	0.0014564479	
stance_load_threshold           	0.15002731	0.14900793	0.001604959	
S00111.tib_ant.KL               	1.2269775	1.2049046	0.026468355	
S00111.tib_ant.L0               	0.75925963	0.76242198	0.0028720795	
S00111.tib_ant.KS               	0.00015652	0.00016491091	0.0011056498	
S11000.tib_ant.KL               	1.2179356	1.2055674	0.015001875	
S11000.tib_ant.L0               	0.72914201	0.73371343	0.0022330038	
S11000.tib_ant.KS               	0.033883804	0.035066038	0.0013864408	
S11111.tib_ant-soleus.KF        	-0.10563626	-0.10872197	0.0023846395	
S00111.soleus-tib_ant.KS        	-0.83007639	-0.83327422	0.030202542	
S00111.gastroc-tib_ant.KS       	-0.35557966	-0.34134255	0.02582784	
S11000.soleus-tib_ant.KS        	-3.317807	-3.3057739	0.035192147	
S11000.gastroc-tib_ant.KS       	-1.677057	-1.699294	0.02967712	
S00111.tib_ant-soleus.KS        	-0.00346517	-0.0033673056	0.22459649	
S00111.tib_ant-gastroc.KS       	-0.00357534	-0.0037576949	0.21878732	
S11000.tib_ant-soleus.KS        	-0.00313645	-0.0032271927	0.21505567	
S11000.tib_ant-gastroc.KS       	-0.00331551	-0.0035643233	0.21384314	
S00111.soleus.KL                	4.004265	3.9725543	0.026462233	
S00111.soleus.L0                	0.97259363	0.97463105	0.0066930678	
S00111.soleus.KF                	0.22759257	0.22821267	0.0021539766	
S00111.soleus.KS                	0.14977392	0.15884928	0.018566881	
S00111.gastroc.KL               	0.07523758	0.076501117	0.027364766	
S00111.gastroc.L0               	0.82699187	0.83353963	0.011636556	
S00111.gastroc.KF               	1.4117218	1.4132612	0.0014928215	
S00111.gastroc.KS               	0.17411959	0.16826877	0.012778391	
S11000.soleus.KL                	0.76235452	0.80203819	0.050226026	
S11000.soleus.L0                	0.90732184	0.90534598	0.011218078	
S11000.soleus.KF                	-0.87308413	-0.89492366	0.046910663	
S11000.soleus.KS                	0.1022613	0.11039954	0.040546381	
S11000.gastroc.KL               	0.00925153	0.0090370829	0.021822097	
S11000.gastroc.L0               	0.54153488	0.53262328	0.012191822	
S11000.gastroc.KF               	-1.7541581	-1.7597014	0.029083351	
S11000.gastroc.KS               	0.25231886	0.27041911	0.026028914	
S00011.vasti.KF                 	0.80436586	0.80985472	0.0062927618	
S00011.vasti.C0                 	0.082263217	0.082300173	0.0014153743	
S00011.vasti-knee_angle.pos_max 	-0.30593502	-0.30376156	0.0021808536	
S00011.hamstrings-pelvis_tilt.KP	0.74162866	0.72678031	0.024601117	
S00011.hamstrings-pelvis_tilt.KV	0.5661634	0.56831807	0.0012840429	
S00011.hamstrings-pelvis_tilt.C0	0.02514159	0.02672583	0.0027005692	
S00011.glut_max-pelvis_tilt.KP  	1.5072247	1.5299801	0.020752789	
S00011.glut_max-pelvis_tilt.KV  	0.31382211	0.31419566	0.0012861992	
S00011.glut_max-pelvis_tilt.C0  	0.15164074	0.15259901	0.0021819051	
S00011.iliopsoas-pelvis_tilt.KP 	-3.5515377	-3.5291181	0.034953587	
S00011.iliopsoas-pelvis_tilt.KV 	-0.54132005	-0.54073153	0.0015788477	
S00011.iliopsoas-pelvis_tilt.C0 	0.34175609	0.33888344	0.0034679457	
S00100.iliopsoas.C0             	0.33428084	0.33527666	0.0018785798	
S00100.glut_max.C0              	-0.025319807	-0.024742998	0.0014139465	
S11000.iliopsoas.KL             	0.56504321	0.56373786	0.0016065239	
S11000.iliopsoas.L0             	0.3921838	0.39237694	0.0017942397	
S11000.iliopsoas-pelvis_tilt.P0 	-0.04526786	-0.044218302	0.0014160386	
S11000.iliopsoas-pelvis_tilt.KP 	0.01196527	0.011281285	0.0087856116	
S11000.iliopsoas-pelvis_tilt.KV 	0.15121773	0.14994168	0.0016677506	
S11000.iliopsoas-hamstrings.KL  	-8.2653598	-8.2969397	0.058371377	
S11000.iliopsoas-hamstrings.L0  	1.1705783	1.1701009	0.0013422596	
S11000.hamstrings.KF            	0.57947778	0.57860014	0.0012769886	
S11000.glut_max.KF              	0.61679424	0.61840364	0.0014682489	
