pelvis_tilt.offset              	0.032201118	0.03173974	0.00068787976	
hip_flexion_r.offset            	0.07249436	0.072735134	0.00058112873	
knee_angle_r.offset             	0.0066346396	0.0081531317	0.0006666579	
ankle_angle_r.offset            	-0.054747142	-0.054436869	0.00082563631	
hip_flexion_l.offset            	-0.0059799966	-0.0097500961	0.0011635483	
knee_angle_l.offset             	0.059344328	0.058511918	0.0008939681	
ankle_angle_l.offset            	0.18875622	0.1875885	0.00085253696	
stance_load_threshold           	0.14716079	0.14750369	0.00094668011	
S00111.tib_ant.KL               	1.2185252	1.2165954	0.015429103	
S00111.tib_ant.L0               	0.75613585	0.75849575	0.0016824057	
S00111.tib_ant.KS               	0.00015652	0.00016508683	0.00060541735	
S11000.tib_ant.KL               	1.2262968	1.2227007	0.0087799545	
S11000.tib_ant.L0               	0.72722061	0.72793604	0.0013312243	
S11000.tib_ant.KS               	0.036045875	0.035873896	0.00080985964	
S11111.tib_ant-soleus.KF        	-0.10998573	-0.11057315	0.0013900107	
S00111.soleus-tib_ant.KS        	-0.83623976	-0.84751838	0.017512515	
S00111.gastroc-tib_ant.KS       	-0.33389863	-0.33507788	0.014546382	
S11000.soleus-tib_ant.KS        	-3.371114	-3.375499	0.021259566	
S11000.gastroc-tib_ant.KS       	-1.7372294	-1.7282128	0.017452102	
S00111.tib_ant-soleus.KS        	-0.00346517	-0.003262444	0.12298063	
S00111.tib_ant-gastroc.KS       	-0.00357534	-0.0037759455	0.11979975	
S11000.tib_ant-soleus.KS        	-0.00313645	-0.0033071795	0.11775644	
S11000.tib_ant-gastroc.KS       	-0.00366451	-0.0035145746	0.1170925	
S00111.soleus.KL                	3.9110644	3.9240715	0.015703435	
S00111.soleus.L0                	0.97446636	0.97542894	0.0039294227	
S00111.soleus.KF                	0.23429842	0.23286417	0.0012817806	
S00111.soleus.KS                	0.16520068	0.15931518	0.010355743	
S00111.gastroc.KL               	0.08315732	0.07856206	0.015023944	
S00111.gastroc.L0               	0.8172103	0.80802921	0.006930859	
S00111.gastroc.KF               	1.4109273	1.4115979	0.00088466283	
S00111.gastroc.KS               	0.17453033	0.1676722	0.0072307875	
S11000.soleus.KL                	0.81817763	0.82647522	0.028617366	
S11000.soleus.L0                	0.91593684	0.9135409	0.0065795891	
S11000.soleus.KF                	-0.94628629	-0.91764247	0.026974637	
S11000.soleus.KS                	0.10579918	0.10910451	0.022252517	
S11000.gastroc.KL               	0.00837043	0.0088886519	0.011949707	
S11000.gastroc.L0               	0.50197073	0.51302235	0.0071745172	
S11000.gastroc.KF               	-1.7358652	-1.7413783	0.017140684	
S11000.gastroc.KS               	0.27664474	0.27101602	0.014608403	
S00011.vasti.KF                 	0.81566765	0.81299027	0.0036553384	
S00011.vasti.C0                 	0.080197198	0.080519804	0.00081291233	
S00011.vasti-knee_angle.pos_max 	-0.30482271	-0.3063938	0.0012888702	
S00011.hamstrings-pelvis_tilt.KP	0.74162866	0.72416005	0.01413414	
S00011.hamstrings-pelvis_tilt.KV	0.57045593	0.57061691	0.00075874916	
S00011.hamstrings-pelvis_tilt.C0	0.02514159	0.026792211	0.0015083142	
S00011.glut_max-pelvis_tilt.KP  	1.5399142	1.5367803	0.012138217	
S00011.glut_max-pelvis_tilt.KV  	0.31672971	0.31712869	0.00075860369	
S00011.glut_max-pelvis_tilt.C0  	0.15525042	0.15406466	0.0012675558	
S00011.iliopsoas-pelvis_tilt.KP 	-3.5190131	-3.5352161	0.020647889	
S00011.iliopsoas-pelvis_tilt.KV 	-0.53943307	-0.53913144	0.0009394457	
S00011.iliopsoas-pelvis_tilt.C0 	0.33922377	0.3416255	0.0020415206	
S00100.iliopsoas.C0             	0.33296553	0.33243038	0.001106734	
S00100.glut_max.C0              	-0.024808508	-0.024389469	0.00080529787	
S11000.iliopsoas.KL             	0.56203644	0.56373327	0.00093419858	
S11000.iliopsoas.L0             	0.38945604	0.38971914	0.0010628233	
S11000.iliopsoas-pelvis_tilt.P0 	-0.043405578	-0.043892239	0.00081854641	
S11000.iliopsoas-pelvis_tilt.KP 	0.01196527	0.011508652	0.0048135391	
S11000.iliopsoas-pelvis_tilt.KV 	0.14941451	0.14980141	0.00097377591	
S11000.iliopsoas-hamstrings.KL  	-8.2486707	-8.2982312	0.034343768	
S11000.iliopsoas-hamstrings.L0  	1.1689277	1.1693151	0.00079704277	
S11000.hamstrings.KF            	0.57905457	0.57857557	0.00075888944	
S11000.glut_max.KF              	0.61662521	0.61685571	0.00087361114	
