pelvis_tilt.offset              	0.031006791	0.031594488	0.00061398298	
hip_flexion_r.offset            	0.073721267	0.073732886	0.00051893461	
knee_angle_r.offset             	0.0063470425	0.0067460009	0.00059239488	
ankle_angle_r.offset            	-0.05323478	-0.053677093	0.00073022846	
hip_flexion_l.offset            	-0.0095186515	-0.0095811924	0.001039182	
knee_angle_l.offset             	0.05829953	0.059447991	0.00079499626	
ankle_angle_l.offset            	0.18760218	0.18815994	0.00076154284	
stance_load_threshold           	0.1458836	0.14719271	0.00083947622	
S00111.tib_ant.KL               	1.2041094	1.2167823	0.013642771	
S00111.tib_ant.L0               	0.75312808	0.7540563	0.0015180388	
S00111.tib_ant.KS               	0.00015652	0.0001639446	0.00052527826	
S11000.tib_ant.KL               	1.2219752	1.2177006	0.0078006535	
S11000.tib_ant.L0               	0.72853932	0.72836415	0.001183805	
S11000.tib_ant.KS               	0.035307851	0.035301358	0.00071898216	
S11111.tib_ant-soleus.KF        	-0.1129539	-0.11183112	0.0012356001	
S00111.soleus-tib_ant.KS        	-0.82606509	-0.83854395	0.015535347	
S00111.gastroc-tib_ant.KS       	-0.33363346	-0.33110797	0.012767062	
S11000.soleus-tib_ant.KS        	-3.3735101	-3.360826	0.018840335	
S11000.gastroc-tib_ant.KS       	-1.7544354	-1.7334056	0.015494555	
S00111.tib_ant-soleus.KS        	-0.00346517	-0.0033834328	0.10670116	
S00111.tib_ant-gastroc.KS       	-0.00395169	-0.0038627292	0.10394135	
S11000.tib_ant-soleus.KS        	-0.0034666	-0.0033443211	0.10216851	
S11000.tib_ant-gastroc.KS       	-0.00366451	-0.0035109337	0.10159246	
S00111.soleus.KL                	3.9510167	3.9342643	0.013875633	
S00111.soleus.L0                	0.9683163	0.96951048	0.0035097804	
S00111.soleus.KF                	0.23292655	0.23133435	0.0011438324	
S00111.soleus.KS                	0.16520068	0.15795422	0.0090638006	
S00111.gastroc.KL               	0.08315732	0.079371066	0.013056817	
S00111.gastroc.L0               	0.81179272	0.80648103	0.0061367333	
S00111.gastroc.KF               	1.4115398	1.4111839	0.00078660166	
S00111.gastroc.KS               	0.16772597	0.16724155	0.0063697661	
S11000.soleus.KL                	0.76235452	0.80488683	0.025276653	
S11000.soleus.L0                	0.9184587	0.91733923	0.0058464931	
S11000.soleus.KF                	-0.89188519	-0.89584732	0.023827002	
S11000.soleus.KS                	0.11302564	0.10473342	0.019332367	
S11000.gastroc.KL               	0.00925153	0.0086438727	0.010368263	
S11000.gastroc.L0               	0.51635568	0.50927485	0.0064096575	
S11000.gastroc.KF               	-1.7395291	-1.7581953	0.015159812	
S11000.gastroc.KS               	0.25231886	0.26072157	0.012853363	
S00011.vasti.KF                 	0.81044139	0.80790094	0.0032268675	
S00011.vasti.C0                 	0.07992329	0.080862098	0.00071433492	
S00011.vasti-knee_angle.pos_max 	-0.30557583	-0.30643539	0.0011454212	
S00011.hamstrings-pelvis_tilt.KP	0.72648443	0.71749696	0.01245725	
S00011.hamstrings-pelvis_tilt.KV	0.56982128	0.5708225	0.00067891759	
S00011.hamstrings-pelvis_tilt.C0	0.025814787	0.026167941	0.0013232506	
S00011.glut_max-pelvis_tilt.KP  	1.5370476	1.5355671	0.010820977	
S00011.glut_max-pelvis_tilt.KV  	0.31570947	0.31630201	0.00067113769	
S00011.glut_max-pelvis_tilt.C0  	0.15230927	0.15293897	0.0011258341	
S00011.iliopsoas-pelvis_tilt.KP 	-3.5359501	-3.5400863	0.018300163	
S00011.iliopsoas-pelvis_tilt.KV 	-0.53688459	-0.53781229	0.00083990457	
S00011.iliopsoas-pelvis_tilt.C0 	0.34101671	0.34146724	0.0018052359	
S00100.iliopsoas.C0             	0.33404982	0.33298294	0.00098462516	
S00100.glut_max.C0              	-0.024037778	-0.024534824	0.00071338065	
S11000.iliopsoas.KL             	0.56106637	0.56093603	0.0008378914	
S11000.iliopsoas.L0             	0.38790039	0.38902735	0.00094423696	
S11000.iliopsoas-pelvis_tilt.P0 	-0.043956225	-0.044484656	0.0007260761	
S11000.iliopsoas-pelvis_tilt.KP 	0.01082572	0.011513604	0.0041778912	
S11000.iliopsoas-pelvis_tilt.KV 	0.15007388	0.14946508	0.00086414566	
S11000.iliopsoas-hamstrings.KL  	-8.3224662	-8.2959005	0.030456596	
S11000.iliopsoas-hamstrings.L0  	1.169624	1.1697687	0.00070709187	
S11000.hamstrings.KF            	0.57706079	0.57681068	0.000680513	
S11000.glut_max.KF              	0.61541286	0.61648427	0.00077556944	
