pelvis_tilt.offset              	0.031808158	0.031628425	0.00059004265	
hip_flexion_r.offset            	0.074352565	0.074214764	0.00050217115	
knee_angle_r.offset             	0.006474864	0.0068748395	0.00056855099	
ankle_angle_r.offset            	-0.05305869	-0.053560181	0.00070314222	
hip_flexion_l.offset            	-0.0098116423	-0.0085300201	0.00099870265	
knee_angle_l.offset             	0.059090286	0.058625095	0.00076327984	
ankle_angle_l.offset            	0.18946336	0.18779815	0.00073338484	
stance_load_threshold           	0.14798218	0.14728124	0.00080880054	
S00111.tib_ant.KL               	1.2224255	1.2233854	0.013094998	
S00111.tib_ant.L0               	0.75523369	0.75316418	0.0014757007	
S00111.tib_ant.KS               	0.00015652	0.00016772839	0.00050022995	
S11000.tib_ant.KL               	1.2208555	1.2232717	0.0074846773	
S11000.tib_ant.L0               	0.7267487	0.72861388	0.0011394667	
S11000.tib_ant.KS               	0.034853132	0.035273159	0.00069059361	
S11111.tib_ant-soleus.KF        	-0.11199741	-0.11122308	0.001190406	
S00111.soleus-tib_ant.KS        	-0.82801301	-0.8269564	0.014905848	
S00111.gastroc-tib_ant.KS       	-0.32233945	-0.33423401	0.012218774	
S11000.soleus-tib_ant.KS        	-3.3736622	-3.392231	0.018195765	
S11000.gastroc-tib_ant.KS       	-1.7381386	-1.7401534	0.014890126	
S00111.tib_ant-soleus.KS        	-0.00346517	-0.0032033138	0.10161278	
S00111.tib_ant-gastroc.KS       	-0.00357534	-0.0037235138	0.098984582	
S11000.tib_ant-soleus.KS        	-0.00313645	-0.0033170171	0.097296292	
S11000.tib_ant-gastroc.KS       	-0.00366451	-0.0036052446	0.096747714	
S00111.soleus.KL                	3.9648663	3.9461539	0.01330606	
S00111.soleus.L0                	0.97752805	0.97151856	0.0033738003	
S00111.soleus.KF                	0.23445857	0.23226318	0.0010991907	
S00111.soleus.KS                	0.16520068	0.15703954	0.0086653989	
S00111.gastroc.KL               	0.07523758	0.078059322	0.012444403	
S00111.gastroc.L0               	0.80673095	0.80763716	0.0058953715	
S00111.gastroc.KF               	1.4109613	1.4114167	0.00075972932	
S00111.gastroc.KS               	0.17101272	0.16639441	0.0060943135	
S11000.soleus.KL                	0.80645545	0.82147632	0.024265903	
S11000.soleus.L0                	0.92395045	0.91970239	0.0056115612	
S11000.soleus.KF                	-0.93698513	-0.92021754	0.022814823	
S11000.soleus.KS                	0.11302564	0.10760183	0.018423703	
S11000.gastroc.KL               	0.0090023143	0.0087461642	0.0098740341	
S11000.gastroc.L0               	0.51407408	0.50889959	0.0061621192	
S11000.gastroc.KF               	-1.7374457	-1.7453208	0.014601906	
S11000.gastroc.KS               	0.26451437	0.26507389	0.012302944	
S00011.vasti.KF                 	0.8135009	0.8085042	0.0031028435	
S00011.vasti.C0                 	0.081909874	0.08098425	0.00068630775	
S00011.vasti-knee_angle.pos_max 	-0.30739265	-0.30592886	0.0010967297	
S00011.hamstrings-pelvis_tilt.KP	0.73580171	0.724904	0.011943674	
S00011.hamstrings-pelvis_tilt.KV	0.57014878	0.57036306	0.00065378678	
S00011.hamstrings-pelvis_tilt.C0	0.027026353	0.026681937	0.0012660697	
S00011.glut_max-pelvis_tilt.KP  	1.5320555	1.5379228	0.010410154	
S00011.glut_max-pelvis_tilt.KV  	0.31659943	0.31659691	0.00064654444	
S00011.glut_max-pelvis_tilt.C0  	0.15268546	0.1527423	0.0010786363	
S00011.iliopsoas-pelvis_tilt.KP 	-3.5351984	-3.5336639	0.017549967	
S00011.iliopsoas-pelvis_tilt.KV 	-0.53750313	-0.53765764	0.00080915862	
S00011.iliopsoas-pelvis_tilt.C0 	0.33884852	0.34090317	0.0017292697	
S00100.iliopsoas.C0             	0.33246128	0.33268199	0.00095022299	
S00100.glut_max.C0              	-0.024677161	-0.024646818	0.00068519928	
S11000.iliopsoas.KL             	0.56177683	0.56103555	0.00080687597	
S11000.iliopsoas.L0             	0.38673899	0.38841515	0.00090834126	
S11000.iliopsoas-pelvis_tilt.P0 	-0.04510553	-0.044401564	0.00069809457	
S11000.iliopsoas-pelvis_tilt.KP 	0.01082572	0.011299269	0.0039793584	
S11000.iliopsoas-pelvis_tilt.KV 	0.15086481	0.14936038	0.00082960761	
S11000.iliopsoas-hamstrings.KL  	-8.2903552	-8.3253081	0.02938782	
S11000.iliopsoas-hamstrings.L0  	1.168933	1.1695974	0.00067836162	
S11000.hamstrings.KF            	0.57644048	0.5767452	0.00065714854	
S11000.glut_max.KF              	0.61720299	0.61633853	0.0007472348	
