pelvis_tilt.offset              	0.021689454	0.021849507	0.00018581643	
hip_flexion_r.offset            	0.07202421	0.072399049	0.00017816757	
knee_angle_r.offset             	-0.00061075637	-0.0005585882	0.00019333423	
ankle_angle_r.offset            	-0.055995735	-0.055598984	0.00025249649	
hip_flexion_l.offset            	-0.0072830958	-0.0072313119	0.00035491215	
knee_angle_l.offset             	0.054712703	0.054511731	0.00027238187	
ankle_angle_l.offset            	0.19172428	0.19210822	0.00026575533	
stance_load_threshold           	0.1454541	0.14554579	0.00029176239	
S00111.tib_ant.KL               	1.2512262	1.2506162	0.0047040749	
S00111.tib_ant.L0               	0.76110232	0.76127598	0.00051508977	
S00111.tib_ant.KS               	0.000173	0.00016322489	0.00016155378	
S11000.tib_ant.KL               	1.2300092	1.2278991	0.0027262725	
S11000.tib_ant.L0               	0.73300051	0.73306493	0.0003948535	
S11000.tib_ant.KS               	0.036376502	0.036050176	0.00023960112	
S11111.tib_ant-soleus.KF        	-0.1128917	-0.11242864	0.00042060758	
S00111.soleus-tib_ant.KS        	-0.84815951	-0.85108981	0.0051890113	
S11000.soleus-tib_ant.KS        	-3.3133637	-3.2965388	0.0064913472	
S00111.gastroc-tib_ant.KS       	-0.32996741	-0.33173972	0.0041020282	
S11000.gastroc-tib_ant.KS       	-1.6139809	-1.6142547	0.0052394473	
S00111.tib_ant-gastroc.KS       	-0.00357534	-0.0037366663	0.031963909	
S11000.tib_ant-gastroc.KS       	-0.00331551	-0.0035045437	0.031241579	
S00111.tib_ant-soleus.KS        	-0.00313515	-0.0033996423	0.032812585	
S11000.tib_ant-soleus.KS        	-0.0034666	-0.0033605382	0.031418717	
S00111.gastroc.KL               	0.077980675	0.078117782	0.0041381652	
S00111.gastroc.L0               	0.83009601	0.83312728	0.0021235322	
S00111.gastroc.KF               	1.4071607	1.4073399	0.00027122407	
S00111.gastroc.KS               	0.17018528	0.17059488	0.002070451	
S00111.soleus.KL                	4.0665584	4.0670906	0.0046662717	
S00111.soleus.L0                	0.97136377	0.97129966	0.0011209164	
S00111.soleus.KF                	0.22524001	0.22539434	0.0003923584	
S00111.soleus.KS                	0.16410412	0.16096719	0.0030330858	
S11000.gastroc.KL               	0.00837043	0.0086515741	0.003191419	
S11000.gastroc.L0               	0.53107871	0.53116568	0.0021816806	
S11000.gastroc.KF               	-1.7288203	-1.7335659	0.0050567343	
S11000.soleus.KL                	0.77519227	0.77463336	0.008517538	
S11000.soleus.L0                	0.90544376	0.90751916	0.0020051644	
S11000.soleus.KF                	-0.90012818	-0.88776621	0.0081248145	
S00011.vasti.KF                 	0.83774344	0.83656242	0.0011056018	
S00011.vasti.C0                 	0.082324187	0.082134634	0.0002391633	
S00011.vasti-knee_angle.pos_max 	-0.30638221	-0.30637816	0.00038394494	
S00011.hamstrings-pelvis_tilt.KP	0.73234318	0.72334202	0.004385744	
S00011.hamstrings-pelvis_tilt.KV	0.56875318	0.56897114	0.00022746507	
S00011.hamstrings-pelvis_tilt.C0	0.026389195	0.026326509	0.00045328082	
S00011.glut_max-pelvis_tilt.KP  	1.4966359	1.4945788	0.0037077653	
S00011.glut_max-pelvis_tilt.KV  	0.30947246	0.309847	0.0002432686	
S00011.glut_max-pelvis_tilt.C0  	0.15802833	0.1572582	0.00039178335	
S00011.iliopsoas-pelvis_tilt.KP 	-3.5071142	-3.5068081	0.0061539225	
S00011.iliopsoas-pelvis_tilt.KV 	-0.54533093	-0.54498264	0.00027902656	
S00011.iliopsoas-pelvis_tilt.C0 	0.33144933	0.33180979	0.00061051969	
S00100.iliopsoas.C0             	0.33487952	0.33499665	0.00033312855	
S00100.glut_max.C0              	-0.024748719	-0.024737295	0.00024462631	
S11000.iliopsoas.KL             	0.55990491	0.55992761	0.00029712563	
S11000.iliopsoas.L0             	0.39467327	0.39446597	0.00032203682	
S11000.iliopsoas-pelvis_tilt.P0 	-0.045507016	-0.045221141	0.00025002165	
S11000.iliopsoas-pelvis_tilt.KP 	0.01196527	0.011514852	0.0012951969	
S11000.iliopsoas-pelvis_tilt.KV 	0.14376192	0.14415139	0.00029905965	
S11000.iliopsoas-hamstrings.KL  	-8.3571464	-8.3282075	0.010537702	
S11000.iliopsoas-hamstrings.L0  	1.167756	1.1678776	0.00023326359	
S11000.hamstrings.KF            	0.57542442	0.57568172	0.00022864305	
S11000.glut_max.KF              	0.61772463	0.61766923	0.00026523181	
