pelvis_tilt.offset              	0.022185035	0.022250017	4.175348e-05	
hip_flexion_r.offset            	0.072296765	0.072331005	3.8640816e-05	
knee_angle_r.offset             	-0.00050205194	-0.00052820712	4.2671639e-05	
ankle_angle_r.offset            	-0.056125206	-0.056041834	5.6382971e-05	
hip_flexion_l.offset            	-0.0076390052	-0.0076377996	7.8823363e-05	
knee_angle_l.offset             	0.054861651	0.054833244	6.0377098e-05	
ankle_angle_l.offset            	0.19191605	0.19187923	5.8399466e-05	
stance_load_threshold           	0.14567039	0.14569825	6.5804248e-05	
S00111.tib_ant.KL               	1.2397162	1.2401269	0.0010396114	
S00111.tib_ant.L0               	0.7604597	0.76025616	0.00011569472	
S00111.tib_ant.KS               	0.000173	0.00016365113	2.8039566e-05	
S11000.tib_ant.KL               	1.2298665	1.229966	0.00059506762	
S11000.tib_ant.L0               	0.73403944	0.73403112	8.5688496e-05	
S11000.tib_ant.KS               	0.035985184	0.036056004	5.3127208e-05	
S11111.tib_ant-soleus.KF        	-0.11286746	-0.11293106	9.3495878e-05	
S00111.soleus-tib_ant.KS        	-0.83493641	-0.83594129	0.0011884654	
S11000.soleus-tib_ant.KS        	-3.2868676	-3.2900392	0.0014536992	
S00111.gastroc-tib_ant.KS       	-0.3425299	-0.34172523	0.00084831785	
S11000.gastroc-tib_ant.KS       	-1.6123682	-1.6119707	0.0011651712	
S00111.tib_ant-gastroc.KS       	-0.00357534	-0.0037911815	0.005519733	
S11000.tib_ant-gastroc.KS       	-0.00331551	-0.003392381	0.0053949642	
S00111.tib_ant-soleus.KS        	-0.00313515	-0.0032499757	0.0056661846	
S11000.tib_ant-soleus.KS        	-0.0034666	-0.003354414	0.0054255058	
S00111.gastroc.KL               	0.080171612	0.079643766	0.00086070926	
S00111.gastroc.L0               	0.83194487	0.83141409	0.0004672528	
S00111.gastroc.KF               	1.4071531	1.4071843	6.0481642e-05	
S00111.gastroc.KS               	0.17620367	0.17646485	0.00043564992	
S00111.soleus.KL                	4.0694651	4.0689747	0.0010312788	
S00111.soleus.L0                	0.97083006	0.97063816	0.00024331122	
S00111.soleus.KF                	0.22429782	0.22424783	8.7297568e-05	
S00111.soleus.KS                	0.15351251	0.15307919	0.00066484161	
S11000.gastroc.KL               	0.0091337248	0.0088964158	0.00056629259	
S11000.gastroc.L0               	0.53032234	0.52989947	0.00048843351	
S11000.gastroc.KF               	-1.7321254	-1.732311	0.0011130277	
S11000.soleus.KL                	0.80729985	0.80516351	0.00198813	
S11000.soleus.L0                	0.90656556	0.90630639	0.000440777	
S11000.soleus.KF                	-0.90720393	-0.90552031	0.0018021867	
S00011.vasti.KF                 	0.83438247	0.83456516	0.00024589823	
S00011.vasti.C0                 	0.082709233	0.082770514	5.3926978e-05	
S00011.vasti-knee_angle.pos_max 	-0.30634205	-0.30640281	8.5895176e-05	
S00011.hamstrings-pelvis_tilt.KP	0.73833009	0.7397551	0.00099697423	
S00011.hamstrings-pelvis_tilt.KV	0.56927649	0.56919451	5.0837324e-05	
S00011.hamstrings-pelvis_tilt.C0	0.025661132	0.025815573	0.00010078209	
S00011.glut_max-pelvis_tilt.KP  	1.4867925	1.4877843	0.0008226074	
S00011.glut_max-pelvis_tilt.KV  	0.30942129	0.30945091	5.5003132e-05	
S00011.glut_max-pelvis_tilt.C0  	0.15763593	0.15761721	8.8580707e-05	
S00011.iliopsoas-pelvis_tilt.KP 	-3.4741633	-3.4771845	0.0014382323	
S00011.iliopsoas-pelvis_tilt.KV 	-0.5437003	-0.5437679	6.310415e-05	
S00011.iliopsoas-pelvis_tilt.C0 	0.3318463	0.33207523	0.00013681325	
S00100.iliopsoas.C0             	0.33471278	0.33469741	7.5875102e-05	
S00100.glut_max.C0              	-0.024551858	-0.024515909	5.3115589e-05	
S11000.iliopsoas.KL             	0.55928937	0.55930972	6.7295321e-05	
S11000.iliopsoas.L0             	0.39458006	0.39462832	7.2330112e-05	
S11000.iliopsoas-pelvis_tilt.P0 	-0.04597783	-0.045966779	5.626055e-05	
S11000.iliopsoas-pelvis_tilt.KP 	0.011298202	0.011394446	0.0002504562	
S11000.iliopsoas-pelvis_tilt.KV 	0.14352111	0.14356226	6.7346861e-05	
S11000.iliopsoas-hamstrings.KL  	-8.3577815	-8.3551041	0.0024231914	
S11000.iliopsoas-hamstrings.L0  	1.1682266	1.1681203	5.0774218e-05	
S11000.hamstrings.KF            	0.57530769	0.57536873	5.26978e-05	
S11000.glut_max.KF              	0.61702404	0.6171282	5.9123402e-05	
