pelvis_tilt.offset              	0.019161216	0.017958511	0.00099617234	
hip_flexion_r.offset            	0.066538991	0.067492631	0.0009326165	
knee_angle_r.offset             	-0.00067183417	-0.00026381727	0.0010196541	
ankle_angle_r.offset            	-0.054379739	-0.05648078	0.0013416364	
hip_flexion_l.offset            	-0.0025193642	-0.0045702167	0.0019168466	
knee_angle_l.offset             	0.057155206	0.05749271	0.0014645693	
ankle_angle_l.offset            	0.18907631	0.18679544	0.0014036761	
stance_load_threshold           	0.14930455	0.14920881	0.0015329296	
S00111.tib_ant.KL               	1.2063986	1.2345974	0.025407185	
S00111.tib_ant.L0               	0.75327333	0.75654938	0.002722971	
S00111.tib_ant.KS               	0.000173	0.00016766912	0.0010712927	
S11000.tib_ant.KL               	1.2087969	1.1965351	0.014520816	
S11000.tib_ant.L0               	0.73668191	0.73650304	0.0021165415	
S11000.tib_ant.KS               	0.036261585	0.036346884	0.0013286434	
S11111.tib_ant-soleus.KF        	-0.10533343	-0.10885805	0.0022928969	
S00111.soleus-tib_ant.KS        	-0.85769658	-0.83129643	0.028943235	
S11000.soleus-tib_ant.KS        	-3.2410221	-3.2182285	0.034033299	
S00111.gastroc-tib_ant.KS       	-0.35112594	-0.33518946	0.024967376	
S11000.gastroc-tib_ant.KS       	-1.6508861	-1.6691346	0.028456275	
S00111.tib_ant-gastroc.KS       	-0.00357534	-0.0038453117	0.2119889	
S11000.tib_ant-gastroc.KS       	-0.00366451	-0.0035786236	0.20719834	
S00111.tib_ant-soleus.KS        	-0.00346517	-0.0033152793	0.21761756	
S11000.tib_ant-soleus.KS        	-0.00313645	-0.0033174348	0.2083732	
S00111.gastroc.KL               	0.08315732	0.076882292	0.026508362	
S00111.gastroc.L0               	0.85974487	0.84673893	0.011198078	
S00111.gastroc.KS               	0.17008503	0.16711824	0.012335626	
S00111.soleus.KL                	4.0255234	4.0491958	0.024892892	
S00111.soleus.L0                	0.96308444	0.96651832	0.0063577213	
S00111.soleus.KS                	0.15502074	0.15452374	0.017955494	
S11000.gastroc.KL               	0.00837043	0.0088162439	0.021143854	
S11000.gastroc.L0               	0.49752118	0.53461805	0.011696522	
S11000.gastroc.KF               	-1.7842289	-1.7996208	0.027844482	
S11000.gastroc.KS               	0.25231886	0.26131433	0.025147203	
S11000.soleus.KL                	0.84260236	0.79446775	0.048495243	
S11000.soleus.L0                	0.89025649	0.8915906	0.010824238	
S11000.soleus.KF                	-0.86753488	-0.9197233	0.045194348	
S11000.soleus.KS                	0.1022613	0.10562556	0.039274521	
S00011.vasti.KF                 	0.84856646	0.84458744	0.0061502353	
S00011.vasti.C0                 	0.081148456	0.081664495	0.0013608818	
S00011.vasti-knee_angle.pos_max 	-0.30564297	-0.3055508	0.002104822	
S00011.hamstrings-pelvis_tilt.KP	0.72036416	0.71964464	0.02380246	
S00011.hamstrings-pelvis_tilt.KV	0.56709204	0.56698685	0.0012169292	
S00011.hamstrings-pelvis_tilt.C0	0.02778807	0.025994501	0.0026100198	
S00011.glut_max-pelvis_tilt.KP  	1.5544099	1.5273753	0.01982291	
S00011.glut_max-pelvis_tilt.KV  	0.3143542	0.31314943	0.0012334685	
S00011.glut_max-pelvis_tilt.C0  	0.16594829	0.16242382	0.002090919	
S00011.iliopsoas-pelvis_tilt.KP 	-3.4228199	-3.5086496	0.033250516	
S00011.iliopsoas-pelvis_tilt.KV 	-0.53770036	-0.53929262	0.0015215041	
S00011.iliopsoas-pelvis_tilt.C0 	0.33936704	0.33710879	0.003280467	
S00100.iliopsoas.C0             	0.33947465	0.33641945	0.0017831823	
S00100.glut_max.C0              	-0.025085547	-0.024321687	0.0013603087	
S11000.iliopsoas.KL             	0.56334301	0.56355864	0.0015364304	
S11000.iliopsoas.L0             	0.38901719	0.38966102	0.0017199763	
S11000.iliopsoas-pelvis_tilt.P0 	-0.044822676	-0.045306017	0.0013585311	
S11000.iliopsoas-pelvis_tilt.KP 	0.01196527	0.011330815	0.0085121561	
S11000.iliopsoas-pelvis_tilt.KV 	0.14525503	0.14467998	0.001591744	
S11000.iliopsoas-hamstrings.KL  	-8.3736634	-8.3215844	0.055840528	
S11000.iliopsoas-hamstrings.L0  	1.1646466	1.1668124	0.0012705149	
S11000.hamstrings.KF            	0.5749339	0.57449697	0.0012333969	
S11000.glut_max.KF              	0.62209014	0.62268219	0.0014029851	
