pelvis_tilt.offset              	0.019573482	0.019560966	3.6213738e-05	
hip_flexion_r.offset            	0.065576623	0.065606878	3.4064531e-05	
knee_angle_r.offset             	-0.0010197501	-0.001020246	3.6100043e-05	
ankle_angle_r.offset            	-0.056098339	-0.05606621	4.9855941e-05	
hip_flexion_l.offset            	-0.0050632485	-0.0051688501	7.0007429e-05	
knee_angle_l.offset             	0.055710106	0.055658745	5.0548513e-05	
ankle_angle_l.offset            	0.18610998	0.18603821	4.9295139e-05	
stance_load_threshold           	0.14912957	0.14914244	5.6614124e-05	
S00111.tib_ant.KL               	1.2461867	1.2440343	0.00092277338	
S00111.tib_ant.L0               	0.75611603	0.75613908	8.7937874e-05	
S00111.tib_ant.KS               	0.000173	0.00016546936	2.0076701e-05	
S11000.tib_ant.KL               	1.1727312	1.1726315	0.00053069546	
S11000.tib_ant.L0               	0.73484778	0.73479987	8.0242782e-05	
S11000.tib_ant.KS               	0.034407356	0.034432349	4.7344415e-05	
S11111.tib_ant-soleus.KF        	-0.10653326	-0.10638074	8.3049915e-05	
S00111.soleus-tib_ant.KS        	-0.83528594	-0.83601835	0.0010383769	
S11000.soleus-tib_ant.KS        	-3.1842808	-3.1860687	0.0012759094	
S00111.gastroc-tib_ant.KS       	-0.34926194	-0.35044365	0.00079599488	
S11000.gastroc-tib_ant.KS       	-1.6319061	-1.6304914	0.0010177705	
S00111.tib_ant-gastroc.KS       	-0.00395169	-0.0037978313	0.0038942566	
S11000.tib_ant-gastroc.KS       	-0.00331551	-0.0033951838	0.0038061061	
S00111.tib_ant-soleus.KS        	-0.00346517	-0.0033070806	0.0039973055	
S11000.tib_ant-soleus.KS        	-0.0034666	-0.0033049353	0.0038275596	
S00111.gastroc.KL               	0.081517478	0.082109825	0.00073951163	
S00111.gastroc.L0               	0.83870606	0.83841362	0.00039554887	
S00111.gastroc.KS               	0.16505919	0.16480841	0.00042721032	
S00111.soleus.KL                	4.0657898	4.0661424	0.00089165639	
S00111.soleus.L0                	0.96274409	0.96279319	0.00021759681	
S00111.soleus.KS                	0.15408798	0.15382069	0.00058123386	
S11000.gastroc.KL               	0.00925153	0.0089310784	0.00042773239	
S11000.gastroc.L0               	0.53947466	0.54002928	0.00043051854	
S11000.gastroc.KF               	-1.7876264	-1.7859202	0.0010264071	
S11000.gastroc.KS               	0.25458765	0.25495338	0.00080094954	
S11000.soleus.KL                	0.81793705	0.81731183	0.0017426064	
S11000.soleus.L0                	0.90579638	0.90633797	0.00039399499	
S11000.soleus.KF                	-0.90332691	-0.90548795	0.0015662217	
S11000.soleus.KS                	0.1085823	0.10811628	0.0010923276	
S00011.vasti.KF                 	0.84881956	0.8488957	0.00020903292	
S00011.vasti.C0                 	0.080057596	0.080130679	4.5157631e-05	
S00011.vasti-knee_angle.pos_max 	-0.30346616	-0.30342949	7.6313567e-05	
S00011.hamstrings-pelvis_tilt.KP	0.71204808	0.71186884	0.00081933886	
S00011.hamstrings-pelvis_tilt.KV	0.56699691	0.5670566	4.492573e-05	
S00011.hamstrings-pelvis_tilt.C0	0.026952419	0.026910818	8.6438842e-05	
S00011.glut_max-pelvis_tilt.KP  	1.5275022	1.528113	0.00068602191	
S00011.glut_max-pelvis_tilt.KV  	0.31165718	0.31166205	4.4520119e-05	
S00011.glut_max-pelvis_tilt.C0  	0.16401843	0.16391315	7.6018251e-05	
S00011.iliopsoas-pelvis_tilt.KP 	-3.5465148	-3.545089	0.0011659822	
S00011.iliopsoas-pelvis_tilt.KV 	-0.53497444	-0.53498943	5.7815129e-05	
S00011.iliopsoas-pelvis_tilt.C0 	0.34216909	0.34205132	0.00012195357	
S00100.iliopsoas.C0             	0.3364892	0.33660113	6.4116771e-05	
S00100.glut_max.C0              	-0.024977757	-0.024961957	4.5645511e-05	
S11000.iliopsoas.KL             	0.56427719	0.56424227	5.4502685e-05	
S11000.iliopsoas.L0             	0.38834046	0.38829792	6.1654862e-05	
S11000.iliopsoas-pelvis_tilt.P0 	-0.043208547	-0.043179173	4.6669942e-05	
S11000.iliopsoas-pelvis_tilt.KP 	0.011724218	0.011763442	0.00021274129	
S11000.iliopsoas-pelvis_tilt.KV 	0.14718052	0.14721322	5.7218073e-05	
S11000.iliopsoas-hamstrings.KL  	-8.381125	-8.379767	0.002104551	
S11000.iliopsoas-hamstrings.L0  	1.1669352	1.1668842	4.5058049e-05	
S11000.hamstrings.KF            	0.57398288	0.57398918	4.4280803e-05	
S11000.glut_max.KF              	0.62377552	0.62373545	4.9312682e-05	
