pelvis_tilt.offset              	0.019562937	0.019566628	8.8873417e-06	
hip_flexion_r.offset            	0.065654541	0.065647917	8.108634e-06	
knee_angle_r.offset             	-0.0010775968	-0.0010835265	8.7510063e-06	
ankle_angle_r.offset            	-0.056138667	-0.056128743	1.2514377e-05	
hip_flexion_l.offset            	-0.0055352255	-0.0055061193	1.7294666e-05	
knee_angle_l.offset             	0.055607203	0.05562331	1.2544026e-05	
ankle_angle_l.offset            	0.18596639	0.18595786	1.2287746e-05	
stance_load_threshold           	0.14896227	0.14894192	1.3917992e-05	
S00111.tib_ant.KL               	1.2424113	1.2426881	0.0002322836	
S00111.tib_ant.L0               	0.75620166	0.75622445	2.1062904e-05	
S00111.tib_ant.KS               	0.00016586409	0.00016465895	3.8880369e-06	
S11000.tib_ant.KL               	1.1717473	1.1718264	0.00013215293	
S11000.tib_ant.L0               	0.73493813	0.73495778	1.9674746e-05	
S11000.tib_ant.KS               	0.034324159	0.03431139	1.2296942e-05	
S11111.tib_ant-soleus.KF        	-0.10631446	-0.10626471	2.0533418e-05	
S00111.soleus-tib_ant.KS        	-0.8362659	-0.83623713	0.00025401895	
S11000.soleus-tib_ant.KS        	-3.1849512	-3.1846768	0.0003072299	
S00111.gastroc-tib_ant.KS       	-0.35212858	-0.35218016	0.00019724048	
S11000.gastroc-tib_ant.KS       	-1.63006	-1.6305699	0.00025421202	
S00111.tib_ant-gastroc.KS       	-0.0037313999	-0.0038137566	0.00060352519	
S11000.tib_ant-gastroc.KS       	-0.0036613712	-0.0034212789	0.00058939481	
S00111.tib_ant-soleus.KS        	-0.0033506565	-0.0032551448	0.00061804765	
S11000.tib_ant-soleus.KS        	-0.0033100065	-0.0032575007	0.00059217792	
S00111.gastroc.KL               	0.081480206	0.081643219	0.00018157278	
S00111.gastroc.L0               	0.83861905	0.83871089	9.5378715e-05	
S00111.gastroc.KS               	0.16488603	0.16468312	0.00010470052	
S00111.soleus.KL                	4.0658895	4.0656995	0.00022480227	
S00111.soleus.L0                	0.96327249	0.96324569	5.3602302e-05	
S00111.soleus.KS                	0.15240232	0.15238325	0.00014183834	
S11000.gastroc.KL               	0.0088094759	0.0087365014	9.4479199e-05	
S11000.gastroc.L0               	0.54055091	0.5405572	0.00011035754	
S11000.gastroc.KF               	-1.7863587	-1.7862023	0.00025675339	
S11000.gastroc.KS               	0.25420841	0.25390441	0.00019276604	
S11000.soleus.KL                	0.81574355	0.81556827	0.00042218644	
S11000.soleus.L0                	0.90656525	0.90656931	9.7676928e-05	
S11000.soleus.KF                	-0.90555603	-0.90597211	0.00038228954	
S11000.soleus.KS                	0.10800102	0.10816198	0.00026686667	
S00011.vasti.KF                 	0.84938064	0.84933721	5.1929627e-05	
S00011.vasti.C0                 	0.080160041	0.08014047	1.0854648e-05	
S00011.vasti-knee_angle.pos_max 	-0.30352499	-0.30353505	1.8289217e-05	
S00011.hamstrings-pelvis_tilt.KP	0.71273473	0.71266166	0.00020573742	
S00011.hamstrings-pelvis_tilt.KV	0.56701425	0.56701424	1.0996558e-05	
S00011.hamstrings-pelvis_tilt.C0	0.026702135	0.026700497	2.1316997e-05	
S00011.glut_max-pelvis_tilt.KP  	1.5268334	1.5266661	0.00017136967	
S00011.glut_max-pelvis_tilt.KV  	0.31177911	0.31175541	1.0989855e-05	
S00011.glut_max-pelvis_tilt.C0  	0.16393613	0.16393703	1.8350197e-05	
S00011.iliopsoas-pelvis_tilt.KP 	-3.5450796	-3.5453292	0.00029548691	
S00011.iliopsoas-pelvis_tilt.KV 	-0.53486445	-0.53488547	1.4367366e-05	
S00011.iliopsoas-pelvis_tilt.C0 	0.34182761	0.34185029	3.0658398e-05	
S00100.iliopsoas.C0             	0.3365204	0.33652253	1.5836025e-05	
S00100.glut_max.C0              	-0.024897881	-0.024882367	1.1355206e-05	
S11000.iliopsoas.KL             	0.56435119	0.56434394	1.3550126e-05	
S11000.iliopsoas.L0             	0.38836488	0.38836717	1.5936005e-05	
S11000.iliopsoas-pelvis_tilt.P0 	-0.043125031	-0.043130167	1.1491383e-05	
S11000.iliopsoas-pelvis_tilt.KP 	0.011526296	0.011583197	5.2558171e-05	
S11000.iliopsoas-pelvis_tilt.KV 	0.14720906	0.14718497	1.4189226e-05	
S11000.iliopsoas-hamstrings.KL  	-8.3766819	-8.3772142	0.00051506459	
S11000.iliopsoas-hamstrings.L0  	1.1671313	1.167127	1.161869e-05	
S11000.hamstrings.KF            	0.57398408	0.57399758	1.0492511e-05	
S11000.glut_max.KF              	0.62370048	0.62369404	1.220574e-05	
