pelvis_tilt.offset              	0.025867484	0.025049954	0.00038459843	
hip_flexion_r.offset            	0.073452329	0.073090931	0.00036476153	
knee_angle_r.offset             	0.00043340103	0.00023411057	0.00039385528	
ankle_angle_r.offset            	-0.056740094	-0.056348062	0.00050942516	
hip_flexion_l.offset            	-0.0014775865	-0.0010326494	0.00073417191	
knee_angle_l.offset             	0.055392268	0.055495907	0.00055659048	
ankle_angle_l.offset            	0.18475372	0.18470114	0.00054001969	
stance_load_threshold           	0.1500971	0.15068051	0.00059031307	
S00111.tib_ant.KL               	1.2314348	1.2248448	0.0098447649	
S00111.tib_ant.L0               	0.76416044	0.76459196	0.0010565212	
S00111.tib_ant.KS               	0.00015652	0.00016347111	0.00037604158	
S11000.tib_ant.KL               	1.2101538	1.2089171	0.005591065	
S11000.tib_ant.L0               	0.73638018	0.73568057	0.00081300364	
S11000.tib_ant.KS               	0.034370375	0.034530815	0.0005078726	
S11111.tib_ant-soleus.KF        	-0.11175947	-0.11227237	0.00086991767	
S00111.soleus-tib_ant.KS        	-0.8501285	-0.86351993	0.011037462	
S11000.soleus-tib_ant.KS        	-3.3751254	-3.3887125	0.013241446	
S00111.gastroc-tib_ant.KS       	-0.33000562	-0.32830197	0.0091000467	
S11000.gastroc-tib_ant.KS       	-1.7448661	-1.7529134	0.010907712	
S00111.tib_ant-gastroc.KS       	-0.00357534	-0.0038064021	0.074410236	
S11000.tib_ant-gastroc.KS       	-0.00331551	-0.0035092326	0.072728703	
S00111.tib_ant-soleus.KS        	-0.00313515	-0.0033061026	0.076385948	
S11000.tib_ant-soleus.KS        	-0.00313645	-0.0033257756	0.073141089	
S00111.gastroc.L0               	0.83570636	0.83482626	0.0043053025	
S00111.gastroc.KS               	0.17739288	0.17378388	0.0044973196	
S00111.soleus.L0                	0.98837075	0.9884199	0.002532053	
S00111.soleus.KS                	0.14946728	0.156091	0.006491152	
S11000.gastroc.KL               	0.00837043	0.0087377718	0.0074228076	
S11000.gastroc.L0               	0.53424441	0.53599824	0.004459704	
S11000.gastroc.KF               	-1.8390436	-1.8303712	0.010591849	
S11000.gastroc.KS               	0.255405	0.26712968	0.0091585728	
S11000.soleus.KL                	0.78728974	0.8112975	0.018132017	
S11000.soleus.L0                	0.89677237	0.89999852	0.004143113	
S11000.soleus.KF                	-0.91036928	-0.92129331	0.016887279	
S11000.soleus.KS                	0.10768985	0.1056512	0.013851391	
S00011.vasti.KF                 	0.81520769	0.81848754	0.0022924548	
S00011.vasti.C0                 	0.081218941	0.080561134	0.00049744222	
S00011.vasti-knee_angle.pos_max 	-0.31092092	-0.31093652	0.00080539099	
S00011.hamstrings-pelvis_tilt.KP	0.73850758	0.72976022	0.0089897107	
S00011.hamstrings-pelvis_tilt.KV	0.56902542	0.5687553	0.00047408298	
S00011.hamstrings-pelvis_tilt.C0	0.025616536	0.0259115	0.00095127712	
S00011.glut_max-pelvis_tilt.KP  	1.4461782	1.4313659	0.0075713522	
S00011.glut_max-pelvis_tilt.KV  	0.31302873	0.31341497	0.0004658964	
S00011.glut_max-pelvis_tilt.C0  	0.15942561	0.15865033	0.00079186418	
S00011.iliopsoas-pelvis_tilt.KP 	-3.467921	-3.4627616	0.012824057	
S00011.iliopsoas-pelvis_tilt.KV 	-0.55071745	-0.54946279	0.00060784301	
S00011.iliopsoas-pelvis_tilt.C0 	0.34035613	0.33876498	0.0012482026	
S00100.iliopsoas.C0             	0.34172075	0.34139777	0.00069635092	
S00100.glut_max.C0              	-0.024180565	-0.024193704	0.00050794835	
S11000.iliopsoas.KL             	0.56269938	0.56252076	0.0005921906	
S11000.iliopsoas.L0             	0.38601491	0.38633801	0.00065836091	
S11000.iliopsoas-pelvis_tilt.P0 	-0.043961846	-0.043451735	0.00051524776	
S11000.iliopsoas-pelvis_tilt.KP 	0.01082572	0.011687345	0.002991543	
S11000.iliopsoas-pelvis_tilt.KV 	0.14432292	0.14406077	0.0006047902	
S11000.iliopsoas-hamstrings.KL  	-8.2805834	-8.2716575	0.021694577	
S11000.iliopsoas-hamstrings.L0  	1.1627014	1.1627545	0.000487689	
S11000.hamstrings.KF            	0.57337616	0.57347542	0.00047189697	
S11000.glut_max.KF              	0.61882765	0.61972452	0.00053331338	
