pelvis_tilt.offset              	0.021725096	0.020837305	0.0011221592	
hip_flexion_r.offset            	0.067690912	0.068898171	0.0010624234	
knee_angle_r.offset             	-0.00182534	-0.00011380404	0.0011642285	
ankle_angle_r.offset            	-0.056608821	-0.05728732	0.0015161076	
hip_flexion_l.offset            	-0.0063634741	-0.0041890079	0.0021511803	
knee_angle_l.offset             	0.056669525	0.057743555	0.0016632389	
ankle_angle_l.offset            	0.19044859	0.18779123	0.0015879685	
stance_load_threshold           	0.15281332	0.15229929	0.0017428427	
S00111.tib_ant.KL               	1.2505658	1.2730214	0.028896575	
S00111.tib_ant.L0               	0.75412303	0.75799551	0.0031147208	
S00111.tib_ant.KS               	0.00015652	0.00016025948	0.0012436978	
S11000.tib_ant.KL               	1.2263609	1.2203123	0.016485054	
S11000.tib_ant.L0               	0.73322021	0.73699474	0.0024067658	
S11000.tib_ant.KS               	0.03371447	0.035461647	0.0015302249	
S11111.tib_ant-soleus.KF        	-0.11165262	-0.11209207	0.0026081265	
S00111.soleus-tib_ant.KS        	-0.89402901	-0.86010543	0.033214318	
S11000.soleus-tib_ant.KS        	-3.2410723	-3.2708997	0.038304367	
S00111.gastroc-tib_ant.KS       	-0.35557966	-0.35138085	0.028800968	
S11000.gastroc-tib_ant.KS       	-1.6521225	-1.66655	0.031936447	
S00111.tib_ant-gastroc.KS       	-0.00395169	-0.0037388034	0.24610488	
S11000.tib_ant-gastroc.KS       	-0.00331551	-0.0035048767	0.24054337	
S00111.tib_ant-soleus.KS        	-0.00346517	-0.0033091666	0.25263938	
S11000.tib_ant-soleus.KS        	-0.00313645	-0.0032287629	0.2419073	
S00111.gastroc.KL               	0.07523758	0.079138708	0.030764778	
S00111.gastroc.L0               	0.82220203	0.84137452	0.012711705	
S00111.gastroc.KF               	1.4124172	1.4134683	0.0016189726	
S00111.soleus.KL                	4.0427042	4.0370942	0.028280878	
S00111.soleus.L0                	0.95839045	0.96715433	0.0072929568	
S00111.soleus.KF                	0.22708773	0.22887472	0.0023408637	
S11000.gastroc.KL               	0.00837043	0.0088243337	0.024546424	
S11000.gastroc.L0               	0.5432181	0.52597689	0.013345961	
S11000.gastroc.KF               	-1.7837964	-1.8071323	0.031415511	
S11000.soleus.KL                	0.84260236	0.79449745	0.055904795	
S11000.soleus.L0                	0.91888437	0.91082892	0.012380477	
S11000.soleus.KF                	-0.87523403	-0.90067931	0.051984173	
S00011.vasti.KF                 	0.82325654	0.8298362	0.0068718722	
S00011.vasti.C0                 	0.081280104	0.084289072	0.0015561414	
S00011.vasti-knee_angle.pos_max 	-0.30719175	-0.30775614	0.0023838447	
S00011.hamstrings-pelvis_tilt.KP	0.71468844	0.71957452	0.027299432	
S00011.hamstrings-pelvis_tilt.KV	0.56824405	0.56748671	0.0013903848	
S00011.hamstrings-pelvis_tilt.C0	0.026237296	0.026318582	0.0030217209	
S00011.glut_max-pelvis_tilt.KP  	1.4892188	1.4997082	0.022504163	
S00011.glut_max-pelvis_tilt.KV  	0.31409709	0.3130341	0.0014059695	
S00011.glut_max-pelvis_tilt.C0  	0.15978124	0.1602651	0.0023891194	
S00011.iliopsoas-pelvis_tilt.KP 	-3.5880628	-3.5654638	0.038160562	
S00011.iliopsoas-pelvis_tilt.KV 	-0.5426844	-0.54210001	0.00172416	
S00011.iliopsoas-pelvis_tilt.C0 	0.33272901	0.32969096	0.0037349379	
S00100.iliopsoas.C0             	0.33939153	0.33775549	0.0020325529	
S00100.glut_max.C0              	-0.02426913	-0.024512779	0.0015675147	
S11000.iliopsoas.KL             	0.56010113	0.55918613	0.0017548896	
S11000.iliopsoas.L0             	0.38595081	0.38881639	0.001945332	
S11000.iliopsoas-pelvis_tilt.P0 	-0.044715316	-0.044877999	0.0015596685	
S11000.iliopsoas-pelvis_tilt.KP 	0.01082572	0.011380617	0.0098814026	
S11000.iliopsoas-pelvis_tilt.KV 	0.14639609	0.14453045	0.0017988912	
S11000.iliopsoas-hamstrings.KL  	-8.2002451	-8.2761661	0.063490907	
S11000.iliopsoas-hamstrings.L0  	1.162193	1.1639277	0.0014532184	
S11000.hamstrings.KF            	0.57613816	0.57519796	0.0013950402	
S11000.glut_max.KF              	0.61801912	0.62038358	0.0015875851	
