pelvis_tilt.offset              	0.024755019	0.02458782	0.0004196828	
hip_flexion_r.offset            	0.070545124	0.069648106	0.00039553688	
knee_angle_r.offset             	0.0015126385	0.001069659	0.0004324039	
ankle_angle_r.offset            	-0.057961217	-0.057632849	0.00054518512	
hip_flexion_l.offset            	-0.013096479	-0.011348874	0.00079696276	
knee_angle_l.offset             	0.057507005	0.058253798	0.00060542396	
ankle_angle_l.offset            	0.19030858	0.18991393	0.0005855746	
stance_load_threshold           	0.14966498	0.14866513	0.00064447808	
S00111.tib_ant.KL               	1.2932032	1.2985462	0.010153591	
S00111.tib_ant.L0               	0.73517913	0.73537507	0.0012914641	
S00111.tib_ant.KS               	0.00015652	0.00016239961	0.00038440685	
S11000.tib_ant.KL               	1.2435853	1.240335	0.0058664923	
S11000.tib_ant.L0               	0.73526713	0.73541329	0.00090267255	
S11000.tib_ant.KS               	0.035466565	0.035586899	0.00054205931	
S11111.tib_ant-soleus.KF        	-0.11096172	-0.1101885	0.00094602784	
S00111.soleus-tib_ant.KS        	-0.86691044	-0.86889076	0.012000278	
S11000.soleus-tib_ant.KS        	-3.2157475	-3.2120148	0.013806355	
S00111.gastroc-tib_ant.KS       	-0.35427516	-0.3502387	0.0094162876	
S11000.gastroc-tib_ant.KS       	-1.613104	-1.6110462	0.011575677	
S00111.tib_ant-gastroc.KS       	-0.00357534	-0.0037873541	0.076064633	
S11000.tib_ant-gastroc.KS       	-0.00366451	-0.0033802672	0.07434571	
S00111.tib_ant-soleus.KS        	-0.00313515	-0.0032906224	0.078084268	
S11000.tib_ant-soleus.KS        	-0.00313645	-0.003322982	0.074767264	
S00111.gastroc.KL               	0.08315732	0.078561807	0.0096002688	
S00111.gastroc.L0               	0.84701491	0.84601248	0.0045904578	
S00111.gastroc.KF               	1.4113729	1.412273	0.00059940659	
S00111.soleus.KL                	4.0768336	4.0749001	0.010482811	
S00111.soleus.L0                	0.96138068	0.96040106	0.0026548143	
S00111.soleus.KF                	0.22710911	0.22642735	0.00087047034	
S11000.gastroc.KL               	0.00837043	0.0086589948	0.0075884636	
S11000.gastroc.L0               	0.53333707	0.52964028	0.0048239247	
S11000.gastroc.KF               	-1.844465	-1.8177398	0.011607772	
S11000.soleus.KL                	0.82628102	0.79183	0.019130225	
S11000.soleus.L0                	0.88752389	0.89223484	0.004569722	
S11000.soleus.KF                	-0.92309218	-0.91431398	0.017988725	
S00011.vasti.KF                 	0.84280876	0.84134316	0.0024831385	
S00011.vasti.C0                 	0.080971621	0.081840044	0.00054755627	
S00011.vasti-knee_angle.pos_max 	-0.31084541	-0.31033027	0.00087925148	
S00011.hamstrings-pelvis_tilt.KP	0.72873156	0.71632297	0.0097734761	
S00011.hamstrings-pelvis_tilt.KV	0.56911119	0.56864407	0.00051630787	
S00011.hamstrings-pelvis_tilt.C0	0.027720826	0.026221556	0.00099144996	
S00011.glut_max-pelvis_tilt.KP  	1.5174751	1.5185093	0.0082227583	
S00011.glut_max-pelvis_tilt.KV  	0.31794889	0.31777375	0.0005244176	
S00011.glut_max-pelvis_tilt.C0  	0.1623382	0.16271564	0.00088915531	
S00011.iliopsoas-pelvis_tilt.KP 	-3.6345837	-3.6301579	0.014203888	
S00011.iliopsoas-pelvis_tilt.KV 	-0.54395063	-0.54359218	0.00062796031	
S00011.iliopsoas-pelvis_tilt.C0 	0.31861779	0.31803714	0.001403669	
S00100.iliopsoas.C0             	0.33946201	0.33937101	0.00074804434	
S00100.glut_max.C0              	-0.023699522	-0.024496907	0.00053788156	
S11000.iliopsoas.KL             	0.5622608	0.56209283	0.00064497014	
S11000.iliopsoas.L0             	0.38864909	0.3883575	0.00071625177	
S11000.iliopsoas-pelvis_tilt.P0 	-0.045115703	-0.044723964	0.0005509968	
S11000.iliopsoas-pelvis_tilt.KP 	0.01196527	0.011219274	0.003060944	
S11000.iliopsoas-pelvis_tilt.KV 	0.14867498	0.14794644	0.00066438053	
S11000.iliopsoas-hamstrings.KL  	-8.1719021	-8.1619329	0.023125148	
S11000.iliopsoas-hamstrings.L0  	1.1636789	1.1638473	0.00053520169	
S11000.hamstrings.KF            	0.57560309	0.5752879	0.00050706957	
S11000.glut_max.KF              	0.61592742	0.61629921	0.00059370579	
