pelvis_tilt.offset              	0.024664868	0.024548584	0.00023605782	
hip_flexion_r.offset            	0.069511922	0.069544451	0.0002234231	
knee_angle_r.offset             	0.0015734804	0.0018984064	0.00024926319	
ankle_angle_r.offset            	-0.05800254	-0.057982437	0.00030674245	
hip_flexion_l.offset            	-0.01113034	-0.010885017	0.0004471012	
knee_angle_l.offset             	0.058428083	0.058226945	0.00034149884	
ankle_angle_l.offset            	0.19098193	0.1909346	0.00033905929	
stance_load_threshold           	0.14688165	0.14734717	0.00036904344	
S00111.tib_ant.KL               	1.2980154	1.3041149	0.0056473117	
S00111.tib_ant.L0               	0.73153758	0.73142641	0.00074909353	
S00111.tib_ant.KS               	0.00015652	0.00016264956	0.00019850721	
S11000.tib_ant.KL               	1.2379497	1.2425337	0.003368773	
S11000.tib_ant.L0               	0.73549539	0.73553266	0.00050930896	
S11000.tib_ant.KS               	0.036728983	0.036337862	0.00030850208	
S11111.tib_ant-soleus.KF        	-0.10850674	-0.10861102	0.00053609694	
S00111.soleus-tib_ant.KS        	-0.87657448	-0.87072656	0.0067397477	
S11000.soleus-tib_ant.KS        	-3.2291085	-3.2314038	0.007829539	
S00111.gastroc-tib_ant.KS       	-0.34897719	-0.35013683	0.0050526265	
S11000.gastroc-tib_ant.KS       	-1.6196322	-1.6213556	0.0065079348	
S00111.tib_ant-gastroc.KS       	-0.00357534	-0.0037692605	0.039275981	
S11000.tib_ant-gastroc.KS       	-0.00331551	-0.0035195004	0.038388412	
S00111.tib_ant-soleus.KS        	-0.00346517	-0.0033602502	0.040318808	
S11000.tib_ant-soleus.KS        	-0.00313645	-0.0032597863	0.038606075	
S00111.gastroc.KL               	0.08315732	0.080335424	0.0050734968	
S00111.gastroc.L0               	0.84631278	0.8435732	0.0026101351	
S00111.gastroc.KF               	1.4129077	1.4125262	0.00034690064	
S00111.soleus.KL                	4.0631691	4.0666728	0.0059287895	
S00111.soleus.L0                	0.96314488	0.96171828	0.0014813405	
S00111.soleus.KF                	0.22668703	0.22688682	0.00049928478	
S11000.gastroc.KL               	0.00925153	0.0086627293	0.0039207925	
S11000.gastroc.L0               	0.52954239	0.52877828	0.0027007452	
S11000.gastroc.KF               	-1.8227555	-1.819823	0.0066297908	
S11000.soleus.KL                	0.7706564	0.78800934	0.01087187	
S11000.soleus.L0                	0.90531285	0.90044075	0.0026037136	
S11000.soleus.KF                	-0.88393552	-0.89355829	0.010164847	
S00011.vasti.KF                 	0.83959971	0.83790415	0.0014076794	
S00011.vasti.C0                 	0.081992447	0.082485085	0.00030809833	
S00011.vasti-knee_angle.pos_max 	-0.31002067	-0.31027074	0.00049430068	
S00011.hamstrings-pelvis_tilt.KP	0.74063982	0.73115372	0.0055043803	
S00011.hamstrings-pelvis_tilt.KV	0.56924179	0.56874604	0.00029390058	
S00011.hamstrings-pelvis_tilt.C0	0.026375909	0.026635354	0.00055426795	
S00011.glut_max-pelvis_tilt.KP  	1.4905535	1.503237	0.0047139663	
S00011.glut_max-pelvis_tilt.KV  	0.31874664	0.31844294	0.00030148092	
S00011.glut_max-pelvis_tilt.C0  	0.16532922	0.16428562	0.00050882105	
S00011.iliopsoas-pelvis_tilt.KP 	-3.6466012	-3.6522208	0.0080239866	
S00011.iliopsoas-pelvis_tilt.KV 	-0.54384756	-0.5436987	0.00035445484	
S00011.iliopsoas-pelvis_tilt.C0 	0.31660229	0.31762313	0.00079436589	
S00100.iliopsoas.C0             	0.33778795	0.33778356	0.00043329869	
S00100.glut_max.C0              	-0.023736771	-0.023918864	0.00030122866	
S11000.iliopsoas.KL             	0.56268601	0.56277866	0.0003661713	
S11000.iliopsoas.L0             	0.38931792	0.38942712	0.00040824981	
S11000.iliopsoas-pelvis_tilt.P0 	-0.045159254	-0.045101347	0.00030792547	
S11000.iliopsoas-pelvis_tilt.KP 	0.01082572	0.010937072	0.0015894086	
S11000.iliopsoas-pelvis_tilt.KV 	0.14845459	0.14845702	0.00037097584	
S11000.iliopsoas-hamstrings.KL  	-8.1864486	-8.1815607	0.012977841	
S11000.iliopsoas-hamstrings.L0  	1.1640184	1.1642687	0.00030245623	
S11000.hamstrings.KF            	0.57492543	0.5752866	0.00028415871	
S11000.glut_max.KF              	0.61607375	0.61656435	0.00033450531	
