pelvis_tilt.offset              	0.018703385	0.021243546	0.0013545394	
hip_flexion_r.offset            	0.068933186	0.069906403	0.0012775124	
knee_angle_r.offset             	4.6628869e-05	0.0010456533	0.0014025092	
ankle_angle_r.offset            	-0.054619641	-0.057968235	0.0018295043	
hip_flexion_l.offset            	-0.0080246268	-0.0069087385	0.0025950896	
knee_angle_l.offset             	0.057019504	0.055477329	0.0020029207	
ankle_angle_l.offset            	0.19250344	0.1879097	0.0019136723	
stance_load_threshold           	0.15366711	0.1522804	0.0021024558	
S00111.tib_ant.KL               	1.3025706	1.2778479	0.034950894	
S00111.tib_ant.L0               	0.7615671	0.7611214	0.0037500238	
S00111.tib_ant.KS               	0.00015652	0.00016715803	0.00151499	
S11000.tib_ant.KL               	1.2016649	1.1910635	0.019825714	
S11000.tib_ant.L0               	0.74134433	0.73911258	0.0028887275	
S11000.tib_ant.KS               	0.03726336	0.036190606	0.0018517273	
S11111.tib_ant-soleus.KF        	-0.10769238	-0.10864324	0.0031505689	
S00111.soleus-tib_ant.KS        	-0.87687198	-0.87920777	0.040186289	
S11000.soleus-tib_ant.KS        	-3.2962404	-3.2527414	0.046296162	
S00111.gastroc-tib_ant.KS       	-0.35557966	-0.34752046	0.035045486	
S11000.gastroc-tib_ant.KS       	-1.7131712	-1.6947957	0.038676978	
S00111.tib_ant-gastroc.KS       	-0.00357534	-0.0036291336	0.29978873	
S11000.tib_ant-gastroc.KS       	-0.00331551	-0.0034502133	0.29301407	
S00111.tib_ant-soleus.KS        	-0.00313515	-0.0034224802	0.30774863	
S11000.tib_ant-soleus.KS        	-0.00313645	-0.0033244826	0.29467552	
S00111.gastroc.KL               	0.08315732	0.079673746	0.037470304	
S00111.gastroc.L0               	0.87363399	0.84978596	0.01534614	
S00111.gastroc.KF               	1.4082426	1.4100262	0.0019540969	
S00111.soleus.KL                	4.0868305	4.0367864	0.034161546	
S00111.soleus.L0                	0.95623275	0.97622397	0.0088048413	
S00111.soleus.KF                	0.23010792	0.22705314	0.0028348544	
S11000.gastroc.KL               	0.00925153	0.0086990635	0.029900742	
S11000.gastroc.L0               	0.51415467	0.52551599	0.016127669	
S11000.gastroc.KF               	-1.880599	-1.8526061	0.038125018	
S11000.gastroc.KS               	0.25231886	0.26136863	0.03539784	
S11000.soleus.KL                	0.80070145	0.81513923	0.067886235	
S11000.soleus.L0                	0.9121977	0.90220954	0.014830296	
S11000.soleus.KF                	-0.95885434	-0.9175417	0.063075888	
S11000.soleus.KS                	0.11302564	0.1089488	0.055519101	
S00011.vasti.KF                 	0.83346123	0.82594692	0.008316974	
S00011.vasti.C0                 	0.083203298	0.084593146	0.0018748292	
S00011.vasti-knee_angle.pos_max 	-0.30461556	-0.30554509	0.0028748053	
S00011.hamstrings-pelvis_tilt.KP	0.73338999	0.70747085	0.033093179	
S00011.hamstrings-pelvis_tilt.KV	0.56604956	0.56670216	0.0016719917	
S00011.hamstrings-pelvis_tilt.C0	0.02514159	0.026478393	0.0036757908	
S00011.glut_max-pelvis_tilt.KP  	1.4632254	1.503089	0.027095111	
S00011.glut_max-pelvis_tilt.KV  	0.31308461	0.3137875	0.0016947906	
S00011.glut_max-pelvis_tilt.C0  	0.16060085	0.1604394	0.0028610189	
S00011.iliopsoas-pelvis_tilt.KP 	-3.4875324	-3.4899644	0.045749325	
S00011.iliopsoas-pelvis_tilt.KV 	-0.54165154	-0.54358388	0.0020830713	
S00011.iliopsoas-pelvis_tilt.C0 	0.33056717	0.33411944	0.0045027036	
S00100.iliopsoas.C0             	0.33868866	0.33820612	0.0024630977	
S00100.glut_max.C0              	-0.025478111	-0.025082807	0.0019035267	
S11000.iliopsoas.KL             	0.55753653	0.5612884	0.0021092898	
S11000.iliopsoas.L0             	0.3950693	0.39095663	0.0023380197	
S11000.iliopsoas-pelvis_tilt.P0 	-0.04445748	-0.043631972	0.0018866047	
S11000.iliopsoas-pelvis_tilt.KP 	0.01196527	0.011507203	0.012036505	
S11000.iliopsoas-pelvis_tilt.KV 	0.14799671	0.14512146	0.0021645636	
S11000.iliopsoas-hamstrings.KL  	-8.2917777	-8.2149621	0.076657379	
S11000.iliopsoas-hamstrings.L0  	1.1621622	1.1651411	0.0017514767	
S11000.hamstrings.KF            	0.58057687	0.57676691	0.0016864182	
S11000.glut_max.KF              	0.62457827	0.62182931	0.0019152314	
