pelvis_tilt.offset              	0.021591192	0.021084283	0.001527321	
hip_flexion_r.offset            	0.070792906	0.069099297	0.0014410427	
knee_angle_r.offset             	0.00056502991	0.00065531005	0.0015770817	
ankle_angle_r.offset            	-0.055996408	-0.057100583	0.002062249	
hip_flexion_l.offset            	-0.0030887474	-0.0060856785	0.0029220769	
knee_angle_l.offset             	0.059392188	0.057102479	0.0022513077	
ankle_angle_l.offset            	0.18996482	0.18787425	0.0021562998	
stance_load_threshold           	0.15327722	0.15226376	0.0023692114	
S00111.tib_ant.KL               	1.2142143	1.2494767	0.039346151	
S00111.tib_ant.L0               	0.76486423	0.76402355	0.0042195746	
S00111.tib_ant.KS               	0.00015652	0.00016476071	0.0017141138	
S11000.tib_ant.KL               	1.2212157	1.1983649	0.022367107	
S11000.tib_ant.L0               	0.74106011	0.73850055	0.0032603111	
S11000.tib_ant.KS               	0.03371447	0.035488918	0.00209065	
S11111.tib_ant-soleus.KF        	-0.11356712	-0.11087729	0.003550756	
S00111.soleus-tib_ant.KS        	-0.80888339	-0.8514562	0.045378514	
S11000.soleus-tib_ant.KS        	-3.2226176	-3.2734366	0.052100029	
S00111.gastroc-tib_ant.KS       	-0.3266873	-0.3386473	0.039621545	
S11000.gastroc-tib_ant.KS       	-1.6640983	-1.6848188	0.04355431	
S00111.tib_ant-gastroc.KS       	-0.00357534	-0.0037635176	0.33919172	
S11000.tib_ant-gastroc.KS       	-0.00331551	-0.0034900056	0.33152662	
S00111.tib_ant-soleus.KS        	-0.00313515	-0.0033001616	0.34819783	
S11000.tib_ant-soleus.KS        	-0.00313645	-0.0033015246	0.33340645	
S00111.gastroc.L0               	0.83166694	0.83881242	0.017260095	
S00111.gastroc.KS               	0.17739288	0.1689456	0.019577859	
S00111.soleus.L0                	0.97045109	0.96778415	0.0098995521	
S00111.soleus.KS                	0.14946728	0.15733398	0.028616807	
S11000.gastroc.KL               	0.00837043	0.0088109813	0.033830741	
S11000.gastroc.L0               	0.52737612	0.52370651	0.018200852	
S11000.gastroc.KF               	-1.7849092	-1.8163202	0.042789853	
S11000.gastroc.KS               	0.25231886	0.2655988	0.040031543	
S11000.soleus.KL                	0.84260236	0.80247844	0.076726913	
S11000.soleus.L0                	0.90373954	0.89856048	0.016712757	
S11000.soleus.KF                	-0.86753488	-0.91319461	0.071250876	
S11000.soleus.KS                	0.1022613	0.10764347	0.062813787	
S00011.vasti.KF                 	0.80648371	0.8199773	0.0093468068	
S00011.vasti.C0                 	0.086790083	0.084129782	0.0021171556	
S00011.vasti-knee_angle.pos_max 	-0.3033268	-0.30540968	0.0032295921	
S00011.hamstrings-pelvis_tilt.KP	0.67806791	0.70631301	0.03734017	
S00011.hamstrings-pelvis_tilt.KV	0.56887397	0.5667698	0.0018830359	
S00011.hamstrings-pelvis_tilt.C0	0.02514159	0.02646483	0.0041567953	
S00011.glut_max-pelvis_tilt.KP  	1.496923	1.4940513	0.030549599	
S00011.glut_max-pelvis_tilt.KV  	0.31269171	0.31400002	0.001909932	
S00011.glut_max-pelvis_tilt.C0  	0.15739689	0.15962183	0.0032183616	
S00011.iliopsoas-pelvis_tilt.KP 	-3.505029	-3.4930323	0.051472472	
S00011.iliopsoas-pelvis_tilt.KV 	-0.54577861	-0.5435024	0.0023456263	
S00011.iliopsoas-pelvis_tilt.C0 	0.33499955	0.33180903	0.0050553976	
S00100.iliopsoas.C0             	0.33670102	0.33785909	0.002772448	
S00100.glut_max.C0              	-0.02342065	-0.02465332	0.0021516828	
S11000.iliopsoas.KL             	0.55960283	0.56097945	0.0023702562	
S11000.iliopsoas.L0             	0.39407598	0.3909029	0.0026351428	
S11000.iliopsoas-pelvis_tilt.P0 	-0.04310328	-0.044207911	0.0021281677	
S11000.iliopsoas-pelvis_tilt.KP 	0.01082572	0.0113955	0.013618409	
S11000.iliopsoas-pelvis_tilt.KV 	0.14120541	0.14503447	0.0024410051	
S11000.iliopsoas-hamstrings.KL  	-8.4198106	-8.2549252	0.08638148	
S11000.iliopsoas-hamstrings.L0  	1.1693451	1.1659051	0.0019749648	
S11000.hamstrings.KF            	0.57427236	0.57509984	0.0018961592	
S11000.glut_max.KF              	0.62022883	0.62126484	0.0021540614	
