pelvis_tilt.offset              	0.024531642	0.024795241	0.00071776058	
hip_flexion_r.offset            	0.072101413	0.071184166	0.00067507086	
knee_angle_r.offset             	0.0025389363	0.0035042017	0.00074179913	
ankle_angle_r.offset            	-0.055897992	-0.057180891	0.00094703437	
hip_flexion_l.offset            	0.0011932117	0.0004520526	0.0013736985	
knee_angle_l.offset             	0.05406235	0.053090002	0.0010558227	
ankle_angle_l.offset            	0.18872882	0.18732541	0.0010007894	
stance_load_threshold           	0.15500036	0.15305451	0.0010907325	
S00111.tib_ant.KL               	1.2303742	1.2159178	0.018186883	
S00111.tib_ant.L0               	0.76963038	0.76793929	0.001936632	
S00111.tib_ant.KS               	0.000173	0.000164283	0.0007402751	
S11000.tib_ant.KL               	1.199324	1.2071233	0.010256294	
S11000.tib_ant.L0               	0.73738992	0.73675911	0.0015066489	
S11000.tib_ant.KS               	0.034059082	0.035806847	0.00094747361	
S11111.tib_ant-soleus.KF        	-0.11449704	-0.1132995	0.0016369292	
S00111.soleus-tib_ant.KS        	-0.89217782	-0.85517319	0.020652587	
S11000.soleus-tib_ant.KS        	-3.2566294	-3.2785222	0.024259857	
S00111.gastroc-tib_ant.KS       	-0.32171493	-0.32738076	0.017292994	
S11000.gastroc-tib_ant.KS       	-1.7106993	-1.7218662	0.020025896	
S00111.tib_ant-gastroc.KS       	-0.00395169	-0.0038106436	0.14648614	
S11000.tib_ant-gastroc.KS       	-0.00366451	-0.0035114055	0.14317583	
S00111.tib_ant-soleus.KS        	-0.00346517	-0.0033446644	0.1503756	
S11000.tib_ant-soleus.KS        	-0.0034666	-0.0033107037	0.14398767	
S00111.gastroc.L0               	0.81386147	0.81991548	0.0079850737	
S00111.gastroc.KS               	0.17073472	0.17356713	0.0085832908	
S00111.soleus.L0                	0.96560246	0.96810611	0.0045968782	
S00111.soleus.KS                	0.16520068	0.15786074	0.012503013	
S11000.gastroc.KL               	0.00837043	0.0087893683	0.014610993	
S11000.gastroc.L0               	0.51490324	0.52118382	0.0083497415	
S11000.gastroc.KF               	-1.8468074	-1.8393436	0.019817203	
S11000.gastroc.KS               	0.25231886	0.26668954	0.017577662	
S11000.soleus.KL                	0.82075342	0.80614365	0.034078552	
S11000.soleus.L0                	0.90204094	0.90582259	0.0078023353	
S11000.soleus.KF                	-0.911806	-0.90902927	0.031907881	
S11000.soleus.KS                	0.11302564	0.1100518	0.027168838	
S00011.vasti.KF                 	0.80838204	0.81709604	0.0042826009	
S00011.vasti.C0                 	0.083473283	0.083472119	0.00096356929	
S00011.vasti-knee_angle.pos_max 	-0.30224434	-0.30512153	0.0014901875	
S00011.hamstrings-pelvis_tilt.KP	0.72590912	0.71868734	0.017071526	
S00011.hamstrings-pelvis_tilt.KV	0.56605786	0.56670848	0.00087166779	
S00011.hamstrings-pelvis_tilt.C0	0.025356173	0.0272577	0.0018201022	
S00011.glut_max-pelvis_tilt.KP  	1.4772637	1.4526436	0.014147358	
S00011.glut_max-pelvis_tilt.KV  	0.31498696	0.31577431	0.00088611394	
S00011.glut_max-pelvis_tilt.C0  	0.16115598	0.15820532	0.001478099	
S00011.iliopsoas-pelvis_tilt.KP 	-3.5437997	-3.546679	0.023867354	
S00011.iliopsoas-pelvis_tilt.KV 	-0.54167045	-0.54174332	0.0010870128	
S00011.iliopsoas-pelvis_tilt.C0 	0.33814652	0.33897344	0.0023356317	
S00100.iliopsoas.C0             	0.33878746	0.33881922	0.0012841454	
S00100.glut_max.C0              	-0.024335888	-0.024687216	0.00096056246	
S11000.iliopsoas.KL             	0.55795203	0.55938908	0.001100311	
S11000.iliopsoas.L0             	0.38907199	0.39071825	0.0012177926	
S11000.iliopsoas-pelvis_tilt.P0 	-0.046413564	-0.044692526	0.00097087216	
S11000.iliopsoas-pelvis_tilt.KP 	0.01196527	0.011266968	0.0058834434	
S11000.iliopsoas-pelvis_tilt.KV 	0.14995313	0.15059899	0.0011453199	
S11000.iliopsoas-hamstrings.KL  	-8.36285	-8.3486894	0.040153625	
S11000.iliopsoas-hamstrings.L0  	1.1661106	1.1661502	0.00091282371	
S11000.hamstrings.KF            	0.57740993	0.57732702	0.00088631792	
S11000.glut_max.KF              	0.62518042	0.62309951	0.000990652	
