pelvis_tilt.offset              	0.026080484	0.025381693	0.00057235315	
hip_flexion_r.offset            	0.073150633	0.072717591	0.00053927728	
knee_angle_r.offset             	0.0030581147	0.0033890166	0.00058851494	
ankle_angle_r.offset            	-0.055278056	-0.054771514	0.00075481024	
hip_flexion_l.offset            	-0.00024442573	-0.0013942407	0.0010973844	
knee_angle_l.offset             	0.053397901	0.053401938	0.00083709289	
ankle_angle_l.offset            	0.18630288	0.18677164	0.00079433695	
stance_load_threshold           	0.15474732	0.15415014	0.00086501196	
S00111.tib_ant.KL               	1.239448	1.2219616	0.014424447	
S00111.tib_ant.L0               	0.76754649	0.76797733	0.0015425215	
S00111.tib_ant.KS               	0.000173	0.00016523649	0.00057141661	
S11000.tib_ant.KL               	1.2054522	1.2073649	0.0081432999	
S11000.tib_ant.L0               	0.73570414	0.73636626	0.0011950506	
S11000.tib_ant.KS               	0.035002401	0.03536636	0.00075031955	
S11111.tib_ant-soleus.KF        	-0.11525003	-0.11253827	0.0012940404	
S00111.soleus-tib_ant.KS        	-0.81777765	-0.84752027	0.016363641	
S11000.soleus-tib_ant.KS        	-3.2451716	-3.2511111	0.019267621	
S00111.gastroc-tib_ant.KS       	-0.32330361	-0.32511799	0.013399506	
S11000.gastroc-tib_ant.KS       	-1.7164069	-1.7228033	0.015891406	
S00111.tib_ant-gastroc.KS       	-0.00395169	-0.0037313908	0.11307186	
S11000.tib_ant-gastroc.KS       	-0.00366451	-0.003444506	0.11051665	
S00111.tib_ant-soleus.KS        	-0.00313515	-0.0032767647	0.11607411	
S11000.tib_ant-soleus.KS        	-0.0034666	-0.0033082038	0.1111433	
S00111.gastroc.L0               	0.81753031	0.81793214	0.006333435	
S00111.gastroc.KS               	0.17739288	0.17611985	0.0066461437	
S00111.soleus.L0                	0.97305897	0.97153319	0.0036525558	
S00111.soleus.KS                	0.1622895	0.16046582	0.009743525	
S11000.gastroc.KL               	0.00837043	0.0089538301	0.011278515	
S11000.gastroc.L0               	0.52490171	0.52672351	0.0065803056	
S11000.gastroc.KF               	-1.8555382	-1.8385378	0.015719548	
S11000.gastroc.KS               	0.25237758	0.2679447	0.013715326	
S11000.soleus.KL                	0.80470467	0.8077728	0.026721013	
S11000.soleus.L0                	0.91508781	0.8991041	0.0061837444	
S11000.soleus.KF                	-0.95885434	-0.93653827	0.025119125	
S11000.soleus.KS                	0.1022613	0.10607626	0.020994659	
S00011.vasti.KF                 	0.80459903	0.81101264	0.0034086863	
S00011.vasti.C0                 	0.083569951	0.082654262	0.00076071755	
S00011.vasti-knee_angle.pos_max 	-0.30244884	-0.30255803	0.0011836702	
S00011.hamstrings-pelvis_tilt.KP	0.72773143	0.71740519	0.013497567	
S00011.hamstrings-pelvis_tilt.KV	0.56545747	0.56636037	0.00069042134	
S00011.hamstrings-pelvis_tilt.C0	0.02778807	0.02651768	0.0014196539	
S00011.glut_max-pelvis_tilt.KP  	1.4523002	1.4466329	0.011283874	
S00011.glut_max-pelvis_tilt.KV  	0.31532292	0.31561934	0.00070286481	
S00011.glut_max-pelvis_tilt.C0  	0.15857264	0.15916677	0.0011678993	
S00011.iliopsoas-pelvis_tilt.KP 	-3.5399871	-3.5289072	0.018872686	
S00011.iliopsoas-pelvis_tilt.KV 	-0.54134326	-0.54093593	0.00086255218	
S00011.iliopsoas-pelvis_tilt.C0 	0.33699563	0.3400539	0.0018568292	
S00100.iliopsoas.C0             	0.33855024	0.33811586	0.0010157535	
S00100.glut_max.C0              	-0.024022972	-0.025144864	0.00075400428	
S11000.iliopsoas.KL             	0.55885074	0.55837025	0.00087439957	
S11000.iliopsoas.L0             	0.39015049	0.3909012	0.00095875547	
S11000.iliopsoas-pelvis_tilt.P0 	-0.043879856	-0.044989817	0.0007708074	
S11000.iliopsoas-pelvis_tilt.KP 	0.01196527	0.011591026	0.0045429176	
S11000.iliopsoas-pelvis_tilt.KV 	0.15042286	0.14859705	0.00090958244	
S11000.iliopsoas-hamstrings.KL  	-8.351364	-8.3574498	0.031876545	
S11000.iliopsoas-hamstrings.L0  	1.1650966	1.1656434	0.00072294303	
S11000.hamstrings.KF            	0.57824522	0.57824775	0.0007094055	
S11000.glut_max.KF              	0.62228485	0.62266813	0.00078798075	
