pelvis_tilt.offset              	0.023723126	0.022056173	0.0012383253	
hip_flexion_r.offset            	0.071495578	0.069061322	0.0011716302	
knee_angle_r.offset             	0.0030203388	0.0013804209	0.0012854508	
ankle_angle_r.offset            	-0.056536921	-0.055473745	0.0016766955	
hip_flexion_l.offset            	-0.0057137826	-0.0063471388	0.0023665974	
knee_angle_l.offset             	0.056068314	0.056449966	0.0018326821	
ankle_angle_l.offset            	0.18647146	0.18727609	0.0017482632	
stance_load_threshold           	0.15319541	0.15327143	0.0019250706	
S00111.tib_ant.KL               	1.2378046	1.2544042	0.031902284	
S00111.tib_ant.L0               	0.76116488	0.76191407	0.0034275562	
S00111.tib_ant.KS               	0.00015652	0.00016578082	0.0013786557	
S11000.tib_ant.KL               	1.2353581	1.2173581	0.018157503	
S11000.tib_ant.L0               	0.73262569	0.73693594	0.0026442607	
S11000.tib_ant.KS               	0.036529231	0.036133602	0.001688527	
S11111.tib_ant-soleus.KF        	-0.11165674	-0.11126263	0.0028851338	
S00111.soleus-tib_ant.KS        	-0.83973301	-0.85225149	0.036726509	
S11000.soleus-tib_ant.KS        	-3.3480331	-3.3000201	0.042341264	
S00111.gastroc-tib_ant.KS       	-0.33118963	-0.33768052	0.031921043	
S11000.gastroc-tib_ant.KS       	-1.6555057	-1.6897256	0.035270972	
S00111.tib_ant-gastroc.KS       	-0.00395169	-0.0037496649	0.27281062	
S11000.tib_ant-gastroc.KS       	-0.00366451	-0.0034264382	0.26664561	
S00111.tib_ant-soleus.KS        	-0.00313515	-0.003328392	0.2800542	
S11000.tib_ant-soleus.KS        	-0.00313645	-0.0032502173	0.26815755	
S00111.gastroc.KL               	0.08315732	0.079489902	0.034100235	
S00111.gastroc.L0               	0.81105918	0.82432801	0.014022731	
S00111.gastroc.KF               	1.4112834	1.4117114	0.0017892579	
S00111.soleus.KL                	4.0515562	4.0566008	0.031293041	
S00111.soleus.L0                	0.95430333	0.96859412	0.0080310376	
S00111.soleus.KF                	0.22476728	0.22843997	0.0025863682	
S11000.gastroc.KL               	0.00837043	0.0085925033	0.027210001	
S11000.gastroc.L0               	0.52813049	0.53143607	0.014730967	
S11000.gastroc.KF               	-1.8046343	-1.832457	0.03471485	
S11000.soleus.KL                	0.84260236	0.80182361	0.061860757	
S11000.soleus.L0                	0.86887833	0.88242413	0.013634129	
S11000.soleus.KF                	-0.95885434	-0.89404305	0.057498243	
S00011.vasti.KF                 	0.82888312	0.81960282	0.0075878322	
S00011.vasti.C0                 	0.080129121	0.081760027	0.0017143847	
S00011.vasti-knee_angle.pos_max 	-0.30600254	-0.30435267	0.0026177748	
S00011.hamstrings-pelvis_tilt.KP	0.72813641	0.70821207	0.030174361	
S00011.hamstrings-pelvis_tilt.KV	0.56715838	0.56634267	0.0015314671	
S00011.hamstrings-pelvis_tilt.C0	0.02514159	0.026037006	0.00334696	
S00011.glut_max-pelvis_tilt.KP  	1.4532148	1.4819477	0.024821098	
S00011.glut_max-pelvis_tilt.KV  	0.31311075	0.31269212	0.0015569778	
S00011.glut_max-pelvis_tilt.C0  	0.15792243	0.15692856	0.0026093189	
S00011.iliopsoas-pelvis_tilt.KP 	-3.4172008	-3.510785	0.041872363	
S00011.iliopsoas-pelvis_tilt.KV 	-0.545021	-0.54297738	0.0019038338	
S00011.iliopsoas-pelvis_tilt.C0 	0.33831806	0.33457789	0.0041147766	
S00100.iliopsoas.C0             	0.34181857	0.34021062	0.0022493203	
S00100.glut_max.C0              	-0.024908019	-0.024163961	0.0017348155	
S11000.iliopsoas.KL             	0.56421227	0.5624036	0.0019352736	
S11000.iliopsoas.L0             	0.38801192	0.39153172	0.0021387824	
S11000.iliopsoas-pelvis_tilt.P0 	-0.044611838	-0.044019932	0.0017251046	
S11000.iliopsoas-pelvis_tilt.KP 	0.01196527	0.01155185	0.010953475	
S11000.iliopsoas-pelvis_tilt.KV 	0.1516549	0.14655024	0.0019863674	
S11000.iliopsoas-hamstrings.KL  	-8.3951582	-8.3596892	0.070666593	
S11000.iliopsoas-hamstrings.L0  	1.167712	1.1672477	0.0015998045	
S11000.hamstrings.KF            	0.57536269	0.57403122	0.0015413928	
S11000.glut_max.KF              	0.61943366	0.61996804	0.0017471264	
