pelvis_tilt.offset              	0.021959372	0.021958429	0.0014019956	
hip_flexion_r.offset            	0.071671767	0.069541034	0.0013224369	
knee_angle_r.offset             	-0.0010183405	0.00056879597	0.0014451725	
ankle_angle_r.offset            	-0.05520867	-0.057274387	0.0018911598	
hip_flexion_l.offset            	-0.003704654	-0.0056503633	0.0026781474	
knee_angle_l.offset             	0.058830061	0.057201507	0.0020639937	
ankle_angle_l.offset            	0.18992867	0.18787305	0.0019763023	
stance_load_threshold           	0.15183356	0.15214741	0.0021735806	
S00111.tib_ant.KL               	1.2707258	1.2544198	0.036045762	
S00111.tib_ant.L0               	0.7654719	0.76571123	0.0038748834	
S00111.tib_ant.KS               	0.000173	0.00016431804	0.0015684729	
S11000.tib_ant.KL               	1.1859716	1.2038175	0.020516036	
S11000.tib_ant.L0               	0.73859057	0.73840594	0.0029883262	
S11000.tib_ant.KS               	0.035891607	0.03567689	0.001915451	
S11111.tib_ant-soleus.KF        	-0.10647953	-0.11077141	0.0032522447	
S00111.soleus-tib_ant.KS        	-0.84856348	-0.85149548	0.04158774	
S11000.soleus-tib_ant.KS        	-3.3480297	-3.2800727	0.047734338	
S00111.gastroc-tib_ant.KS       	-0.32171493	-0.32923866	0.036267657	
S11000.gastroc-tib_ant.KS       	-1.6750589	-1.6805308	0.039909642	
S00111.tib_ant-gastroc.KS       	-0.00357534	-0.0037265026	0.31037203	
S11000.tib_ant-gastroc.KS       	-0.00331551	-0.003610433	0.3033582	
S00111.tib_ant-soleus.KS        	-0.00346517	-0.0032618953	0.31861293	
S11000.tib_ant-soleus.KS        	-0.00313645	-0.0033134569	0.30507831	
S00111.gastroc.L0               	0.84508415	0.84315192	0.015820328	
S00111.gastroc.KS               	0.17729674	0.17054438	0.017920329	
S00111.soleus.L0                	0.9599062	0.96558783	0.0090823875	
S00111.soleus.KS                	0.16520068	0.15537364	0.026190304	
S11000.gastroc.KL               	0.00925153	0.0087775534	0.030956299	
S11000.gastroc.L0               	0.54788559	0.52674425	0.016682513	
S11000.gastroc.KF               	-1.8896614	-1.8089156	0.039244817	
S11000.gastroc.KS               	0.25231886	0.26673181	0.036639481	
S11000.soleus.KL                	0.76235452	0.79730193	0.070242228	
S11000.soleus.L0                	0.9434885	0.89372443	0.015339796	
S11000.soleus.KF                	-0.95885434	-0.91899459	0.065249578	
S11000.soleus.KS                	0.1022613	0.10857931	0.05747786	
S00011.vasti.KF                 	0.81462532	0.81170419	0.0086017356	
S00011.vasti.C0                 	0.082094765	0.08353595	0.0019422322	
S00011.vasti-knee_angle.pos_max 	-0.30251593	-0.30464277	0.0029598248	
S00011.hamstrings-pelvis_tilt.KP	0.73463556	0.70574702	0.034209616	
S00011.hamstrings-pelvis_tilt.KV	0.56804957	0.56661392	0.0017275184	
S00011.hamstrings-pelvis_tilt.C0	0.026305902	0.027105384	0.0038046172	
S00011.glut_max-pelvis_tilt.KP  	1.4769595	1.4795983	0.028080164	
S00011.glut_max-pelvis_tilt.KV  	0.31197866	0.31380889	0.0017512996	
S00011.glut_max-pelvis_tilt.C0  	0.16127013	0.15863937	0.0029560438	
S00011.iliopsoas-pelvis_tilt.KP 	-3.5549725	-3.4936914	0.047194601	
S00011.iliopsoas-pelvis_tilt.KV 	-0.54469134	-0.54311409	0.0021504099	
S00011.iliopsoas-pelvis_tilt.C0 	0.33179254	0.33145063	0.0046332166	
S00100.iliopsoas.C0             	0.33620018	0.33750386	0.0025415303	
S00100.glut_max.C0              	-0.02448098	-0.024589142	0.0019699052	
S11000.iliopsoas.KL             	0.55907725	0.56041663	0.0021763468	
S11000.iliopsoas.L0             	0.39292725	0.3917447	0.0024166824	
S11000.iliopsoas-pelvis_tilt.P0 	-0.044738943	-0.043337409	0.00195017	
S11000.iliopsoas-pelvis_tilt.KP 	0.01082572	0.011212443	0.012461368	
S11000.iliopsoas-pelvis_tilt.KV 	0.1424561	0.14423152	0.0022384793	
S11000.iliopsoas-hamstrings.KL  	-8.1945664	-8.2848504	0.079385207	
S11000.iliopsoas-hamstrings.L0  	1.1677669	1.1656947	0.0018140986	
S11000.hamstrings.KF            	0.57655438	0.57483663	0.0017375024	
S11000.glut_max.KF              	0.62072912	0.62075337	0.0019745257	
