pelvis_tilt.offset              	0.023917796	0.024251831	0.00086518948	
hip_flexion_r.offset            	0.06982866	0.070122304	0.00082110756	
knee_angle_r.offset             	-0.0010540147	-0.0015242076	0.00089035582	
ankle_angle_r.offset            	-0.058339418	-0.058301312	0.0011568393	
hip_flexion_l.offset            	-0.0040021629	-0.0039863979	0.0016392704	
knee_angle_l.offset             	0.058548432	0.058212836	0.0012713332	
ankle_angle_l.offset            	0.18917009	0.18836555	0.0012165343	
stance_load_threshold           	0.15075854	0.15116682	0.0013369071	
S00111.tib_ant.KL               	1.2215381	1.2320773	0.021917856	
S00111.tib_ant.L0               	0.76435905	0.76189274	0.0023689942	
S00111.tib_ant.KS               	0.000173	0.00016248216	0.00092030945	
S11000.tib_ant.KL               	1.2330523	1.2316381	0.01261651	
S11000.tib_ant.L0               	0.73823063	0.738109	0.0018256642	
S11000.tib_ant.KS               	0.034758293	0.035798961	0.0011523211	
S11111.tib_ant-soleus.KF        	-0.11179836	-0.11249286	0.0020131098	
S00111.soleus-tib_ant.KS        	-0.80960774	-0.83121265	0.025143002	
S11000.soleus-tib_ant.KS        	-3.3857951	-3.3400995	0.029444429	
S00111.gastroc-tib_ant.KS       	-0.32171493	-0.32396934	0.021405668	
S11000.gastroc-tib_ant.KS       	-1.6309373	-1.6282053	0.024223018	
S00111.tib_ant-gastroc.KS       	-0.00357534	-0.0038231252	0.18211195	
S11000.tib_ant-gastroc.KS       	-0.00366451	-0.0035260182	0.17799656	
S00111.tib_ant-soleus.KS        	-0.00346517	-0.0032338643	0.18694732	
S11000.tib_ant-soleus.KS        	-0.0034666	-0.0033101578	0.17900584	
S00111.gastroc.L0               	0.82768194	0.85261763	0.0096725826	
S00111.gastroc.KS               	0.17592397	0.17261448	0.01061094	
S00111.soleus.L0                	0.95781249	0.96192144	0.0056201914	
S00111.soleus.KS                	0.16520068	0.15791656	0.015455625	
S11000.gastroc.KL               	0.0091631388	0.0088465081	0.018164053	
S11000.gastroc.L0               	0.53045014	0.52759617	0.010187687	
S11000.gastroc.KF               	-1.8275418	-1.8502455	0.024269594	
S11000.gastroc.KS               	0.26875003	0.26241725	0.021672211	
S11000.soleus.KL                	0.76235452	0.79082571	0.04189473	
S11000.soleus.L0                	0.90102994	0.89903858	0.0094920836	
S11000.soleus.KF                	-0.8798587	-0.89610174	0.039059802	
S11000.soleus.KS                	0.1022613	0.10553618	0.033748726	
S00011.vasti.KF                 	0.80340107	0.79816414	0.0053372738	
S00011.vasti.C0                 	0.080113927	0.081099918	0.0011734805	
S00011.vasti-knee_angle.pos_max 	-0.30474495	-0.30295468	0.0018276228	
S00011.hamstrings-pelvis_tilt.KP	0.71334546	0.71145299	0.020726069	
S00011.hamstrings-pelvis_tilt.KV	0.56748298	0.56678316	0.0010683147	
S00011.hamstrings-pelvis_tilt.C0	0.02778807	0.02636284	0.0022481681	
S00011.glut_max-pelvis_tilt.KP  	1.4973795	1.4745019	0.017247115	
S00011.glut_max-pelvis_tilt.KV  	0.31714154	0.31611026	0.0010798286	
S00011.glut_max-pelvis_tilt.C0  	0.15724233	0.15894051	0.0018227594	
S00011.iliopsoas-pelvis_tilt.KP 	-3.589115	-3.555208	0.029120376	
S00011.iliopsoas-pelvis_tilt.KV 	-0.54093373	-0.541885	0.0013240912	
S00011.iliopsoas-pelvis_tilt.C0 	0.33599777	0.340573	0.0028479951	
S00100.iliopsoas.C0             	0.33773097	0.33763555	0.0015899806	
S00100.glut_max.C0              	-0.02588599	-0.02440344	0.0011749849	
S11000.iliopsoas.KL             	0.56380038	0.5616091	0.0013468204	
S11000.iliopsoas.L0             	0.39306493	0.3936692	0.0014909064	
S11000.iliopsoas-pelvis_tilt.P0 	-0.044554396	-0.04516632	0.0011799611	
S11000.iliopsoas-pelvis_tilt.KP 	0.01196527	0.011335501	0.0073130061	
S11000.iliopsoas-pelvis_tilt.KV 	0.1424882	0.13962485	0.0013823531	
S11000.iliopsoas-hamstrings.KL  	-8.2647528	-8.2931209	0.048781399	
S11000.iliopsoas-hamstrings.L0  	1.1606999	1.1609182	0.0011305717	
S11000.hamstrings.KF            	0.57706451	0.57648976	0.0010680783	
S11000.glut_max.KF              	0.6207187	0.62105846	0.0012118814	
