pelvis_tilt.offset              	0.020828778	0.020824994	4.0537271e-05	
hip_flexion_r.offset            	0.069097215	0.069095823	3.885176e-05	
knee_angle_r.offset             	0.00033543073	0.00036564789	4.2987068e-05	
ankle_angle_r.offset            	-0.05949282	-0.059496656	5.7427393e-05	
hip_flexion_l.offset            	-0.0039331964	-0.0040133953	7.9539124e-05	
knee_angle_l.offset             	0.058356207	0.058312202	6.2459677e-05	
ankle_angle_l.offset            	0.19057571	0.19048992	5.966589e-05	
stance_load_threshold           	0.15338143	0.15337393	6.6427715e-05	
S00111.tib_ant.KL               	1.2920553	1.2907308	0.001054005	
S00111.tib_ant.L0               	0.75584767	0.75575619	0.00011669998	
S00111.tib_ant.KS               	0.00015652	0.00016589676	2.8812146e-05	
S11000.tib_ant.KL               	1.1757144	1.1751816	0.00062800876	
S11000.tib_ant.L0               	0.7454745	0.74552184	8.981398e-05	
S11000.tib_ant.KS               	0.034139334	0.034154845	5.4796155e-05	
S11111.tib_ant-soleus.KF        	-0.11077883	-0.11092336	9.4557117e-05	
S00111.soleus-tib_ant.KS        	-0.83798765	-0.83870181	0.0011153744	
S11000.soleus-tib_ant.KS        	-3.2209111	-3.2215357	0.001449405	
S00111.gastroc-tib_ant.KS       	-0.3231719	-0.32392786	0.00092329847	
S11000.gastroc-tib_ant.KS       	-1.6361122	-1.6360296	0.0011795284	
S00111.tib_ant-gastroc.KS       	-0.00357534	-0.0036963155	0.0056796846	
S11000.tib_ant-gastroc.KS       	-0.00366451	-0.0034400172	0.0055513089	
S00111.tib_ant-soleus.KS        	-0.00313515	-0.00331874	0.0058303881	
S11000.tib_ant-soleus.KS        	-0.00313645	-0.0032367948	0.0055827435	
S00111.gastroc.KL               	0.07717893	0.076882217	0.00087585235	
S00111.gastroc.L0               	0.81943683	0.8194095	0.0004754697	
S00111.gastroc.KF               	1.408982	1.4090761	6.2706022e-05	
S00111.soleus.KL                	4.0670986	4.0678808	0.001060808	
S00111.soleus.L0                	0.97049892	0.97067618	0.00026013797	
S00111.soleus.KF                	0.22567009	0.22576922	8.9268498e-05	
S11000.gastroc.KL               	0.0088840357	0.0089144507	0.00057998834	
S11000.gastroc.L0               	0.5437343	0.54414924	0.00052325213	
S11000.gastroc.KF               	-1.7621939	-1.7629179	0.001185	
S11000.soleus.KL                	0.83054159	0.83056255	0.001920369	
S11000.soleus.L0                	0.91828155	0.91811165	0.00046150441	
S11000.soleus.KF                	-0.94917361	-0.949912	0.0018977841	
S00011.vasti.KF                 	0.84540189	0.84499529	0.00025304142	
S00011.vasti.C0                 	0.081591838	0.081620451	5.4377165e-05	
S00011.vasti-knee_angle.pos_max 	-0.30025323	-0.30037628	9.0701708e-05	
S00011.hamstrings-pelvis_tilt.KP	0.71688	0.71708439	0.0010141763	
S00011.hamstrings-pelvis_tilt.KV	0.56625217	0.56633157	5.1914787e-05	
S00011.hamstrings-pelvis_tilt.C0	0.02614308	0.026086629	0.00010199974	
S00011.glut_max-pelvis_tilt.KP  	1.5246046	1.525472	0.00084935904	
S00011.glut_max-pelvis_tilt.KV  	0.31235438	0.31232798	5.2985891e-05	
S00011.glut_max-pelvis_tilt.C0  	0.15898387	0.15904863	8.8974098e-05	
S00011.iliopsoas-pelvis_tilt.KP 	-3.5486942	-3.5494992	0.0014425687	
S00011.iliopsoas-pelvis_tilt.KV 	-0.54568046	-0.54553613	6.4373375e-05	
S00011.iliopsoas-pelvis_tilt.C0 	0.32605195	0.32592043	0.00014272402	
S00100.iliopsoas.C0             	0.3429968	0.34298834	7.8979036e-05	
S00100.glut_max.C0              	-0.023912206	-0.023984239	5.5028846e-05	
S11000.iliopsoas.KL             	0.55993565	0.55997716	6.3365826e-05	
S11000.iliopsoas.L0             	0.39038975	0.39040052	7.2405259e-05	
S11000.iliopsoas-pelvis_tilt.P0 	-0.0443063	-0.044280074	5.6580039e-05	
S11000.iliopsoas-pelvis_tilt.KP 	0.011479465	0.011630949	0.00025239943	
S11000.iliopsoas-pelvis_tilt.KV 	0.14009736	0.14010121	6.5738139e-05	
S11000.iliopsoas-hamstrings.KL  	-8.3211077	-8.3210356	0.0023892194	
S11000.iliopsoas-hamstrings.L0  	1.1656052	1.1655434	5.3498157e-05	
S11000.hamstrings.KF            	0.57499748	0.5750044	5.1733185e-05	
S11000.glut_max.KF              	0.61756096	0.61755546	5.9868104e-05	
