pelvis_tilt.offset              	0.02084749	0.02081997	2.9949698e-05	
hip_flexion_r.offset            	0.069086484	0.069156126	2.8908953e-05	
knee_angle_r.offset             	0.00041036193	0.00040714529	3.2154468e-05	
ankle_angle_r.offset            	-0.059527901	-0.059496451	4.2886892e-05	
hip_flexion_l.offset            	-0.0038694161	-0.0037888099	5.9891779e-05	
knee_angle_l.offset             	0.058259765	0.058314234	4.592983e-05	
ankle_angle_l.offset            	0.19047996	0.19051805	4.4352249e-05	
stance_load_threshold           	0.15315636	0.15325254	4.9620231e-05	
S00111.tib_ant.KL               	1.2919846	1.2919421	0.00078873557	
S00111.tib_ant.L0               	0.7557571	0.75560282	8.7631036e-05	
S00111.tib_ant.KS               	0.00016506473	0.00016440036	1.9859091e-05	
S11000.tib_ant.KL               	1.1759101	1.1756611	0.00046312707	
S11000.tib_ant.L0               	0.74547212	0.74546512	6.6487398e-05	
S11000.tib_ant.KS               	0.03404502	0.034067738	4.0832923e-05	
S11111.tib_ant-soleus.KF        	-0.11069657	-0.11067022	7.2411959e-05	
S00111.soleus-tib_ant.KS        	-0.8398912	-0.84003077	0.00081992479	
S11000.soleus-tib_ant.KS        	-3.2227214	-3.221356	0.0010749413	
S00111.gastroc-tib_ant.KS       	-0.32512023	-0.32417182	0.00068386262	
S11000.gastroc-tib_ant.KS       	-1.6382241	-1.6385438	0.00088485985	
S00111.tib_ant-gastroc.KS       	-0.00357534	-0.0038075471	0.003878412	
S11000.tib_ant-gastroc.KS       	-0.00366451	-0.0035401734	0.0037907078	
S00111.tib_ant-soleus.KS        	-0.00346517	-0.0033201163	0.003981125	
S11000.tib_ant-soleus.KS        	-0.0034666	-0.0032951221	0.00381205	
S00111.gastroc.KL               	0.077565445	0.078177143	0.00064662062	
S00111.gastroc.L0               	0.8198897	0.81970384	0.00035519055	
S00111.gastroc.KF               	1.4091855	1.4091194	4.6358201e-05	
S00111.soleus.KL                	4.0687043	4.06876	0.00078043317	
S00111.soleus.L0                	0.97039632	0.97040776	0.00019340217	
S00111.soleus.KF                	0.22552278	0.22560249	6.6483496e-05	
S11000.gastroc.KL               	0.0087144004	0.0086647324	0.00041220254	
S11000.gastroc.L0               	0.54281748	0.54327641	0.0003932188	
S11000.gastroc.KF               	-1.7573396	-1.7600732	0.00089850154	
S11000.soleus.KL                	0.8307625	0.83113019	0.0014250392	
S11000.soleus.L0                	0.91711198	0.91744987	0.00034407361	
S11000.soleus.KF                	-0.95049766	-0.95271745	0.0014328081	
S00011.vasti.KF                 	0.84533546	0.84520438	0.00018867117	
S00011.vasti.C0                 	0.081463797	0.08153599	4.0440616e-05	
S00011.vasti-knee_angle.pos_max 	-0.30052084	-0.30042348	6.820735e-05	
S00011.hamstrings-pelvis_tilt.KP	0.71691019	0.71816152	0.00076042154	
S00011.hamstrings-pelvis_tilt.KV	0.56613068	0.56613925	4.0162069e-05	
S00011.hamstrings-pelvis_tilt.C0	0.026142513	0.026107293	7.5398505e-05	
S00011.glut_max-pelvis_tilt.KP  	1.5253208	1.5252983	0.000630349	
S00011.glut_max-pelvis_tilt.KV  	0.31220135	0.31222278	3.9567318e-05	
S00011.glut_max-pelvis_tilt.C0  	0.15876322	0.15887088	6.6457183e-05	
S00011.iliopsoas-pelvis_tilt.KP 	-3.5467815	-3.5464923	0.0010792681	
S00011.iliopsoas-pelvis_tilt.KV 	-0.54557763	-0.54558749	4.8416388e-05	
S00011.iliopsoas-pelvis_tilt.C0 	0.32602899	0.32603395	0.00010722396	
S00100.iliopsoas.C0             	0.34279634	0.3428386	5.8608821e-05	
S00100.glut_max.C0              	-0.023945514	-0.02395371	4.1088423e-05	
S11000.iliopsoas.KL             	0.55978858	0.55983361	4.7025771e-05	
S11000.iliopsoas.L0             	0.39038791	0.39033591	5.4674101e-05	
S11000.iliopsoas-pelvis_tilt.P0 	-0.044279862	-0.044345158	4.2223017e-05	
S11000.iliopsoas-pelvis_tilt.KP 	0.01158524	0.011361449	0.00018716183	
S11000.iliopsoas-pelvis_tilt.KV 	0.14020427	0.14018593	4.8944716e-05	
S11000.iliopsoas-hamstrings.KL  	-8.3253943	-8.3252727	0.001771315	
S11000.iliopsoas-hamstrings.L0  	1.165484	1.1654861	3.976873e-05	
S11000.hamstrings.KF            	0.5749957	0.57496554	3.8983152e-05	
S11000.glut_max.KF              	0.61754865	0.61755791	4.4203947e-05	
