pelvis_tilt.offset              	0.02243637	0.022434913	6.5379473e-06	
hip_flexion_r.offset            	0.06965457	0.069660835	6.1032512e-06	
knee_angle_r.offset             	0.0016373574	0.0016291897	7.2285902e-06	
ankle_angle_r.offset            	-0.059133119	-0.059130311	9.3875383e-06	
hip_flexion_l.offset            	-0.0040672829	-0.0040821981	1.2684868e-05	
knee_angle_l.offset             	0.057909391	0.057900129	9.9824615e-06	
ankle_angle_l.offset            	0.19076394	0.19076975	9.8447549e-06	
stance_load_threshold           	0.1549638	0.15496013	1.0473224e-05	
S00111.tib_ant.KL               	1.2406449	1.2404961	0.0001753605	
S00111.tib_ant.L0               	0.76298087	0.76298065	1.8641287e-05	
S00111.tib_ant.KS               	0.00015836198	0.00016100421	3.1637628e-06	
S11000.tib_ant.KL               	1.1455271	1.1456141	0.000107473	
S11000.tib_ant.L0               	0.737905	0.73786955	1.347039e-05	
S11000.tib_ant.KS               	0.03567227	0.035674697	9.1807864e-06	
S11111.tib_ant-soleus.KF        	-0.11090419	-0.11091789	1.532017e-05	
S00111.soleus-tib_ant.KS        	-0.82441833	-0.82477682	0.00018145626	
S11000.soleus-tib_ant.KS        	-3.2910604	-3.29118	0.00022574074	
S00111.gastroc-tib_ant.KS       	-0.32450859	-0.32437174	0.00012201615	
S11000.gastroc-tib_ant.KS       	-1.6630269	-1.6627374	0.00019683289	
S00111.tib_ant-gastroc.KS       	-0.0035781031	-0.0037578265	0.0004432562	
S11000.tib_ant-gastroc.KS       	-0.00366451	-0.0035041508	0.00043237351	
S00111.tib_ant-soleus.KS        	-0.0031855913	-0.0033138996	0.00045243814	
S11000.tib_ant-soleus.KS        	-0.0033097622	-0.0032736927	0.00043372103	
S00111.gastroc.KL               	0.08005011	0.080154942	0.00014112146	
S00111.gastroc.L0               	0.84216849	0.84220312	7.5184362e-05	
S00111.gastroc.KF               	1.4097453	1.4097564	9.6471066e-06	
S00111.soleus.KL                	3.9499893	3.9498363	0.00018654072	
S00111.soleus.L0                	0.93477253	0.93482007	3.953855e-05	
S00111.soleus.KF                	0.22698751	0.22697793	1.4741231e-05	
S11000.gastroc.KL               	0.0086461648	0.0086612406	7.7223392e-05	
S11000.gastroc.L0               	0.53348092	0.5334551	8.3956071e-05	
S11000.gastroc.KF               	-1.7879882	-1.7880235	0.00017745085	
S11000.soleus.KL                	0.78957017	0.78962551	0.00032773318	
S11000.soleus.L0                	0.88119796	0.88132151	7.463667e-05	
S11000.soleus.KF                	-0.89702935	-0.89696968	0.00030791061	
S00011.vasti.KF                 	0.81301083	0.81299115	3.9372718e-05	
S00011.vasti.C0                 	0.08393482	0.083923504	8.6915511e-06	
S00011.vasti-knee_angle.pos_max 	-0.30605598	-0.30604679	1.4298467e-05	
S00011.hamstrings-pelvis_tilt.KP	0.73238465	0.7324972	0.00015868571	
S00011.hamstrings-pelvis_tilt.KV	0.56681807	0.56681113	8.2724262e-06	
S00011.hamstrings-pelvis_tilt.C0	0.026732705	0.026746242	1.6555044e-05	
S00011.glut_max-pelvis_tilt.KP  	1.5024778	1.5022907	0.00012742962	
S00011.glut_max-pelvis_tilt.KV  	0.31558286	0.31559253	9.2578655e-06	
S00011.glut_max-pelvis_tilt.C0  	0.15757376	0.15760529	1.4185996e-05	
S00011.iliopsoas-pelvis_tilt.KP 	-3.4470458	-3.4467462	0.00023608318	
S00011.iliopsoas-pelvis_tilt.KV 	-0.5385719	-0.53857821	1.048839e-05	
S00011.iliopsoas-pelvis_tilt.C0 	0.33024931	0.33024483	2.3981678e-05	
S00100.iliopsoas.C0             	0.33602227	0.33603058	1.2088888e-05	
S00100.glut_max.C0              	-0.025317544	-0.025313599	8.9108478e-06	
S11000.iliopsoas.KL             	0.56046049	0.56046845	1.0758395e-05	
S11000.iliopsoas.L0             	0.38938528	0.38937791	1.1517257e-05	
S11000.iliopsoas-pelvis_tilt.P0 	-0.044784714	-0.044785046	9.1870151e-06	
S11000.iliopsoas-pelvis_tilt.KP 	0.011330278	0.011358366	3.7775643e-05	
S11000.iliopsoas-pelvis_tilt.KV 	0.14741181	0.14741768	1.1030012e-05	
S11000.iliopsoas-hamstrings.KL  	-8.2596371	-8.2596925	0.00037089358	
S11000.iliopsoas-hamstrings.L0  	1.166987	1.1669852	8.6113838e-06	
S11000.hamstrings.KF            	0.57645459	0.57646539	8.8937499e-06	
S11000.glut_max.KF              	0.62055203	0.62055001	9.5892949e-06	
