pelvis_tilt.offset              	0.021548831	0.022633926	0.0012300464	
hip_flexion_r.offset            	0.069720908	0.068128784	0.0011543852	
knee_angle_r.offset             	0.0028656566	0.0014516802	0.0012670249	
ankle_angle_r.offset            	-0.059122659	-0.057120861	0.0016633001	
hip_flexion_l.offset            	-0.0052425253	-0.001837254	0.0023577757	
knee_angle_l.offset             	0.058489259	0.056915087	0.0018057029	
ankle_angle_l.offset            	0.18646231	0.18725757	0.0017340215	
stance_load_threshold           	0.15223461	0.15232609	0.0018961746	
S00111.tib_ant.KL               	1.2461852	1.2733747	0.031527804	
S00111.tib_ant.L0               	0.76799004	0.76287672	0.0033849911	
S00111.tib_ant.KS               	0.000173	0.00016127574	0.001358977	
S11000.tib_ant.KL               	1.2175438	1.1908097	0.018015715	
S11000.tib_ant.L0               	0.73666572	0.73902548	0.0026129523	
S11000.tib_ant.KS               	0.034124447	0.035908398	0.0016674254	
S11111.tib_ant-soleus.KF        	-0.10930652	-0.10839887	0.0028414714	
S00111.soleus-tib_ant.KS        	-0.89402901	-0.86515787	0.036233638	
S11000.soleus-tib_ant.KS        	-3.2808909	-3.2648258	0.041942907	
S00111.gastroc-tib_ant.KS       	-0.34410327	-0.33574912	0.031483716	
S11000.gastroc-tib_ant.KS       	-1.6660835	-1.6584644	0.034968137	
S00111.tib_ant-gastroc.KS       	-0.00395169	-0.0036994247	0.26891654	
S11000.tib_ant-gastroc.KS       	-0.00331551	-0.0035228302	0.26283953	
S00111.tib_ant-soleus.KS        	-0.00346517	-0.0033368858	0.27605673	
S11000.tib_ant-soleus.KS        	-0.00313645	-0.0032591507	0.26432989	
S00111.gastroc.KL               	0.07523758	0.080173934	0.033615206	
S00111.gastroc.L0               	0.82275238	0.83017267	0.013871658	
S00111.gastroc.KF               	1.4144234	1.4113284	0.0017646105	
S00111.gastroc.KS               	0.17739288	0.16765455	0.015561061	
S00111.soleus.KL                	4.1095613	4.0171438	0.030867999	
S00111.soleus.L0                	0.95645435	0.96295085	0.0079358047	
S00111.soleus.KF                	0.23343769	0.23230838	0.0025753193	
S00111.soleus.KS                	0.16520068	0.15896441	0.022714402	
S11000.gastroc.KL               	0.00925153	0.0087699966	0.026821631	
S11000.gastroc.L0               	0.51505263	0.53593896	0.014570987	
S11000.gastroc.KF               	-1.7884016	-1.8231697	0.034309164	
S11000.gastroc.KS               	0.25231886	0.25996108	0.031793725	
S11000.soleus.KL                	0.83670437	0.8190613	0.061033092	
S11000.soleus.L0                	0.91861893	0.90252589	0.013407592	
S11000.soleus.KF                	-0.95885434	-0.91690761	0.056787646	
S11000.soleus.KS                	0.11302564	0.10609626	0.049807805	
S00011.vasti.KF                 	0.80291011	0.8101845	0.0075212124	
S00011.vasti.C0                 	0.082078372	0.081259958	0.0016967513	
S00011.vasti-knee_angle.pos_max 	-0.30016296	-0.30411369	0.0025931066	
S00011.hamstrings-pelvis_tilt.KP	0.7170186	0.71461593	0.029815997	
S00011.hamstrings-pelvis_tilt.KV	0.56835077	0.56781321	0.0015089242	
S00011.hamstrings-pelvis_tilt.C0	0.02514159	0.026164625	0.003300909	
S00011.glut_max-pelvis_tilt.KP  	1.53128	1.5303333	0.024507901	
S00011.glut_max-pelvis_tilt.KV  	0.31122364	0.31286599	0.0015349806	
S00011.glut_max-pelvis_tilt.C0  	0.16314936	0.16358119	0.0025966848	
S00011.iliopsoas-pelvis_tilt.KP 	-3.5149187	-3.4882347	0.041248274	
S00011.iliopsoas-pelvis_tilt.KV 	-0.54587192	-0.54617274	0.0018835143	
S00011.iliopsoas-pelvis_tilt.C0 	0.33339647	0.33278195	0.0040750853	
S00100.iliopsoas.C0             	0.3344312	0.33649327	0.0022253574	
S00100.glut_max.C0              	-0.02588599	-0.024112306	0.0017122071	
S11000.iliopsoas.KL             	0.56079933	0.56222028	0.0019097227	
S11000.iliopsoas.L0             	0.38898482	0.38838463	0.0021215201	
S11000.iliopsoas-pelvis_tilt.P0 	-0.042844571	-0.044455468	0.0017012645	
S11000.iliopsoas-pelvis_tilt.KP 	0.01082572	0.011424992	0.010797244	
S11000.iliopsoas-pelvis_tilt.KV 	0.14696733	0.14825317	0.0019729639	
S11000.iliopsoas-hamstrings.KL  	-8.2941504	-8.2814804	0.069443863	
S11000.iliopsoas-hamstrings.L0  	1.1657243	1.1647836	0.0015863566	
S11000.hamstrings.KF            	0.57962154	0.57762189	0.0015239952	
S11000.glut_max.KF              	0.62378092	0.62437673	0.001740746	
