pelvis_tilt.offset              	0.025450201	0.023862285	0.00080796796	
hip_flexion_r.offset            	0.067656032	0.067278224	0.00075564271	
knee_angle_r.offset             	-0.00059482967	0.00057145178	0.00083201926	
ankle_angle_r.offset            	-0.057380997	-0.058501416	0.0010838593	
hip_flexion_l.offset            	0.0033003947	0.0012461931	0.0015491811	
knee_angle_l.offset             	0.059133562	0.058749254	0.0011814466	
ankle_angle_l.offset            	0.18658687	0.1877768	0.0011313315	
stance_load_threshold           	0.15689184	0.15545285	0.0012344139	
S00111.tib_ant.KL               	1.25162	1.2508363	0.020572551	
S00111.tib_ant.L0               	0.75903319	0.76225899	0.0022079865	
S00111.tib_ant.KS               	0.000173	0.00016504314	0.00085979222	
S11000.tib_ant.KL               	1.1920119	1.1952595	0.011796406	
S11000.tib_ant.L0               	0.73773972	0.7391031	0.0017010985	
S11000.tib_ant.KS               	0.037240426	0.034418491	0.0010753907	
S11111.tib_ant-soleus.KF        	-0.1063095	-0.10791853	0.0018469717	
S00111.soleus-tib_ant.KS        	-0.86426642	-0.83827207	0.023437955	
S11000.soleus-tib_ant.KS        	-3.2193192	-3.2581812	0.027102557	
S00111.gastroc-tib_ant.KS       	-0.32171493	-0.33054622	0.020053521	
S11000.gastroc-tib_ant.KS       	-1.6934599	-1.6834041	0.022758656	
S00111.tib_ant-gastroc.KS       	-0.00357534	-0.0038312065	0.17013673	
S11000.tib_ant-gastroc.KS       	-0.00331551	-0.0035002505	0.16629195	
S00111.tib_ant-soleus.KS        	-0.00313515	-0.0032906078	0.17465414	
S11000.tib_ant-soleus.KS        	-0.00313645	-0.0032706418	0.16723487	
S00111.gastroc.KL               	0.08315732	0.077778769	0.021279659	
S00111.gastroc.L0               	0.84666108	0.83923819	0.0090339891	
S00111.gastroc.KF               	1.4115176	1.4118735	0.0011477451	
S00111.gastroc.KS               	0.17739288	0.17079346	0.0099150105	
S00111.soleus.KL                	4.0536073	4.028769	0.02028644	
S00111.soleus.L0                	0.95404963	0.9617333	0.0051428953	
S00111.soleus.KF                	0.22967658	0.23263792	0.0016807037	
S00111.soleus.KS                	0.14946728	0.15816828	0.014433279	
S11000.gastroc.KL               	0.00925153	0.00885441	0.016969605	
S11000.gastroc.L0               	0.51737826	0.53766449	0.0094118251	
S11000.gastroc.KF               	-1.8146658	-1.8305482	0.022272574	
S11000.gastroc.KS               	0.25672854	0.26246907	0.020227979	
S11000.soleus.KL                	0.80802329	0.80558557	0.039025777	
S11000.soleus.L0                	0.91498753	0.90481033	0.0087140457	
S11000.soleus.KF                	-0.95885434	-0.91901734	0.036479102	
S11000.soleus.KS                	0.11302564	0.10755582	0.031531421	
S00011.vasti.KF                 	0.81191537	0.80816094	0.0048797415	
S00011.vasti.C0                 	0.082495714	0.081311191	0.0010921625	
S00011.vasti-knee_angle.pos_max 	-0.30347139	-0.30341674	0.0016974456	
S00011.hamstrings-pelvis_tilt.KP	0.67639054	0.69211742	0.019258139	
S00011.hamstrings-pelvis_tilt.KV	0.56767877	0.56813645	0.00098266732	
S00011.hamstrings-pelvis_tilt.C0	0.02514159	0.026202608	0.0021002469	
S00011.glut_max-pelvis_tilt.KP  	1.4956202	1.5059153	0.015912816	
S00011.glut_max-pelvis_tilt.KV  	0.31363518	0.31368681	0.00099712381	
S00011.glut_max-pelvis_tilt.C0  	0.16191613	0.16368736	0.0016989322	
S00011.iliopsoas-pelvis_tilt.KP 	-3.4634571	-3.5094388	0.026747875	
S00011.iliopsoas-pelvis_tilt.KV 	-0.54306704	-0.5439595	0.0012257025	
S00011.iliopsoas-pelvis_tilt.C0 	0.33843599	0.33461791	0.0026722633	
S00100.iliopsoas.C0             	0.33548413	0.33514356	0.0014564887	
S00100.glut_max.C0              	-0.025168513	-0.024588759	0.0010976286	
S11000.iliopsoas.KL             	0.56322818	0.56485567	0.0012494466	
S11000.iliopsoas.L0             	0.38658755	0.38958233	0.0013925914	
S11000.iliopsoas-pelvis_tilt.P0 	-0.044189296	-0.045179859	0.0010975654	
S11000.iliopsoas-pelvis_tilt.KP 	0.01082572	0.011183871	0.0068320532	
S11000.iliopsoas-pelvis_tilt.KV 	0.15078049	0.15010136	0.0012912798	
S11000.iliopsoas-hamstrings.KL  	-8.4590758	-8.4129067	0.045909203	
S11000.iliopsoas-hamstrings.L0  	1.1674028	1.1653954	0.0010279058	
S11000.hamstrings.KF            	0.57888202	0.57841926	0.00099573093	
S11000.glut_max.KF              	0.62470626	0.62493646	0.0011383272	
