pelvis_tilt.offset              	0.025438633	0.024917526	0.00036367412	
hip_flexion_r.offset            	0.069273451	0.068790747	0.00033174084	
knee_angle_r.offset             	-3.4679685e-05	-0.00050324375	0.00036300738	
ankle_angle_r.offset            	-0.054775883	-0.055628864	0.00048507351	
hip_flexion_l.offset            	0.0024972027	0.0023260318	0.00068669735	
knee_angle_l.offset             	0.06313083	0.062373804	0.00053301009	
ankle_angle_l.offset            	0.18965751	0.18937745	0.00049916068	
stance_load_threshold           	0.15433152	0.15464209	0.00054738683	
S00111.tib_ant.KL               	1.2500711	1.2497841	0.0089470253	
S00111.tib_ant.L0               	0.75628635	0.75875878	0.00097353302	
S00111.tib_ant.KS               	0.00015652	0.00016511134	0.00033683617	
S11000.tib_ant.KL               	1.1679907	1.1724933	0.0052099471	
S11000.tib_ant.L0               	0.73418675	0.73344766	0.00076752875	
S11000.tib_ant.KS               	0.035792826	0.035960874	0.00046950177	
S11111.tib_ant-soleus.KF        	-0.11395293	-0.11366308	0.00082498807	
S00111.soleus-tib_ant.KS        	-0.82547612	-0.81409485	0.0099589825	
S11000.soleus-tib_ant.KS        	-3.2210873	-3.2318129	0.011905777	
S00111.gastroc-tib_ant.KS       	-0.32658928	-0.3311566	0.0081896149	
S11000.gastroc-tib_ant.KS       	-1.6687431	-1.6710962	0.0099703347	
S00111.tib_ant-gastroc.KS       	-0.00357534	-0.0038173938	0.066651689	
S11000.tib_ant-gastroc.KS       	-0.00331551	-0.0034685339	0.065145483	
S00111.tib_ant-soleus.KS        	-0.00346517	-0.0033154856	0.068421395	
S11000.tib_ant-soleus.KS        	-0.0034666	-0.0032525857	0.065514869	
S00111.gastroc.KL               	0.077673932	0.079373405	0.0084069196	
S00111.gastroc.L0               	0.82209227	0.82226239	0.0040256619	
S00111.gastroc.KF               	1.4106088	1.4115075	0.00050140979	
S00111.gastroc.KS               	0.17228704	0.17460696	0.0040811975	
S00111.soleus.KL                	4.0249074	4.0269657	0.0089313196	
S00111.soleus.L0                	0.95746575	0.95815032	0.0022128724	
S00111.soleus.KF                	0.23311175	0.23267065	0.00074225567	
S00111.soleus.KS                	0.15416192	0.15902266	0.0059050849	
S11000.gastroc.KL               	0.00925153	0.0090208105	0.0066492922	
S11000.gastroc.L0               	0.53298257	0.53816888	0.0040663563	
S11000.gastroc.KF               	-1.8380274	-1.8281989	0.0097830834	
S11000.gastroc.KS               	0.26644478	0.27156283	0.0083892233	
S11000.soleus.KL                	0.83913001	0.81468186	0.016701116	
S11000.soleus.L0                	0.90517115	0.91021402	0.0038198338	
S11000.soleus.KF                	-0.95885434	-0.91096689	0.015617013	
S11000.soleus.KS                	0.1022613	0.10568578	0.012443502	
S00011.vasti.KF                 	0.80387748	0.7983468	0.0021129715	
S00011.vasti.C0                 	0.081672316	0.080957365	0.00046807241	
S00011.vasti-knee_angle.pos_max 	-0.29976592	-0.30075456	0.00075236118	
S00011.hamstrings-pelvis_tilt.KP	0.73146287	0.71644766	0.0084336794	
S00011.hamstrings-pelvis_tilt.KV	0.56901273	0.56862019	0.00043573387	
S00011.hamstrings-pelvis_tilt.C0	0.025320698	0.025975163	0.00086158115	
S00011.glut_max-pelvis_tilt.KP  	1.5191335	1.5253001	0.0068927018	
S00011.glut_max-pelvis_tilt.KV  	0.31680482	0.3166278	0.00044778981	
S00011.glut_max-pelvis_tilt.C0  	0.16621728	0.1664077	0.00075588686	
S00011.iliopsoas-pelvis_tilt.KP 	-3.5050519	-3.4965597	0.011907908	
S00011.iliopsoas-pelvis_tilt.KV 	-0.54433664	-0.5453312	0.00053728393	
S00011.iliopsoas-pelvis_tilt.C0 	0.33813898	0.33579292	0.0011795234	
S00100.iliopsoas.C0             	0.3340912	0.33414682	0.00064022416	
S00100.glut_max.C0              	-0.025056203	-0.025087101	0.00046867945	
S11000.iliopsoas.KL             	0.56200193	0.56311155	0.00054754058	
S11000.iliopsoas.L0             	0.38942147	0.38971595	0.00061448253	
S11000.iliopsoas-pelvis_tilt.P0 	-0.04428831	-0.043617047	0.00047677236	
S11000.iliopsoas-pelvis_tilt.KP 	0.01082572	0.011473054	0.0026818331	
S11000.iliopsoas-pelvis_tilt.KV 	0.15018762	0.15030263	0.00057052444	
S11000.iliopsoas-hamstrings.KL  	-8.3384375	-8.3315786	0.020417017	
S11000.iliopsoas-hamstrings.L0  	1.1643665	1.1643693	0.00045208497	
S11000.hamstrings.KF            	0.57895372	0.57856717	0.00044264249	
S11000.glut_max.KF              	0.62667108	0.6259043	0.00050047406	
