pelvis_tilt.offset              	0.02477085	0.0248753	0.00020710656	
hip_flexion_r.offset            	0.069275854	0.069279607	0.00019004831	
knee_angle_r.offset             	-0.00059747751	-0.00053032801	0.00020855652	
ankle_angle_r.offset            	-0.054323227	-0.054987923	0.00027720264	
hip_flexion_l.offset            	0.0017377672	0.0017889743	0.00039403257	
knee_angle_l.offset             	0.063118074	0.063236152	0.0003057377	
ankle_angle_l.offset            	0.18875575	0.18883091	0.00028428876	
stance_load_threshold           	0.15424162	0.15420878	0.00031435394	
S00111.tib_ant.KL               	1.2628263	1.2506307	0.0050899279	
S00111.tib_ant.L0               	0.75824766	0.75920663	0.00055918966	
S00111.tib_ant.KS               	0.00015652	0.00016600626	0.00017686852	
S11000.tib_ant.KL               	1.1771404	1.1747287	0.002966982	
S11000.tib_ant.L0               	0.73076256	0.73095943	0.00044362305	
S11000.tib_ant.KS               	0.035663565	0.035598984	0.00026590708	
S11111.tib_ant-soleus.KF        	-0.11396994	-0.11367206	0.00046828845	
S00111.soleus-tib_ant.KS        	-0.82574104	-0.82521733	0.0055901088	
S11000.soleus-tib_ant.KS        	-3.271476	-3.2616818	0.0067595457	
S00111.gastroc-tib_ant.KS       	-0.3297284	-0.33111231	0.0044860236	
S11000.gastroc-tib_ant.KS       	-1.6526681	-1.6514837	0.0056866224	
S00111.tib_ant-gastroc.KS       	-0.0037196645	-0.0036582876	0.034994517	
S11000.tib_ant-gastroc.KS       	-0.00366451	-0.0035198804	0.034203702	
S00111.tib_ant-soleus.KS        	-0.00346517	-0.0032755376	0.035923663	
S11000.tib_ant-soleus.KS        	-0.0034666	-0.0033345096	0.034397634	
S00111.gastroc.KL               	0.07523758	0.079527409	0.0045192211	
S00111.gastroc.L0               	0.82372983	0.82622037	0.0023005006	
S00111.gastroc.KF               	1.4105901	1.410444	0.00028764392	
S00111.gastroc.KS               	0.17252108	0.17452704	0.0022536011	
S00111.soleus.KL                	4.0345756	4.0306871	0.0050526914	
S00111.soleus.L0                	0.95477776	0.95587095	0.0012382772	
S00111.soleus.KF                	0.23275921	0.23323829	0.0004205412	
S00111.soleus.KS                	0.16520068	0.16267876	0.0032802211	
S11000.gastroc.KL               	0.00925153	0.0087803499	0.0034935532	
S11000.gastroc.L0               	0.54182978	0.53847491	0.0023127659	
S11000.gastroc.KF               	-1.8287731	-1.8219033	0.0055211136	
S11000.gastroc.KS               	0.25245446	0.26039988	0.0047370201	
S11000.soleus.KL                	0.80101061	0.79776978	0.0095332542	
S11000.soleus.L0                	0.9076403	0.908352	0.0021665614	
S11000.soleus.KF                	-0.90013385	-0.89716142	0.00893558	
S11000.soleus.KS                	0.1022613	0.10710045	0.0066669906	
S00011.vasti.KF                 	0.80061955	0.79989322	0.0012024935	
S00011.vasti.C0                 	0.081100346	0.080892568	0.00026511479	
S00011.vasti-knee_angle.pos_max 	-0.30112791	-0.30088512	0.00042430922	
S00011.hamstrings-pelvis_tilt.KP	0.73093026	0.73346749	0.0048606588	
S00011.hamstrings-pelvis_tilt.KV	0.56945854	0.56943808	0.00025110095	
S00011.hamstrings-pelvis_tilt.C0	0.026756948	0.026821488	0.0004843066	
S00011.glut_max-pelvis_tilt.KP  	1.5245513	1.52331	0.0039572941	
S00011.glut_max-pelvis_tilt.KV  	0.31610346	0.31593374	0.00025467646	
S00011.glut_max-pelvis_tilt.C0  	0.16654076	0.16619078	0.00042709506	
S00011.iliopsoas-pelvis_tilt.KP 	-3.4874748	-3.4984315	0.0067173223	
S00011.iliopsoas-pelvis_tilt.KV 	-0.54397348	-0.54448124	0.00030524846	
S00011.iliopsoas-pelvis_tilt.C0 	0.336907	0.33783853	0.00067932576	
S00100.iliopsoas.C0             	0.33505112	0.33539939	0.00036886134	
S00100.glut_max.C0              	-0.024886098	-0.025152806	0.00026514691	
S11000.iliopsoas.KL             	0.56255728	0.56241681	0.00031207151	
S11000.iliopsoas.L0             	0.38927494	0.38952331	0.0003528355	
S11000.iliopsoas-pelvis_tilt.P0 	-0.044215984	-0.044049739	0.00027420635	
S11000.iliopsoas-pelvis_tilt.KP 	0.011364132	0.011365428	0.001416686	
S11000.iliopsoas-pelvis_tilt.KV 	0.14992364	0.1500772	0.00032657802	
S11000.iliopsoas-hamstrings.KL  	-8.3276163	-8.3180717	0.01168113	
S11000.iliopsoas-hamstrings.L0  	1.1647623	1.1648864	0.0002581185	
S11000.hamstrings.KF            	0.57978352	0.57974483	0.00025428481	
S11000.glut_max.KF              	0.62685844	0.62690281	0.00028705803	
