pelvis_tilt.offset              	0.024647868	0.024652053	3.0242964e-05	
hip_flexion_r.offset            	0.069741219	0.069691284	2.7865578e-05	
knee_angle_r.offset             	-0.00092833949	-0.00089815721	2.9942235e-05	
ankle_angle_r.offset            	-0.054886368	-0.054900024	3.9740747e-05	
hip_flexion_l.offset            	0.0014192616	0.0014827387	5.535282e-05	
knee_angle_l.offset             	0.063555907	0.063505696	4.2780241e-05	
ankle_angle_l.offset            	0.18900728	0.18898707	3.9979206e-05	
stance_load_threshold           	0.15472205	0.15471647	4.4797542e-05	
S00111.tib_ant.KL               	1.2483204	1.2480059	0.00072016684	
S00111.tib_ant.L0               	0.76040303	0.76027724	8.2757634e-05	
S00111.tib_ant.KS               	0.00016888321	0.0001652558	1.9401057e-05	
S11000.tib_ant.KL               	1.1792277	1.1794369	0.00042141931	
S11000.tib_ant.L0               	0.7310151	0.73099405	6.4584403e-05	
S11000.tib_ant.KS               	0.03631056	0.036243285	3.8713613e-05	
S11111.tib_ant-soleus.KF        	-0.11365484	-0.11359672	6.5449489e-05	
S00111.soleus-tib_ant.KS        	-0.83757834	-0.83627355	0.00079066676	
S11000.soleus-tib_ant.KS        	-3.2619706	-3.2617178	0.00095648098	
S00111.gastroc-tib_ant.KS       	-0.33309152	-0.33335857	0.00060163012	
S11000.gastroc-tib_ant.KS       	-1.6584709	-1.6576141	0.00079392495	
S00111.tib_ant-gastroc.KS       	-0.00357534	-0.0037113833	0.003805819	
S11000.tib_ant-gastroc.KS       	-0.00331551	-0.0034398053	0.0037197781	
S00111.tib_ant-soleus.KS        	-0.00313515	-0.0032819573	0.0039067175	
S11000.tib_ant-soleus.KS        	-0.00313645	-0.0033365098	0.0037408098	
S00111.gastroc.KL               	0.075859051	0.075807316	0.00060392337	
S00111.gastroc.L0               	0.82904835	0.82888137	0.00032675204	
S00111.gastroc.KF               	1.4105579	1.4106015	4.1271046e-05	
S00111.gastroc.KS               	0.1742697	0.17466073	0.00029978864	
S00111.soleus.KL                	4.0206128	4.0205547	0.00071882187	
S00111.soleus.L0                	0.95578357	0.95591764	0.00017457058	
S00111.soleus.KF                	0.23371594	0.23370986	6.0044112e-05	
S00111.soleus.KS                	0.1624592	0.16178353	0.00045980314	
S11000.gastroc.KL               	0.00925153	0.0085622374	0.0003973655	
S11000.gastroc.L0               	0.54337634	0.54316224	0.00032812843	
S11000.gastroc.KF               	-1.8259056	-1.8256659	0.00078102083	
S11000.gastroc.KS               	0.25507286	0.25545739	0.00065574766	
S11000.soleus.KL                	0.79973073	0.80090187	0.0013578497	
S11000.soleus.L0                	0.90676195	0.90697395	0.00030188924	
S11000.soleus.KF                	-0.88769022	-0.88921083	0.0012538835	
S11000.soleus.KS                	0.10740721	0.10880791	0.00090366034	
S00011.vasti.KF                 	0.80432458	0.80429525	0.00017890013	
S00011.vasti.C0                 	0.081394475	0.081346245	3.7720898e-05	
S00011.vasti-knee_angle.pos_max 	-0.30250573	-0.30241988	6.0154668e-05	
S00011.hamstrings-pelvis_tilt.KP	0.72322281	0.72379646	0.00069030718	
S00011.hamstrings-pelvis_tilt.KV	0.56941288	0.56945256	3.6027702e-05	
S00011.hamstrings-pelvis_tilt.C0	0.027468967	0.027314102	6.8021605e-05	
S00011.glut_max-pelvis_tilt.KP  	1.5173463	1.518255	0.0005589116	
S00011.glut_max-pelvis_tilt.KV  	0.31649745	0.31647592	3.5814153e-05	
S00011.glut_max-pelvis_tilt.C0  	0.1660705	0.16614846	6.0554578e-05	
S00011.iliopsoas-pelvis_tilt.KP 	-3.4914296	-3.4906867	0.00094904524	
S00011.iliopsoas-pelvis_tilt.KV 	-0.54386662	-0.54384039	4.3532758e-05	
S00011.iliopsoas-pelvis_tilt.C0 	0.33653828	0.33650724	9.8229961e-05	
S00100.iliopsoas.C0             	0.33557633	0.33560771	5.2129008e-05	
S00100.glut_max.C0              	-0.024831265	-0.024808661	3.6549577e-05	
S11000.iliopsoas.KL             	0.56277027	0.56275323	4.3049223e-05	
S11000.iliopsoas.L0             	0.38924759	0.38926661	5.0616243e-05	
S11000.iliopsoas-pelvis_tilt.P0 	-0.044460604	-0.044445068	3.9263621e-05	
S11000.iliopsoas-pelvis_tilt.KP 	0.011621694	0.011412179	0.00017905503	
S11000.iliopsoas-pelvis_tilt.KV 	0.15034103	0.15040614	4.6097177e-05	
S11000.iliopsoas-hamstrings.KL  	-8.3259677	-8.3237466	0.0016478942	
S11000.iliopsoas-hamstrings.L0  	1.1650201	1.165048	3.6972276e-05	
S11000.hamstrings.KF            	0.58005426	0.58001495	3.7241562e-05	
S11000.glut_max.KF              	0.62665788	0.62672366	4.0216589e-05	
