pelvis_tilt.offset              	0.018233162	0.019379606	0.0011976626	
hip_flexion_r.offset            	0.069280518	0.069131814	0.0011272168	
knee_angle_r.offset             	-0.00085586521	0.00036524503	0.0012387005	
ankle_angle_r.offset            	-0.053794564	-0.055635466	0.0016150005	
hip_flexion_l.offset            	-0.0056237989	-0.0073625809	0.002288917	
knee_angle_l.offset             	0.056271779	0.055852425	0.0017637499	
ankle_angle_l.offset            	0.18776528	0.18681192	0.0016857667	
stance_load_threshold           	0.14979519	0.15057667	0.0018596835	
S00111.tib_ant.KL               	1.2551497	1.2419353	0.030762314	
S00111.tib_ant.L0               	0.75686613	0.76356307	0.0033052546	
S00111.tib_ant.KS               	0.000173	0.00016508906	0.0013292135	
S11000.tib_ant.KL               	1.1691728	1.1829174	0.017490705	
S11000.tib_ant.L0               	0.73896488	0.7379112	0.0025491399	
S11000.tib_ant.KS               	0.036260667	0.034811462	0.001628465	
S11111.tib_ant-soleus.KF        	-0.10533343	-0.10908499	0.0027810438	
S00111.soleus-tib_ant.KS        	-0.82692363	-0.84282878	0.035359882	
S00111.gastroc-tib_ant.KS       	-0.32861367	-0.32597685	0.030759551	
S00111.tib_ant-gastroc.KS       	-0.00395169	-0.0037642002	0.26302692	
S11000.tib_ant-gastroc.KS       	-0.00366451	-0.0034956912	0.257083	
S00111.tib_ant-soleus.KS        	-0.00313515	-0.0033057733	0.27001072	
S11000.tib_ant-soleus.KS        	-0.00313645	-0.003379312	0.25854072	
S00111.gastroc.KL               	0.07523758	0.080473643	0.032877407	
S00111.gastroc.L0               	0.85536199	0.83623532	0.013546886	
S00111.gastroc.KF               	1.4090816	1.411494	0.0017240228	
S00111.gastroc.KS               	0.17739288	0.17173598	0.015205115	
S00111.soleus.KL                	4.0545162	4.0192996	0.030186834	
S00111.soleus.L0                	0.96307304	0.95549861	0.0077564256	
S00111.soleus.KF                	0.22967951	0.22728946	0.0025060106	
S00111.soleus.KS                	0.14946728	0.16064754	0.022208554	
S11000.gastroc.KL               	0.00837043	0.0089382497	0.026234173	
S11000.gastroc.L0               	0.49752118	0.51891704	0.014249168	
S11000.gastroc.KF               	-1.8691064	-1.8373212	0.033570459	
S11000.gastroc.KS               	0.25231886	0.26717243	0.031080131	
S11000.soleus.KL                	0.80067352	0.79090892	0.059636714	
S11000.soleus.L0                	0.9122539	0.9054481	0.013049882	
S11000.soleus.KF                	-0.90580733	-0.91815623	0.055426918	
S11000.soleus.KS                	0.10839804	0.10645047	0.048713517	
S00011.vasti.KF                 	0.82494613	0.82965733	0.0073168864	
S00011.vasti.C0                 	0.084587668	0.085211505	0.0016494579	
S00011.vasti-knee_angle.pos_max 	-0.30537029	-0.30474168	0.0025231204	
S00011.hamstrings-pelvis_tilt.KP	0.74162866	0.70087654	0.029134398	
S00011.hamstrings-pelvis_tilt.KV	0.56502579	0.56727358	0.0014735026	
S00011.hamstrings-pelvis_tilt.C0	0.02514159	0.02679026	0.0032265895	
S00011.glut_max-pelvis_tilt.KP  	1.5300543	1.5020959	0.023887575	
S00011.glut_max-pelvis_tilt.KV  	0.31446331	0.31304737	0.0014953958	
S00011.glut_max-pelvis_tilt.C0  	0.16308306	0.16419744	0.0025227718	
S00011.iliopsoas-pelvis_tilt.KP 	-3.4859918	-3.487318	0.040292081	
S00011.iliopsoas-pelvis_tilt.KV 	-0.5399571	-0.542721	0.0018347116	
S00011.iliopsoas-pelvis_tilt.C0 	0.32772724	0.33150198	0.0039629778	
S00100.iliopsoas.C0             	0.33768275	0.33848368	0.002173545	
S00100.glut_max.C0              	-0.024768802	-0.024293299	0.001672824	
S11000.iliopsoas.KL             	0.56274832	0.56068752	0.0018579942	
S11000.iliopsoas.L0             	0.39383389	0.39062026	0.0020604332	
S11000.iliopsoas-pelvis_tilt.P0 	-0.043582497	-0.043486472	0.0016611477	
S11000.iliopsoas-pelvis_tilt.KP 	0.01082572	0.011452428	0.010560673	
S11000.iliopsoas-pelvis_tilt.KV 	0.14867798	0.1441145	0.0019077832	
S11000.iliopsoas-hamstrings.KL  	-8.1475606	-8.222906	0.067484705	
S11000.iliopsoas-hamstrings.L0  	1.1680541	1.1661195	0.0015432563	
S11000.hamstrings.KF            	0.57648688	0.57476245	0.0014800318	
S11000.glut_max.KF              	0.62336104	0.62158724	0.0016855575	
