pelvis_tilt.offset              	0.01698022	0.017961189	0.00098625938	
hip_flexion_r.offset            	0.069153301	0.069198251	0.00090886169	
knee_angle_r.offset             	0.0022658822	0.0024107089	0.0010072899	
ankle_angle_r.offset            	-0.05376315	-0.05491964	0.0013051894	
hip_flexion_l.offset            	-0.0082591134	-0.0091486077	0.0018459931	
knee_angle_l.offset             	0.053432584	0.053671425	0.0014315523	
ankle_angle_l.offset            	0.18989807	0.18887026	0.0013662912	
stance_load_threshold           	0.15104727	0.14984691	0.0015015156	
S00111.tib_ant.KL               	1.2273193	1.2445645	0.024776942	
S00111.tib_ant.L0               	0.75618956	0.7566404	0.0026982272	
S00111.tib_ant.KS               	0.000173	0.00016640224	0.0010470732	
S11000.tib_ant.KL               	1.184745	1.1871482	0.014145536	
S11000.tib_ant.L0               	0.73662232	0.73732047	0.0020677902	
S11000.tib_ant.KS               	0.034324366	0.035350665	0.0013029531	
S11111.tib_ant-soleus.KF        	-0.10834102	-0.11051157	0.0022420376	
S00111.soleus-tib_ant.KS        	-0.80888339	-0.84661697	0.028346578	
S00111.gastroc-tib_ant.KS       	-0.32560884	-0.32879737	0.024359647	
S00111.tib_ant-gastroc.KS       	-0.00395169	-0.0037103287	0.20719625	
S11000.tib_ant-gastroc.KS       	-0.00366451	-0.0035009222	0.202514	
S00111.tib_ant-soleus.KS        	-0.00313515	-0.0032926302	0.21269766	
S11000.tib_ant-soleus.KS        	-0.0034666	-0.0033300177	0.2036623	
S00111.gastroc.KL               	0.075522667	0.078916788	0.025911562	
S00111.gastroc.L0               	0.82926209	0.83067919	0.010916164	
S00111.gastroc.KF               	1.4105106	1.4100383	0.0013913176	
S00111.gastroc.KS               	0.17198331	0.17359642	0.012033818	
S00111.soleus.KL                	4.0413774	4.0771733	0.024460771	
S00111.soleus.L0                	0.95965168	0.96242715	0.0062354527	
S00111.soleus.KF                	0.22585898	0.22590013	0.0020280658	
S00111.soleus.KS                	0.16520068	0.16008414	0.017552546	
S11000.gastroc.KL               	0.00837043	0.0089817375	0.020665867	
S11000.gastroc.L0               	0.53439254	0.53711302	0.011500872	
S11000.gastroc.KF               	-1.8362149	-1.853181	0.027112081	
S11000.gastroc.KS               	0.27636838	0.25812554	0.02458813	
S11000.soleus.KL                	0.84260236	0.7947247	0.047460855	
S11000.soleus.L0                	0.911094	0.89709649	0.010559453	
S11000.soleus.KF                	-0.90631311	-0.93043639	0.044359465	
S11000.soleus.KS                	0.11302564	0.1077356	0.038389241	
S00011.vasti.KF                 	0.84077023	0.83832972	0.0059492628	
S00011.vasti.C0                 	0.085324738	0.08550912	0.0013357666	
S00011.vasti-knee_angle.pos_max 	-0.30386364	-0.30413558	0.0020361453	
S00011.hamstrings-pelvis_tilt.KP	0.67186523	0.69645873	0.023291942	
S00011.hamstrings-pelvis_tilt.KV	0.56799162	0.5665558	0.0011888471	
S00011.hamstrings-pelvis_tilt.C0	0.02778807	0.026008434	0.0025540564	
S00011.glut_max-pelvis_tilt.KP  	1.5163149	1.5090207	0.019313188	
S00011.glut_max-pelvis_tilt.KV  	0.31315195	0.31200059	0.0012184495	
S00011.glut_max-pelvis_tilt.C0  	0.16322366	0.16119259	0.0020359236	
S00011.iliopsoas-pelvis_tilt.KP 	-3.4349581	-3.4976223	0.032546178	
S00011.iliopsoas-pelvis_tilt.KV 	-0.54268973	-0.54225147	0.0014941392	
S00011.iliopsoas-pelvis_tilt.C0 	0.3261038	0.32158889	0.0032252808	
S00100.iliopsoas.C0             	0.34007431	0.34138917	0.0017553421	
S00100.glut_max.C0              	-0.025298989	-0.02500935	0.0013327024	
S11000.iliopsoas.KL             	0.56296871	0.56036692	0.0014958546	
S11000.iliopsoas.L0             	0.39102855	0.38857246	0.0016718793	
S11000.iliopsoas-pelvis_tilt.P0 	-0.043829297	-0.043648174	0.0013333196	
S11000.iliopsoas-pelvis_tilt.KP 	0.01196527	0.01129386	0.0083199044	
S11000.iliopsoas-pelvis_tilt.KV 	0.14420435	0.14457674	0.0015552619	
S11000.iliopsoas-hamstrings.KL  	-8.0931676	-8.1563016	0.054813248	
S11000.iliopsoas-hamstrings.L0  	1.1683413	1.1684769	0.0012496804	
S11000.hamstrings.KF            	0.57547369	0.57614141	0.0012031366	
S11000.glut_max.KF              	0.621502	0.62301288	0.0013690197	
