pelvis_tilt.offset              	0.018077353	0.017406152	0.00091991946	
hip_flexion_r.offset            	0.069688813	0.068981431	0.00084506454	
knee_angle_r.offset             	0.0018409813	0.0019679213	0.00093979239	
ankle_angle_r.offset            	-0.054405437	-0.054965919	0.0012139789	
hip_flexion_l.offset            	-0.0065072705	-0.0087825778	0.0017176499	
knee_angle_l.offset             	0.051483034	0.053778599	0.0013326991	
ankle_angle_l.offset            	0.18926678	0.18950378	0.0012713751	
stance_load_threshold           	0.15050454	0.15039469	0.0013947781	
S00111.tib_ant.KL               	1.2194154	1.2258468	0.023089962	
S00111.tib_ant.L0               	0.75970142	0.75699914	0.002513972	
S00111.tib_ant.KS               	0.000173	0.00016305915	0.00097024879	
S11000.tib_ant.KL               	1.2020551	1.1881409	0.013163433	
S11000.tib_ant.L0               	0.74008254	0.73764198	0.0019244777	
S11000.tib_ant.KS               	0.034200444	0.034885429	0.0012121226	
S11111.tib_ant-soleus.KF        	-0.10602764	-0.10965252	0.0020903106	
S00111.soleus-tib_ant.KS        	-0.85068484	-0.85211879	0.026424903	
S00111.gastroc-tib_ant.KS       	-0.32800178	-0.32877057	0.022588283	
S00111.tib_ant-gastroc.KS       	-0.00357534	-0.0037154429	0.19199407	
S11000.tib_ant-gastroc.KS       	-0.00331551	-0.0034829086	0.18765536	
S00111.tib_ant-soleus.KS        	-0.00346517	-0.0033082989	0.19709183	
S11000.tib_ant-soleus.KS        	-0.00313645	-0.0033680347	0.18871941	
S00111.gastroc.KL               	0.077996389	0.080004213	0.024013049	
S00111.gastroc.L0               	0.83312595	0.83602823	0.010157725	
S00111.gastroc.KF               	1.4102877	1.4095135	0.0012953205	
S00111.gastroc.KS               	0.17695352	0.17237991	0.011160729	
S00111.soleus.KL                	4.0686564	4.0715602	0.022795873	
S00111.soleus.L0                	0.95594792	0.96090991	0.0058025051	
S00111.soleus.KF                	0.22673496	0.22615521	0.0018870136	
S00111.soleus.KS                	0.14946728	0.15954441	0.016279228	
S11000.gastroc.KL               	0.00837043	0.0088990089	0.019149638	
S11000.gastroc.L0               	0.5276177	0.53621564	0.010706828	
S11000.gastroc.KF               	-1.8660069	-1.8492868	0.025241555	
S11000.gastroc.KS               	0.25724163	0.26188148	0.022812233	
S11000.soleus.KL                	0.76261467	0.79596467	0.044096301	
S11000.soleus.L0                	0.90969842	0.89740581	0.0098409785	
S11000.soleus.KF                	-0.9183486	-0.92420186	0.041227292	
S11000.soleus.KS                	0.1022613	0.10582762	0.035576986	
S00011.vasti.KF                 	0.8515094	0.84053387	0.0055419337	
S00011.vasti.C0                 	0.083564317	0.086356003	0.0012437881	
S00011.vasti-knee_angle.pos_max 	-0.30453195	-0.30427367	0.001895775	
S00011.hamstrings-pelvis_tilt.KP	0.71830258	0.69803318	0.021656704	
S00011.hamstrings-pelvis_tilt.KV	0.56572379	0.56660733	0.0011061257	
S00011.hamstrings-pelvis_tilt.C0	0.02514159	0.026811265	0.002368985	
S00011.glut_max-pelvis_tilt.KP  	1.5157385	1.5027597	0.017946912	
S00011.glut_max-pelvis_tilt.KV  	0.31137589	0.31264455	0.0011348552	
S00011.glut_max-pelvis_tilt.C0  	0.16214349	0.16154008	0.0018926217	
S00011.iliopsoas-pelvis_tilt.KP 	-3.4963938	-3.4826319	0.030327677	
S00011.iliopsoas-pelvis_tilt.KV 	-0.54433634	-0.54271576	0.0013924702	
S00011.iliopsoas-pelvis_tilt.C0 	0.31745446	0.32138542	0.003012008	
S00100.iliopsoas.C0             	0.34072076	0.34172332	0.0016393423	
S00100.glut_max.C0              	-0.024612179	-0.024846199	0.0012377052	
S11000.iliopsoas.KL             	0.56103548	0.56172156	0.0013939016	
S11000.iliopsoas.L0             	0.39217374	0.38994124	0.0015607004	
S11000.iliopsoas-pelvis_tilt.P0 	-0.044941558	-0.04378633	0.0012373389	
S11000.iliopsoas-pelvis_tilt.KP 	0.01196527	0.011385467	0.0077096394	
S11000.iliopsoas-pelvis_tilt.KV 	0.14571852	0.14523081	0.0014456381	
S11000.iliopsoas-hamstrings.KL  	-8.1925778	-8.1304858	0.05097218	
S11000.iliopsoas-hamstrings.L0  	1.1675663	1.1685551	0.0011651043	
S11000.hamstrings.KF            	0.57384608	0.57514457	0.0011204321	
S11000.glut_max.KF              	0.621497	0.62311742	0.0012745285	
