pelvis_tilt.offset              	0.016664467	0.016959335	0.00073702851	
hip_flexion_r.offset            	0.071604151	0.069197527	0.00067400718	
knee_angle_r.offset             	0.0014936507	0.0018768445	0.00075154284	
ankle_angle_r.offset            	-0.054666962	-0.054896593	0.00097550752	
hip_flexion_l.offset            	-0.0081375843	-0.0075520747	0.0013727832	
knee_angle_l.offset             	0.055147167	0.054207754	0.0010664624	
ankle_angle_l.offset            	0.19109101	0.19055893	0.0010245947	
stance_load_threshold           	0.15393932	0.15149726	0.0011128169	
S00111.tib_ant.KL               	1.2615088	1.2366179	0.018416189	
S00111.tib_ant.L0               	0.76035917	0.75773584	0.0020110788	
S00111.tib_ant.KS               	0.000173	0.00016450694	0.00076406708	
S11000.tib_ant.KL               	1.1864643	1.1956984	0.010493131	
S11000.tib_ant.L0               	0.73770624	0.73829099	0.0015355827	
S11000.tib_ant.KS               	0.034368964	0.035205493	0.00096415451	
S11111.tib_ant-soleus.KF        	-0.11021585	-0.10825073	0.0016730216	
S00111.soleus-tib_ant.KS        	-0.84613291	-0.8481161	0.0211033	
S00111.gastroc-tib_ant.KS       	-0.32171493	-0.32685902	0.017824821	
S00111.tib_ant-gastroc.KS       	-0.00395169	-0.0036908873	0.15119434	
S11000.tib_ant-gastroc.KS       	-0.00331551	-0.0034096643	0.14777763	
S00111.tib_ant-soleus.KS        	-0.00313515	-0.0032891237	0.1552088	
S11000.tib_ant-soleus.KS        	-0.00313645	-0.0032434867	0.14861556	
S00111.gastroc.KL               	0.08315732	0.078876559	0.018918528	
S00111.gastroc.L0               	0.81737292	0.82095457	0.0081365572	
S00111.gastroc.KF               	1.4107735	1.4103718	0.0010298812	
S00111.gastroc.KS               	0.17362139	0.17093834	0.0088376557	
S00111.soleus.KL                	4.0266854	4.0623172	0.018283828	
S00111.soleus.L0                	0.96648948	0.96464102	0.0046436494	
S00111.soleus.KF                	0.2291886	0.22806994	0.0015062475	
S00111.soleus.KS                	0.14946728	0.15841635	0.012859963	
S11000.gastroc.KL               	0.00925153	0.008568259	0.015080416	
S11000.gastroc.L0               	0.52297826	0.5249305	0.0085743059	
S11000.gastroc.KF               	-1.863294	-1.8660113	0.020189766	
S11000.gastroc.KS               	0.25231886	0.26375614	0.018030499	
S11000.soleus.KL                	0.84260236	0.80577372	0.034989888	
S11000.soleus.L0                	0.9124026	0.90474093	0.0079009051	
S11000.soleus.KF                	-0.94283276	-0.90657865	0.032784169	
S11000.soleus.KS                	0.1022613	0.10871535	0.028027376	
S00011.vasti.KF                 	0.84286666	0.84326808	0.0044468298	
S00011.vasti.C0                 	0.083955293	0.086145331	0.00099783556	
S00011.vasti-knee_angle.pos_max 	-0.30392898	-0.30385176	0.0015178643	
S00011.hamstrings-pelvis_tilt.KP	0.71794385	0.69662323	0.017313598	
S00011.hamstrings-pelvis_tilt.KV	0.56817017	0.56701075	0.00088336732	
S00011.hamstrings-pelvis_tilt.C0	0.02514159	0.026108495	0.0018732219	
S00011.glut_max-pelvis_tilt.KP  	1.523557	1.5106669	0.014262109	
S00011.glut_max-pelvis_tilt.KV  	0.31324563	0.31226126	0.00091000242	
S00011.glut_max-pelvis_tilt.C0  	0.16007197	0.15911307	0.0015088064	
S00011.iliopsoas-pelvis_tilt.KP 	-3.4894306	-3.5197933	0.024200741	
S00011.iliopsoas-pelvis_tilt.KV 	-0.54318327	-0.54189521	0.0011119903	
S00011.iliopsoas-pelvis_tilt.C0 	0.31866451	0.31771836	0.0024265611	
S00100.iliopsoas.C0             	0.34342451	0.34097125	0.001313053	
S00100.glut_max.C0              	-0.025026867	-0.025167929	0.00098169606	
S11000.iliopsoas.KL             	0.56312304	0.56236688	0.0011104641	
S11000.iliopsoas.L0             	0.39101888	0.39072707	0.0012525254	
S11000.iliopsoas-pelvis_tilt.P0 	-0.044242273	-0.043581132	0.00098780247	
S11000.iliopsoas-pelvis_tilt.KP 	0.01082572	0.011498323	0.0060718917	
S11000.iliopsoas-pelvis_tilt.KV 	0.14607174	0.14574564	0.0011536485	
S11000.iliopsoas-hamstrings.KL  	-8.0708697	-8.1077286	0.040827576	
S11000.iliopsoas-hamstrings.L0  	1.1667968	1.1676263	0.00092965286	
S11000.hamstrings.KF            	0.57518251	0.57519705	0.00089599272	
S11000.glut_max.KF              	0.62025658	0.62256913	0.0010184577	
