pelvis_tilt.offset              	0.017780668	0.016819621	0.00068310345	
hip_flexion_r.offset            	0.069236997	0.07003531	0.00062804801	
knee_angle_r.offset             	0.0022092133	0.0020483806	0.00069656928	
ankle_angle_r.offset            	-0.056083329	-0.055334447	0.0009006309	
hip_flexion_l.offset            	-0.0089833819	-0.0072672517	0.001269032	
knee_angle_l.offset             	0.053770486	0.053410289	0.00098848084	
ankle_angle_l.offset            	0.1903963	0.1901221	0.00094795275	
stance_load_threshold           	0.15214326	0.15220834	0.0010326911	
S00111.tib_ant.KL               	1.2759274	1.2536541	0.017045165	
S00111.tib_ant.L0               	0.76041907	0.75959047	0.0018609378	
S00111.tib_ant.KS               	0.00015652	0.00016491009	0.00070166856	
S11000.tib_ant.KL               	1.1858761	1.2040965	0.009749009	
S11000.tib_ant.L0               	0.73854254	0.73880553	0.0014228308	
S11000.tib_ant.KS               	0.033793323	0.034720086	0.00089068709	
S11111.tib_ant-soleus.KF        	-0.10829056	-0.10832409	0.0015462288	
S00111.soleus-tib_ant.KS        	-0.85617625	-0.85279094	0.019521565	
S00111.gastroc-tib_ant.KS       	-0.32985241	-0.32442402	0.016391378	
S00111.tib_ant-gastroc.KS       	-0.00357534	-0.0037597492	0.13884674	
S11000.tib_ant-gastroc.KS       	-0.00331551	-0.0035283408	0.13570906	
S00111.tib_ant-soleus.KS        	-0.00346517	-0.0032610452	0.14253335	
S11000.tib_ant-soleus.KS        	-0.00313645	-0.0032519753	0.13647856	
S00111.gastroc.KL               	0.07523758	0.078633251	0.017379137	
S00111.gastroc.L0               	0.81768707	0.82000022	0.0075455752	
S00111.gastroc.KF               	1.4100742	1.4108006	0.00095058297	
S00111.gastroc.KS               	0.1708878	0.17391125	0.0081355365	
S00111.soleus.KL                	4.0485863	4.0602544	0.01693541	
S00111.soleus.L0                	0.97103468	0.96454864	0.0042907536	
S00111.soleus.KF                	0.22918044	0.22798602	0.0013904376	
S00111.soleus.KS                	0.16520068	0.15680344	0.011837574	
S11000.gastroc.KL               	0.00837043	0.0088857341	0.013848937	
S11000.gastroc.L0               	0.5287891	0.5279084	0.0079163003	
S11000.gastroc.KF               	-1.8461683	-1.8667761	0.0186397	
S11000.gastroc.KS               	0.25231886	0.25543923	0.016586876	
S11000.soleus.KL                	0.81154462	0.80321133	0.032262634	
S11000.soleus.L0                	0.90485261	0.90498547	0.0073171948	
S11000.soleus.KF                	-0.87492408	-0.90281238	0.030253463	
S11000.soleus.KS                	0.10636225	0.10986578	0.025745908	
S00011.vasti.KF                 	0.84128709	0.8417572	0.0041147242	
S00011.vasti.C0                 	0.086394268	0.086028017	0.00092185155	
S00011.vasti-knee_angle.pos_max 	-0.30450776	-0.30440928	0.0014013229	
S00011.hamstrings-pelvis_tilt.KP	0.71444015	0.70426016	0.016023582	
S00011.hamstrings-pelvis_tilt.KV	0.5683144	0.56732099	0.00081910019	
S00011.hamstrings-pelvis_tilt.C0	0.02778807	0.026930418	0.001725266	
S00011.glut_max-pelvis_tilt.KP  	1.501225	1.5144739	0.013170628	
S00011.glut_max-pelvis_tilt.KV  	0.31247501	0.31224474	0.0008417572	
S00011.glut_max-pelvis_tilt.C0  	0.16218059	0.1605464	0.001393961	
S00011.iliopsoas-pelvis_tilt.KP 	-3.5329518	-3.5219545	0.022421015	
S00011.iliopsoas-pelvis_tilt.KV 	-0.54210729	-0.54228061	0.0010262283	
S00011.iliopsoas-pelvis_tilt.C0 	0.31822139	0.31893307	0.0022477693	
S00100.iliopsoas.C0             	0.34177185	0.34202869	0.0012154468	
S00100.glut_max.C0              	-0.025450043	-0.025016912	0.0009043811	
S11000.iliopsoas.KL             	0.56224282	0.56178544	0.0010245307	
S11000.iliopsoas.L0             	0.38894373	0.39065816	0.0011616765	
S11000.iliopsoas-pelvis_tilt.P0 	-0.043783067	-0.04330313	0.00091402556	
S11000.iliopsoas-pelvis_tilt.KP 	0.011868857	0.011433896	0.0055764295	
S11000.iliopsoas-pelvis_tilt.KV 	0.14475491	0.14625088	0.0010691017	
S11000.iliopsoas-hamstrings.KL  	-8.0292143	-8.0753647	0.037804326	
S11000.iliopsoas-hamstrings.L0  	1.1682427	1.1672075	0.00085918158	
S11000.hamstrings.KF            	0.57460526	0.57445498	0.00082662375	
S11000.glut_max.KF              	0.62204478	0.62160877	0.0009451657	
