pelvis_tilt.offset              	0.016294419	0.016244105	0.0004973937	
hip_flexion_r.offset            	0.070026898	0.070018067	0.00045633546	
knee_angle_r.offset             	0.00063762663	0.0017331228	0.00050523518	
ankle_angle_r.offset            	-0.054676334	-0.054427346	0.00065332597	
hip_flexion_l.offset            	-0.0077482214	-0.0081377698	0.00091828731	
knee_angle_l.offset             	0.05426691	0.054106022	0.00071355815	
ankle_angle_l.offset            	0.19309476	0.1923742	0.00069531219	
stance_load_threshold           	0.15199423	0.15175677	0.00074804008	
S00111.tib_ant.KL               	1.2725527	1.2638655	0.012354985	
S00111.tib_ant.L0               	0.76231368	0.76056382	0.0013432522	
S00111.tib_ant.KS               	0.00015652	0.00016460909	0.00049027479	
S11000.tib_ant.KL               	1.2131911	1.2087013	0.0071257608	
S11000.tib_ant.L0               	0.73982725	0.73931998	0.0010254859	
S11000.tib_ant.KS               	0.035282108	0.034877282	0.00064089009	
S11111.tib_ant-soleus.KF        	-0.1067536	-0.10657654	0.0011129942	
S00111.soleus-tib_ant.KS        	-0.86020892	-0.84899285	0.0141754	
S00111.gastroc-tib_ant.KS       	-0.32171493	-0.33032066	0.011583437	
S00111.tib_ant-gastroc.KS       	-0.00357534	-0.0037317038	0.097015253	
S11000.tib_ant-gastroc.KS       	-0.00331551	-0.0034860403	0.094822889	
S00111.tib_ant-soleus.KS        	-0.00313515	-0.0032962835	0.099591168	
S11000.tib_ant-soleus.KS        	-0.00313645	-0.0033327691	0.095360554	
S00111.gastroc.KL               	0.07523758	0.078900123	0.012168974	
S00111.gastroc.L0               	0.80104458	0.81079097	0.0054876122	
S00111.gastroc.KF               	1.4093692	1.4097241	0.00068522871	
S00111.gastroc.KS               	0.16841679	0.17085751	0.0057646917	
S00111.soleus.KL                	4.0563094	4.0690964	0.012233578	
S00111.soleus.L0                	0.97319073	0.97419611	0.0031283649	
S00111.soleus.KF                	0.23019244	0.22739594	0.0010105864	
S00111.soleus.KS                	0.15373484	0.15663964	0.0083691932	
S11000.gastroc.KL               	0.00925153	0.0091129195	0.0096770682	
S11000.gastroc.L0               	0.51273536	0.51566516	0.0057571216	
S11000.gastroc.KF               	-1.8345623	-1.8534192	0.013523951	
S11000.gastroc.KS               	0.25231886	0.25548626	0.0116758	
S11000.soleus.KL                	0.81348931	0.82396335	0.023129972	
S11000.soleus.L0                	0.91527902	0.91149409	0.0052619525	
S11000.soleus.KF                	-0.90571646	-0.90296378	0.021788871	
S11000.soleus.KS                	0.1022613	0.10684279	0.01802485	
S00011.vasti.KF                 	0.84440578	0.84229441	0.0030043893	
S00011.vasti.C0                 	0.085598083	0.085381768	0.00066705603	
S00011.vasti-knee_angle.pos_max 	-0.30656972	-0.30469261	0.001012975	
S00011.hamstrings-pelvis_tilt.KP	0.71331879	0.70388401	0.011562826	
S00011.hamstrings-pelvis_tilt.KV	0.56804804	0.56853795	0.00059507434	
S00011.hamstrings-pelvis_tilt.C0	0.027027156	0.026077211	0.0012223292	
S00011.glut_max-pelvis_tilt.KP  	1.5300085	1.5260808	0.0094927829	
S00011.glut_max-pelvis_tilt.KV  	0.31321836	0.31235091	0.00060651229	
S00011.glut_max-pelvis_tilt.C0  	0.15998164	0.16084483	0.0010094597	
S00011.iliopsoas-pelvis_tilt.KP 	-3.5118126	-3.5088006	0.016157402	
S00011.iliopsoas-pelvis_tilt.KV 	-0.54198621	-0.54294439	0.00074114888	
S00011.iliopsoas-pelvis_tilt.C0 	0.31594162	0.3178373	0.0016326491	
S00100.iliopsoas.C0             	0.34090227	0.34199284	0.00088045488	
S00100.glut_max.C0              	-0.025153029	-0.024376415	0.00064983695	
S11000.iliopsoas.KL             	0.56274056	0.56335607	0.0007452875	
S11000.iliopsoas.L0             	0.38743244	0.38941962	0.00083861359	
S11000.iliopsoas-pelvis_tilt.P0 	-0.04351334	-0.043504289	0.000660445	
S11000.iliopsoas-pelvis_tilt.KP 	0.01082572	0.011372079	0.003898391	
S11000.iliopsoas-pelvis_tilt.KV 	0.14548262	0.14520787	0.00077027029	
S11000.iliopsoas-hamstrings.KL  	-8.0356575	-8.0626719	0.027517271	
S11000.iliopsoas-hamstrings.L0  	1.1694218	1.169345	0.00062407364	
S11000.hamstrings.KF            	0.57517732	0.57488089	0.0005952067	
S11000.glut_max.KF              	0.62213798	0.62157273	0.00068108839	
