pelvis_tilt.offset              	0.023129876	0.021282069	0.00081931321	
hip_flexion_r.offset            	0.069954861	0.07092527	0.00077447572	
knee_angle_r.offset             	-0.00079542781	-0.00063387332	0.00084353192	
ankle_angle_r.offset            	-0.057871149	-0.057045741	0.0011028799	
hip_flexion_l.offset            	-0.0026006426	-0.0041622554	0.0015657053	
knee_angle_l.offset             	0.050900546	0.0523054	0.0012257068	
ankle_angle_l.offset            	0.1889988	0.18860868	0.0011573638	
stance_load_threshold           	0.15181577	0.15231137	0.0012747117	
S00111.tib_ant.KL               	1.2451408	1.2299677	0.021072212	
S00111.tib_ant.L0               	0.7571645	0.75813004	0.0022642534	
S00111.tib_ant.KS               	0.000173	0.00016530282	0.00087999929	
S11000.tib_ant.KL               	1.2345168	1.2364875	0.012136367	
S11000.tib_ant.L0               	0.73761409	0.73577536	0.0017478165	
S11000.tib_ant.KS               	0.034142195	0.035084537	0.0011038546	
S11111.tib_ant-soleus.KF        	-0.11167838	-0.1103046	0.0019022853	
S00111.soleus-tib_ant.KS        	-0.88585565	-0.86050326	0.023963352	
S11000.soleus-tib_ant.KS        	-3.2470635	-3.2702937	0.027810263	
S00111.gastroc-tib_ant.KS       	-0.33179727	-0.32732117	0.020431833	
S11000.gastroc-tib_ant.KS       	-1.6533513	-1.6332844	0.023597728	
S00111.tib_ant-gastroc.KS       	-0.00395169	-0.00371406	0.17413528	
S11000.tib_ant-gastroc.KS       	-0.00366451	-0.0034767024	0.17020014	
S00111.tib_ant-soleus.KS        	-0.00346517	-0.003286834	0.17875886	
S11000.tib_ant-soleus.KS        	-0.0034666	-0.0033742335	0.17116521	
S00111.gastroc.KL               	0.077875187	0.077411303	0.021784926	
S00111.gastroc.L0               	0.8453909	0.84650623	0.009287051	
S00111.gastroc.KF               	1.4133007	1.4137991	0.0011921602	
S00111.soleus.KL                	4.0439705	4.0310857	0.020579924	
S00111.soleus.L0                	0.96838782	0.96856106	0.0052297023	
S00111.soleus.KF                	0.22787804	0.22977042	0.001721285	
S11000.gastroc.KL               	0.00925153	0.0089021663	0.017368505	
S11000.gastroc.L0               	0.52709472	0.52245641	0.0097171286	
S11000.gastroc.KF               	-1.8212377	-1.8286551	0.022915518	
S11000.gastroc.KS               	0.26128791	0.26782983	0.020718487	
S11000.soleus.KL                	0.84260236	0.81774037	0.039998625	
S11000.soleus.L0                	0.88965448	0.89107497	0.0088916959	
S11000.soleus.KF                	-0.86753488	-0.90649649	0.03736042	
S11000.soleus.KS                	0.11302564	0.10764669	0.032271272	
S00011.vasti.KF                 	0.82957525	0.82474074	0.0049607085	
S00011.vasti.C0                 	0.083013624	0.082573584	0.0011155559	
S00011.vasti-knee_angle.pos_max 	-0.30889399	-0.30905948	0.0017387046	
S00011.hamstrings-pelvis_tilt.KP	0.69571823	0.71176618	0.019750959	
S00011.hamstrings-pelvis_tilt.KV	0.56910048	0.56974464	0.0010116725	
S00011.hamstrings-pelvis_tilt.C0	0.025484183	0.026311251	0.0021516311	
S00011.glut_max-pelvis_tilt.KP  	1.4661742	1.4822873	0.016386335	
S00011.glut_max-pelvis_tilt.KV  	0.31393572	0.31506159	0.0010278791	
S00011.glut_max-pelvis_tilt.C0  	0.1596065	0.16247279	0.0017382494	
S00011.iliopsoas-pelvis_tilt.KP 	-3.5872891	-3.5706493	0.027591875	
S00011.iliopsoas-pelvis_tilt.KV 	-0.54573582	-0.54450097	0.0012617755	
S00011.iliopsoas-pelvis_tilt.C0 	0.33508034	0.33279812	0.0027207683	
S00100.iliopsoas.C0             	0.3365058	0.33642981	0.0014797633	
S00100.glut_max.C0              	-0.024092508	-0.024957067	0.0011229837	
S11000.iliopsoas.KL             	0.56041681	0.55976363	0.0012777989	
S11000.iliopsoas.L0             	0.38432352	0.38466342	0.0014359704	
S11000.iliopsoas-pelvis_tilt.P0 	-0.042091096	-0.04305828	0.0011292009	
S11000.iliopsoas-pelvis_tilt.KP 	0.01196527	0.011519519	0.0069928526	
S11000.iliopsoas-pelvis_tilt.KV 	0.14376244	0.14549843	0.0013147502	
S11000.iliopsoas-hamstrings.KL  	-8.3546368	-8.1655519	0.046423715	
S11000.iliopsoas-hamstrings.L0  	1.1652737	1.1651398	0.0010517693	
S11000.hamstrings.KF            	0.57618379	0.57632761	0.0010166001	
S11000.glut_max.KF              	0.62200177	0.6216983	0.0011605726	
