pelvis_tilt.offset              	0.021850122	0.021803007	0.00022299388	
hip_flexion_r.offset            	0.071822412	0.072152301	0.00020891524	
knee_angle_r.offset             	-0.00011498251	-2.4990108e-05	0.00022941072	
ankle_angle_r.offset            	-0.056063696	-0.056137211	0.00030691772	
hip_flexion_l.offset            	-0.0013398489	-0.0016101565	0.00042752997	
knee_angle_l.offset             	0.052480987	0.052397785	0.00033443854	
ankle_angle_l.offset            	0.18961545	0.18965966	0.00031430737	
stance_load_threshold           	0.14974767	0.14948769	0.00034621155	
S00111.tib_ant.KL               	1.2414134	1.2461531	0.0056875405	
S00111.tib_ant.L0               	0.76237216	0.76196831	0.00061050982	
S00111.tib_ant.KS               	0.000173	0.00016404554	0.00018981951	
S11000.tib_ant.KL               	1.2271756	1.23062	0.0032808768	
S11000.tib_ant.L0               	0.73274476	0.73233889	0.00047050317	
S11000.tib_ant.KS               	0.037105068	0.036997555	0.0002932167	
S11111.tib_ant-soleus.KF        	-0.1142009	-0.113922	0.00052142896	
S00111.soleus-tib_ant.KS        	-0.86424804	-0.86017995	0.0062056331	
S11000.soleus-tib_ant.KS        	-3.3749288	-3.3732676	0.0076821269	
S00111.gastroc-tib_ant.KS       	-0.32629098	-0.32390559	0.0046059451	
S11000.gastroc-tib_ant.KS       	-1.6614849	-1.6669004	0.0064493534	
S00111.tib_ant-gastroc.KS       	-0.00395169	-0.0036352304	0.037555834	
S11000.tib_ant-gastroc.KS       	-0.00366451	-0.0035356374	0.036707134	
S00111.tib_ant-soleus.KS        	-0.00346517	-0.0032663726	0.038552981	
S11000.tib_ant-soleus.KS        	-0.00313645	-0.0032534369	0.036915266	
S00111.gastroc.KL               	0.076136793	0.078271737	0.0048792268	
S00111.gastroc.L0               	0.848045	0.85080165	0.0024788889	
S00111.gastroc.KF               	1.4175373	1.417446	0.00033093483	
S00111.soleus.KL                	4.0247559	4.0226559	0.0055847167	
S00111.soleus.L0                	0.96574504	0.96707265	0.0013031765	
S00111.soleus.KF                	0.22956634	0.22905733	0.00046454304	
S11000.gastroc.KL               	0.00837043	0.0087828007	0.0037500508	
S11000.gastroc.L0               	0.51334985	0.50827546	0.0025977578	
S11000.gastroc.KF               	-1.7688983	-1.7760498	0.0062387918	
S11000.gastroc.KS               	0.26295868	0.26402192	0.0052102921	
S11000.soleus.KL                	0.81482157	0.81479274	0.01046263	
S11000.soleus.L0                	0.88169134	0.88507537	0.0023956203	
S11000.soleus.KF                	-0.92577691	-0.92033449	0.0097644762	
S11000.soleus.KS                	0.10426134	0.10894999	0.0072004735	
S00011.vasti.KF                 	0.83376521	0.83184122	0.0013351968	
S00011.vasti.C0                 	0.082699793	0.082336971	0.00029201976	
S00011.vasti-knee_angle.pos_max 	-0.30632018	-0.30611416	0.00047393229	
S00011.hamstrings-pelvis_tilt.KP	0.69582744	0.69118178	0.0051646294	
S00011.hamstrings-pelvis_tilt.KV	0.57118616	0.57107351	0.00027623766	
S00011.hamstrings-pelvis_tilt.C0	0.02778807	0.026837231	0.00054169321	
S00011.glut_max-pelvis_tilt.KP  	1.468312	1.4606415	0.0043998595	
S00011.glut_max-pelvis_tilt.KV  	0.31276989	0.3124485	0.00027858718	
S00011.glut_max-pelvis_tilt.C0  	0.1589531	0.15938376	0.00046658094	
S00011.iliopsoas-pelvis_tilt.KP 	-3.6041908	-3.617007	0.0075607945	
S00011.iliopsoas-pelvis_tilt.KV 	-0.54538027	-0.54575493	0.00034131342	
S00011.iliopsoas-pelvis_tilt.C0 	0.33432431	0.336214	0.00072463651	
S00100.iliopsoas.C0             	0.33375567	0.33315451	0.0004048058	
S00100.glut_max.C0              	-0.024303496	-0.023719674	0.00028963367	
S11000.iliopsoas.KL             	0.55716804	0.55676364	0.00035221526	
S11000.iliopsoas.L0             	0.38606797	0.38617595	0.00039283187	
S11000.iliopsoas-pelvis_tilt.P0 	-0.044391974	-0.044840987	0.00030238649	
S11000.iliopsoas-pelvis_tilt.KP 	0.01082572	0.011398826	0.0015231248	
S11000.iliopsoas-pelvis_tilt.KV 	0.14703276	0.14731912	0.00035918629	
S11000.iliopsoas-hamstrings.KL  	-8.1959242	-8.1956362	0.012568567	
S11000.iliopsoas-hamstrings.L0  	1.1669	1.1664987	0.000282766	
S11000.hamstrings.KF            	0.5764891	0.57658117	0.00027319689	
S11000.glut_max.KF              	0.62128034	0.62062148	0.00031082193	
