pelvis_tilt.offset              	0.021866508	0.021816434	4.0406905e-05	
hip_flexion_r.offset            	0.072048432	0.072026136	3.7823007e-05	
knee_angle_r.offset             	0.0002380341	0.0002460283	3.9671377e-05	
ankle_angle_r.offset            	-0.056388835	-0.0563233	5.3820997e-05	
hip_flexion_l.offset            	-0.0014192549	-0.0012654678	7.6158954e-05	
knee_angle_l.offset             	0.053280123	0.053284986	5.9409263e-05	
ankle_angle_l.offset            	0.1909553	0.19102066	5.7510925e-05	
stance_load_threshold           	0.15028391	0.15031964	6.2209813e-05	
S00111.tib_ant.KL               	1.2298576	1.2291213	0.00099692963	
S00111.tib_ant.L0               	0.7635113	0.76334188	0.00010931557	
S00111.tib_ant.KS               	0.00016648146	0.0001601065	2.0696042e-05	
S11000.tib_ant.KL               	1.2242338	1.2250202	0.00059169049	
S11000.tib_ant.L0               	0.73103057	0.73105715	8.5891945e-05	
S11000.tib_ant.KS               	0.036347536	0.036359188	4.9892626e-05	
S11111.tib_ant-soleus.KF        	-0.11547713	-0.11564761	9.6940111e-05	
S00111.soleus-tib_ant.KS        	-0.84908559	-0.84926608	0.0010907648	
S11000.soleus-tib_ant.KS        	-3.3931864	-3.3939894	0.0013917057	
S00111.gastroc-tib_ant.KS       	-0.32480542	-0.32335825	0.00063798607	
S11000.gastroc-tib_ant.KS       	-1.6974596	-1.6973923	0.0011597828	
S00111.tib_ant-gastroc.KS       	-0.00357534	-0.0037758697	0.0040389351	
S11000.tib_ant-gastroc.KS       	-0.00331551	-0.0035765315	0.0039475983	
S00111.tib_ant-soleus.KS        	-0.00346517	-0.0033163187	0.0041459423	
S11000.tib_ant-soleus.KS        	-0.0034125917	-0.0033438602	0.0039698689	
S00111.gastroc.KL               	0.078365029	0.077725852	0.0007671797	
S00111.gastroc.L0               	0.85453873	0.85521681	0.00044022634	
S00111.gastroc.KF               	1.4167025	1.4166921	5.8597491e-05	
S00111.soleus.KL                	4.0026291	4.0019611	0.0010123589	
S00111.soleus.L0                	0.9665014	0.9668622	0.00022354735	
S00111.soleus.KF                	0.23011505	0.23011859	8.150103e-05	
S11000.gastroc.KL               	0.0087033614	0.0087690865	0.00043431151	
S11000.gastroc.L0               	0.51806568	0.51776348	0.00046628737	
S11000.gastroc.KF               	-1.7630659	-1.7622295	0.0011153049	
S11000.gastroc.KS               	0.27621588	0.27601086	0.00088392478	
S11000.soleus.KL                	0.83081468	0.82977643	0.0018082779	
S11000.soleus.L0                	0.88456097	0.88466465	0.00042308711	
S11000.soleus.KF                	-0.87139701	-0.8711885	0.0017187893	
S11000.soleus.KS                	0.10590706	0.10581573	0.0011225665	
S00011.vasti.KF                 	0.83481389	0.83508536	0.0002260076	
S00011.vasti.C0                 	0.082343888	0.082360686	4.9809513e-05	
S00011.vasti-knee_angle.pos_max 	-0.30551578	-0.30559314	8.4600716e-05	
S00011.hamstrings-pelvis_tilt.KP	0.70573398	0.70456081	0.00092817937	
S00011.hamstrings-pelvis_tilt.KV	0.57065831	0.57062822	4.9957545e-05	
S00011.hamstrings-pelvis_tilt.C0	0.026260504	0.026220875	9.749282e-05	
S00011.glut_max-pelvis_tilt.KP  	1.4502286	1.4502784	0.00077596665	
S00011.glut_max-pelvis_tilt.KV  	0.31272889	0.31270991	5.1413307e-05	
S00011.glut_max-pelvis_tilt.C0  	0.15839198	0.15828438	8.0599043e-05	
S00011.iliopsoas-pelvis_tilt.KP 	-3.6018526	-3.6012957	0.0013799139	
S00011.iliopsoas-pelvis_tilt.KV 	-0.54501724	-0.54507362	5.9209106e-05	
S00011.iliopsoas-pelvis_tilt.C0 	0.33224675	0.33223137	0.00013452672	
S00100.iliopsoas.C0             	0.33524373	0.33504793	7.4676321e-05	
S00100.glut_max.C0              	-0.023753618	-0.023775382	4.9316315e-05	
S11000.iliopsoas.KL             	0.55706816	0.55702479	6.1251084e-05	
S11000.iliopsoas.L0             	0.38603849	0.38609626	6.7596051e-05	
S11000.iliopsoas-pelvis_tilt.P0 	-0.045430643	-0.045422331	5.4528485e-05	
S11000.iliopsoas-pelvis_tilt.KP 	0.011715352	0.011408524	0.00021144301	
S11000.iliopsoas-pelvis_tilt.KV 	0.14693699	0.14699112	6.4044858e-05	
S11000.iliopsoas-hamstrings.KL  	-8.1716131	-8.1703795	0.0021906982	
S11000.iliopsoas-hamstrings.L0  	1.1675482	1.1675816	5.2224123e-05	
S11000.hamstrings.KF            	0.57510807	0.57507178	4.9840908e-05	
S11000.glut_max.KF              	0.62167773	0.62162039	5.4844293e-05	
