Step	Best	Median	Predicted	Progress
0	59.0944	91.4426	0	0
1	9.71138	87.3642	-24681.8	5.08506
2	0.600536	85.5553	-14622.9	1.92111
3	0.606082	85.3985	-4559.38	1.7661
4	0.600156	85.7092	-2281.71	1.57967
5	0.604792	89.2905	-2.36364	0.0096936
6	0.601317	85.1588	-0.92781	0.00502207
7	0.596949	84.0549	-1.14011	0.00571717
8	0.600965	84.5048	-0.591126	0.00392703
9	0.603575	80.1477	-0.117789	0.00237106
10	0.599525	77.2147	0.0898468	0.00168708
11	0.599765	80.2541	0.307575	0.000969156
12	0.601291	78.7831	0.409873	0.000630308
13	0.59457	71.2915	0.306957	0.000968288
14	0.599077	81.237	0.319573	0.000925758
15	0.598742	82.9415	0.387248	0.000702178
16	0.599377	75.1425	0.447351	0.000503119
17	0.595077	71.7625	0.406377	0.000636992
18	0.593482	77.705	0.338018	0.00085967
19	0.599787	75.7289	0.405611	0.000637398
20	0.59395	60.759	0.343882	0.00083784
21	0.599894	38.5815	0.404846	0.000637804
22	0.600803	69.1312	0.445537	0.000503879
23	0.596107	0.63449	0.437471	0.000529374
24	0.596762	53.4399	0.44518	0.000503327
25	0.595018	0.627053	0.436836	0.000529654
26	0.599803	56.1423	0.444576	0.00050358
27	0.596915	60.2539	0.453974	0.000472378
28	0.597793	67.6203	0.467868	0.000426812
29	0.595637	76.8812	0.47612	0.000399302
30	0.595827	67.3517	0.480565	0.000384632
31	0.598784	51.6328	0.482026	0.000379257
32	0.599123	0.612817	0.484265	0.000371519
33	0.59847	72.8475	0.485403	0.000367372
34	0.595106	52.7853	0.491105	0.000348472
35	0.594696	0.607896	0.493742	0.000338678
36	0.592136	47.3532	0.490339	0.000348796
37	0.597109	63.7662	0.494528	0.000334942
38	0.596113	0.61965	0.496629	0.000327973
39	0.59668	58.3893	0.499339	0.000319051
40	0.596498	0.611333	0.513299	0.000274406
41	0.594631	0.610364	0.511289	0.000279718
42	0.594001	27.4148	0.509159	0.000285351
43	0.594378	0.607334	0.508387	0.000287472
44	0.592435	0.606643	0.505726	0.000295615
45	0.5952	41.2913	0.505961	0.00029444
46	0.592801	0.607568	0.503167	0.000302971
47	0.596038	60.2743	0.505609	0.000294526
48	0.59456	6.65021	0.509731	0.000280605
49	0.594616	17.6759	0.511841	0.000274105
50	0.593556	53.9047	0.512631	0.00027087
51	0.595602	12.7434	0.514753	0.000264059
52	0.5954	31.1224	0.515607	0.000261464
53	0.595208	0.603048	0.516416	0.000258659
54	0.595858	0.627054	0.518003	0.00025315
55	0.592841	0.6022	0.517602	0.000253945
56	0.595706	32.0774	0.519072	0.000248883
57	0.594087	0.604952	0.519918	0.000245784
58	0.5949	35.9849	0.522098	0.000238488
59	0.594531	0.602179	0.528278	0.000218228
60	0.595526	12.6401	0.530061	0.000212569
61	0.594282	6.17986	0.53036	0.000211467
62	0.59537	43.7812	0.532346	0.000204867
63	0.597104	0.60885	0.535073	0.000196235
64	0.59388	0.613665	0.539503	0.000182075
65	0.594563	6.30223	0.540119	0.000179816
66	0.59487	0.601935	0.540621	0.000177928
67	0.594297	0.718815	0.541039	0.000176331
68	0.595047	0.602286	0.54136	0.00017502
69	0.596491	31.1151	0.541917	0.000172979
70	0.595232	0.612015	0.545607	0.000161248
71	0.593573	0.603657	0.548266	0.000152467
72	0.596123	0.632794	0.549664	0.00014778
73	0.595185	0.600813	0.553667	0.000134923
74	0.593489	0.602332	0.553076	0.000136566
75	0.593838	0.609241	0.554211	0.000132673
76	0.594724	0.602733	0.556175	0.000126095
77	0.594889	0.60106	0.55761	0.000121457
78	0.593794	0.603491	0.557911	0.000120299
79	0.594603	0.603699	0.560149	0.000113072
80	0.593452	0.602773	0.560762	0.000110949
81	0.594534	12.2811	0.561451	0.000108605
82	0.590905	0.60051	0.560728	0.000110658
83	0.593641	0.599449	0.561802	0.000106956
84	0.593236	12.3149	0.56056	0.000110727
85	0.595543	0.602127	0.562309	0.000104924
86	0.591178	0.602051	0.560428	0.000110739
87	0.591234	36.815	0.560138	0.000111237
88	0.595272	0.601619	0.560791	0.000109114
89	0.592361	0.601096	0.560244	0.000110486
90	0.593417	0.601489	0.560661	0.000109126
91	0.592914	0.601319	0.561141	0.000107211
92	0.593063	0.602006	0.561539	0.000105796
93	0.592604	0.605705	0.560802	0.000107895
94	0.59229	35.8426	0.560248	0.000109275
95	0.594489	0.60097	0.560673	0.000107907
96	0.593456	0.599447	0.561287	0.000105818
97	0.591892	0.599532	0.560545	0.000107919
98	0.594036	0.600178	0.561161	0.000105829
99	0.592093	0.599054	0.560696	0.000107043
100	0.593238	29.6872	0.561057	0.000105769
101	0.593523	0.600252	0.561808	0.00010317
102	0.592042	0.601474	0.560915	0.000105833
103	0.591022	13.4148	0.560164	0.000107938
104	0.593529	0.598866	0.560783	0.000105863
105	0.59011	0.599763	0.560035	0.00010795
106	0.593448	0.598271	0.560657	0.000105874
107	0.592233	0.6702	0.560995	0.000104604
108	0.593196	0.599035	0.56163	0.00010244
109	0.593846	0.909085	0.561884	0.00010152
110	0.590675	0.599124	0.561508	0.00010245
111	0.592106	0.59892	0.56147	0.000102451
112	0.592497	0.599732	0.56198	0.000100682
113	0.593905	0.642982	0.562892	9.77724e-05
114	0.59323	0.599887	0.563287	9.64307e-05
115	0.59067	0.59764	0.562775	9.77819e-05
116	0.593184	0.617922	0.563172	9.644e-05
117	0.592038	0.598168	0.563402	9.56402e-05
118	0.592391	0.628917	0.563739	9.44487e-05
119	0.591413	0.598992	0.563193	9.59413e-05
120	0.591719	0.638038	0.563236	9.56918e-05
121	0.591283	0.599273	0.562941	9.63688e-05
122	0.592425	0.599557	0.563297	9.51496e-05
123	0.592279	0.640514	0.563621	9.39644e-05
124	0.592466	0.598392	0.563839	9.31687e-05
125	0.591784	0.64999	0.563848	9.31119e-05
126	0.59095	0.596431	0.563366	9.42449e-05
127	0.591478	0.611834	0.563569	9.3631e-05
128	0.591532	0.60545	0.563819	9.27959e-05
129	0.592034	3.35166	0.563876	9.24431e-05
130	0.591412	0.596513	0.56391	9.21741e-05
131	0.591312	0.67551	0.564095	9.14491e-05
132	0.591945	32.5867	0.564328	9.05583e-05
133	0.588986	0.597856	0.563987	9.14575e-05
134	0.589312	19.5268	0.563662	9.22817e-05
135	0.590866	13.7754	0.563559	9.2425e-05
136	0.590355	0.595354	0.563059	9.38386e-05
137	0.592616	0.603844	0.56345	9.24336e-05
138	0.59073	0.596346	0.563298	9.27388e-05
139	0.590803	8.22753	0.562942	9.37073e-05
140	0.592864	0.595421	0.563191	9.27371e-05
141	0.590668	0.598226	0.562881	9.35565e-05
142	0.589335	0.596118	0.562665	9.40379e-05
143	0.592115	0.638565	0.56277	9.35653e-05
144	0.592935	0.597101	0.563102	9.23274e-05
145	0.589887	0.595679	0.562659	9.3574e-05
146	0.592056	24.6829	0.562992	9.23359e-05
147	0.58944	0.596129	0.562548	9.35828e-05
148	0.591591	0.597058	0.562882	9.23444e-05
149	0.591245	0.596162	0.563288	9.09487e-05
150	0.589704	0.595687	0.562879	9.20122e-05
151	0.591219	0.596344	0.563293	9.06391e-05
152	0.591941	0.63656	0.563704	8.93145e-05
153	0.590595	0.59594	0.563759	8.90002e-05
154	0.591148	0.985814	0.563882	8.84702e-05
155	0.591651	0.601092	0.563993	8.80173e-05
156	0.589017	0.595647	0.563889	8.81218e-05
157	0.589682	0.595628	0.563569	8.89501e-05
158	0.591151	0.603391	0.563798	8.80838e-05
159	0.590491	0.603664	0.563999	8.73966e-05
160	0.590817	0.60457	0.564281	8.65371e-05
161	0.590045	0.609238	0.564405	8.60427e-05
162	0.5895	0.595988	0.564178	8.65445e-05
163	0.590803	0.618507	0.564303	8.60502e-05
164	0.591465	0.617301	0.564446	8.55513e-05
165	0.589821	0.605192	0.564597	8.49407e-05
166	0.590971	0.611236	0.564748	8.43363e-05
167	0.590336	0.594597	0.564971	8.3479e-05
168	0.590181	0.603991	0.565079	8.30387e-05
169	0.590183	0.595235	0.565243	8.25555e-05
170	0.590957	0.608624	0.565488	8.17726e-05
171	0.590985	0.625709	0.565654	8.12048e-05
172	0.590491	0.602258	0.56571	8.10257e-05
173	0.589868	0.594463	0.565727	8.08463e-05
174	0.589959	0.597121	0.565897	8.02427e-05
175	0.59053	0.594881	0.566073	7.96019e-05
176	0.590293	0.594294	0.566202	7.91186e-05
177	0.590152	0.595694	0.566329	7.85987e-05
178	0.590121	0.594912	0.566392	7.82968e-05
179	0.591489	0.596961	0.566525	7.77762e-05
180	0.591495	0.59536	0.566764	7.702e-05
181	0.590961	0.625801	0.566896	7.65502e-05
182	0.59079	0.59417	0.566973	7.62146e-05
183	0.589999	0.60581	0.567022	7.5942e-05
184	0.590734	0.640489	0.567305	7.49914e-05
185	0.590509	0.594339	0.567422	7.45164e-05
186	0.59114	0.594046	0.567635	7.37791e-05
187	0.590017	0.601539	0.567779	7.326e-05
188	0.590719	0.595153	0.567804	7.31037e-05
189	0.590699	0.594301	0.568143	7.20346e-05
190	0.590766	0.594115	0.568142	7.195e-05
191	0.588464	0.594166	0.568059	7.20379e-05
192	0.590964	0.6159	0.568056	7.19552e-05
193	0.590279	0.73246	0.568168	7.15334e-05
194	0.590757	0.603453	0.568372	7.08267e-05
195	0.590023	0.636913	0.568528	7.02436e-05
196	0.589642	0.677037	0.568684	6.96841e-05
197	0.590591	0.593856	0.56874	6.93899e-05
198	0.58854	0.59405	0.568601	6.9689e-05
199	0.588921	8.94626	0.568522	6.97628e-05
200	0.589692	9.5852	0.568608	6.94203e-05
201	0.590444	0.621637	0.568738	6.88916e-05
202	0.590719	0.625218	0.568816	6.85384e-05
203	0.589328	0.631261	0.568918	6.81647e-05
204	0.589383	0.711058	0.569053	6.76974e-05
205	0.589083	16.778	0.569068	6.75266e-05
206	0.589184	0.610767	0.569149	6.71857e-05
207	0.589562	0.656792	0.5692	6.69252e-05
208	0.588436	0.664561	0.56907	6.71902e-05
209	0.59046	0.594911	0.569121	6.69297e-05
210	0.589843	0.606365	0.569214	6.65491e-05
211	0.589403	0.635173	0.569377	6.59565e-05
212	0.590234	3.30418	0.569515	6.54804e-05
213	0.59157	0.631917	0.569606	6.51149e-05
214	0.589883	0.608974	0.569644	6.48944e-05
215	0.590877	0.612274	0.569755	6.44718e-05
216	0.5898	0.593823	0.569865	6.40551e-05
217	0.588858	0.593605	0.569939	6.37588e-05
218	0.590675	12.2144	0.570073	6.32549e-05
219	0.589439	0.60165	0.570112	6.30499e-05
220	0.590514	0.593791	0.570159	6.28387e-05
221	0.590181	0.596403	0.570267	6.24241e-05
222	0.589668	0.593701	0.570344	6.21716e-05
223	0.590247	0.646729	0.570445	6.18206e-05
224	0.59106	0.607062	0.570489	6.15873e-05
225	0.58974	0.614713	0.570536	6.13977e-05
226	0.589145	0.593246	0.57054	6.13076e-05
227	0.589948	0.619527	0.570562	6.11825e-05
228	0.589979	0.611191	0.570623	6.09228e-05
229	0.589654	0.593572	0.570703	6.06363e-05
230	0.589656	0.593474	0.570812	6.02524e-05
231	0.589742	0.593797	0.57091	5.9905e-05
232	0.588809	0.598521	0.571001	5.95652e-05
233	0.589803	0.61021	0.571067	5.92897e-05
234	0.589645	0.601532	0.57109	5.91389e-05
235	0.589187	0.625769	0.571116	5.89714e-05
236	0.589793	0.639244	0.5712	5.86743e-05
237	0.590045	0.605266	0.571243	5.84699e-05
238	0.589621	0.607198	0.571274	5.83011e-05
239	0.589705	0.609866	0.571416	5.78598e-05
240	0.589416	0.607342	0.571485	5.75762e-05
241	0.589797	0.631397	0.571539	5.73737e-05
242	0.589814	0.597041	0.571591	5.71569e-05
243	0.590043	0.609351	0.571691	5.68645e-05
244	0.590093	0.593267	0.571827	5.64148e-05
245	0.588944	0.593791	0.571823	5.63297e-05
246	0.589272	0.594995	0.571995	5.5737e-05
247	0.58887	0.665004	0.572013	5.56162e-05
248	0.589525	11.123	0.572012	5.55462e-05
249	0.58892	0.622824	0.571998	5.55143e-05
250	0.589596	0.61513	0.572151	5.49806e-05
251	0.589166	0.593362	0.572359	5.44684e-05
252	0.589286	0.60422	0.572412	5.42766e-05
253	0.589717	0.606821	0.572453	5.4118e-05
254	0.590282	0.593434	0.57255	5.38177e-05
255	0.589107	0.5935	0.572595	5.35978e-05
256	0.589162	0.619845	0.572643	5.33808e-05
257	0.589341	0.669064	0.572754	5.30213e-05
258	0.589177	0.592954	0.572873	5.26473e-05
259	0.589147	0.603693	0.572965	5.22923e-05
260	0.589767	0.630947	0.57302	5.20645e-05
261	0.589166	0.608002	0.573079	5.1823e-05
262	0.589678	0.644178	0.573244	5.12321e-05
263	0.58841	0.614541	0.573315	5.09385e-05
264	0.589732	0.593455	0.573334	5.07953e-05
265	0.588393	0.592912	0.573438	5.04456e-05
266	0.589397	0.642558	0.573512	5.01474e-05
267	0.589617	0.640551	0.573552	4.99824e-05
268	0.590042	0.615561	0.57367	4.96122e-05
269	0.589094	0.592997	0.573705	4.94241e-05
270	0.590141	0.606108	0.573829	4.90008e-05
271	0.589894	0.592807	0.574004	4.84261e-05
272	0.589868	0.607244	0.574052	4.82173e-05
273	0.589687	0.601045	0.57417	4.78664e-05
274	0.589691	0.616729	0.574241	4.76133e-05
275	0.589439	0.621762	0.57431	4.73837e-05
276	0.58953	0.610885	0.574416	4.70441e-05
277	0.589444	0.59918	0.574507	4.6722e-05
278	0.588705	0.594931	0.574575	4.64571e-05
279	0.588989	0.650189	0.57458	4.6373e-05
280	0.588473	0.63229	0.574633	4.6168e-05
281	0.588581	0.663458	0.574643	4.60772e-05
282	0.589833	0.603273	0.574754	4.57198e-05
283	0.589157	0.621625	0.574899	4.52476e-05
284	0.589082	0.613844	0.574932	4.51046e-05
285	0.590024	0.610227	0.574997	4.4876e-05
286	0.589726	0.593736	0.575079	4.45961e-05
287	0.589205	0.619814	0.575185	4.42382e-05
288	0.589869	0.604764	0.575271	4.39137e-05
289	0.590274	0.598931	0.575417	4.35198e-05
290	0.590013	0.601171	0.575507	4.31973e-05
291	0.588571	0.59148	0.575519	4.31e-05
292	0.588973	0.60044	0.57558	4.28737e-05
293	0.589104	0.68374	0.575664	4.25889e-05
294	0.588979	0.620605	0.575719	4.23951e-05
295	0.588329	0.620286	0.575746	4.22414e-05
296	0.588801	0.605035	0.575769	4.21009e-05
297	0.590013	0.641792	0.575845	4.17994e-05
298	0.590066	0.640361	0.575947	4.14365e-05
299	0.589736	0.606526	0.576012	4.11897e-05
300	0.589215	0.616062	0.576079	4.09878e-05
301	0.589296	0.621805	0.57611	4.08389e-05
302	0.589606	0.633496	0.576216	4.04992e-05
303	0.588452	0.614362	0.576298	4.02109e-05
304	0.588946	0.618171	0.576302	4.01417e-05
305	0.589499	0.639764	0.576485	3.96261e-05
306	0.589329	0.610598	0.576502	3.95148e-05
307	0.589341	0.645267	0.576579	3.92261e-05
308	0.589481	0.62431	0.576621	3.90607e-05
309	0.588996	0.62249	0.576704	3.87598e-05
310	0.589351	0.653018	0.57676	3.85324e-05
311	0.589746	0.623867	0.576915	3.81133e-05
312	0.588924	0.608547	0.576975	3.79507e-05
313	0.588176	0.655471	0.576976	3.78695e-05
314	0.589079	0.621602	0.576977	3.78144e-05
315	0.589048	3.28412	0.577031	3.75893e-05
316	0.58886	0.649541	0.577166	3.71838e-05
317	0.589053	0.627393	0.577186	3.70859e-05
318	0.58992	0.655368	0.577234	3.69171e-05
319	0.589806	0.649949	0.577263	3.67947e-05
320	0.589205	0.611129	0.577392	3.64063e-05
321	0.589472	0.607286	0.577503	3.60887e-05
322	0.589287	0.596137	0.577501	3.60406e-05
323	0.589416	0.633338	0.577522	3.59739e-05
324	0.588983	0.616532	0.577629	3.5651e-05
325	0.58898	0.591528	0.577657	3.55393e-05
326	0.589055	0.627225	0.577615	3.55934e-05
327	0.588832	0.617352	0.577685	3.53842e-05
328	0.589149	0.621908	0.577743	3.51892e-05
329	0.588815	0.664847	0.577805	3.49701e-05
330	0.589339	0.627253	0.577857	3.47851e-05
331	0.589719	0.608443	0.5779	3.46611e-05
332	0.589047	0.629069	0.577971	3.44427e-05
333	0.588951	0.624464	0.578005	3.42843e-05
334	0.589561	0.65806	0.57802	3.42041e-05
335	0.588878	0.642546	0.57808	3.4019e-05
336	0.589168	0.640033	0.578106	3.3906e-05
337	0.588379	0.611058	0.578192	3.36421e-05
338	0.58887	0.620156	0.578244	3.34864e-05
339	0.589139	3.4576	0.578321	3.326e-05
340	0.589109	0.639043	0.578366	3.31249e-05
341	0.589288	0.738073	0.578399	3.29792e-05
342	0.588919	0.618661	0.578457	3.27756e-05
343	0.588659	0.649932	0.578471	3.26852e-05
344	0.589118	0.680627	0.578463	3.26548e-05
345	0.588901	0.612298	0.578494	3.25271e-05
346	0.588933	0.663993	0.578542	3.23443e-05
347	0.588535	0.654024	0.578575	3.22171e-05
348	0.589022	0.663867	0.57861	3.20821e-05
349	0.589218	0.646203	0.578691	3.17928e-05
350	0.588897	0.639463	0.57873	3.16352e-05
351	0.588377	0.637666	0.578746	3.15373e-05
352	0.589171	4.42868	0.578765	3.14407e-05
353	0.589306	0.623904	0.578837	3.12473e-05
354	0.588924	0.62553	0.578864	3.1132e-05
355	0.589041	0.621079	0.57888	3.10454e-05
356	0.589372	0.643699	0.578885	3.09864e-05
357	0.589442	0.609436	0.578922	3.08544e-05
358	0.589366	0.65788	0.578926	3.08133e-05
359	0.588815	0.602963	0.579013	3.05714e-05
360	0.588688	0.610136	0.579107	3.02971e-05
361	0.589198	0.602508	0.57917	3.00943e-05
362	0.589369	0.705716	0.57918	3.00315e-05
363	0.589543	0.614375	0.579176	2.99999e-05
364	0.589576	0.661784	0.579184	2.99423e-05
365	0.58906	0.634681	0.579272	2.97272e-05
366	0.58902	0.689793	0.579332	2.95336e-05
367	0.588632	0.661635	0.57945	2.92175e-05
368	0.588824	0.603378	0.579454	2.91738e-05
369	0.589045	0.605878	0.579509	2.90105e-05
370	0.588881	0.602837	0.579553	2.88749e-05
371	0.589279	0.599678	0.57958	2.87724e-05
372	0.589152	0.627171	0.579605	2.86726e-05
373	0.588956	0.676301	0.579668	2.84416e-05
374	0.589131	0.60768	0.579685	2.83664e-05
375	0.589477	0.61374	0.579723	2.82095e-05
376	0.588799	0.605965	0.579741	2.81101e-05
377	0.589124	0.644199	0.579786	2.79552e-05
378	0.589426	0.607985	0.579828	2.78159e-05
379	0.589813	0.611993	0.579988	2.73579e-05
380	0.5892	0.64369	0.580076	2.70855e-05
381	0.588601	0.638511	0.580084	2.70264e-05
382	0.589443	0.607255	0.580169	2.67611e-05
383	0.588895	0.661566	0.580231	2.65548e-05
384	0.588979	0.639888	0.580378	2.61622e-05
385	0.589611	0.625821	0.580492	2.58477e-05
386	0.58837	0.611182	0.580524	2.57471e-05
387	0.589372	0.601505	0.580615	2.54549e-05
388	0.589367	0.617386	0.58065	2.53095e-05
389	0.589168	0.633323	0.580654	2.52601e-05
390	0.589122	0.627926	0.580699	2.51026e-05
391	0.589223	0.59098	0.580768	2.49088e-05
392	0.589386	0.614191	0.580847	2.4681e-05
393	0.589433	0.600443	0.580887	2.45578e-05
394	0.58939	0.611751	0.580935	2.43895e-05
395	0.588752	0.614534	0.580984	2.42363e-05
396	0.589401	0.603197	0.581061	2.40018e-05
397	0.588769	0.605292	0.581095	2.38879e-05
398	0.589348	0.59221	0.581144	2.37263e-05
399	0.589162	0.636476	0.581155	2.36677e-05
400	0.589147	0.60472	0.581169	2.36083e-05
401	0.589257	0.612527	0.58117	2.35729e-05
402	0.588761	0.60456	0.581221	2.34403e-05
403	0.588685	0.627829	0.58135	2.3025e-05
404	0.589275	0.622923	0.581471	2.26857e-05
405	0.588723	0.612962	0.581536	2.25048e-05
406	0.589351	0.616511	0.581565	2.24034e-05
407	0.589105	0.608392	0.581585	2.23185e-05
408	0.588573	0.612356	0.581763	2.18769e-05
409	0.588852	0.625384	0.58177	2.18214e-05
410	0.589225	0.621555	0.581811	2.16807e-05
411	0.589292	0.621529	0.581855	2.15338e-05
412	0.589385	0.626675	0.581853	2.15101e-05
413	0.589282	0.612	0.581862	2.14457e-05
414	0.589386	0.623777	0.581881	2.13564e-05
415	0.588928	0.608983	0.581927	2.1188e-05
416	0.589403	0.619986	0.581993	2.09875e-05
417	0.589286	0.603949	0.582048	2.0834e-05
418	0.588683	0.611669	0.582072	2.07564e-05
419	0.588677	0.610596	0.58212	2.0601e-05
420	0.588993	0.609591	0.582149	2.05031e-05
421	0.589283	0.622687	0.582252	2.02691e-05
422	0.587924	0.639838	0.582297	2.01185e-05
423	0.588987	3.40927	0.582357	1.99337e-05
424	0.589491	0.610599	0.582402	1.97712e-05
425	0.589338	0.629766	0.582411	1.97242e-05
426	0.588569	0.642254	0.582459	1.95525e-05
427	0.588976	0.634379	0.582509	1.94131e-05
428	0.588497	4.49584	0.582541	1.93331e-05
429	0.588778	4.45102	0.582567	1.92474e-05
430	0.588794	0.62644	0.582602	1.91414e-05
431	0.589174	0.654281	0.582621	1.90715e-05
432	0.588684	0.608834	0.582653	1.89724e-05
433	0.588426	0.634572	0.582675	1.8899e-05
434	0.58878	0.620156	0.582712	1.87747e-05
435	0.58859	0.628444	0.582728	1.87039e-05
436	0.588423	0.625832	0.582773	1.85565e-05
437	0.588513	0.631205	0.582794	1.84786e-05
438	0.588762	0.644278	0.582812	1.84059e-05
439	0.588632	0.645908	0.582846	1.82726e-05
440	0.588883	0.6537	0.582895	1.81134e-05
441	0.589179	0.628618	0.582919	1.80203e-05
442	0.588909	0.630731	0.582958	1.79028e-05
443	0.589032	0.657137	0.583041	1.76749e-05
444	0.58947	0.628322	0.583093	1.75128e-05
445	0.588867	0.624726	0.583113	1.74313e-05
446	0.589345	0.742524	0.583133	1.73492e-05
447	0.588964	0.673451	0.583146	1.72969e-05
448	0.58942	0.629074	0.58316	1.72384e-05
449	0.588959	7.34322	0.583189	1.71552e-05
450	0.588812	0.613782	0.583225	1.70351e-05
451	0.589006	0.625961	0.583247	1.69722e-05
452	0.589143	0.61005	0.583258	1.69185e-05
453	0.589426	0.702964	0.583285	1.68203e-05
454	0.588972	0.636591	0.583305	1.67359e-05
455	0.588967	0.612741	0.583325	1.66648e-05
456	0.588789	0.636874	0.583363	1.65771e-05
457	0.588661	0.624564	0.583388	1.65075e-05
458	0.589386	0.616001	0.583404	1.64421e-05
459	0.588931	0.651103	0.583424	1.63574e-05
460	0.588675	0.663886	0.583473	1.6229e-05
461	0.588732	0.67067	0.583504	1.61487e-05
462	0.58862	0.665694	0.583551	1.60061e-05
463	0.589216	0.65804	0.583579	1.5929e-05
464	0.58939	0.644476	0.583599	1.58696e-05
465	0.589201	0.674438	0.583605	1.58367e-05
466	0.589211	0.626018	0.583657	1.57085e-05
467	0.589026	4.35836	0.583695	1.55858e-05
468	0.588933	0.613609	0.58369	1.55716e-05
469	0.588532	0.669232	0.583698	1.55456e-05
470	0.588733	0.625028	0.58374	1.54326e-05
471	0.588926	0.649813	0.583767	1.53357e-05
472	0.588727	0.607803	0.583788	1.52659e-05
473	0.58878	0.63034	0.58381	1.52147e-05
474	0.588691	0.614572	0.583832	1.51607e-05
475	0.589449	0.623097	0.58386	1.50557e-05
476	0.589111	0.683939	0.583884	1.49736e-05
477	0.58855	0.640558	0.583901	1.49127e-05
478	0.588492	0.688409	0.583912	1.48675e-05
479	0.58881	0.624542	0.583955	1.47493e-05
480	0.589213	0.641667	0.584012	1.46017e-05
481	0.589035	0.651577	0.584045	1.45173e-05
482	0.588836	0.665132	0.584063	1.44546e-05
483	0.589342	0.61103	0.584089	1.43765e-05
484	0.58912	0.668749	0.584122	1.42778e-05
485	0.588814	0.627394	0.584127	1.42495e-05
486	0.589144	0.701587	0.584147	1.41852e-05
487	0.58851	0.612555	0.584169	1.41163e-05
488	0.588848	0.614644	0.584193	1.40332e-05
489	0.589315	0.659915	0.584222	1.39498e-05
490	0.588921	0.631141	0.584236	1.38931e-05
491	0.589327	0.63163	0.584256	1.38265e-05
492	0.588924	0.626075	0.584288	1.37429e-05
493	0.587989	0.644665	0.584312	1.36609e-05
494	0.588589	0.666623	0.584313	1.36413e-05
495	0.588649	0.605291	0.584351	1.35315e-05
496	0.588396	0.623108	0.584377	1.34571e-05
497	0.588629	0.617787	0.584379	1.34297e-05
498	0.588449	0.656694	0.5844	1.3359e-05
499	0.588906	0.690217	0.584414	1.33092e-05
