pelvis_tilt.offset              	0.020180452	0.020251976	0.0011557571	
hip_flexion_r.offset            	0.064781584	0.067006964	0.0010930038	
knee_angle_r.offset             	0.00048031435	0.00018134621	0.0012012195	
ankle_angle_r.offset            	-0.058432474	-0.057457562	0.0015560609	
hip_flexion_l.offset            	-0.0031466277	-0.0069228194	0.0022004234	
knee_angle_l.offset             	0.05782843	0.059646976	0.0017012383	
ankle_angle_l.offset            	0.1869018	0.18629292	0.0016274027	
stance_load_threshold           	0.15200637	0.15300262	0.0017935688	
S00111.tib_ant.KL               	1.2943057	1.2886925	0.029664773	
S00111.tib_ant.L0               	0.76130929	0.76148208	0.0031854248	
S00111.tib_ant.KS               	0.00015652	0.00016021073	0.0012728063	
S11000.tib_ant.KL               	1.198278	1.2098254	0.017035255	
S11000.tib_ant.L0               	0.73757917	0.73635861	0.0024662691	
S11000.tib_ant.KS               	0.034905979	0.035614797	0.0015686079	
S11111.tib_ant-soleus.KF        	-0.11144147	-0.11186096	0.0026836001	
S00111.soleus-tib_ant.KS        	-0.86842485	-0.84416625	0.034062611	
S11000.soleus-tib_ant.KS        	-3.4043588	-3.3275984	0.03943756	
S00111.gastroc-tib_ant.KS       	-0.35557966	-0.34516976	0.029524348	
S11000.gastroc-tib_ant.KS       	-1.694717	-1.6810205	0.032877579	
S00111.tib_ant-gastroc.KS       	-0.00357534	-0.0038708913	0.25186485	
S11000.tib_ant-gastroc.KS       	-0.00331551	-0.0034280469	0.24617317	
S00111.tib_ant-soleus.KS        	-0.00313515	-0.0033029912	0.25855228	
S11000.tib_ant-soleus.KS        	-0.00313645	-0.0033345414	0.24756903	
S00111.gastroc.KL               	0.08315732	0.079523211	0.031486721	
S00111.gastroc.L0               	0.81202183	0.83703165	0.013074518	
S00111.gastroc.KF               	1.4134684	1.4121493	0.001667725	
S00111.soleus.KL                	4.08636	4.0993134	0.02911035	
S00111.soleus.L0                	0.98566221	0.97771072	0.007482168	
S00111.soleus.KF                	0.23254081	0.22756175	0.0024122838	
S11000.gastroc.KL               	0.00925153	0.0089459319	0.025120958	
S11000.gastroc.L0               	0.52863106	0.54002863	0.013710824	
S11000.gastroc.KF               	-1.8101117	-1.7992427	0.032372856	
S11000.soleus.KL                	0.77645565	0.78174823	0.057280638	
S11000.soleus.L0                	0.86273059	0.87263733	0.012706758	
S11000.soleus.KF                	-0.89032366	-0.93276424	0.053327964	
S00011.vasti.KF                 	0.81474341	0.81579782	0.0070612229	
S00011.vasti.C0                 	0.080736829	0.080709265	0.0015964321	
S00011.vasti-knee_angle.pos_max 	-0.30094297	-0.30539328	0.0024523044	
S00011.hamstrings-pelvis_tilt.KP	0.68753364	0.70480834	0.028056117	
S00011.hamstrings-pelvis_tilt.KV	0.56320183	0.56375441	0.0014365749	
S00011.hamstrings-pelvis_tilt.C0	0.025319352	0.02601857	0.0030941625	
S00011.glut_max-pelvis_tilt.KP  	1.482839	1.4940054	0.023146001	
S00011.glut_max-pelvis_tilt.KV  	0.31242774	0.31233117	0.0014532941	
S00011.glut_max-pelvis_tilt.C0  	0.1545759	0.15699361	0.002438403	
S00011.iliopsoas-pelvis_tilt.KP 	-3.5238396	-3.4879855	0.039098837	
S00011.iliopsoas-pelvis_tilt.KV 	-0.53941911	-0.54379578	0.0017730444	
S00011.iliopsoas-pelvis_tilt.C0 	0.32790219	0.33388349	0.0038439882	
S00100.iliopsoas.C0             	0.340563	0.33740047	0.0020982828	
S00100.glut_max.C0              	-0.023945646	-0.024692991	0.0016078511	
S11000.iliopsoas.KL             	0.55633315	0.56047444	0.0017982586	
S11000.iliopsoas.L0             	0.38969325	0.38875609	0.0020081904	
S11000.iliopsoas-pelvis_tilt.P0 	-0.043514099	-0.043775199	0.0016023588	
S11000.iliopsoas-pelvis_tilt.KP 	0.01196527	0.011407181	0.010112823	
S11000.iliopsoas-pelvis_tilt.KV 	0.14746359	0.14645743	0.0018423502	
S11000.iliopsoas-hamstrings.KL  	-8.4080375	-8.3329336	0.065818637	
S11000.iliopsoas-hamstrings.L0  	1.1666516	1.1661474	0.0014882267	
S11000.hamstrings.KF            	0.57599828	0.57473042	0.0014412627	
S11000.glut_max.KF              	0.61926949	0.62191927	0.0016286555	
