pelvis_tilt.offset              	0.02026632	0.020240085	0.00062681086	
hip_flexion_r.offset            	0.066903311	0.067085187	0.00059690718	
knee_angle_r.offset             	0.0014074824	0.0011357032	0.00064941786	
ankle_angle_r.offset            	-0.055959435	-0.056688828	0.00084517447	
hip_flexion_l.offset            	-0.0034312494	-0.0058782495	0.0012112007	
knee_angle_l.offset             	0.055864827	0.055312795	0.00093154938	
ankle_angle_l.offset            	0.18363777	0.18404117	0.00088771508	
stance_load_threshold           	0.15604364	0.15593601	0.00097797221	
S00111.tib_ant.KL               	1.2502494	1.2331494	0.016016944	
S00111.tib_ant.L0               	0.74994802	0.75071771	0.0017682365	
S00111.tib_ant.KS               	0.00015652	0.00016311806	0.00063606039	
S11000.tib_ant.KL               	1.2190517	1.2299502	0.009206207	
S11000.tib_ant.L0               	0.73570134	0.73631504	0.001336799	
S11000.tib_ant.KS               	0.036010729	0.035498298	0.00083317426	
S11111.tib_ant-soleus.KF        	-0.11105856	-0.10934423	0.0014395723	
S00111.soleus-tib_ant.KS        	-0.87972812	-0.86264108	0.018014227	
S11000.soleus-tib_ant.KS        	-3.3736672	-3.3988809	0.021380293	
S00111.gastroc-tib_ant.KS       	-0.35125721	-0.34265286	0.015137084	
S11000.gastroc-tib_ant.KS       	-1.6906717	-1.717955	0.018004265	
S00111.tib_ant-gastroc.KS       	-0.00395169	-0.0037888856	0.12586354	
S11000.tib_ant-gastroc.KS       	-0.00366451	-0.0034937674	0.12301926	
S00111.tib_ant-soleus.KS        	-0.00313515	-0.0032785234	0.12920543	
S11000.tib_ant-soleus.KS        	-0.0034666	-0.003308796	0.12371681	
S00111.gastroc.KL               	0.08315732	0.079226274	0.015777022	
S00111.gastroc.L0               	0.83124784	0.8276388	0.0070902667	
S00111.gastroc.KF               	1.411632	1.4115438	0.00089889521	
S00111.soleus.KL                	4.1259053	4.1468653	0.01621569	
S00111.soleus.L0                	0.97320152	0.97736353	0.0039845188	
S00111.soleus.KF                	0.23366651	0.23241874	0.0013141152	
S11000.gastroc.KL               	0.00925153	0.0088614755	0.012554344	
S11000.gastroc.L0               	0.51547553	0.51666808	0.0073997824	
S11000.gastroc.KF               	-1.8137059	-1.7834377	0.017515912	
S11000.soleus.KL                	0.8193272	0.8135347	0.029917017	
S11000.soleus.L0                	0.85930756	0.86102669	0.0067906738	
S11000.soleus.KF                	-0.86987766	-0.90574616	0.027903068	
S00011.vasti.KF                 	0.82350318	0.82474121	0.003824915	
S00011.vasti.C0                 	0.080889502	0.081159801	0.00084377431	
S00011.vasti-knee_angle.pos_max 	-0.31005715	-0.30999944	0.0013548923	
S00011.hamstrings-pelvis_tilt.KP	0.71986533	0.71777235	0.014990433	
S00011.hamstrings-pelvis_tilt.KV	0.56880775	0.5680171	0.00077860727	
S00011.hamstrings-pelvis_tilt.C0	0.02514159	0.026414971	0.0015806092	
S00011.glut_max-pelvis_tilt.KP  	1.4945114	1.4859081	0.012476504	
S00011.glut_max-pelvis_tilt.KV  	0.31209353	0.31206264	0.00078534778	
S00011.glut_max-pelvis_tilt.C0  	0.15934536	0.15851583	0.0013269265	
S00011.iliopsoas-pelvis_tilt.KP 	-3.5204167	-3.5023156	0.021124848	
S00011.iliopsoas-pelvis_tilt.KV 	-0.54308169	-0.54158397	0.00096780171	
S00011.iliopsoas-pelvis_tilt.C0 	0.33218356	0.3322369	0.0021119	
S00100.iliopsoas.C0             	0.33594507	0.33674621	0.0011567245	
S00100.glut_max.C0              	-0.02588599	-0.02474981	0.00083929936	
S11000.iliopsoas.KL             	0.56054583	0.56011786	0.00097649848	
S11000.iliopsoas.L0             	0.39378961	0.39219125	0.001096425	
S11000.iliopsoas-pelvis_tilt.P0 	-0.043297452	-0.043263271	0.0008528421	
S11000.iliopsoas-pelvis_tilt.KP 	0.01082572	0.011461677	0.0050569202	
S11000.iliopsoas-pelvis_tilt.KV 	0.14862959	0.14817316	0.0010066535	
S11000.iliopsoas-hamstrings.KL  	-8.3280897	-8.3194023	0.035919215	
S11000.iliopsoas-hamstrings.L0  	1.1700122	1.1701327	0.00081655446	
S11000.hamstrings.KF            	0.57856033	0.5794081	0.00080297053	
S11000.glut_max.KF              	0.62300907	0.62316633	0.0008777927	
