pelvis_tilt.offset              	0.027727255	0.026619375	0.0010809527	
hip_flexion_r.offset            	0.066896277	0.069258135	0.00098672332	
knee_angle_r.offset             	-0.0016015633	-6.6515356e-05	0.0010934152	
ankle_angle_r.offset            	-0.055625236	-0.054415804	0.0014216593	
hip_flexion_l.offset            	0.00062689629	-0.0019450531	0.0020185878	
knee_angle_l.offset             	0.057981305	0.058233996	0.0015593213	
ankle_angle_l.offset            	0.18381363	0.18443228	0.0014912673	
stance_load_threshold           	0.15225431	0.15411829	0.0016439417	
S00111.tib_ant.KL               	1.2603945	1.2730805	0.027101801	
S00111.tib_ant.L0               	0.76137608	0.7630775	0.0029120175	
S00111.tib_ant.KS               	0.000173	0.00016929404	0.0011233018	
S11000.tib_ant.KL               	1.2194575	1.2033597	0.015354862	
S11000.tib_ant.L0               	0.7430226	0.74359087	0.0022492537	
S11000.tib_ant.KS               	0.03371447	0.034437889	0.0014079836	
S11111.tib_ant-soleus.KF        	-0.11524734	-0.11173152	0.002439078	
S00111.soleus-tib_ant.KS        	-0.82046254	-0.81661042	0.030187305	
S11000.soleus-tib_ant.KS        	-3.2620565	-3.2203695	0.036013769	
S00111.gastroc-tib_ant.KS       	-0.32171493	-0.33579717	0.026168855	
S11000.gastroc-tib_ant.KS       	-1.7032833	-1.699303	0.029819625	
S00111.tib_ant-gastroc.KS       	-0.00357534	-0.0037358806	0.22228035	
S11000.tib_ant-gastroc.KS       	-0.00331551	-0.0034481036	0.21725723	
S00111.tib_ant-soleus.KS        	-0.00346517	-0.0033226179	0.22818227	
S11000.tib_ant-soleus.KS        	-0.0034666	-0.0033029837	0.21848913	
S00111.gastroc.L0               	0.84505799	0.84060381	0.01186448	
S00111.gastroc.KS               	0.16478932	0.17234802	0.012941853	
S00111.soleus.L0                	0.92433853	0.92868664	0.0070683303	
S00111.soleus.KS                	0.16520068	0.16135075	0.018835666	
S11000.gastroc.KL               	0.00837043	0.0087704214	0.022170427	
S11000.gastroc.L0               	0.50754691	0.51361344	0.012458231	
S11000.gastroc.KF               	-1.7718951	-1.8127956	0.029557602	
S11000.gastroc.KS               	0.27887874	0.26926151	0.026420889	
S11000.soleus.KL                	0.80657564	0.79460035	0.051033018	
S11000.soleus.L0                	0.85698481	0.87817204	0.011561701	
S11000.soleus.KF                	-0.95885434	-0.90175899	0.04760768	
S11000.soleus.KS                	0.1022613	0.10554373	0.041189562	
S00011.vasti.KF                 	0.80828926	0.81036364	0.0064130362	
S00011.vasti.C0                 	0.083757871	0.08418616	0.0014360962	
S00011.vasti-knee_angle.pos_max 	-0.30140573	-0.30380941	0.0022417885	
S00011.hamstrings-pelvis_tilt.KP	0.74162866	0.70806583	0.025280555	
S00011.hamstrings-pelvis_tilt.KV	0.56767968	0.56607585	0.0013129839	
S00011.hamstrings-pelvis_tilt.C0	0.02778807	0.027003001	0.0027425043	
S00011.glut_max-pelvis_tilt.KP  	1.5583281	1.5414294	0.021037587	
S00011.glut_max-pelvis_tilt.KV  	0.31704341	0.31743164	0.001320566	
S00011.glut_max-pelvis_tilt.C0  	0.1604887	0.16094023	0.0022274001	
S00011.iliopsoas-pelvis_tilt.KP 	-3.4888075	-3.467384	0.035700787	
S00011.iliopsoas-pelvis_tilt.KV 	-0.54477956	-0.54427698	0.0016184962	
S00011.iliopsoas-pelvis_tilt.C0 	0.34251339	0.3425194	0.0035184645	
S00100.iliopsoas.C0             	0.33144539	0.33357037	0.0019197092	
S00100.glut_max.C0              	-0.02474893	-0.024353978	0.0014324357	
S11000.iliopsoas.KL             	0.5602468	0.55938841	0.0016389529	
S11000.iliopsoas.L0             	0.39335572	0.3950553	0.0018261726	
S11000.iliopsoas-pelvis_tilt.P0 	-0.0441005	-0.045395433	0.0014427573	
S11000.iliopsoas-pelvis_tilt.KP 	0.01082572	0.011497496	0.0089258953	
S11000.iliopsoas-pelvis_tilt.KV 	0.13974141	0.14181361	0.0016933863	
S11000.iliopsoas-hamstrings.KL  	-8.3760304	-8.2884832	0.059908087	
S11000.iliopsoas-hamstrings.L0  	1.1635356	1.1664928	0.001356243	
S11000.hamstrings.KF            	0.57160132	0.57209873	0.0013109524	
S11000.glut_max.KF              	0.62056155	0.61970041	0.0014789052	
