pelvis_tilt.offset              	0.027423035	0.026921588	0.00066408677	
hip_flexion_r.offset            	0.069274273	0.069214354	0.00060009598	
knee_angle_r.offset             	0.00024384998	0.00051894178	0.00066212161	
ankle_angle_r.offset            	-0.056711872	-0.056654745	0.00086345513	
hip_flexion_l.offset            	0.0021674283	-0.00026263488	0.0012436837	
knee_angle_l.offset             	0.059226932	0.057532866	0.00094805532	
ankle_angle_l.offset            	0.18441329	0.18425233	0.00090194953	
stance_load_threshold           	0.15038086	0.1516952	0.00099312171	
S00111.tib_ant.KL               	1.2992365	1.2925836	0.0163783	
S00111.tib_ant.L0               	0.76035922	0.76182044	0.0017590759	
S00111.tib_ant.KS               	0.000173	0.00016328548	0.0006465781	
S11000.tib_ant.KL               	1.2087268	1.1990559	0.0092829255	
S11000.tib_ant.L0               	0.75017694	0.74806938	0.0013925793	
S11000.tib_ant.KS               	0.034823938	0.035146646	0.00084447994	
S11111.tib_ant-soleus.KF        	-0.11324866	-0.11182367	0.0014699095	
S00111.soleus-tib_ant.KS        	-0.8263214	-0.83417117	0.017978488	
S11000.soleus-tib_ant.KS        	-3.293962	-3.2725501	0.021813294	
S00111.gastroc-tib_ant.KS       	-0.3224922	-0.32997293	0.015337096	
S11000.gastroc-tib_ant.KS       	-1.6752821	-1.6808171	0.018034226	
S00111.tib_ant-gastroc.KS       	-0.00357534	-0.0037026482	0.12794506	
S11000.tib_ant-gastroc.KS       	-0.00366451	-0.0034907827	0.12505373	
S00111.tib_ant-soleus.KS        	-0.00346517	-0.0032773816	0.13134221	
S11000.tib_ant-soleus.KS        	-0.00313645	-0.0033659403	0.12576282	
S00111.gastroc.L0               	0.84350936	0.84307731	0.0071764176	
S00111.gastroc.KS               	0.17142657	0.17076721	0.0076024153	
S00111.soleus.L0                	0.93224773	0.92351899	0.0042244027	
S00111.soleus.KS                	0.16463275	0.16101173	0.010957175	
S11000.gastroc.KL               	0.00925153	0.0089203369	0.012761768	
S11000.gastroc.L0               	0.52176346	0.52107955	0.0074847704	
S11000.gastroc.KF               	-1.8096176	-1.8008118	0.018005953	
S11000.gastroc.KS               	0.2577101	0.26450532	0.015420557	
S11000.soleus.KL                	0.80191605	0.79694198	0.030145441	
S11000.soleus.L0                	0.85798554	0.86143595	0.0070081719	
S11000.soleus.KF                	-0.90056533	-0.90909495	0.028250646	
S11000.soleus.KS                	0.1022613	0.10729822	0.023741066	
S00011.vasti.KF                 	0.80336699	0.80337142	0.0038853504	
S00011.vasti.C0                 	0.083665497	0.084495523	0.00085373309	
S00011.vasti-knee_angle.pos_max 	-0.3015556	-0.30399934	0.0013443741	
S00011.hamstrings-pelvis_tilt.KP	0.70655604	0.72807541	0.015208725	
S00011.hamstrings-pelvis_tilt.KV	0.56227463	0.56323507	0.00081240169	
S00011.hamstrings-pelvis_tilt.C0	0.02564691	0.026528122	0.0015985228	
S00011.glut_max-pelvis_tilt.KP  	1.5557635	1.5564414	0.012664312	
S00011.glut_max-pelvis_tilt.KV  	0.31708913	0.31768734	0.00079475543	
S00011.glut_max-pelvis_tilt.C0  	0.15969137	0.15819017	0.0013570025	
S00011.iliopsoas-pelvis_tilt.KP 	-3.5398574	-3.5532674	0.021929925	
S00011.iliopsoas-pelvis_tilt.KV 	-0.54581291	-0.54554692	0.0009788488	
S00011.iliopsoas-pelvis_tilt.C0 	0.34636711	0.34373794	0.0021291104	
S00100.iliopsoas.C0             	0.33391076	0.33306385	0.001156805	
S00100.glut_max.C0              	-0.02588599	-0.025306405	0.00084604754	
S11000.iliopsoas.KL             	0.55793473	0.55794763	0.00099316716	
S11000.iliopsoas.L0             	0.39136413	0.39126229	0.0011070966	
S11000.iliopsoas-pelvis_tilt.P0 	-0.04641831	-0.0454741	0.00086402119	
S11000.iliopsoas-pelvis_tilt.KP 	0.01082572	0.011199253	0.0051396351	
S11000.iliopsoas-pelvis_tilt.KV 	0.13851577	0.13945826	0.0010210699	
S11000.iliopsoas-hamstrings.KL  	-8.3846321	-8.3563081	0.036532478	
S11000.iliopsoas-hamstrings.L0  	1.1654131	1.1655265	0.00082248614	
S11000.hamstrings.KF            	0.572607	0.57270667	0.0007945778	
S11000.glut_max.KF              	0.618274	0.61898689	0.00089290944	
