pelvis_tilt.offset              	0.027127086	0.026967371	0.00065347632	
hip_flexion_r.offset            	0.06865126	0.068861406	0.00059098657	
knee_angle_r.offset             	-0.00059781982	0.00056077812	0.00065123203	
ankle_angle_r.offset            	-0.058304933	-0.056618944	0.00084973606	
hip_flexion_l.offset            	0.00077774456	6.2883888e-05	0.0012262081	
knee_angle_l.offset             	0.058367434	0.05750345	0.00093412095	
ankle_angle_l.offset            	0.18354102	0.18430934	0.0008880987	
stance_load_threshold           	0.1520957	0.1512932	0.00097740255	
S00111.tib_ant.KL               	1.292846	1.2934336	0.016116622	
S00111.tib_ant.L0               	0.7623444	0.76166507	0.0017308544	
S00111.tib_ant.KS               	0.00015652	0.00016682566	0.00063501904	
S11000.tib_ant.KL               	1.1931149	1.2011446	0.0091342934	
S11000.tib_ant.L0               	0.74772374	0.7483767	0.00137323	
S11000.tib_ant.KS               	0.03371447	0.034758363	0.00083105016	
S11111.tib_ant-soleus.KF        	-0.11196168	-0.11246247	0.0014459354	
S00111.soleus-tib_ant.KS        	-0.84031639	-0.83423847	0.01767783	
S11000.soleus-tib_ant.KS        	-3.2787517	-3.2753634	0.021468923	
S00111.gastroc-tib_ant.KS       	-0.34093439	-0.32835328	0.015076131	
S11000.gastroc-tib_ant.KS       	-1.685909	-1.6832581	0.01773946	
S00111.tib_ant-gastroc.KS       	-0.00357534	-0.0036875026	0.12565769	
S11000.tib_ant-gastroc.KS       	-0.00366451	-0.0034987053	0.12281806	
S00111.tib_ant-soleus.KS        	-0.00346517	-0.0033403029	0.12899411	
S11000.tib_ant-soleus.KS        	-0.00313645	-0.0033549659	0.12351446	
S00111.gastroc.L0               	0.84841624	0.84205652	0.0070735933	
S00111.gastroc.KS               	0.17739288	0.17174424	0.0074744013	
S00111.soleus.L0                	0.92275436	0.92446683	0.0041625444	
S00111.soleus.KS                	0.16520068	0.16177934	0.010766751	
S11000.gastroc.KL               	0.00837043	0.0089003898	0.012533654	
S11000.gastroc.L0               	0.52135693	0.522285	0.0073613036	
S11000.gastroc.KF               	-1.767919	-1.8046128	0.017709319	
S11000.gastroc.KS               	0.25231886	0.25987839	0.015158552	
S11000.soleus.KL                	0.82416762	0.80648685	0.029668941	
S11000.soleus.L0                	0.86503697	0.8613875	0.0068934376	
S11000.soleus.KF                	-0.94896748	-0.91257566	0.027791873	
S11000.soleus.KS                	0.11302564	0.10591204	0.023319331	
S00011.vasti.KF                 	0.80163605	0.80410598	0.0038241526	
S00011.vasti.C0                 	0.084529468	0.084325853	0.00083993607	
S00011.vasti-knee_angle.pos_max 	-0.30500389	-0.30395836	0.0013244547	
S00011.hamstrings-pelvis_tilt.KP	0.71442722	0.72465919	0.014972883	
S00011.hamstrings-pelvis_tilt.KV	0.56279798	0.56295653	0.00080122243	
S00011.hamstrings-pelvis_tilt.C0	0.02778807	0.026430767	0.001571448	
S00011.glut_max-pelvis_tilt.KP  	1.5638897	1.5602238	0.012459763	
S00011.glut_max-pelvis_tilt.KV  	0.31769957	0.31759733	0.00078164697	
S00011.glut_max-pelvis_tilt.C0  	0.16007603	0.15896426	0.0013356486	
S00011.iliopsoas-pelvis_tilt.KP 	-3.5178499	-3.5549953	0.02164485	
S00011.iliopsoas-pelvis_tilt.KV 	-0.54525521	-0.54566047	0.00096297566	
S00011.iliopsoas-pelvis_tilt.C0 	0.34665811	0.34507951	0.0020996075	
S00100.iliopsoas.C0             	0.33151627	0.33315188	0.0011417658	
S00100.glut_max.C0              	-0.024589358	-0.025392355	0.00083164753	
S11000.iliopsoas.KL             	0.55713046	0.55857508	0.00097901853	
S11000.iliopsoas.L0             	0.39113498	0.39097609	0.0010912348	
S11000.iliopsoas-pelvis_tilt.P0 	-0.045551836	-0.045277211	0.00085161166	
S11000.iliopsoas-pelvis_tilt.KP 	0.01196527	0.011153977	0.0050478808	
S11000.iliopsoas-pelvis_tilt.KV 	0.14209151	0.13931071	0.0010044199	
S11000.iliopsoas-hamstrings.KL  	-8.3638136	-8.3621328	0.035931028	
S11000.iliopsoas-hamstrings.L0  	1.1658516	1.1655759	0.00080854222	
S11000.hamstrings.KF            	0.57314502	0.57264361	0.00078200741	
S11000.glut_max.KF              	0.61871761	0.61877247	0.00087850089	
