pelvis_tilt.offset              	0.026302602	0.027261522	0.00063038253	
hip_flexion_r.offset            	0.069117961	0.068946126	0.0005703081	
knee_angle_r.offset             	0.00055978165	0.00027921538	0.00062981147	
ankle_angle_r.offset            	-0.057318688	-0.056616757	0.0008213612	
hip_flexion_l.offset            	-0.00014081541	0.00070173506	0.0011836084	
knee_angle_l.offset             	0.057036103	0.057828675	0.0009029516	
ankle_angle_l.offset            	0.18408833	0.18408534	0.00085660036	
stance_load_threshold           	0.15131652	0.15156576	0.00094205481	
S00111.tib_ant.KL               	1.2851328	1.2946196	0.015554101	
S00111.tib_ant.L0               	0.76451261	0.76234667	0.0016688575	
S00111.tib_ant.KS               	0.000173	0.00016273566	0.00061104894	
S11000.tib_ant.KL               	1.1942219	1.2010876	0.0088096783	
S11000.tib_ant.L0               	0.74894483	0.74802602	0.0013270991	
S11000.tib_ant.KS               	0.034694125	0.034722759	0.00080112671	
S11111.tib_ant-soleus.KF        	-0.11369448	-0.11256773	0.0013930776	
S00111.soleus-tib_ant.KS        	-0.82407708	-0.83574742	0.017020132	
S11000.soleus-tib_ant.KS        	-3.2974724	-3.2836655	0.020709771	
S00111.gastroc-tib_ant.KS       	-0.32171493	-0.33027584	0.014521638	
S11000.gastroc-tib_ant.KS       	-1.7238469	-1.6864947	0.017125506	
S00111.tib_ant-gastroc.KS       	-0.00395169	-0.003736811	0.12091442	
S11000.tib_ant-gastroc.KS       	-0.00366451	-0.0035118514	0.11818197	
S00111.tib_ant-soleus.KS        	-0.00313515	-0.0032846232	0.12412489	
S11000.tib_ant-soleus.KS        	-0.00313645	-0.0033093272	0.11885209	
S00111.gastroc.L0               	0.82928682	0.84460919	0.0068186808	
S00111.gastroc.KS               	0.16049832	0.17251331	0.007201745	
S00111.soleus.L0                	0.92181716	0.92354894	0.0040117816	
S00111.soleus.KS                	0.16269241	0.16202571	0.010366538	
S11000.gastroc.KL               	0.00837043	0.0088961561	0.012060577	
S11000.gastroc.L0               	0.52654258	0.52161711	0.0071007326	
S11000.gastroc.KF               	-1.8068698	-1.8000041	0.017097717	
S11000.gastroc.KS               	0.25887842	0.26004889	0.014603205	
S11000.soleus.KL                	0.77816963	0.80645364	0.028600085	
S11000.soleus.L0                	0.8554611	0.86191805	0.0066478046	
S11000.soleus.KF                	-0.93717664	-0.92784047	0.026804255	
S11000.soleus.KS                	0.1022613	0.10727057	0.02244211	
S00011.vasti.KF                 	0.79895753	0.80294719	0.0036870787	
S00011.vasti.C0                 	0.084684393	0.084469629	0.00080904835	
S00011.vasti-knee_angle.pos_max 	-0.30417223	-0.30399978	0.0012781694	
S00011.hamstrings-pelvis_tilt.KP	0.70302498	0.72018884	0.014430857	
S00011.hamstrings-pelvis_tilt.KV	0.56321006	0.56297445	0.00077466873	
S00011.hamstrings-pelvis_tilt.C0	0.02778807	0.02710668	0.0015145445	
S00011.glut_max-pelvis_tilt.KP  	1.545546	1.5591527	0.012005841	
S00011.glut_max-pelvis_tilt.KV  	0.31818846	0.31751083	0.00075347281	
S00011.glut_max-pelvis_tilt.C0  	0.15838024	0.15944009	0.0012886518	
S00011.iliopsoas-pelvis_tilt.KP 	-3.5440809	-3.5524277	0.020915186	
S00011.iliopsoas-pelvis_tilt.KV 	-0.54476988	-0.54550664	0.00092893794	
S00011.iliopsoas-pelvis_tilt.C0 	0.34495128	0.34457965	0.0020261653	
S00100.iliopsoas.C0             	0.33513455	0.3331671	0.0011010701	
S00100.glut_max.C0              	-0.025161155	-0.025020796	0.00080202045	
S11000.iliopsoas.KL             	0.55794088	0.55841505	0.00094418873	
S11000.iliopsoas.L0             	0.38952891	0.39117409	0.0010522256	
S11000.iliopsoas-pelvis_tilt.P0 	-0.044443277	-0.045234465	0.00082127896	
S11000.iliopsoas-pelvis_tilt.KP 	0.01082572	0.01148597	0.0048575284	
S11000.iliopsoas-pelvis_tilt.KV 	0.1389786	0.13982053	0.00097149791	
S11000.iliopsoas-hamstrings.KL  	-8.3754176	-8.3557796	0.034638082	
S11000.iliopsoas-hamstrings.L0  	1.1656387	1.1657857	0.00077928605	
S11000.hamstrings.KF            	0.57312979	0.57247743	0.000754623	
S11000.glut_max.KF              	0.61842397	0.61865456	0.00084730551	
