pelvis_tilt.offset              	0.027951929	0.027972728	1.6411909e-05	
hip_flexion_r.offset            	0.068879534	0.068876442	1.5368435e-05	
knee_angle_r.offset             	0.0014759223	0.001485228	1.7832821e-05	
ankle_angle_r.offset            	-0.055476871	-0.055458091	2.0454351e-05	
hip_flexion_l.offset            	0.002217048	0.0022417973	3.0681301e-05	
knee_angle_l.offset             	0.056737995	0.056763454	2.3243162e-05	
ankle_angle_l.offset            	0.18565024	0.18565783	2.2615595e-05	
stance_load_threshold           	0.15206707	0.15205559	2.5595849e-05	
S00111.tib_ant.KL               	1.2844442	1.2842043	0.00041857045	
S00111.tib_ant.L0               	0.75731356	0.75732186	4.4175896e-05	
S00111.tib_ant.KS               	0.00015652	0.00016917786	8.1307536e-06	
S11000.tib_ant.KL               	1.1659845	1.166069	0.00023717582	
S11000.tib_ant.L0               	0.75338688	0.75339139	3.7234387e-05	
S11000.tib_ant.KS               	0.034022597	0.034038719	2.0713476e-05	
S11111.tib_ant-soleus.KF        	-0.11459764	-0.11462444	3.6347524e-05	
S00111.soleus-tib_ant.KS        	-0.80935324	-0.80932862	0.00037557855	
S11000.soleus-tib_ant.KS        	-3.2497987	-3.2503705	0.000535658	
S00111.gastroc-tib_ant.KS       	-0.32367889	-0.32351538	0.00030760098	
S11000.gastroc-tib_ant.KS       	-1.649396	-1.648531	0.00045335446	
S00111.tib_ant-gastroc.KS       	-0.00395169	-0.0036598939	0.0014849013	
S11000.tib_ant-gastroc.KS       	-0.00366451	-0.0035145275	0.0014509955	
S00111.tib_ant-soleus.KS        	-0.00313515	-0.003224747	0.0015236034	
S11000.tib_ant-soleus.KS        	-0.00313645	-0.0032229604	0.0014590194	
S00111.gastroc.L0               	0.84988934	0.84985378	0.00017234402	
S00111.gastroc.KS               	0.17214673	0.17226764	0.00016899081	
S00111.soleus.L0                	0.91965946	0.91962134	9.2298495e-05	
S00111.soleus.KS                	0.16379521	0.16407454	0.00022914171	
S11000.gastroc.KL               	0.0085483546	0.0086564481	0.00018174129	
S11000.gastroc.L0               	0.52590885	0.52625072	0.00019460511	
S11000.gastroc.KF               	-1.8332585	-1.832877	0.00047773141	
S11000.gastroc.KS               	0.25777005	0.25761309	0.00036674929	
S11000.soleus.KL                	0.84260236	0.84176185	0.00069720109	
S11000.soleus.L0                	0.86562398	0.86546087	0.00017102944	
S11000.soleus.KF                	-0.88273146	-0.88203293	0.00072054164	
S11000.soleus.KS                	0.10436486	0.10476485	0.00048594222	
S00011.vasti.KF                 	0.80841386	0.8083277	9.3318245e-05	
S00011.vasti.C0                 	0.084291573	0.084269623	1.992508e-05	
S00011.vasti-knee_angle.pos_max 	-0.30507222	-0.30507077	3.4630072e-05	
S00011.hamstrings-pelvis_tilt.KP	0.74045555	0.74022712	0.00036863928	
S00011.hamstrings-pelvis_tilt.KV	0.56537669	0.56535174	2.1454572e-05	
S00011.hamstrings-pelvis_tilt.C0	0.027131585	0.027103672	3.7139325e-05	
S00011.glut_max-pelvis_tilt.KP  	1.5431837	1.54303	0.00031352264	
S00011.glut_max-pelvis_tilt.KV  	0.31916876	0.31916855	2.1455373e-05	
S00011.glut_max-pelvis_tilt.C0  	0.15853817	0.15849764	3.4771946e-05	
S00011.iliopsoas-pelvis_tilt.KP 	-3.4935605	-3.493186	0.0005569475	
S00011.iliopsoas-pelvis_tilt.KV 	-0.5462681	-0.54624969	2.5331988e-05	
S00011.iliopsoas-pelvis_tilt.C0 	0.34469457	0.34465503	5.3355511e-05	
S00100.iliopsoas.C0             	0.33516389	0.33517373	2.9110626e-05	
S00100.glut_max.C0              	-0.024319896	-0.024334186	2.0572364e-05	
S11000.iliopsoas.KL             	0.55448149	0.55453298	2.6234034e-05	
S11000.iliopsoas.L0             	0.3880117	0.38800437	2.9476677e-05	
S11000.iliopsoas-pelvis_tilt.P0 	-0.044825721	-0.044800878	2.1018643e-05	
S11000.iliopsoas-pelvis_tilt.KP 	0.011669736	0.01178345	9.3532131e-05	
S11000.iliopsoas-pelvis_tilt.KV 	0.13896134	0.13897809	2.5352659e-05	
S11000.iliopsoas-hamstrings.KL  	-8.4084344	-8.4085503	0.00098083127	
S11000.iliopsoas-hamstrings.L0  	1.166717	1.1667344	2.128768e-05	
S11000.hamstrings.KF            	0.57356033	0.57357003	1.937983e-05	
S11000.glut_max.KF              	0.61927866	0.61929665	2.1780298e-05	
