pelvis_tilt.offset              	0.025382841	0.024508062	0.0011224685	
hip_flexion_r.offset            	0.070438711	0.070252184	0.0010538337	
knee_angle_r.offset             	-7.8944926e-05	-0.00086326158	0.001144979	
ankle_angle_r.offset            	-0.058599836	-0.05847023	0.0015047142	
hip_flexion_l.offset            	-0.0057233667	-0.0050450832	0.002121441	
knee_angle_l.offset             	0.060728474	0.059453859	0.0016328358	
ankle_angle_l.offset            	0.18850855	0.18849954	0.001561144	
stance_load_threshold           	0.14926831	0.15174839	0.001723778	
S00111.tib_ant.KL               	1.273968	1.2723191	0.028593822	
S00111.tib_ant.L0               	0.76096803	0.76500754	0.0030799494	
S00111.tib_ant.KS               	0.000173	0.00016491508	0.001211997	
S11000.tib_ant.KL               	1.2281772	1.2180485	0.016245216	
S11000.tib_ant.L0               	0.73652598	0.73746156	0.0023754245	
S11000.tib_ant.KS               	0.036945384	0.03574783	0.0015019925	
S11111.tib_ant-soleus.KF        	-0.11277268	-0.1122345	0.0025764451	
S00111.soleus-tib_ant.KS        	-0.84365969	-0.85016195	0.032591489	
S11000.soleus-tib_ant.KS        	-3.2909407	-3.3182037	0.038116022	
S00111.gastroc-tib_ant.KS       	-0.32726544	-0.32838243	0.028110284	
S11000.gastroc-tib_ant.KS       	-1.6514902	-1.6586052	0.031585138	
S00111.tib_ant-gastroc.KS       	-0.00395169	-0.0037776135	0.23983175	
S11000.tib_ant-gastroc.KS       	-0.00366451	-0.0034809835	0.234412	
S00111.tib_ant-soleus.KS        	-0.00313515	-0.0033010872	0.24619968	
S11000.tib_ant-soleus.KS        	-0.00313645	-0.0033556073	0.23574117	
S00111.gastroc.L0               	0.82839341	0.82933334	0.012499052	
S00111.gastroc.KS               	0.17739288	0.17408404	0.01390328	
S00111.soleus.L0                	0.95196343	0.96546124	0.0072506754	
S00111.soleus.KS                	0.16520068	0.15778328	0.020299066	
S11000.gastroc.KL               	0.00837043	0.0086456981	0.023920875	
S11000.gastroc.L0               	0.5182133	0.52795688	0.01318322	
S11000.gastroc.KF               	-1.8323888	-1.77829	0.031010258	
S11000.gastroc.KS               	0.27887874	0.27057333	0.02843774	
S11000.soleus.KL                	0.76235452	0.81050263	0.054748205	
S11000.soleus.L0                	0.8786461	0.8827499	0.012183128	
S11000.soleus.KF                	-0.95885434	-0.90864952	0.051024305	
S11000.soleus.KS                	0.1022613	0.1091885	0.044429963	
S00011.vasti.KF                 	0.79283355	0.80277846	0.0068224687	
S00011.vasti.C0                 	0.082545567	0.082977007	0.0015203652	
S00011.vasti-knee_angle.pos_max 	-0.31079994	-0.30749234	0.0023503295	
S00011.hamstrings-pelvis_tilt.KP	0.70823421	0.69599525	0.026916975	
S00011.hamstrings-pelvis_tilt.KV	0.56871508	0.56885954	0.0013791037	
S00011.hamstrings-pelvis_tilt.C0	0.02778807	0.026863359	0.0029511401	
S00011.glut_max-pelvis_tilt.KP  	1.436103	1.4576096	0.022248943	
S00011.glut_max-pelvis_tilt.KV  	0.31349088	0.31271247	0.0013892848	
S00011.glut_max-pelvis_tilt.C0  	0.16047548	0.16206618	0.0023531691	
S00011.iliopsoas-pelvis_tilt.KP 	-3.5843428	-3.586764	0.03766252	
S00011.iliopsoas-pelvis_tilt.KV 	-0.54296971	-0.54413874	0.0016922739	
S00011.iliopsoas-pelvis_tilt.C0 	0.33959354	0.33772054	0.0036608896	
S00100.iliopsoas.C0             	0.338753	0.33543405	0.0020267945	
S00100.glut_max.C0              	-0.023901904	-0.024802242	0.0015342752	
S11000.iliopsoas.KL             	0.55849955	0.55799213	0.0017402046	
S11000.iliopsoas.L0             	0.38588997	0.38859836	0.0019181133	
S11000.iliopsoas-pelvis_tilt.P0 	-0.044186398	-0.043517636	0.0015296012	
S11000.iliopsoas-pelvis_tilt.KP 	0.011166571	0.011503136	0.0096299348	
S11000.iliopsoas-pelvis_tilt.KV 	0.1429165	0.1471721	0.0017770245	
S11000.iliopsoas-hamstrings.KL  	-8.2611258	-8.2421777	0.062766	
S11000.iliopsoas-hamstrings.L0  	1.1632781	1.1644901	0.0014311234	
S11000.hamstrings.KF            	0.57542298	0.57626946	0.001375658	
S11000.glut_max.KF              	0.62155605	0.62190793	0.0015636413	
