pelvis_tilt.offset              	0.025505986	0.024291163	0.00097905665	
hip_flexion_r.offset            	0.070672313	0.070635894	0.00091886784	
knee_angle_r.offset             	-0.0012424348	-0.0014510802	0.00099596699	
ankle_angle_r.offset            	-0.059199727	-0.058237936	0.0013082642	
hip_flexion_l.offset            	-0.0059502736	-0.0032933473	0.0018486789	
knee_angle_l.offset             	0.058952034	0.058675111	0.0014226453	
ankle_angle_l.offset            	0.1882687	0.18724212	0.0013547803	
stance_load_threshold           	0.15060153	0.15213346	0.0014979673	
S00111.tib_ant.KL               	1.2655346	1.2700979	0.024792551	
S00111.tib_ant.L0               	0.76682467	0.7659085	0.0026711428	
S00111.tib_ant.KS               	0.000173	0.00016499802	0.001037759	
S11000.tib_ant.KL               	1.2305235	1.2184481	0.014086717	
S11000.tib_ant.L0               	0.73458632	0.73440875	0.0020725647	
S11000.tib_ant.KS               	0.035710662	0.036247935	0.0012976115	
S11111.tib_ant-soleus.KF        	-0.10970248	-0.10985305	0.0022431679	
S00111.soleus-tib_ant.KS        	-0.83046792	-0.84236974	0.028227939	
S11000.soleus-tib_ant.KS        	-3.2501691	-3.2873048	0.033134602	
S00111.gastroc-tib_ant.KS       	-0.32417432	-0.32636207	0.024101961	
S11000.gastroc-tib_ant.KS       	-1.6626945	-1.682872	0.027362568	
S00111.tib_ant-gastroc.KS       	-0.00357534	-0.0037745152	0.2053531	
S11000.tib_ant-gastroc.KS       	-0.00366451	-0.0035189892	0.20071251	
S00111.tib_ant-soleus.KS        	-0.00313515	-0.0032508507	0.21080557	
S11000.tib_ant-soleus.KS        	-0.0034666	-0.0033072837	0.20185059	
S00111.gastroc.L0               	0.82707286	0.8291891	0.010832553	
S00111.gastroc.KS               	0.17739288	0.17051739	0.011940359	
S00111.soleus.L0                	0.96059348	0.96486796	0.0062995776	
S00111.soleus.KS                	0.14946728	0.15579149	0.017419483	
S11000.gastroc.KL               	0.00925153	0.0089410913	0.020482101	
S11000.gastroc.L0               	0.51675642	0.53064841	0.011422461	
S11000.gastroc.KF               	-1.780507	-1.7789724	0.026958486	
S11000.gastroc.KS               	0.25231886	0.26149478	0.02442713	
S11000.soleus.KL                	0.80355175	0.78511714	0.047134346	
S11000.soleus.L0                	0.88831917	0.87569817	0.01064147	
S11000.soleus.KF                	-0.86753488	-0.90978475	0.043998299	
S11000.soleus.KS                	0.1022613	0.10699204	0.038051843	
S00011.vasti.KF                 	0.79872653	0.79926811	0.0059392293	
S00011.vasti.C0                 	0.08108834	0.082958905	0.0013105616	
S00011.vasti-knee_angle.pos_max 	-0.30984674	-0.31092574	0.0020610692	
S00011.hamstrings-pelvis_tilt.KP	0.72104669	0.71702816	0.02330356	
S00011.hamstrings-pelvis_tilt.KV	0.56894365	0.56870866	0.0012041152	
S00011.hamstrings-pelvis_tilt.C0	0.025452109	0.027381006	0.0025337533	
S00011.glut_max-pelvis_tilt.KP  	1.4745468	1.4758688	0.019260815	
S00011.glut_max-pelvis_tilt.KV  	0.31490617	0.31431165	0.0012068779	
S00011.glut_max-pelvis_tilt.C0  	0.15961061	0.16311488	0.0020659314	
S00011.iliopsoas-pelvis_tilt.KP 	-3.5823148	-3.5684679	0.032711768	
S00011.iliopsoas-pelvis_tilt.KV 	-0.54268926	-0.54246791	0.0014743144	
S00011.iliopsoas-pelvis_tilt.C0 	0.34186122	0.34085701	0.0032052285	
S00100.iliopsoas.C0             	0.33678807	0.33560214	0.0017738592	
S00100.glut_max.C0              	-0.024498575	-0.024658732	0.0013227963	
S11000.iliopsoas.KL             	0.55953303	0.55813837	0.0015122877	
S11000.iliopsoas.L0             	0.39166326	0.39129615	0.0016667772	
S11000.iliopsoas-pelvis_tilt.P0 	-0.045790384	-0.043574202	0.0013252126	
S11000.iliopsoas-pelvis_tilt.KP 	0.01196527	0.011430118	0.0082460067	
S11000.iliopsoas-pelvis_tilt.KV 	0.14667103	0.14587472	0.0015539154	
S11000.iliopsoas-hamstrings.KL  	-8.2876122	-8.2524248	0.054544186	
S11000.iliopsoas-hamstrings.L0  	1.1630527	1.1638492	0.0012404584	
S11000.hamstrings.KF            	0.57551357	0.57628709	0.0011981543	
S11000.glut_max.KF              	0.62022877	0.62193613	0.001359971	
