pelvis_tilt.offset              	0.02501845	0.024699418	0.00038833666	
hip_flexion_r.offset            	0.072025584	0.072305949	0.00036599597	
knee_angle_r.offset             	-0.00097415058	-0.0014492811	0.00039754644	
ankle_angle_r.offset            	-0.060296217	-0.060318973	0.00052192137	
hip_flexion_l.offset            	-0.0057142911	-0.0047980752	0.00073221618	
knee_angle_l.offset             	0.059607243	0.05954154	0.00056669084	
ankle_angle_l.offset            	0.18655103	0.18762563	0.00053542204	
stance_load_threshold           	0.15025468	0.1493562	0.00059173602	
S00111.tib_ant.KL               	1.2731982	1.2817252	0.0097432164	
S00111.tib_ant.L0               	0.764939	0.76562748	0.0010614406	
S00111.tib_ant.KS               	0.00015652	0.00016360622	0.00036950021	
S11000.tib_ant.KL               	1.1940505	1.2064417	0.005676243	
S11000.tib_ant.L0               	0.7302748	0.72960646	0.00085546876	
S11000.tib_ant.KS               	0.034963624	0.035352367	0.00050469383	
S11111.tib_ant-soleus.KF        	-0.11179066	-0.11295543	0.00088517544	
S00111.soleus-tib_ant.KS        	-0.85152118	-0.85873931	0.011069734	
S11000.soleus-tib_ant.KS        	-3.335603	-3.3512681	0.013329552	
S00111.gastroc-tib_ant.KS       	-0.33033194	-0.32682256	0.0088378546	
S11000.gastroc-tib_ant.KS       	-1.7003835	-1.7088894	0.010895053	
S00111.tib_ant-gastroc.KS       	-0.00395169	-0.0037437922	0.073115649	
S11000.tib_ant-gastroc.KS       	-0.00331551	-0.0034418679	0.07146337	
S00111.tib_ant-soleus.KS        	-0.00313515	-0.0033350507	0.075056985	
S11000.tib_ant-soleus.KS        	-0.00313645	-0.003250239	0.07186858	
S00111.gastroc.L0               	0.81499327	0.81348698	0.0043033349	
S00111.gastroc.KS               	0.17739288	0.17301666	0.0043970817	
S00111.soleus.L0                	0.9594422	0.95668289	0.0025050579	
S00111.soleus.KS                	0.16520068	0.16011627	0.0064524785	
S11000.gastroc.KL               	0.00837043	0.0087730497	0.0072937049	
S11000.gastroc.L0               	0.53639466	0.53445272	0.0044769122	
S11000.gastroc.KF               	-1.8032901	-1.7856542	0.010749649	
S11000.gastroc.KS               	0.25948435	0.25526049	0.0090873768	
S11000.soleus.KL                	0.80355718	0.80416539	0.017999757	
S11000.soleus.L0                	0.88339218	0.87879274	0.0041896188	
S11000.soleus.KF                	-0.94736587	-0.93059523	0.016905339	
S11000.soleus.KS                	0.10381421	0.10482729	0.013631952	
S00011.vasti.KF                 	0.80309678	0.80027595	0.0023843093	
S00011.vasti.C0                 	0.08224865	0.082627114	0.00050223759	
S00011.vasti-knee_angle.pos_max 	-0.31156511	-0.31099902	0.00082659864	
S00011.hamstrings-pelvis_tilt.KP	0.73175713	0.72305034	0.0090509389	
S00011.hamstrings-pelvis_tilt.KV	0.5655026	0.56563319	0.00048806312	
S00011.hamstrings-pelvis_tilt.C0	0.02677846	0.026610968	0.00094010542	
S00011.glut_max-pelvis_tilt.KP  	1.4535491	1.4423809	0.0076830458	
S00011.glut_max-pelvis_tilt.KV  	0.31644685	0.31697804	0.00048420548	
S00011.glut_max-pelvis_tilt.C0  	0.16448742	0.16464295	0.00082698014	
S00011.iliopsoas-pelvis_tilt.KP 	-3.6103677	-3.6172387	0.012977543	
S00011.iliopsoas-pelvis_tilt.KV 	-0.54134217	-0.54241822	0.00058750563	
S00011.iliopsoas-pelvis_tilt.C0 	0.34143588	0.33977476	0.0012718656	
S00100.iliopsoas.C0             	0.33354316	0.33530454	0.00069817046	
S00100.glut_max.C0              	-0.023534516	-0.024128324	0.00050596321	
S11000.iliopsoas.KL             	0.55920136	0.55851852	0.00060003406	
S11000.iliopsoas.L0             	0.38937442	0.38990427	0.00066244021	
S11000.iliopsoas-pelvis_tilt.P0 	-0.045482172	-0.045800827	0.0005137546	
S11000.iliopsoas-pelvis_tilt.KP 	0.01196527	0.011495019	0.0029405368	
S11000.iliopsoas-pelvis_tilt.KV 	0.14688871	0.14771227	0.0006109108	
S11000.iliopsoas-hamstrings.KL  	-8.2944962	-8.2892934	0.021859777	
S11000.iliopsoas-hamstrings.L0  	1.1652467	1.1651999	0.00049013107	
S11000.hamstrings.KF            	0.57658329	0.57628581	0.00047304357	
S11000.glut_max.KF              	0.62251105	0.62232775	0.0005410732	
