pelvis_tilt.offset              	0.025885544	0.025957935	9.200335e-05	
hip_flexion_r.offset            	0.072435495	0.07249821	8.4438002e-05	
knee_angle_r.offset             	-0.00060427208	-0.00069156926	9.2997601e-05	
ankle_angle_r.offset            	-0.060759577	-0.060924627	0.0001237093	
hip_flexion_l.offset            	-0.0040182128	-0.0043222689	0.00017269764	
knee_angle_l.offset             	0.060881849	0.061013499	0.00013357479	
ankle_angle_l.offset            	0.18829293	0.18823884	0.00012620012	
stance_load_threshold           	0.15011717	0.15002591	0.0001385179	
S00111.tib_ant.KL               	1.2906225	1.2910104	0.0022931989	
S00111.tib_ant.L0               	0.76739884	0.76739416	0.00025292233	
S00111.tib_ant.KS               	0.00015652	0.00016456225	6.9572822e-05	
S11000.tib_ant.KL               	1.1946058	1.1953423	0.0013725088	
S11000.tib_ant.L0               	0.72841152	0.72826415	0.00019994845	
S11000.tib_ant.KS               	0.035985218	0.035937626	0.00012122939	
S11111.tib_ant-soleus.KF        	-0.1128833	-0.11260214	0.00020766646	
S00111.soleus-tib_ant.KS        	-0.84712681	-0.84924538	0.0025507911	
S11000.soleus-tib_ant.KS        	-3.3522742	-3.3539125	0.0031075504	
S00111.gastroc-tib_ant.KS       	-0.3226006	-0.32297993	0.0018812438	
S11000.gastroc-tib_ant.KS       	-1.7175095	-1.7166113	0.0024891347	
S00111.tib_ant-gastroc.KS       	-0.00357534	-0.0038270187	0.013752344	
S11000.tib_ant-gastroc.KS       	-0.00331551	-0.0035160485	0.013441551	
S00111.tib_ant-soleus.KS        	-0.00313515	-0.0032832503	0.014117438	
S11000.tib_ant-soleus.KS        	-0.00313645	-0.0033028091	0.01351775	
S00111.gastroc.L0               	0.8086412	0.80928894	0.0010083693	
S00111.gastroc.KS               	0.17428465	0.17479716	0.00096343058	
S00111.soleus.L0                	0.95452011	0.95443597	0.00058603304	
S00111.soleus.KS                	0.15708152	0.15616008	0.0014714124	
S11000.gastroc.KL               	0.00925153	0.0088130775	0.0013811718	
S11000.gastroc.L0               	0.53145921	0.53047217	0.001046429	
S11000.gastroc.KF               	-1.7924506	-1.7897962	0.0025489232	
S11000.gastroc.KS               	0.25965649	0.25693881	0.002131547	
S11000.soleus.KL                	0.81668152	0.81260197	0.0042028388	
S11000.soleus.L0                	0.88025931	0.88169764	0.00097235882	
S11000.soleus.KF                	-0.95518681	-0.95333135	0.0038900803	
S11000.soleus.KS                	0.11302564	0.10990333	0.0028426804	
S00011.vasti.KF                 	0.79810531	0.79755191	0.00055991568	
S00011.vasti.C0                 	0.08239135	0.082337443	0.00011339842	
S00011.vasti-knee_angle.pos_max 	-0.30910566	-0.30893395	0.00019837864	
S00011.hamstrings-pelvis_tilt.KP	0.73407774	0.73351058	0.0021126619	
S00011.hamstrings-pelvis_tilt.KV	0.5653659	0.56533848	0.00011483656	
S00011.hamstrings-pelvis_tilt.C0	0.025965327	0.025874444	0.00021478855	
S00011.glut_max-pelvis_tilt.KP  	1.4539669	1.4535192	0.0018222687	
S00011.glut_max-pelvis_tilt.KV  	0.31616269	0.31631552	0.00011486226	
S00011.glut_max-pelvis_tilt.C0  	0.16475486	0.16456214	0.00019184648	
S00011.iliopsoas-pelvis_tilt.KP 	-3.5999406	-3.6076781	0.0029831881	
S00011.iliopsoas-pelvis_tilt.KV 	-0.54237355	-0.54234824	0.00013659084	
S00011.iliopsoas-pelvis_tilt.C0 	0.33781097	0.33806024	0.00030429283	
S00100.iliopsoas.C0             	0.33387371	0.33380749	0.00016214867	
S00100.glut_max.C0              	-0.024202356	-0.024281294	0.0001193046	
S11000.iliopsoas.KL             	0.5592311	0.55903103	0.00014077099	
S11000.iliopsoas.L0             	0.39064685	0.39076609	0.00015653323	
S11000.iliopsoas-pelvis_tilt.P0 	-0.045686062	-0.045572165	0.00012014904	
S11000.iliopsoas-pelvis_tilt.KP 	0.011619289	0.011450144	0.00057971407	
S11000.iliopsoas-pelvis_tilt.KV 	0.14691829	0.14674121	0.00014287415	
S11000.iliopsoas-hamstrings.KL  	-8.2527473	-8.2572055	0.0051902466	
S11000.iliopsoas-hamstrings.L0  	1.165659	1.1658654	0.00011112563	
S11000.hamstrings.KF            	0.57536694	0.57548925	0.00011128449	
S11000.glut_max.KF              	0.62248901	0.62262074	0.00012438796	
