pelvis_tilt.offset              	0.025829034	0.02576852	8.2137806e-05	
hip_flexion_r.offset            	0.072443962	0.072475006	7.4402039e-05	
knee_angle_r.offset             	-0.0007843075	-0.00074472507	8.1991751e-05	
ankle_angle_r.offset            	-0.060872354	-0.060945692	0.00010952885	
hip_flexion_l.offset            	-0.0045450805	-0.0042976948	0.00015378661	
knee_angle_l.offset             	0.060973944	0.061077036	0.00011781105	
ankle_angle_l.offset            	0.18822354	0.18821252	0.00011175879	
stance_load_threshold           	0.14976462	0.14974965	0.00012482733	
S00111.tib_ant.KL               	1.2933464	1.2936157	0.0020476861	
S00111.tib_ant.L0               	0.76761832	0.76743652	0.00022344813	
S00111.tib_ant.KS               	0.000173	0.0001650299	5.8281054e-05	
S11000.tib_ant.KL               	1.1979035	1.1982207	0.0012133201	
S11000.tib_ant.L0               	0.72808625	0.7279953	0.0001773125	
S11000.tib_ant.KS               	0.035880372	0.035780037	0.00010661213	
S11111.tib_ant-soleus.KF        	-0.11291966	-0.11286772	0.00018536507	
S00111.soleus-tib_ant.KS        	-0.85100328	-0.85282645	0.0022576258	
S11000.soleus-tib_ant.KS        	-3.3511974	-3.351396	0.0027659099	
S00111.gastroc-tib_ant.KS       	-0.3250627	-0.32354472	0.0016236394	
S11000.gastroc-tib_ant.KS       	-1.7186117	-1.7176708	0.0022099405	
S00111.tib_ant-gastroc.KS       	-0.00357534	-0.0037114846	0.011509134	
S11000.tib_ant-gastroc.KS       	-0.00366451	-0.0034885673	0.011249017	
S00111.tib_ant-soleus.KS        	-0.00346517	-0.0032313192	0.011814629	
S11000.tib_ant-soleus.KS        	-0.00313645	-0.0033628116	0.011312773	
S00111.gastroc.L0               	0.80964442	0.80922031	0.00088981698	
S00111.gastroc.KS               	0.17616327	0.17511357	0.00084575334	
S00111.soleus.L0                	0.95296409	0.95313206	0.00051930067	
S00111.soleus.KS                	0.15674354	0.15742118	0.0013067419	
S11000.gastroc.KL               	0.00837043	0.0086808624	0.0011625086	
S11000.gastroc.L0               	0.52938822	0.53016981	0.00092900891	
S11000.gastroc.KF               	-1.7970545	-1.7939711	0.0022608948	
S11000.gastroc.KS               	0.25574128	0.25846264	0.0018854517	
S11000.soleus.KL                	0.80610556	0.80782405	0.0037152047	
S11000.soleus.L0                	0.88008804	0.87958387	0.00088046833	
S11000.soleus.KF                	-0.95579822	-0.9553085	0.0034277868	
S11000.soleus.KS                	0.10462701	0.10769997	0.0025057288	
S00011.vasti.KF                 	0.79723917	0.79763012	0.00049690192	
S00011.vasti.C0                 	0.082434635	0.082408164	9.9822524e-05	
S00011.vasti-knee_angle.pos_max 	-0.30841542	-0.30875562	0.0001757257	
S00011.hamstrings-pelvis_tilt.KP	0.73430017	0.73255822	0.0018643675	
S00011.hamstrings-pelvis_tilt.KV	0.56531363	0.56546104	0.00010141959	
S00011.hamstrings-pelvis_tilt.C0	0.026015713	0.025794829	0.00018863057	
S00011.glut_max-pelvis_tilt.KP  	1.4557942	1.454774	0.0016020037	
S00011.glut_max-pelvis_tilt.KV  	0.31607023	0.3163158	0.00010150697	
S00011.glut_max-pelvis_tilt.C0  	0.16480129	0.16469058	0.00016979763	
S00011.iliopsoas-pelvis_tilt.KP 	-3.6132814	-3.6113232	0.0026700828	
S00011.iliopsoas-pelvis_tilt.KV 	-0.54217141	-0.54227668	0.00012100582	
S00011.iliopsoas-pelvis_tilt.C0 	0.33756052	0.3378415	0.0002697804	
S00100.iliopsoas.C0             	0.33403515	0.33402285	0.00014400299	
S00100.glut_max.C0              	-0.024493834	-0.024331039	0.0001058521	
S11000.iliopsoas.KL             	0.55942821	0.5593174	0.00012700437	
S11000.iliopsoas.L0             	0.39080134	0.39072225	0.00013807037	
S11000.iliopsoas-pelvis_tilt.P0 	-0.045723385	-0.045588164	0.00010700865	
S11000.iliopsoas-pelvis_tilt.KP 	0.01132599	0.011282167	0.00050061108	
S11000.iliopsoas-pelvis_tilt.KV 	0.14678611	0.14683668	0.00012752518	
S11000.iliopsoas-hamstrings.KL  	-8.2408166	-8.2451214	0.0046559081	
S11000.iliopsoas-hamstrings.L0  	1.1656153	1.165736	9.7610609e-05	
S11000.hamstrings.KF            	0.57553769	0.57554493	0.00010017818	
S11000.glut_max.KF              	0.62255061	0.62251667	0.00011000654	
