pelvis_tilt.offset              	0.025760801	0.025796811	4.1727801e-05	
hip_flexion_r.offset            	0.072307184	0.072325181	3.8384924e-05	
knee_angle_r.offset             	-0.00071143254	-0.0006821009	4.1700059e-05	
ankle_angle_r.offset            	-0.061207351	-0.061231552	5.8003158e-05	
hip_flexion_l.offset            	-0.0043240032	-0.0043403195	7.9439884e-05	
knee_angle_l.offset             	0.061090666	0.061021218	6.0538273e-05	
ankle_angle_l.offset            	0.18847313	0.18839777	5.7140766e-05	
stance_load_threshold           	0.14924508	0.14943955	6.6034612e-05	
S00111.tib_ant.KL               	1.2935766	1.2928105	0.001069026	
S00111.tib_ant.L0               	0.7670375	0.76705534	0.00011436422	
S00111.tib_ant.KS               	0.00015652	0.00016775839	2.6471473e-05	
S11000.tib_ant.KL               	1.1965847	1.1967983	0.00062918518	
S11000.tib_ant.L0               	0.72746611	0.72751701	9.2555319e-05	
S11000.tib_ant.KS               	0.035620351	0.03559386	5.5293265e-05	
S11111.tib_ant-soleus.KF        	-0.11301076	-0.11294265	9.5927975e-05	
S00111.soleus-tib_ant.KS        	-0.8559676	-0.85486274	0.0011518091	
S11000.soleus-tib_ant.KS        	-3.3509396	-3.3491778	0.0014127264	
S00111.gastroc-tib_ant.KS       	-0.32358368	-0.32399356	0.00081117974	
S11000.gastroc-tib_ant.KS       	-1.7270744	-1.7254329	0.001181333	
S00111.tib_ant-gastroc.KS       	-0.00395169	-0.0037689801	0.005202237	
S11000.tib_ant-gastroc.KS       	-0.00331551	-0.0035239402	0.0050845953	
S00111.tib_ant-soleus.KS        	-0.00346517	-0.0032800381	0.0053402074	
S11000.tib_ant-soleus.KS        	-0.0034666	-0.0033764203	0.0051133914	
S00111.gastroc.L0               	0.80680017	0.80676906	0.00046355765	
S00111.gastroc.KS               	0.17612092	0.17608818	0.00042568793	
S00111.soleus.L0                	0.95313162	0.95347983	0.0002678914	
S00111.soleus.KS                	0.15872015	0.15894133	0.00066940495	
S11000.gastroc.KL               	0.0087365746	0.0086933975	0.000539317	
S11000.gastroc.L0               	0.53072532	0.53013302	0.00048218129	
S11000.gastroc.KF               	-1.7943687	-1.7926031	0.001176809	
S11000.gastroc.KS               	0.25597971	0.25616399	0.00097470197	
S11000.soleus.KL                	0.81013975	0.80913192	0.0019410635	
S11000.soleus.L0                	0.87861193	0.87859253	0.00046834235	
S11000.soleus.KF                	-0.95191913	-0.95408593	0.0017593062	
S11000.soleus.KS                	0.11013645	0.11108597	0.0012468201	
S00011.vasti.KF                 	0.79690371	0.79692741	0.00025793878	
S00011.vasti.C0                 	0.08252603	0.082493444	5.1201188e-05	
S00011.vasti-knee_angle.pos_max 	-0.3087029	-0.30874371	9.3386125e-05	
S00011.hamstrings-pelvis_tilt.KP	0.73280129	0.73187879	0.00094967648	
S00011.hamstrings-pelvis_tilt.KV	0.56515061	0.56513444	5.3233179e-05	
S00011.hamstrings-pelvis_tilt.C0	0.025721381	0.025693376	9.6697074e-05	
S00011.glut_max-pelvis_tilt.KP  	1.4503787	1.4514862	0.00083117747	
S00011.glut_max-pelvis_tilt.KV  	0.31613285	0.31620123	5.2265102e-05	
S00011.glut_max-pelvis_tilt.C0  	0.16505353	0.16500537	8.8998999e-05	
S00011.iliopsoas-pelvis_tilt.KP 	-3.6103442	-3.6109986	0.0013660432	
S00011.iliopsoas-pelvis_tilt.KV 	-0.54258933	-0.54250353	6.2800468e-05	
S00011.iliopsoas-pelvis_tilt.C0 	0.33765473	0.33793766	0.0001397793	
S00100.iliopsoas.C0             	0.33399637	0.33393401	7.4196272e-05	
S00100.glut_max.C0              	-0.024533694	-0.024536027	5.5043919e-05	
S11000.iliopsoas.KL             	0.55933944	0.55933462	6.4660312e-05	
S11000.iliopsoas.L0             	0.39063759	0.39055201	7.2342866e-05	
S11000.iliopsoas-pelvis_tilt.P0 	-0.045380014	-0.04537517	5.5823529e-05	
S11000.iliopsoas-pelvis_tilt.KP 	0.01099083	0.011104986	0.00024709558	
S11000.iliopsoas-pelvis_tilt.KV 	0.14717675	0.14717209	6.6763892e-05	
S11000.iliopsoas-hamstrings.KL  	-8.2459348	-8.2462064	0.0024412389	
S11000.iliopsoas-hamstrings.L0  	1.1656721	1.1656569	5.0765106e-05	
S11000.hamstrings.KF            	0.57528719	0.57538782	5.2709423e-05	
S11000.glut_max.KF              	0.62217699	0.62227164	5.6959504e-05	
