pelvis_tilt.offset              	0.022720868	0.02201694	0.0011939474	
hip_flexion_r.offset            	0.068649774	0.069298975	0.0011247214	
knee_angle_r.offset             	0.00072212246	0.00029991007	0.0012299184	
ankle_angle_r.offset            	-0.057767149	-0.055851386	0.0016042154	
hip_flexion_l.offset            	-0.0095564705	-0.0076387208	0.0022790268	
knee_angle_l.offset             	0.058601944	0.05866765	0.0017668588	
ankle_angle_l.offset            	0.1886988	0.18920097	0.0016804681	
stance_load_threshold           	0.15557776	0.15349101	0.0018495925	
S00111.tib_ant.KL               	1.1909627	1.2441664	0.030646851	
S00111.tib_ant.L0               	0.76616407	0.76149097	0.0032799681	
S00111.tib_ant.KS               	0.000173	0.00016323992	0.0013231671	
S11000.tib_ant.KL               	1.1950811	1.2077219	0.017419028	
S11000.tib_ant.L0               	0.73426034	0.73780369	0.0025605612	
S11000.tib_ant.KS               	0.034737874	0.036028492	0.0016206821	
S11111.tib_ant-soleus.KF        	-0.10543921	-0.10982962	0.0027647273	
S00111.soleus-tib_ant.KS        	-0.89402901	-0.85856892	0.03519793	
S11000.soleus-tib_ant.KS        	-3.301811	-3.2754291	0.040586496	
S00111.gastroc-tib_ant.KS       	-0.32171493	-0.33530392	0.030634451	
S11000.gastroc-tib_ant.KS       	-1.654754	-1.6618143	0.033916516	
S00111.tib_ant-gastroc.KS       	-0.00357534	-0.0036991053	0.26183044	
S11000.tib_ant-gastroc.KS       	-0.00366451	-0.003497789	0.25591356	
S00111.tib_ant-soleus.KS        	-0.00313515	-0.0033127554	0.26878248	
S11000.tib_ant-soleus.KS        	-0.0034666	-0.0032719604	0.25736465	
S00111.gastroc.KL               	0.08315732	0.080896326	0.032728227	
S00111.gastroc.L0               	0.81311166	0.83542075	0.01344201	
S00111.gastroc.KS               	0.16983228	0.17172315	0.015135555	
S00111.soleus.KL                	4.0207571	4.0204111	0.029939759	
S00111.soleus.L0                	0.96227803	0.97121124	0.0077493681	
S00111.soleus.KS                	0.14946728	0.16031744	0.022107654	
S11000.gastroc.KL               	0.00925153	0.0089382497	0.026114841	
S11000.gastroc.L0               	0.53227575	0.50824737	0.014128282	
S11000.gastroc.KF               	-1.8062959	-1.847239	0.033400964	
S11000.gastroc.KS               	0.25231886	0.26114584	0.030938213	
S11000.soleus.KL                	0.84260236	0.79963471	0.059363828	
S11000.soleus.L0                	0.90698359	0.89001342	0.01305305	
S11000.soleus.KF                	-0.95885434	-0.89716303	0.055205003	
S11000.soleus.KS                	0.11302564	0.10769449	0.048491796	
S00011.vasti.KF                 	0.80937244	0.81816899	0.0073023387	
S00011.vasti.C0                 	0.083074712	0.084246085	0.0016429265	
S00011.vasti-knee_angle.pos_max 	-0.30564608	-0.30450584	0.0025176887	
S00011.hamstrings-pelvis_tilt.KP	0.73145361	0.72418682	0.028979606	
S00011.hamstrings-pelvis_tilt.KV	0.56466428	0.56597438	0.0014677243	
S00011.hamstrings-pelvis_tilt.C0	0.02514159	0.027253338	0.0032120238	
S00011.glut_max-pelvis_tilt.KP  	1.4762217	1.4856032	0.023857984	
S00011.glut_max-pelvis_tilt.KV  	0.31370794	0.31345889	0.0014881451	
S00011.glut_max-pelvis_tilt.C0  	0.16193268	0.15818834	0.0025067671	
S00011.iliopsoas-pelvis_tilt.KP 	-3.4778745	-3.5208303	0.040065102	
S00011.iliopsoas-pelvis_tilt.KV 	-0.5467304	-0.54474234	0.0018296627	
S00011.iliopsoas-pelvis_tilt.C0 	0.33102337	0.33345511	0.0039486134	
S00100.iliopsoas.C0             	0.33779575	0.3372467	0.0021579689	
S00100.glut_max.C0              	-0.02342065	-0.024540064	0.0016655455	
S11000.iliopsoas.KL             	0.56092051	0.56145754	0.0018489904	
S11000.iliopsoas.L0             	0.39532881	0.39171868	0.0020552825	
S11000.iliopsoas-pelvis_tilt.P0 	-0.043687775	-0.044056705	0.0016520466	
S11000.iliopsoas-pelvis_tilt.KP 	0.01082572	0.01147679	0.010512607	
S11000.iliopsoas-pelvis_tilt.KV 	0.14235515	0.14465619	0.0019024913	
S11000.iliopsoas-hamstrings.KL  	-8.1595034	-8.2236203	0.067252015	
S11000.iliopsoas-hamstrings.L0  	1.1685536	1.1673757	0.0015395595	
S11000.hamstrings.KF            	0.57376138	0.57419896	0.0014756665	
S11000.glut_max.KF              	0.61915476	0.62052504	0.0016837755	
