pelvis_tilt.offset              	0.024681916	0.02418503	0.00082882018	
hip_flexion_r.offset            	0.073254188	0.070869928	0.00076507466	
knee_angle_r.offset             	-0.0024187387	-0.00031955712	0.0008391666	
ankle_angle_r.offset            	-0.058730471	-0.059480827	0.0011053338	
hip_flexion_l.offset            	-0.0067304902	-0.0062834022	0.0015616087	
knee_angle_l.offset             	0.058400431	0.058534986	0.001201488	
ankle_angle_l.offset            	0.18777918	0.18746135	0.0011562104	
stance_load_threshold           	0.15646666	0.15418902	0.0012741281	
S00111.tib_ant.KL               	1.2107512	1.2043279	0.020838501	
S00111.tib_ant.L0               	0.76540728	0.76343887	0.0022456723	
S00111.tib_ant.KS               	0.00015652	0.00016842556	0.00087345787	
S11000.tib_ant.KL               	1.2011129	1.2062034	0.011939265	
S11000.tib_ant.L0               	0.73705044	0.7381844	0.0017475306	
S11000.tib_ant.KS               	0.035953481	0.035136837	0.0010970601	
S11111.tib_ant-soleus.KF        	-0.10779295	-0.10859132	0.0018959397	
S00111.soleus-tib_ant.KS        	-0.84158647	-0.83945435	0.023960479	
S11000.soleus-tib_ant.KS        	-3.305467	-3.2931818	0.027730518	
S00111.gastroc-tib_ant.KS       	-0.33594043	-0.33008303	0.020357669	
S11000.gastroc-tib_ant.KS       	-1.7409183	-1.7144347	0.023322473	
S00111.tib_ant-gastroc.KS       	-0.00395169	-0.0037074412	0.17284086	
S11000.tib_ant-gastroc.KS       	-0.00366451	-0.0035636471	0.16893498	
S00111.tib_ant-soleus.KS        	-0.00346517	-0.0033188382	0.17743008	
S11000.tib_ant-soleus.KS        	-0.0034666	-0.0032851647	0.16989288	
S00111.gastroc.KL               	0.08315732	0.078568947	0.02162348	
S00111.gastroc.L0               	0.81944335	0.81688404	0.0092431391	
S00111.gastroc.KS               	0.17739288	0.17221315	0.010086751	
S00111.soleus.KL                	3.995949	3.966692	0.020678564	
S00111.soleus.L0                	0.97645569	0.97776222	0.0053391061	
S00111.soleus.KS                	0.15724289	0.15544501	0.014681889	
S11000.gastroc.KL               	0.00925153	0.0090443182	0.017239379	
S11000.gastroc.L0               	0.52484789	0.52552534	0.009592812	
S11000.gastroc.KF               	-1.8154267	-1.8166525	0.022957148	
S11000.gastroc.KS               	0.27887874	0.27258894	0.020584133	
S11000.soleus.KL                	0.84260236	0.8235274	0.039832523	
S11000.soleus.L0                	0.90252609	0.89369558	0.0089153617	
S11000.soleus.KF                	-0.92409928	-0.93172862	0.037135756	
S11000.soleus.KS                	0.10454672	0.10928298	0.032032358	
S00011.vasti.KF                 	0.8116302	0.80806313	0.0050090961	
S00011.vasti.C0                 	0.081138534	0.082494121	0.0011117511	
S00011.vasti-knee_angle.pos_max 	-0.30593145	-0.3076677	0.0017319118	
S00011.hamstrings-pelvis_tilt.KP	0.68283065	0.72244145	0.019552475	
S00011.hamstrings-pelvis_tilt.KV	0.56679332	0.56583992	0.00099965599	
S00011.hamstrings-pelvis_tilt.C0	0.02778807	0.02673479	0.0021375662	
S00011.glut_max-pelvis_tilt.KP  	1.4916123	1.4921384	0.016297585	
S00011.glut_max-pelvis_tilt.KV  	0.31354864	0.31255351	0.0010267935	
S00011.glut_max-pelvis_tilt.C0  	0.15961426	0.16036836	0.0017227271	
S00011.iliopsoas-pelvis_tilt.KP 	-3.5441893	-3.552762	0.027437452	
S00011.iliopsoas-pelvis_tilt.KV 	-0.54428965	-0.54426717	0.0012575219	
S00011.iliopsoas-pelvis_tilt.C0 	0.34031978	0.34033715	0.0027112817	
S00100.iliopsoas.C0             	0.3384729	0.33823014	0.001476659	
S00100.glut_max.C0              	-0.02588599	-0.025319724	0.0011163473	
S11000.iliopsoas.KL             	0.56447789	0.56500165	0.0012636797	
S11000.iliopsoas.L0             	0.39191112	0.39178979	0.0014150577	
S11000.iliopsoas-pelvis_tilt.P0 	-0.044198214	-0.044038314	0.0011209165	
S11000.iliopsoas-pelvis_tilt.KP 	0.01082572	0.011600673	0.0069409859	
S11000.iliopsoas-pelvis_tilt.KV 	0.14268504	0.14164438	0.001304825	
S11000.iliopsoas-hamstrings.KL  	-8.2526752	-8.267549	0.04613849	
S11000.iliopsoas-hamstrings.L0  	1.1667602	1.1667683	0.0010458804	
S11000.hamstrings.KF            	0.57130673	0.5728559	0.0010080222	
S11000.glut_max.KF              	0.61974031	0.61998007	0.0011573066	
