pelvis_tilt.offset              	0.023548794	0.023407419	0.00016892524	
hip_flexion_r.offset            	0.074125535	0.073977921	0.00016373197	
knee_angle_r.offset             	0.00074895968	0.0008108543	0.0001774179	
ankle_angle_r.offset            	-0.060719058	-0.06083845	0.0002356684	
hip_flexion_l.offset            	-0.0057090406	-0.0056319007	0.00032318136	
knee_angle_l.offset             	0.059837651	0.0592162	0.00024340048	
ankle_angle_l.offset            	0.18570867	0.1856922	0.00024177418	
stance_load_threshold           	0.15378899	0.15367058	0.00026263423	
S00111.tib_ant.KL               	1.2622699	1.2513211	0.0043005011	
S00111.tib_ant.L0               	0.76338199	0.76331045	0.00046757296	
S00111.tib_ant.KS               	0.00015652	0.00016485267	0.00014447509	
S11000.tib_ant.KL               	1.2195555	1.2198512	0.0025014598	
S11000.tib_ant.L0               	0.73101554	0.73133338	0.00037517048	
S11000.tib_ant.KS               	0.036692075	0.036342615	0.00022475332	
S11111.tib_ant-soleus.KF        	-0.1138499	-0.11362731	0.00039903979	
S00111.soleus-tib_ant.KS        	-0.83661225	-0.84168912	0.0048047286	
S11000.soleus-tib_ant.KS        	-3.2441557	-3.2545092	0.0059801777	
S00111.gastroc-tib_ant.KS       	-0.32576895	-0.32272998	0.0035485665	
S11000.gastroc-tib_ant.KS       	-1.6965143	-1.69603	0.0047550817	
S00111.tib_ant-gastroc.KS       	-0.0038330395	-0.0037038011	0.028582278	
S11000.tib_ant-gastroc.KS       	-0.00331551	-0.0034971541	0.027936358	
S00111.tib_ant-soleus.KS        	-0.00346517	-0.0033178216	0.029341158	
S11000.tib_ant-soleus.KS        	-0.00313645	-0.0032970518	0.028094759	
S00111.gastroc.KL               	0.08315732	0.079647244	0.0037501194	
S00111.gastroc.L0               	0.7968718	0.79989833	0.0019729135	
S00111.gastroc.KS               	0.17615519	0.17674616	0.0017664618	
S00111.soleus.KL                	3.9979852	3.9928512	0.0043174336	
S00111.soleus.L0                	0.96559181	0.96599604	0.0010835818	
S00111.soleus.KS                	0.16412988	0.16197263	0.0027395117	
S11000.gastroc.KL               	0.00837043	0.0089430867	0.0028556096	
S11000.gastroc.L0               	0.53352329	0.52923427	0.001975375	
S11000.gastroc.KF               	-1.8238509	-1.818801	0.0047147776	
S11000.gastroc.KS               	0.25308733	0.25529503	0.0039831703	
S11000.soleus.KL                	0.84235405	0.83319796	0.0078819466	
S11000.soleus.L0                	0.89977769	0.90226958	0.0018268117	
S11000.soleus.KF                	-0.89286315	-0.89244359	0.007461181	
S11000.soleus.KS                	0.10796287	0.10562986	0.005540182	
S00011.vasti.KF                 	0.8130788	0.81568668	0.0010452471	
S00011.vasti.C0                 	0.082092309	0.082028243	0.00021800093	
S00011.vasti-knee_angle.pos_max 	-0.3040212	-0.30400069	0.00035994465	
S00011.hamstrings-pelvis_tilt.KP	0.69998052	0.69947086	0.0039861967	
S00011.hamstrings-pelvis_tilt.KV	0.56535462	0.56523374	0.00020382394	
S00011.hamstrings-pelvis_tilt.C0	0.025974255	0.026356255	0.00041027639	
S00011.glut_max-pelvis_tilt.KP  	1.4351239	1.4452791	0.0034673458	
S00011.glut_max-pelvis_tilt.KV  	0.31280756	0.3128169	0.00021354177	
S00011.glut_max-pelvis_tilt.C0  	0.1603548	0.16034196	0.00036094573	
S00011.iliopsoas-pelvis_tilt.KP 	-3.5408763	-3.5286776	0.0058045262	
S00011.iliopsoas-pelvis_tilt.KV 	-0.54676488	-0.54645883	0.00025984837	
S00011.iliopsoas-pelvis_tilt.C0 	0.3337787	0.33456335	0.00056913577	
S00100.iliopsoas.C0             	0.33280331	0.33326055	0.00031914632	
S00100.glut_max.C0              	-0.025172418	-0.025304118	0.0002281484	
S11000.iliopsoas.KL             	0.56099675	0.56089766	0.0002678165	
S11000.iliopsoas.L0             	0.39132366	0.39097908	0.00029136296	
S11000.iliopsoas-pelvis_tilt.P0 	-0.04295016	-0.042896636	0.00023717406	
S11000.iliopsoas-pelvis_tilt.KP 	0.01082572	0.011037957	0.0011645698	
S11000.iliopsoas-pelvis_tilt.KV 	0.14298552	0.14276982	0.00027235814	
S11000.iliopsoas-hamstrings.KL  	-8.210613	-8.207219	0.0095639115	
S11000.iliopsoas-hamstrings.L0  	1.1676289	1.168161	0.00021431996	
S11000.hamstrings.KF            	0.56990504	0.57005059	0.00021215204	
S11000.glut_max.KF              	0.61977966	0.61972171	0.00023844331	
