pelvis_tilt.offset              	0.023026683	0.023041682	1.9040133e-05	
hip_flexion_r.offset            	0.074097064	0.074082127	1.8464845e-05	
knee_angle_r.offset             	0.00070351137	0.00072314771	1.915734e-05	
ankle_angle_r.offset            	-0.060935479	-0.060935482	2.5344712e-05	
hip_flexion_l.offset            	-0.0048129033	-0.0048375541	3.6487887e-05	
knee_angle_l.offset             	0.059210154	0.059195574	2.6987395e-05	
ankle_angle_l.offset            	0.18551847	0.18552768	2.6169546e-05	
stance_load_threshold           	0.15388307	0.15386004	2.8105752e-05	
S00111.tib_ant.KL               	1.2504679	1.2503716	0.00046719225	
S00111.tib_ant.L0               	0.76409949	0.76411656	5.1124366e-05	
S00111.tib_ant.KS               	0.00016947478	0.0001630224	1.0989776e-05	
S11000.tib_ant.KL               	1.2286501	1.2284074	0.00028109671	
S11000.tib_ant.L0               	0.73125154	0.73125544	4.0281244e-05	
S11000.tib_ant.KS               	0.036286394	0.03629427	2.4889921e-05	
S11111.tib_ant-soleus.KF        	-0.11348658	-0.11346321	4.4900463e-05	
S00111.soleus-tib_ant.KS        	-0.84454348	-0.8446913	0.00052424486	
S11000.soleus-tib_ant.KS        	-3.2500813	-3.2499023	0.00067627784	
S00111.gastroc-tib_ant.KS       	-0.32193199	-0.32193721	0.000315024	
S11000.gastroc-tib_ant.KS       	-1.6905993	-1.6910277	0.00052324177	
S00111.tib_ant-gastroc.KS       	-0.00395169	-0.0037297164	0.0020758118	
S11000.tib_ant-gastroc.KS       	-0.00331551	-0.0034889517	0.002028796	
S00111.tib_ant-soleus.KS        	-0.00313515	-0.0033002135	0.0021304213	
S11000.tib_ant-soleus.KS        	-0.0034059469	-0.0033549863	0.0020400225	
S00111.gastroc.KL               	0.082586121	0.082886994	0.0003792226	
S00111.gastroc.L0               	0.79812416	0.79808498	0.00020061044	
S00111.gastroc.KS               	0.17702737	0.17702809	0.00016062029	
S00111.soleus.KL                	3.9947035	3.9945183	0.00047207388	
S00111.soleus.L0                	0.96299079	0.9630192	0.00011728029	
S00111.soleus.KS                	0.15788276	0.15816809	0.0002928074	
S11000.gastroc.KL               	0.0084890458	0.0088615974	0.00024349204	
S11000.gastroc.L0               	0.53144503	0.53124958	0.00021448062	
S11000.gastroc.KF               	-1.8150217	-1.8153105	0.00051634838	
S11000.gastroc.KS               	0.25914223	0.25889994	0.00042363614	
S11000.soleus.KL                	0.83212026	0.83139989	0.00085208142	
S11000.soleus.L0                	0.90431584	0.90444111	0.00020011643	
S11000.soleus.KF                	-0.88592373	-0.88663668	0.00081469144	
S11000.soleus.KS                	0.10367469	0.10326198	0.00056543099	
S00011.vasti.KF                 	0.81871283	0.81868346	0.00011947663	
S00011.vasti.C0                 	0.081950679	0.08199061	2.5382065e-05	
S00011.vasti-knee_angle.pos_max 	-0.30410519	-0.30408662	3.9920017e-05	
S00011.hamstrings-pelvis_tilt.KP	0.68773239	0.68820215	0.0004549638	
S00011.hamstrings-pelvis_tilt.KV	0.56481073	0.56481502	2.2525669e-05	
S00011.hamstrings-pelvis_tilt.C0	0.025535187	0.025544559	4.5373923e-05	
S00011.glut_max-pelvis_tilt.KP  	1.4390217	1.4394891	0.00038495055	
S00011.glut_max-pelvis_tilt.KV  	0.31266883	0.31266029	2.390749e-05	
S00011.glut_max-pelvis_tilt.C0  	0.16014654	0.16012466	4.0234849e-05	
S00011.iliopsoas-pelvis_tilt.KP 	-3.5100649	-3.5104413	0.00066861164	
S00011.iliopsoas-pelvis_tilt.KV 	-0.54693933	-0.54695284	2.8695706e-05	
S00011.iliopsoas-pelvis_tilt.C0 	0.33452235	0.33447564	6.4638363e-05	
S00100.iliopsoas.C0             	0.333233	0.33321196	3.457624e-05	
S00100.glut_max.C0              	-0.025090988	-0.025145098	2.5332589e-05	
S11000.iliopsoas.KL             	0.55974473	0.55974568	3.1548576e-05	
S11000.iliopsoas.L0             	0.39109704	0.39115537	3.2532944e-05	
S11000.iliopsoas-pelvis_tilt.P0 	-0.042442163	-0.042454758	2.6542145e-05	
S11000.iliopsoas-pelvis_tilt.KP 	0.01130223	0.011414213	0.00011424779	
S11000.iliopsoas-pelvis_tilt.KV 	0.14243568	0.14249097	3.0075108e-05	
S11000.iliopsoas-hamstrings.KL  	-8.227724	-8.2281083	0.0010539442	
S11000.iliopsoas-hamstrings.L0  	1.1680879	1.168082	2.3665809e-05	
S11000.hamstrings.KF            	0.56985066	0.56985497	2.3507263e-05	
S11000.glut_max.KF              	0.61958585	0.61957847	2.6540483e-05	
