pelvis_tilt.offset              	0.023056922	0.023043448	1.6040153e-05	
hip_flexion_r.offset            	0.074079835	0.074085357	1.5530359e-05	
knee_angle_r.offset             	0.00075887143	0.00076650315	1.6174844e-05	
ankle_angle_r.offset            	-0.060928778	-0.060922236	2.1205166e-05	
hip_flexion_l.offset            	-0.0048246073	-0.0048205809	3.0685697e-05	
knee_angle_l.offset             	0.059187825	0.059171319	2.2611101e-05	
ankle_angle_l.offset            	0.18555133	0.18551086	2.2006195e-05	
stance_load_threshold           	0.15383525	0.15385416	2.3511115e-05	
S00111.tib_ant.KL               	1.2504054	1.2503779	0.00039228146	
S00111.tib_ant.L0               	0.76420812	0.7641536	4.3528555e-05	
S00111.tib_ant.KS               	0.00015771141	0.00016670067	8.9452797e-06	
S11000.tib_ant.KL               	1.2279137	1.2280197	0.00023676561	
S11000.tib_ant.L0               	0.73128847	0.73122547	3.37866e-05	
S11000.tib_ant.KS               	0.036283688	0.036297817	2.0829484e-05	
S11111.tib_ant-soleus.KF        	-0.11341089	-0.11343433	3.8121512e-05	
S00111.soleus-tib_ant.KS        	-0.8463607	-0.84611267	0.00043749942	
S11000.soleus-tib_ant.KS        	-3.2500135	-3.2495494	0.00056782085	
S00111.gastroc-tib_ant.KS       	-0.32248605	-0.32199481	0.0002592268	
S11000.gastroc-tib_ant.KS       	-1.6905401	-1.6906913	0.00044657754	
S00111.tib_ant-gastroc.KS       	-0.00395169	-0.0037541486	0.0016555331	
S11000.tib_ant-gastroc.KS       	-0.0035483764	-0.0035187021	0.0016179585	
S00111.tib_ant-soleus.KS        	-0.00313515	-0.0032732369	0.0016988404	
S11000.tib_ant-soleus.KS        	-0.0034666	-0.0033314407	0.00162679	
S00111.gastroc.KL               	0.08315732	0.083029001	0.000312095	
S00111.gastroc.L0               	0.79807693	0.79791073	0.00016932825	
S00111.gastroc.KS               	0.17722417	0.17714811	0.00013432089	
S00111.soleus.KL                	3.9934083	3.9936682	0.00039930839	
S00111.soleus.L0                	0.96276498	0.96286116	9.8157008e-05	
S00111.soleus.KS                	0.15847893	0.15807994	0.00024637947	
S11000.gastroc.KL               	0.00837043	0.0086187259	0.00020257031	
S11000.gastroc.L0               	0.53136857	0.531144	0.00018068839	
S11000.gastroc.KF               	-1.8153368	-1.8143461	0.00043770374	
S11000.gastroc.KS               	0.25980047	0.25973422	0.00035567198	
S11000.soleus.KL                	0.83192959	0.83131966	0.00071481671	
S11000.soleus.L0                	0.90397751	0.90419806	0.00016704804	
S11000.soleus.KF                	-0.88737715	-0.88668484	0.00068522446	
S11000.soleus.KS                	0.10421362	0.10401642	0.00047226792	
S00011.vasti.KF                 	0.81883073	0.81869656	0.00010012848	
S00011.vasti.C0                 	0.081978717	0.082000725	2.1342266e-05	
S00011.vasti-knee_angle.pos_max 	-0.30407054	-0.30409771	3.3573886e-05	
S00011.hamstrings-pelvis_tilt.KP	0.68901335	0.68883744	0.00037926821	
S00011.hamstrings-pelvis_tilt.KV	0.56483348	0.56483285	1.9035245e-05	
S00011.hamstrings-pelvis_tilt.C0	0.025569928	0.025572365	3.8071657e-05	
S00011.glut_max-pelvis_tilt.KP  	1.4388765	1.4384745	0.00032341472	
S00011.glut_max-pelvis_tilt.KV  	0.31265142	0.31267842	2.0034315e-05	
S00011.glut_max-pelvis_tilt.C0  	0.16017383	0.16014421	3.4002919e-05	
S00011.iliopsoas-pelvis_tilt.KP 	-3.5088242	-3.5095775	0.00056392157	
S00011.iliopsoas-pelvis_tilt.KV 	-0.54696926	-0.54696668	2.3925816e-05	
S00011.iliopsoas-pelvis_tilt.C0 	0.3345273	0.3344263	5.4364317e-05	
S00100.iliopsoas.C0             	0.33320378	0.33320842	2.9224703e-05	
S00100.glut_max.C0              	-0.025203626	-0.025191019	2.1360475e-05	
S11000.iliopsoas.KL             	0.5598004	0.55977439	2.6529681e-05	
S11000.iliopsoas.L0             	0.39114575	0.39114185	2.7260283e-05	
S11000.iliopsoas-pelvis_tilt.P0 	-0.042435523	-0.042462656	2.2848763e-05	
S11000.iliopsoas-pelvis_tilt.KP 	0.011314305	0.011363312	9.5869331e-05	
S11000.iliopsoas-pelvis_tilt.KV 	0.14262129	0.14257575	2.5827029e-05	
S11000.iliopsoas-hamstrings.KL  	-8.2287384	-8.2277905	0.00088863597	
S11000.iliopsoas-hamstrings.L0  	1.1681014	1.1680862	2.0046012e-05	
S11000.hamstrings.KF            	0.56978864	0.56978391	1.9812468e-05	
S11000.glut_max.KF              	0.61965472	0.61966508	2.2631222e-05	
