pelvis_tilt.offset              	0.020058649	0.020748009	0.0014126221	
hip_flexion_r.offset            	0.070133501	0.069200421	0.0013340127	
knee_angle_r.offset             	-0.00029721002	0.00013594148	0.0014583428	
ankle_angle_r.offset            	-0.055511167	-0.057361868	0.0019050593	
hip_flexion_l.offset            	-0.0055645864	-0.0077790991	0.0027045379	
knee_angle_l.offset             	0.057725876	0.056786942	0.0020812691	
ankle_angle_l.offset            	0.18636852	0.1880177	0.0019940714	
stance_load_threshold           	0.15410733	0.15151235	0.002191997	
S00111.tib_ant.KL               	1.2273759	1.2393044	0.036364433	
S00111.tib_ant.L0               	0.77039154	0.76316827	0.0038965988	
S00111.tib_ant.KS               	0.00015652	0.00016691268	0.0015816901	
S11000.tib_ant.KL               	1.1757534	1.1932129	0.020672775	
S11000.tib_ant.L0               	0.73876498	0.73776488	0.0030134046	
S11000.tib_ant.KS               	0.03371447	0.035609794	0.0019314134	
S11111.tib_ant-soleus.KF        	-0.11488081	-0.1111591	0.0032836504	
S00111.soleus-tib_ant.KS        	-0.83499954	-0.86605241	0.041942526	
S00111.gastroc-tib_ant.KS       	-0.32171493	-0.33330878	0.036573939	
S00111.tib_ant-gastroc.KS       	-0.00357534	-0.0037736872	0.31298748	
S11000.tib_ant-gastroc.KS       	-0.00366451	-0.0034226546	0.30591455	
S00111.tib_ant-soleus.KS        	-0.00313515	-0.003385723	0.32129783	
S11000.tib_ant-soleus.KS        	-0.0034666	-0.0033379447	0.30764915	
S00111.gastroc.KL               	0.07523758	0.078890342	0.039118751	
S00111.gastroc.L0               	0.8226937	0.84319033	0.015986509	
S00111.gastroc.KF               	1.4135031	1.4103689	0.0020349134	
S00111.gastroc.KS               	0.17505471	0.17000159	0.018071263	
S00111.soleus.KL                	4.0144884	4.0084599	0.035663545	
S00111.soleus.L0                	0.95406872	0.96315896	0.0091534308	
S00111.soleus.KF                	0.2283134	0.22762504	0.002944398	
S00111.soleus.KS                	0.16520068	0.15969058	0.02641066	
S11000.gastroc.KL               	0.00837043	0.0087392906	0.031217162	
S11000.gastroc.L0               	0.53993621	0.52627647	0.016818439	
S11000.gastroc.KF               	-1.7997296	-1.8143496	0.039593971	
S11000.gastroc.KS               	0.25956795	0.26383684	0.03694771	
S11000.soleus.KL                	0.84260236	0.81889036	0.070829957	
S11000.soleus.L0                	0.88162425	0.9009055	0.01545194	
S11000.soleus.KF                	-0.86753488	-0.90554775	0.065780363	
S11000.soleus.KS                	0.11302564	0.10981489	0.057962106	
S00011.vasti.KF                 	0.8248043	0.82166401	0.0086484692	
S00011.vasti.C0                 	0.081442218	0.083233009	0.0019560736	
S00011.vasti-knee_angle.pos_max 	-0.31001744	-0.30422157	0.0029858354	
S00011.hamstrings-pelvis_tilt.KP	0.73903788	0.70343833	0.034482985	
S00011.hamstrings-pelvis_tilt.KV	0.56621489	0.56620869	0.0017394844	
S00011.hamstrings-pelvis_tilt.C0	0.02514159	0.026201363	0.003836374	
S00011.glut_max-pelvis_tilt.KP  	1.4517334	1.488116	0.028254267	
S00011.glut_max-pelvis_tilt.KV  	0.31181757	0.31330212	0.0017669706	
S00011.glut_max-pelvis_tilt.C0  	0.16467202	0.16194024	0.0029820951	
S00011.iliopsoas-pelvis_tilt.KP 	-3.5592016	-3.5042256	0.047591453	
S00011.iliopsoas-pelvis_tilt.KV 	-0.54310642	-0.54313937	0.0021690366	
S00011.iliopsoas-pelvis_tilt.C0 	0.33630958	0.3340217	0.0046859425	
S00100.iliopsoas.C0             	0.3400933	0.33668755	0.0025664766	
S00100.glut_max.C0              	-0.024975405	-0.024475528	0.0019866823	
S11000.iliopsoas.KL             	0.56350777	0.56124254	0.0021935664	
S11000.iliopsoas.L0             	0.39129577	0.39186239	0.0024368469	
S11000.iliopsoas-pelvis_tilt.P0 	-0.04641831	-0.044508383	0.0019667002	
S11000.iliopsoas-pelvis_tilt.KP 	0.01082572	0.011615132	0.012566367	
S11000.iliopsoas-pelvis_tilt.KV 	0.14542986	0.14527847	0.0022577123	
S11000.iliopsoas-hamstrings.KL  	-8.2613404	-8.2624433	0.079863393	
S11000.iliopsoas-hamstrings.L0  	1.1646367	1.1663719	0.0018244454	
S11000.hamstrings.KF            	0.56996322	0.57468402	0.0017519595	
S11000.glut_max.KF              	0.62198572	0.62112438	0.0019905937	
