pelvis_tilt.offset              	0.022524369	0.02213936	0.0002458844	
hip_flexion_r.offset            	0.072982881	0.072583188	0.0002436869	
knee_angle_r.offset             	-0.0013716342	-0.0015539948	0.000262498	
ankle_angle_r.offset            	-0.055113295	-0.054823583	0.00034167888	
hip_flexion_l.offset            	-0.0010556486	-0.00058496895	0.00049158018	
knee_angle_l.offset             	0.05909221	0.059174329	0.0003720558	
ankle_angle_l.offset            	0.18833093	0.18817409	0.00035099664	
stance_load_threshold           	0.15033919	0.15064785	0.00039239484	
S00111.tib_ant.KL               	1.265317	1.2710814	0.0064834773	
S00111.tib_ant.L0               	0.76512389	0.76475469	0.00070497089	
S00111.tib_ant.KS               	0.000173	0.00016501977	0.0002280067	
S11000.tib_ant.KL               	1.1639413	1.1650547	0.0036805576	
S11000.tib_ant.L0               	0.73405448	0.73395325	0.00053973442	
S11000.tib_ant.KS               	0.035963522	0.036378675	0.00032693381	
S11111.tib_ant-soleus.KF        	-0.10735846	-0.10681281	0.00058596681	
S00111.soleus-tib_ant.KS        	-0.84921217	-0.84768612	0.0072963201	
S00111.gastroc-tib_ant.KS       	-0.33289231	-0.32575856	0.005715616	
S00111.tib_ant-gastroc.KS       	-0.00395169	-0.0037048499	0.045114285	
S11000.tib_ant-gastroc.KS       	-0.00331551	-0.0035495389	0.044094778	
S00111.tib_ant-soleus.KS        	-0.00346517	-0.0033022894	0.046312127	
S11000.tib_ant-soleus.KS        	-0.0034666	-0.0033242749	0.0443448	
S00111.gastroc.KL               	0.07523758	0.077336541	0.0057754985	
S00111.gastroc.L0               	0.85096769	0.85136359	0.0028553027	
S00111.gastroc.KF               	1.4088356	1.4093328	0.00036318889	
S00111.gastroc.KS               	0.16589173	0.16355073	0.0028729685	
S00111.soleus.KL                	3.9841055	3.9869872	0.006333126	
S00111.soleus.L0                	0.97030182	0.97063238	0.0015667771	
S00111.soleus.KF                	0.22574017	0.22594747	0.0005183558	
S00111.soleus.KS                	0.16520068	0.15703761	0.0041761365	
S11000.gastroc.KL               	0.00925153	0.0087229469	0.0045026522	
S11000.gastroc.L0               	0.50904435	0.51189704	0.0029431068	
S11000.gastroc.KF               	-1.7648008	-1.7704982	0.0069628356	
S11000.gastroc.KS               	0.26298928	0.26594114	0.0060293706	
S11000.soleus.KL                	0.77873184	0.79372085	0.011773852	
S11000.soleus.L0                	0.90952921	0.9062355	0.0026946962	
S11000.soleus.KF                	-0.92721839	-0.91375886	0.011229186	
S11000.soleus.KS                	0.11302564	0.10795567	0.0085296735	
S00011.vasti.KF                 	0.82973482	0.8289126	0.0015110939	
S00011.vasti.C0                 	0.08219867	0.08228319	0.00033009927	
S00011.vasti-knee_angle.pos_max 	-0.3057225	-0.30508117	0.0005427716	
S00011.hamstrings-pelvis_tilt.KP	0.69993425	0.7067459	0.0060045965	
S00011.hamstrings-pelvis_tilt.KV	0.5697324	0.56991106	0.00031663842	
S00011.hamstrings-pelvis_tilt.C0	0.025247164	0.025522465	0.00061274225	
S00011.glut_max-pelvis_tilt.KP  	1.5370416	1.5420285	0.0051729121	
S00011.glut_max-pelvis_tilt.KV  	0.31375732	0.31358108	0.00031436334	
S00011.glut_max-pelvis_tilt.C0  	0.16178352	0.1615133	0.00054006987	
S00011.iliopsoas-pelvis_tilt.KP 	-3.4538375	-3.4394033	0.0086356827	
S00011.iliopsoas-pelvis_tilt.KV 	-0.54052741	-0.54016179	0.00038722324	
S00011.iliopsoas-pelvis_tilt.C0 	0.33298114	0.3330927	0.00084917456	
S00100.iliopsoas.C0             	0.34045158	0.34012186	0.00045863791	
S00100.glut_max.C0              	-0.024222556	-0.024338985	0.00033465064	
S11000.iliopsoas.KL             	0.56320017	0.56361984	0.00038618224	
S11000.iliopsoas.L0             	0.3919111	0.3917639	0.00043051312	
S11000.iliopsoas-pelvis_tilt.P0 	-0.043521178	-0.043590372	0.00034004065	
S11000.iliopsoas-pelvis_tilt.KP 	0.010943337	0.011397306	0.0018221374	
S11000.iliopsoas-pelvis_tilt.KV 	0.14421144	0.14328199	0.00041095168	
S11000.iliopsoas-hamstrings.KL  	-8.3379121	-8.3282249	0.014234928	
S11000.iliopsoas-hamstrings.L0  	1.1682519	1.1683143	0.0003289547	
S11000.hamstrings.KF            	0.57330141	0.57328264	0.00031320318	
S11000.glut_max.KF              	0.61955435	0.61982619	0.00035817906	
