pelvis_tilt.offset              	0.02216555	0.022238811	0.00012542196	
hip_flexion_r.offset            	0.07261712	0.072814049	0.0001248874	
knee_angle_r.offset             	-0.0022271703	-0.002148635	0.00013565407	
ankle_angle_r.offset            	-0.055456862	-0.055230182	0.00017543153	
hip_flexion_l.offset            	-0.00060928579	-0.00035114624	0.0002542012	
knee_angle_l.offset             	0.059198967	0.059119654	0.0001928126	
ankle_angle_l.offset            	0.18708061	0.18703091	0.00018313965	
stance_load_threshold           	0.14992003	0.15001602	0.00020325104	
S00111.tib_ant.KL               	1.2752929	1.2644272	0.0033288848	
S00111.tib_ant.L0               	0.76515278	0.765037	0.0003623832	
S00111.tib_ant.KS               	0.00015652	0.00016226909	0.00010684543	
S11000.tib_ant.KL               	1.1688143	1.1681794	0.0018834892	
S11000.tib_ant.L0               	0.73431916	0.73416644	0.00027863162	
S11000.tib_ant.KS               	0.036322424	0.036239066	0.00016672406	
S11111.tib_ant-soleus.KF        	-0.1060989	-0.10613214	0.00029932746	
S00111.soleus-tib_ant.KS        	-0.83893255	-0.83737052	0.0037212531	
S00111.gastroc-tib_ant.KS       	-0.32938121	-0.32408234	0.0028019823	
S00111.tib_ant-gastroc.KS       	-0.00357534	-0.0037470275	0.021135338	
S11000.tib_ant-gastroc.KS       	-0.00331551	-0.0034642375	0.020657706	
S00111.tib_ant-soleus.KS        	-0.00346517	-0.0032298161	0.021696487	
S11000.tib_ant-soleus.KS        	-0.0034666	-0.0033180214	0.020774833	
S00111.gastroc.KL               	0.077986125	0.079918645	0.002827506	
S00111.gastroc.L0               	0.84828469	0.851958	0.0014767782	
S00111.gastroc.KF               	1.4090539	1.4091008	0.00018653107	
S00111.gastroc.KS               	0.16229421	0.16194561	0.0014187206	
S00111.soleus.KL                	3.9991732	4.0016337	0.0032428903	
S00111.soleus.L0                	0.97099637	0.97049821	0.00079012188	
S00111.soleus.KF                	0.22648914	0.22620441	0.00026497217	
S00111.soleus.KS                	0.15233453	0.15364673	0.0021129559	
S11000.gastroc.KL               	0.00837043	0.0086111633	0.0021134016	
S11000.gastroc.L0               	0.50943065	0.51021653	0.0015386305	
S11000.gastroc.KF               	-1.7668782	-1.7628672	0.0036453872	
S11000.gastroc.KS               	0.26353924	0.2688137	0.0030970568	
S11000.soleus.KL                	0.79435012	0.79083352	0.0060657989	
S11000.soleus.L0                	0.89909542	0.90015296	0.0013977655	
S11000.soleus.KF                	-0.9235738	-0.91380537	0.0057318174	
S11000.soleus.KS                	0.10452923	0.10926021	0.0041564321	
S00011.vasti.KF                 	0.82649166	0.82674848	0.00077459699	
S00011.vasti.C0                 	0.083030557	0.083065678	0.00016811534	
S00011.vasti-knee_angle.pos_max 	-0.30576323	-0.30581148	0.00028271931	
S00011.hamstrings-pelvis_tilt.KP	0.68846492	0.68728453	0.0031302262	
S00011.hamstrings-pelvis_tilt.KV	0.56930976	0.56945647	0.00016155141	
S00011.hamstrings-pelvis_tilt.C0	0.025792694	0.025879325	0.00031131436	
S00011.glut_max-pelvis_tilt.KP  	1.546318	1.5473983	0.0026580085	
S00011.glut_max-pelvis_tilt.KV  	0.31384164	0.31385694	0.0001634499	
S00011.glut_max-pelvis_tilt.C0  	0.16230411	0.16205336	0.00027914455	
S00011.iliopsoas-pelvis_tilt.KP 	-3.4410677	-3.4454133	0.0045092218	
S00011.iliopsoas-pelvis_tilt.KV 	-0.5395581	-0.53975193	0.00020003616	
S00011.iliopsoas-pelvis_tilt.C0 	0.33258394	0.3321445	0.00043244607	
S00100.iliopsoas.C0             	0.34027209	0.34032087	0.00023320815	
S00100.glut_max.C0              	-0.024726949	-0.024454828	0.000171574	
S11000.iliopsoas.KL             	0.56350687	0.56329456	0.00019781065	
S11000.iliopsoas.L0             	0.3912539	0.39111765	0.00022132716	
S11000.iliopsoas-pelvis_tilt.P0 	-0.043356812	-0.043544062	0.00017447598	
S11000.iliopsoas-pelvis_tilt.KP 	0.01082572	0.011194031	0.00086609021	
S11000.iliopsoas-pelvis_tilt.KV 	0.14302493	0.14342033	0.00020976369	
S11000.iliopsoas-hamstrings.KL  	-8.3110551	-8.3110459	0.0073339005	
S11000.iliopsoas-hamstrings.L0  	1.1691087	1.1691089	0.00017770016	
S11000.hamstrings.KF            	0.57288606	0.57298924	0.00016088466	
S11000.glut_max.KF              	0.62026455	0.62037177	0.00018330108	
