pelvis_tilt.offset              	0.023941564	0.023999392	0.00090952041	
hip_flexion_r.offset            	0.069624391	0.069950189	0.00085180332	
knee_angle_r.offset             	0.0027644566	0.0021494808	0.00093906253	
ankle_angle_r.offset            	-0.058066275	-0.057560309	0.0012240829	
hip_flexion_l.offset            	-0.0017117974	-0.0017850456	0.0017369664	
knee_angle_l.offset             	0.061050956	0.061128326	0.0013408597	
ankle_angle_l.offset            	0.18787464	0.18753782	0.0012762044	
stance_load_threshold           	0.15287486	0.15362733	0.0014087753	
S00111.tib_ant.KL               	1.1883366	1.2122792	0.022929728	
S00111.tib_ant.L0               	0.76547812	0.76740692	0.00248461	
S00111.tib_ant.KS               	0.00015652	0.00016391617	0.0009722118	
S11000.tib_ant.KL               	1.1745849	1.1929844	0.01321346	
S11000.tib_ant.L0               	0.7381868	0.73766307	0.0019277492	
S11000.tib_ant.KS               	0.034178669	0.035450642	0.0012160028	
S11111.tib_ant-soleus.KF        	-0.11460436	-0.11337373	0.0020849056	
S00111.soleus-tib_ant.KS        	-0.86049289	-0.84887123	0.026366547	
S11000.soleus-tib_ant.KS        	-3.1998351	-3.225994	0.030803181	
S00111.gastroc-tib_ant.KS       	-0.32171493	-0.32776774	0.022583741	
S11000.gastroc-tib_ant.KS       	-1.6989203	-1.646543	0.025762334	
S00111.tib_ant-gastroc.KS       	-0.00357534	-0.0038092803	0.19238254	
S11000.tib_ant-gastroc.KS       	-0.00366451	-0.0034533727	0.18803505	
S00111.tib_ant-soleus.KS        	-0.00313515	-0.0032992132	0.19749062	
S11000.tib_ant-soleus.KS        	-0.0034666	-0.0032628741	0.18910125	
S00111.gastroc.L0               	0.79699334	0.81332884	0.010143203	
S00111.gastroc.KS               	0.17739288	0.17323823	0.011168251	
S00111.soleus.L0                	0.96638891	0.95583603	0.0059059244	
S00111.soleus.KS                	0.16520068	0.15453886	0.01632049	
S11000.gastroc.KL               	0.00837043	0.0088372877	0.019188376	
S11000.gastroc.L0               	0.50332352	0.50518082	0.01065845	
S11000.gastroc.KF               	-1.773327	-1.7878846	0.025360195	
S11000.gastroc.KS               	0.25231886	0.25788387	0.022857674	
S11000.soleus.KL                	0.78160249	0.79978349	0.044178236	
S11000.soleus.L0                	0.89756283	0.87606742	0.0099741133	
S11000.soleus.KF                	-0.88077533	-0.90081702	0.041092542	
S11000.soleus.KS                	0.1022613	0.10784189	0.035646202	
S00011.vasti.KF                 	0.7955925	0.80348658	0.0055421939	
S00011.vasti.C0                 	0.081814128	0.082399169	0.0012378932	
S00011.vasti-knee_angle.pos_max 	-0.301418	-0.3047727	0.0019171109	
S00011.hamstrings-pelvis_tilt.KP	0.73013445	0.69827731	0.021889816	
S00011.hamstrings-pelvis_tilt.KV	0.56452102	0.56498698	0.0011152428	
S00011.hamstrings-pelvis_tilt.C0	0.025733124	0.026621596	0.0023720715	
S00011.glut_max-pelvis_tilt.KP  	1.5211689	1.4961351	0.018005961	
S00011.glut_max-pelvis_tilt.KV  	0.31225032	0.313787	0.001129537	
S00011.glut_max-pelvis_tilt.C0  	0.15371634	0.15778956	0.0019108272	
S00011.iliopsoas-pelvis_tilt.KP 	-3.5823654	-3.5562617	0.030319685	
S00011.iliopsoas-pelvis_tilt.KV 	-0.54240652	-0.54199375	0.0013780255	
S00011.iliopsoas-pelvis_tilt.C0 	0.33622723	0.33380026	0.0029800157	
S00100.iliopsoas.C0             	0.33725737	0.33784861	0.001656566	
S00100.glut_max.C0              	-0.025828212	-0.025358514	0.0012382855	
S11000.iliopsoas.KL             	0.5583417	0.56037082	0.0013986417	
S11000.iliopsoas.L0             	0.39382655	0.39476776	0.0015576465	
S11000.iliopsoas-pelvis_tilt.P0 	-0.04261019	-0.044251905	0.0012446609	
S11000.iliopsoas-pelvis_tilt.KP 	0.01196527	0.011137774	0.0077251426	
S11000.iliopsoas-pelvis_tilt.KV 	0.14123115	0.14120167	0.0014538115	
S11000.iliopsoas-hamstrings.KL  	-8.2708679	-8.3141785	0.051445359	
S11000.iliopsoas-hamstrings.L0  	1.1623774	1.1641691	0.0011632487	
S11000.hamstrings.KF            	0.57707228	0.57612195	0.0011206566	
S11000.glut_max.KF              	0.61791279	0.61712838	0.0012710295	
