pelvis_tilt.offset              	0.02484909	0.025906566	0.0007062032	
hip_flexion_r.offset            	0.07119429	0.069676447	0.00065476357	
knee_angle_r.offset             	0.0013777825	0.0017368885	0.00072583066	
ankle_angle_r.offset            	-0.056427901	-0.056539733	0.00093252399	
hip_flexion_l.offset            	-0.0011013639	-0.0021427469	0.0013348525	
knee_angle_l.offset             	0.062142713	0.061584576	0.0010304491	
ankle_angle_l.offset            	0.18746795	0.18648462	0.00097363355	
stance_load_threshold           	0.15387235	0.15382543	0.0010755848	
S00111.tib_ant.KL               	1.2132435	1.2016693	0.017416594	
S00111.tib_ant.L0               	0.76333435	0.76242846	0.0018962906	
S00111.tib_ant.KS               	0.000173	0.00016367912	0.0007146402	
S11000.tib_ant.KL               	1.1983061	1.1951564	0.010119318	
S11000.tib_ant.L0               	0.73674922	0.73803967	0.0014748409	
S11000.tib_ant.KS               	0.036696207	0.035543191	0.00092242509	
S11111.tib_ant-soleus.KF        	-0.11246374	-0.11300768	0.0015860406	
S00111.soleus-tib_ant.KS        	-0.84730364	-0.85279568	0.020062239	
S11000.soleus-tib_ant.KS        	-3.2753686	-3.2884132	0.023767856	
S00111.gastroc-tib_ant.KS       	-0.32171493	-0.3276753	0.016714254	
S11000.gastroc-tib_ant.KS       	-1.6765801	-1.6623419	0.019745191	
S00111.tib_ant-gastroc.KS       	-0.00395169	-0.0037553586	0.14141337	
S11000.tib_ant-gastroc.KS       	-0.00331551	-0.0034867179	0.13821769	
S00111.tib_ant-soleus.KS        	-0.00313515	-0.0032513413	0.14516813	
S11000.tib_ant-soleus.KS        	-0.0034666	-0.0033058652	0.13900142	
S00111.gastroc.L0               	0.81859157	0.81808697	0.0077702629	
S00111.gastroc.KS               	0.17739288	0.17502009	0.0082801716	
S00111.soleus.L0                	0.94088722	0.94762491	0.0045551611	
S00111.soleus.KS                	0.16520068	0.15731455	0.01210688	
S11000.gastroc.KL               	0.00837043	0.0088419603	0.014105113	
S11000.gastroc.L0               	0.51148982	0.51294129	0.0080917858	
S11000.gastroc.KF               	-1.7583361	-1.7698606	0.01952325	
S11000.gastroc.KS               	0.27887874	0.26455961	0.016997252	
S11000.soleus.KL                	0.76644532	0.78401086	0.033126021	
S11000.soleus.L0                	0.89662015	0.90111138	0.0076805685	
S11000.soleus.KF                	-0.90775382	-0.918104	0.031004562	
S11000.soleus.KS                	0.1022613	0.10855917	0.026232684	
S00011.vasti.KF                 	0.81049927	0.80205967	0.0042418415	
S00011.vasti.C0                 	0.07992329	0.081630731	0.00093401267	
S00011.vasti-knee_angle.pos_max 	-0.3048646	-0.30446279	0.0014684368	
S00011.hamstrings-pelvis_tilt.KP	0.69804686	0.70019519	0.016624683	
S00011.hamstrings-pelvis_tilt.KV	0.56588211	0.56487194	0.00085554152	
S00011.hamstrings-pelvis_tilt.C0	0.025708339	0.026152888	0.0017640498	
S00011.glut_max-pelvis_tilt.KP  	1.5269429	1.5146804	0.013796093	
S00011.glut_max-pelvis_tilt.KV  	0.31515151	0.31541515	0.0008662271	
S00011.glut_max-pelvis_tilt.C0  	0.16161868	0.16156803	0.0014779209	
S00011.iliopsoas-pelvis_tilt.KP 	-3.6015927	-3.5984337	0.023356929	
S00011.iliopsoas-pelvis_tilt.KV 	-0.54512148	-0.54423702	0.0010506476	
S00011.iliopsoas-pelvis_tilt.C0 	0.33290379	0.33437868	0.0022605496	
S00100.iliopsoas.C0             	0.33747027	0.33604391	0.0012700878	
S00100.glut_max.C0              	-0.02588599	-0.02494667	0.00093105763	
S11000.iliopsoas.KL             	0.56053438	0.55974204	0.001068712	
S11000.iliopsoas.L0             	0.39529478	0.39405188	0.0011943702	
S11000.iliopsoas-pelvis_tilt.P0 	-0.044415139	-0.044842899	0.00094676397	
S11000.iliopsoas-pelvis_tilt.KP 	0.01196527	0.011411376	0.0056803187	
S11000.iliopsoas-pelvis_tilt.KV 	0.14051122	0.14167419	0.0011183132	
S11000.iliopsoas-hamstrings.KL  	-8.2587239	-8.2118946	0.039581684	
S11000.iliopsoas-hamstrings.L0  	1.1644428	1.1638039	0.00088812925	
S11000.hamstrings.KF            	0.57629526	0.5758216	0.00085701822	
S11000.glut_max.KF              	0.61623431	0.6175813	0.00096747763	
