pelvis_tilt.offset              	0.025817146	0.025741478	8.6678739e-05	
hip_flexion_r.offset            	0.07065901	0.070671309	7.861899e-05	
knee_angle_r.offset             	0.0028398172	0.0028969084	8.8801359e-05	
ankle_angle_r.offset            	-0.053854003	-0.053848824	0.00011627175	
hip_flexion_l.offset            	0.00014608203	0.00032049949	0.00016238726	
knee_angle_l.offset             	0.062067719	0.062164804	0.00012506878	
ankle_angle_l.offset            	0.18615763	0.18617175	0.00011925955	
stance_load_threshold           	0.15078212	0.15079558	0.00013320119	
S00111.tib_ant.KL               	1.2466428	1.2439853	0.002113708	
S00111.tib_ant.L0               	0.7681898	0.76827857	0.00023504159	
S00111.tib_ant.KS               	0.0001707004	0.00016345696	6.3846839e-05	
S11000.tib_ant.KL               	1.1968058	1.1954059	0.0012228362	
S11000.tib_ant.L0               	0.74096724	0.74106776	0.0001798819	
S11000.tib_ant.KS               	0.035350543	0.035357389	0.00011032151	
S11111.tib_ant-soleus.KF        	-0.11338222	-0.11332577	0.00018847968	
S00111.soleus-tib_ant.KS        	-0.88711627	-0.88903968	0.0023256229	
S11000.soleus-tib_ant.KS        	-3.2622437	-3.2603141	0.0028592358	
S00111.gastroc-tib_ant.KS       	-0.32690476	-0.32870928	0.0017066766	
S11000.gastroc-tib_ant.KS       	-1.6723164	-1.6730829	0.0023713931	
S00111.tib_ant-gastroc.KS       	-0.00357534	-0.003676677	0.012620357	
S11000.tib_ant-gastroc.KS       	-0.00366451	-0.0035440257	0.012335155	
S00111.tib_ant-soleus.KS        	-0.00346517	-0.003275803	0.012955387	
S11000.tib_ant-soleus.KS        	-0.0034666	-0.0032678482	0.012405058	
S00111.gastroc.L0               	0.84684868	0.84686199	0.00097414674	
S00111.gastroc.KS               	0.17564389	0.17618562	0.00083212632	
S00111.soleus.L0                	0.9428936	0.94284763	0.00055916191	
S00111.soleus.KS                	0.15375876	0.15619314	0.001351498	
S11000.gastroc.KL               	0.00925153	0.0090984218	0.0012684854	
S11000.gastroc.L0               	0.52465895	0.52482804	0.00097468983	
S11000.gastroc.KF               	-1.8150583	-1.8127386	0.0023457938	
S11000.gastroc.KS               	0.26879714	0.2697664	0.0019296713	
S11000.soleus.KL                	0.78435294	0.78495355	0.0039697432	
S11000.soleus.L0                	0.888088	0.88789399	0.00094588881	
S11000.soleus.KF                	-0.90520187	-0.90701323	0.0036466563	
S11000.soleus.KS                	0.10686987	0.10712183	0.002626885	
S00011.vasti.KF                 	0.80119307	0.80111023	0.00051197395	
S00011.vasti.C0                 	0.080472835	0.080380065	0.00010757206	
S00011.vasti-knee_angle.pos_max 	-0.30499708	-0.30470371	0.00018197513	
S00011.hamstrings-pelvis_tilt.KP	0.6981611	0.69437481	0.0020292958	
S00011.hamstrings-pelvis_tilt.KV	0.56567384	0.56570513	0.00010424192	
S00011.hamstrings-pelvis_tilt.C0	0.026930721	0.027207675	0.00019892309	
S00011.glut_max-pelvis_tilt.KP  	1.5252299	1.5233771	0.0016839998	
S00011.glut_max-pelvis_tilt.KV  	0.31470456	0.31477233	0.00010577672	
S00011.glut_max-pelvis_tilt.C0  	0.1613772	0.16123005	0.00018110435	
S00011.iliopsoas-pelvis_tilt.KP 	-3.599447	-3.5974339	0.0028118985	
S00011.iliopsoas-pelvis_tilt.KV 	-0.54470154	-0.54468662	0.00012412791	
S00011.iliopsoas-pelvis_tilt.C0 	0.33428679	0.33468371	0.00026833885	
S00100.iliopsoas.C0             	0.33840354	0.33811576	0.00015344858	
S00100.glut_max.C0              	-0.025526102	-0.025551898	0.00010943734	
S11000.iliopsoas.KL             	0.56240134	0.56233239	0.00013277489	
S11000.iliopsoas.L0             	0.3963204	0.39625902	0.00014511151	
S11000.iliopsoas-pelvis_tilt.P0 	-0.045195981	-0.045300993	0.0001114178	
S11000.iliopsoas-pelvis_tilt.KP 	0.01169212	0.011320766	0.00053259724	
S11000.iliopsoas-pelvis_tilt.KV 	0.13990145	0.13999021	0.00013549716	
S11000.iliopsoas-hamstrings.KL  	-8.2499092	-8.2424898	0.0047801403	
S11000.iliopsoas-hamstrings.L0  	1.1628174	1.1629676	0.00010700545	
S11000.hamstrings.KF            	0.57634105	0.57630319	0.00010472965	
S11000.glut_max.KF              	0.61842128	0.61842344	0.00011702102	
