pelvis_tilt.offset              	0.024196628	0.024183463	2.2865292e-05	
hip_flexion_r.offset            	0.066727777	0.066753001	2.1501245e-05	
knee_angle_r.offset             	-0.0028122025	-0.0028062003	2.4699178e-05	
ankle_angle_r.offset            	-0.053848561	-0.053847899	3.2580061e-05	
hip_flexion_l.offset            	-0.0047417016	-0.0046845975	4.4767231e-05	
knee_angle_l.offset             	0.056178345	0.056175418	3.4280514e-05	
ankle_angle_l.offset            	0.19048862	0.19050707	3.1310921e-05	
stance_load_threshold           	0.15404322	0.15405548	3.6078567e-05	
S00111.tib_ant.KL               	1.2890049	1.2889709	0.00057450925	
S00111.tib_ant.L0               	0.75533384	0.75521422	6.0375282e-05	
S00111.tib_ant.KS               	0.00015652	0.00016209075	1.2934467e-05	
S11000.tib_ant.KL               	1.2181815	1.2180934	0.00033633844	
S11000.tib_ant.L0               	0.73410195	0.73418427	4.9850854e-05	
S11000.tib_ant.KS               	0.034961022	0.034968841	2.989818e-05	
S11111.tib_ant-soleus.KF        	-0.11026641	-0.11021827	5.3073156e-05	
S00111.soleus-tib_ant.KS        	-0.86503493	-0.86515899	0.00068126632	
S11000.soleus-tib_ant.KS        	-3.3932182	-3.3933424	0.00078042113	
S00111.gastroc-tib_ant.KS       	-0.32994388	-0.3295086	0.00053133071	
S11000.gastroc-tib_ant.KS       	-1.7231067	-1.724255	0.00065572784	
S00111.tib_ant-gastroc.KS       	-0.00395169	-0.003745399	0.0024916655	
S11000.tib_ant-gastroc.KS       	-0.00366451	-0.0035192457	0.0024352186	
S00111.tib_ant-soleus.KS        	-0.00313515	-0.0031891963	0.0025574844	
S11000.tib_ant-soleus.KS        	-0.003179363	-0.0032555053	0.0024489192	
S00111.gastroc.KL               	0.079879427	0.079886053	0.00048149309	
S00111.gastroc.L0               	0.85276738	0.85304211	0.00026864573	
S00111.gastroc.KF               	1.4102901	1.4103007	3.3074779e-05	
S00111.soleus.KL                	4.0009367	4.0015681	0.0005821855	
S00111.soleus.L0                	0.96496558	0.9648469	0.00014854454	
S00111.soleus.KF                	0.22501609	0.2250236	4.9410961e-05	
S11000.gastroc.KL               	0.0084791322	0.0087394554	0.00028084824	
S11000.gastroc.L0               	0.51777291	0.51789837	0.00028168163	
S11000.gastroc.KF               	-1.8920098	-1.8923267	0.00064811781	
S11000.soleus.KL                	0.79852919	0.79903547	0.0011222435	
S11000.soleus.L0                	0.88899838	0.88924899	0.00026193747	
S11000.soleus.KF                	-0.87640806	-0.87570687	0.0010305599	
S00011.vasti.KF                 	0.84408544	0.84390111	0.00014313944	
S00011.vasti.C0                 	0.080483262	0.080437799	2.8003779e-05	
S00011.vasti-knee_angle.pos_max 	-0.30607579	-0.3060744	4.911375e-05	
S00011.hamstrings-pelvis_tilt.KP	0.70811023	0.70882521	0.00054000404	
S00011.hamstrings-pelvis_tilt.KV	0.56712673	0.56713802	2.8326776e-05	
S00011.hamstrings-pelvis_tilt.C0	0.025819215	0.025813984	5.6635864e-05	
S00011.glut_max-pelvis_tilt.KP  	1.4417773	1.442038	0.00044779871	
S00011.glut_max-pelvis_tilt.KV  	0.31606869	0.31608315	2.9541295e-05	
S00011.glut_max-pelvis_tilt.C0  	0.16739968	0.16742633	4.4437645e-05	
S00011.iliopsoas-pelvis_tilt.KP 	-3.3388721	-3.3386302	0.00082060192	
S00011.iliopsoas-pelvis_tilt.KV 	-0.54031407	-0.5402897	3.6288588e-05	
S00011.iliopsoas-pelvis_tilt.C0 	0.32837085	0.32839565	7.561079e-05	
S00100.iliopsoas.C0             	0.33924709	0.33923037	4.318232e-05	
S00100.glut_max.C0              	-0.025419695	-0.025417785	3.1266995e-05	
S11000.iliopsoas.KL             	0.55931647	0.55927074	3.7775359e-05	
S11000.iliopsoas.L0             	0.39368145	0.39369021	3.8311638e-05	
S11000.iliopsoas-pelvis_tilt.P0 	-0.044740383	-0.044725467	3.0772858e-05	
S11000.iliopsoas-pelvis_tilt.KP 	0.01196527	0.011790045	0.00013873021	
S11000.iliopsoas-pelvis_tilt.KV 	0.1433224	0.14330907	3.5202628e-05	
S11000.iliopsoas-hamstrings.KL  	-8.2525169	-8.2538043	0.0014069392	
S11000.iliopsoas-hamstrings.L0  	1.1710044	1.1710201	2.8374231e-05	
S11000.hamstrings.KF            	0.58200172	0.58201202	3.0091083e-05	
S11000.glut_max.KF              	0.6191124	0.61909113	3.1835247e-05	
