pelvis_tilt.offset              	0.020953646	0.021732124	0.0013983032	
hip_flexion_r.offset            	0.070863651	0.068452857	0.0013195081	
knee_angle_r.offset             	-0.00018178671	0.00091864124	0.0014422928	
ankle_angle_r.offset            	-0.056552123	-0.057365654	0.0018886347	
hip_flexion_l.offset            	-0.0052600448	-0.0056314008	0.0026719897	
knee_angle_l.offset             	0.05747779	0.057164342	0.002060304	
ankle_angle_l.offset            	0.18791762	0.18716328	0.0019715264	
stance_load_threshold           	0.15156926	0.15228254	0.0021706496	
S00111.tib_ant.KL               	1.3085072	1.2415528	0.035977519	
S00111.tib_ant.L0               	0.76545397	0.76431155	0.0038590196	
S00111.tib_ant.KS               	0.000173	0.00016531535	0.0015654814	
S11000.tib_ant.KL               	1.2134341	1.2052493	0.020485883	
S11000.tib_ant.L0               	0.74023839	0.7381959	0.0029845613	
S11000.tib_ant.KS               	0.037041545	0.036083376	0.0019114309	
S11111.tib_ant-soleus.KF        	-0.10804279	-0.11017571	0.0032498577	
S00111.soleus-tib_ant.KS        	-0.8128862	-0.85260022	0.041503561	
S11000.soleus-tib_ant.KS        	-3.3136727	-3.2811026	0.047700031	
S00111.gastroc-tib_ant.KS       	-0.34805112	-0.3420787	0.036196927	
S11000.gastroc-tib_ant.KS       	-1.6841196	-1.6857843	0.039817307	
S00111.tib_ant-gastroc.KS       	-0.00395169	-0.0036873529	0.30978007	
S11000.tib_ant-gastroc.KS       	-0.00331551	-0.0035187828	0.30277961	
S00111.tib_ant-soleus.KS        	-0.00313515	-0.0032853972	0.31800525	
S11000.tib_ant-soleus.KS        	-0.0034666	-0.0034067618	0.30449644	
S00111.gastroc.KL               	0.08315732	0.078059062	0.038717942	
S00111.gastroc.L0               	0.83965608	0.84137007	0.015821592	
S00111.gastroc.KF               	1.4096541	1.410595	0.0020145124	
S00111.soleus.KL                	4.0560744	4.0466744	0.035249395	
S00111.soleus.L0                	0.96412518	0.96743081	0.0090699921	
S00111.soleus.KF                	0.23020183	0.22906803	0.0029233912	
S11000.gastroc.KL               	0.00837043	0.008631645	0.030897257	
S11000.gastroc.L0               	0.53990766	0.52217933	0.016654163	
S11000.gastroc.KF               	-1.782197	-1.8390306	0.03921511	
S11000.soleus.KL                	0.76235452	0.78472213	0.070108278	
S11000.soleus.L0                	0.89900366	0.89127122	0.015306825	
S11000.soleus.KF                	-0.95885434	-0.90149227	0.065111595	
S00011.vasti.KF                 	0.81706204	0.8168349	0.0085638751	
S00011.vasti.C0                 	0.085234979	0.082893765	0.0019385847	
S00011.vasti-knee_angle.pos_max 	-0.30775127	-0.3052011	0.0029558241	
S00011.hamstrings-pelvis_tilt.KP	0.70401609	0.71210197	0.034139363	
S00011.hamstrings-pelvis_tilt.KV	0.56560835	0.56682115	0.0017222129	
S00011.hamstrings-pelvis_tilt.C0	0.026003587	0.026430526	0.0037973445	
S00011.glut_max-pelvis_tilt.KP  	1.47102	1.4900281	0.027954618	
S00011.glut_max-pelvis_tilt.KV  	0.31249298	0.31419727	0.0017486091	
S00011.glut_max-pelvis_tilt.C0  	0.15732696	0.15834102	0.0029441718	
S00011.iliopsoas-pelvis_tilt.KP 	-3.5683748	-3.5033373	0.047153052	
S00011.iliopsoas-pelvis_tilt.KV 	-0.54162678	-0.54303783	0.0021472366	
S00011.iliopsoas-pelvis_tilt.C0 	0.32912847	0.33129994	0.0046283238	
S00100.iliopsoas.C0             	0.34328695	0.33822453	0.0025372013	
S00100.glut_max.C0              	-0.023442642	-0.024584034	0.001966366	
S11000.iliopsoas.KL             	0.56008694	0.56067671	0.0021740629	
S11000.iliopsoas.L0             	0.39449437	0.39057461	0.0024112322	
S11000.iliopsoas-pelvis_tilt.P0 	-0.042536199	-0.043071527	0.0019471579	
S11000.iliopsoas-pelvis_tilt.KP 	0.01196527	0.011358114	0.012437597	
S11000.iliopsoas-pelvis_tilt.KV 	0.14565583	0.14478764	0.0022338812	
S11000.iliopsoas-hamstrings.KL  	-8.2913943	-8.2704509	0.079351457	
S11000.iliopsoas-hamstrings.L0  	1.1665538	1.1660667	0.0018062497	
S11000.hamstrings.KF            	0.57345909	0.57482775	0.001737475	
S11000.glut_max.KF              	0.62511806	0.62060896	0.0019714889	
