pelvis_tilt.offset              	0.026653614	0.026724848	0.00041637562	
hip_flexion_r.offset            	0.07232492	0.071664292	0.00038682758	
knee_angle_r.offset             	0.00057784013	0.00041353612	0.00041829179	
ankle_angle_r.offset            	-0.058973719	-0.057182955	0.00055135608	
hip_flexion_l.offset            	-0.0052444444	-0.0045971251	0.000790227	
knee_angle_l.offset             	0.056657243	0.057426243	0.00060006789	
ankle_angle_l.offset            	0.18595993	0.18577084	0.00057760746	
stance_load_threshold           	0.15328438	0.1544718	0.00062971403	
S00111.tib_ant.KL               	1.2948867	1.2671453	0.010325047	
S00111.tib_ant.L0               	0.74806234	0.74651403	0.0011711657	
S00111.tib_ant.KS               	0.00015652	0.00016388932	0.00039657076	
S11000.tib_ant.KL               	1.176379	1.1719405	0.0059909376	
S11000.tib_ant.L0               	0.73198857	0.73075902	0.00089042305	
S11000.tib_ant.KS               	0.036511404	0.035980764	0.00053873345	
S11111.tib_ant-soleus.KF        	-0.10901555	-0.10797323	0.00094381597	
S00111.soleus-tib_ant.KS        	-0.83157879	-0.82260417	0.011502996	
S11000.soleus-tib_ant.KS        	-3.1740059	-3.1739146	0.013991572	
S00111.gastroc-tib_ant.KS       	-0.35034563	-0.33240719	0.0096073387	
S11000.gastroc-tib_ant.KS       	-1.7385886	-1.7341752	0.011651367	
S00111.tib_ant-gastroc.KS       	-0.00395169	-0.00378134	0.078472567	
S11000.tib_ant-gastroc.KS       	-0.00331551	-0.0035367551	0.07669923	
S00111.tib_ant-soleus.KS        	-0.00313515	-0.0032455533	0.080556139	
S11000.tib_ant-soleus.KS        	-0.0034666	-0.0033875734	0.077134131	
S00111.gastroc.L0               	0.84362419	0.83815971	0.0045799998	
S00111.gastroc.KF               	1.4100272	1.4095159	0.00058934646	
S00111.gastroc.KS               	0.17081555	0.16656253	0.0047757682	
S00111.soleus.L0                	0.95897214	0.95896451	0.002646702	
S00111.soleus.KF                	0.22000658	0.22052115	0.00085863388	
S00111.soleus.KS                	0.16520068	0.16120699	0.0068445286	
S11000.gastroc.KL               	0.00925153	0.0087476254	0.007827863	
S11000.gastroc.L0               	0.52361902	0.52193502	0.0048271641	
S11000.gastroc.KF               	-1.8589086	-1.860841	0.011276776	
S11000.gastroc.KS               	0.26552906	0.26578597	0.0096918892	
S11000.soleus.KL                	0.79697894	0.77980705	0.019024174	
S11000.soleus.L0                	0.91198807	0.91523915	0.004411337	
S11000.soleus.KF                	-0.90321934	-0.90322707	0.017795258	
S11000.soleus.KS                	0.1128978	0.10909415	0.014606757	
S00011.vasti.KF                 	0.81125447	0.81051212	0.0024281019	
S00011.vasti.C0                 	0.085233695	0.085191107	0.00053551316	
S00011.vasti-knee_angle.pos_max 	-0.30710448	-0.30680616	0.00085627058	
S00011.hamstrings-pelvis_tilt.KP	0.73782903	0.72281509	0.009405873	
S00011.hamstrings-pelvis_tilt.KV	0.56295042	0.56222379	0.00050731234	
S00011.hamstrings-pelvis_tilt.C0	0.027351743	0.026528754	0.0010003013	
S00011.glut_max-pelvis_tilt.KP  	1.4963902	1.5035453	0.0080341152	
S00011.glut_max-pelvis_tilt.KV  	0.3114817	0.31179798	0.00051023328	
S00011.glut_max-pelvis_tilt.C0  	0.16439397	0.16484826	0.00086575284	
S00011.iliopsoas-pelvis_tilt.KP 	-3.5569658	-3.5489385	0.013735754	
S00011.iliopsoas-pelvis_tilt.KV 	-0.54604481	-0.54633252	0.00062749762	
S00011.iliopsoas-pelvis_tilt.C0 	0.34030173	0.34063524	0.0013606123	
S00100.iliopsoas.C0             	0.33539007	0.3379637	0.00074654696	
S00100.glut_max.C0              	-0.025259812	-0.024553443	0.00053428827	
S11000.iliopsoas.KL             	0.56529258	0.56537116	0.00064515987	
S11000.iliopsoas.L0             	0.38747219	0.38632111	0.000716843	
S11000.iliopsoas-pelvis_tilt.P0 	-0.045411292	-0.045448486	0.00053958242	
S11000.iliopsoas-pelvis_tilt.KP 	0.01082572	0.011512133	0.0031551451	
S11000.iliopsoas-pelvis_tilt.KV 	0.142885	0.14299355	0.00065640381	
S11000.iliopsoas-hamstrings.KL  	-8.0160158	-8.0693793	0.023153765	
S11000.iliopsoas-hamstrings.L0  	1.1625437	1.1623937	0.0005236335	
S11000.hamstrings.KF            	0.57252471	0.57272182	0.00049818999	
S11000.glut_max.KF              	0.61983453	0.62128263	0.00057759034	
