pelvis_tilt.offset              	0.01952945	0.019914509	0.0012727028	
hip_flexion_r.offset            	0.068447453	0.068169273	0.0012091521	
knee_angle_r.offset             	-0.00052084557	-0.00069342316	0.0013209217	
ankle_angle_r.offset            	-0.056035763	-0.05595745	0.0017284007	
hip_flexion_l.offset            	-0.0083956003	-0.0046345176	0.0024425086	
knee_angle_l.offset             	0.05678531	0.055328079	0.0018830065	
ankle_angle_l.offset            	0.18832147	0.18918128	0.0018031589	
stance_load_threshold           	0.15456544	0.15053428	0.0019854138	
S00111.tib_ant.KL               	1.3119505	1.2798897	0.032949007	
S00111.tib_ant.L0               	0.75565749	0.7577451	0.0035313415	
S00111.tib_ant.KS               	0.00015652	0.00016380247	0.0014195497	
S11000.tib_ant.KL               	1.2050356	1.1890837	0.018729748	
S11000.tib_ant.L0               	0.73994286	0.74228759	0.0027270439	
S11000.tib_ant.KS               	0.036627769	0.0350011	0.0017417077	
S11111.tib_ant-soleus.KF        	-0.11140085	-0.10983553	0.0029622934	
S00111.soleus-tib_ant.KS        	-0.89402901	-0.87772254	0.037711373	
S11000.soleus-tib_ant.KS        	-3.2375953	-3.2846366	0.043565012	
S00111.gastroc-tib_ant.KS       	-0.34425538	-0.34212883	0.032873698	
S11000.gastroc-tib_ant.KS       	-1.700308	-1.7054115	0.036398081	
S00111.tib_ant-gastroc.KS       	-0.00357534	-0.0037439795	0.28090278	
S11000.tib_ant-gastroc.KS       	-0.00331551	-0.0035406025	0.27455491	
S00111.tib_ant-soleus.KS        	-0.00313515	-0.0033107905	0.28836122	
S11000.tib_ant-soleus.KS        	-0.0034666	-0.0032526554	0.27611169	
S00111.gastroc.KL               	0.07523758	0.078648414	0.035111892	
S00111.gastroc.L0               	0.85167234	0.84249063	0.014413541	
S00111.gastroc.KF               	1.4102128	1.4095634	0.0018372774	
S00111.soleus.KL                	3.9801162	4.032026	0.032136662	
S00111.soleus.L0                	0.96282516	0.9714494	0.0082982254	
S00111.soleus.KF                	0.22296521	0.22832978	0.0026667743	
S11000.gastroc.KL               	0.00837043	0.0089459319	0.028017112	
S11000.gastroc.L0               	0.51425629	0.51567238	0.015163205	
S11000.gastroc.KF               	-1.7731133	-1.807791	0.035693001	
S11000.soleus.KL                	0.76235452	0.80041318	0.063712309	
S11000.soleus.L0                	0.87397626	0.88973939	0.014046403	
S11000.soleus.KF                	-0.95885434	-0.89459261	0.05922055	
S00011.vasti.KF                 	0.81783538	0.82831682	0.007822273	
S00011.vasti.C0                 	0.084667843	0.085371166	0.0017685744	
S00011.vasti-knee_angle.pos_max 	-0.30421097	-0.30569922	0.0026993443	
S00011.hamstrings-pelvis_tilt.KP	0.68332022	0.71096269	0.031090644	
S00011.hamstrings-pelvis_tilt.KV	0.56772023	0.56595422	0.0015756302	
S00011.hamstrings-pelvis_tilt.C0	0.02514159	0.026858537	0.0034464219	
S00011.glut_max-pelvis_tilt.KP  	1.4860528	1.4983728	0.025593551	
S00011.glut_max-pelvis_tilt.KV  	0.31442438	0.31369094	0.0015988441	
S00011.glut_max-pelvis_tilt.C0  	0.16469555	0.16187821	0.0026856536	
S00011.iliopsoas-pelvis_tilt.KP 	-3.5303424	-3.5231572	0.043397347	
S00011.iliopsoas-pelvis_tilt.KV 	-0.54132949	-0.54400147	0.0019544727	
S00011.iliopsoas-pelvis_tilt.C0 	0.333209	0.3296341	0.0042409803	
S00100.iliopsoas.C0             	0.33904889	0.33596426	0.0023244414	
S00100.glut_max.C0              	-0.02588599	-0.024668285	0.0017859002	
S11000.iliopsoas.KL             	0.56432376	0.56080757	0.0019848845	
S11000.iliopsoas.L0             	0.39187622	0.39242327	0.0022154747	
S11000.iliopsoas-pelvis_tilt.P0 	-0.042329142	-0.044985037	0.00177438	
S11000.iliopsoas-pelvis_tilt.KP 	0.01082572	0.011310437	0.01127842	
S11000.iliopsoas-pelvis_tilt.KV 	0.14437571	0.14424545	0.00203645	
S11000.iliopsoas-hamstrings.KL  	-8.3584893	-8.3229966	0.07218197	
S11000.iliopsoas-hamstrings.L0  	1.1651656	1.164729	0.0016459149	
S11000.hamstrings.KF            	0.57739731	0.57669429	0.0015844355	
S11000.glut_max.KF              	0.62196751	0.6206608	0.0017998113	
