pelvis_tilt.offset              	0.020861189	0.019470768	0.0011355056	
hip_flexion_r.offset            	0.068351338	0.068973979	0.0010786205	
knee_angle_r.offset             	-0.0017505873	-0.00164559	0.0011818542	
ankle_angle_r.offset            	-0.051662042	-0.055318416	0.0015466376	
hip_flexion_l.offset            	-0.0076896647	-0.0060678113	0.0021847649	
knee_angle_l.offset             	0.055689089	0.055942853	0.001688362	
ankle_angle_l.offset            	0.18773982	0.18794541	0.0016095411	
stance_load_threshold           	0.1501819	0.15250901	0.0017818416	
S00111.tib_ant.KL               	1.3004394	1.2741803	0.029401326	
S00111.tib_ant.L0               	0.75393825	0.75420758	0.0031702866	
S00111.tib_ant.KS               	0.00015652	0.00016686071	0.0012558758	
S11000.tib_ant.KL               	1.2071994	1.2045079	0.016719887	
S11000.tib_ant.L0               	0.74241962	0.73916297	0.0024347973	
S11000.tib_ant.KS               	0.03371447	0.035925253	0.0015507138	
S11111.tib_ant-soleus.KF        	-0.11467463	-0.11077143	0.0026454586	
S00111.soleus-tib_ant.KS        	-0.85568219	-0.8629377	0.033511959	
S11000.soleus-tib_ant.KS        	-3.1928423	-3.261327	0.038823458	
S00111.gastroc-tib_ant.KS       	-0.34031901	-0.33661731	0.029146566	
S11000.gastroc-tib_ant.KS       	-1.7265061	-1.7287638	0.032518359	
S00111.tib_ant-gastroc.KS       	-0.00357534	-0.003729626	0.24851465	
S11000.tib_ant-gastroc.KS       	-0.00331551	-0.003471667	0.24289868	
S00111.tib_ant-soleus.KS        	-0.00313515	-0.0032708815	0.25511313	
S11000.tib_ant-soleus.KS        	-0.0034666	-0.003307415	0.24427597	
S00111.gastroc.KL               	0.08315732	0.080322989	0.031067728	
S00111.gastroc.L0               	0.86856224	0.84571929	0.012897131	
S00111.gastroc.KF               	1.4058748	1.4094661	0.00164522	
S00111.soleus.KL                	4.031394	4.0133586	0.028960177	
S00111.soleus.L0                	0.98066712	0.97202852	0.0074010598	
S00111.soleus.KF                	0.23196486	0.22771854	0.0023847626	
S11000.gastroc.KL               	0.00925153	0.0086643485	0.024786803	
S11000.gastroc.L0               	0.51868564	0.51247459	0.013503903	
S11000.gastroc.KF               	-1.8112257	-1.804985	0.031862204	
S11000.soleus.KL                	0.79549688	0.79550297	0.056544708	
S11000.soleus.L0                	0.91343286	0.88505393	0.012548816	
S11000.soleus.KF                	-0.86753488	-0.89931489	0.052646935	
S00011.vasti.KF                 	0.84279668	0.83240498	0.0069961305	
S00011.vasti.C0                 	0.083986161	0.08504655	0.0015780593	
S00011.vasti-knee_angle.pos_max 	-0.30938167	-0.30531555	0.0024168029	
S00011.hamstrings-pelvis_tilt.KP	0.70467363	0.70593753	0.02770714	
S00011.hamstrings-pelvis_tilt.KV	0.56541911	0.56557179	0.0014060668	
S00011.hamstrings-pelvis_tilt.C0	0.02514159	0.026215115	0.0030527906	
S00011.glut_max-pelvis_tilt.KP  	1.4987598	1.515451	0.022875958	
S00011.glut_max-pelvis_tilt.KV  	0.3145656	0.31513879	0.0014307956	
S00011.glut_max-pelvis_tilt.C0  	0.16492346	0.16281135	0.0023972193	
S00011.iliopsoas-pelvis_tilt.KP 	-3.5405612	-3.5239309	0.038808202	
S00011.iliopsoas-pelvis_tilt.KV 	-0.54053674	-0.54222948	0.0017463917	
S00011.iliopsoas-pelvis_tilt.C0 	0.32763282	0.33101731	0.0038023804	
S00100.iliopsoas.C0             	0.33520284	0.33687188	0.0020716645	
S00100.glut_max.C0              	-0.024543912	-0.024712006	0.0015854273	
S11000.iliopsoas.KL             	0.5630104	0.56068744	0.0017735674	
S11000.iliopsoas.L0             	0.39198077	0.39020429	0.0019774818	
S11000.iliopsoas-pelvis_tilt.P0 	-0.04641831	-0.045287796	0.0015827257	
S11000.iliopsoas-pelvis_tilt.KP 	0.01196527	0.011669652	0.0099783323	
S11000.iliopsoas-pelvis_tilt.KV 	0.1440886	0.14316956	0.0018247999	
S11000.iliopsoas-hamstrings.KL  	-8.2788629	-8.3139396	0.064396379	
S11000.iliopsoas-hamstrings.L0  	1.1657004	1.1635091	0.0014698308	
S11000.hamstrings.KF            	0.57675597	0.57737164	0.0014168825	
S11000.glut_max.KF              	0.61997591	0.62087853	0.0016083822	
