pelvis_tilt.offset              	0.019607911	0.019296911	0.0010902174	
hip_flexion_r.offset            	0.069204311	0.068966021	0.0010348631	
knee_angle_r.offset             	-0.0010579531	-0.0012294925	0.0011316762	
ankle_angle_r.offset            	-0.052457728	-0.054514181	0.0014857118	
hip_flexion_l.offset            	-0.0069849561	-0.0065580946	0.0020962586	
knee_angle_l.offset             	0.057556098	0.055888475	0.0016162536	
ankle_angle_l.offset            	0.18992331	0.1880099	0.0015423225	
stance_load_threshold           	0.15380295	0.15257908	0.0017095198	
S00111.tib_ant.KL               	1.2775967	1.279929	0.028165015	
S00111.tib_ant.L0               	0.75095879	0.75503289	0.0030393428	
S00111.tib_ant.KS               	0.00015652	0.00016325247	0.0012006567	
S11000.tib_ant.KL               	1.2059632	1.2041566	0.016013533	
S11000.tib_ant.L0               	0.73836426	0.74044249	0.0023383339	
S11000.tib_ant.KS               	0.03371447	0.035118654	0.0014857519	
S11111.tib_ant-soleus.KF        	-0.11010087	-0.11159086	0.0025334943	
S00111.soleus-tib_ant.KS        	-0.8593684	-0.85813205	0.032089146	
S11000.soleus-tib_ant.KS        	-3.248074	-3.261182	0.037260193	
S00111.gastroc-tib_ant.KS       	-0.35557966	-0.34394045	0.027880806	
S11000.gastroc-tib_ant.KS       	-1.7425234	-1.7239586	0.031162173	
S00111.tib_ant-gastroc.KS       	-0.00357534	-0.0036650663	0.23758777	
S11000.tib_ant-gastroc.KS       	-0.00331551	-0.0034304275	0.23221873	
S00111.tib_ant-soleus.KS        	-0.00346517	-0.0033438071	0.24389613	
S11000.tib_ant-soleus.KS        	-0.00313645	-0.0033224509	0.23353546	
S00111.gastroc.KL               	0.080102282	0.080283281	0.029702844	
S00111.gastroc.L0               	0.85723918	0.84706705	0.012386276	
S00111.gastroc.KF               	1.4094956	1.4087503	0.0015796138	
S00111.soleus.KL                	4.0405271	4.0181757	0.027725755	
S00111.soleus.L0                	0.97094238	0.97218881	0.0070889635	
S00111.soleus.KF                	0.23155661	0.2272672	0.0022887804	
S11000.gastroc.KL               	0.00837043	0.0088211061	0.02369698	
S11000.gastroc.L0               	0.51688051	0.51823588	0.012927702	
S11000.gastroc.KF               	-1.789587	-1.807826	0.030502058	
S11000.soleus.KL                	0.77106287	0.8111554	0.054096547	
S11000.soleus.L0                	0.88452388	0.88592262	0.012047489	
S11000.soleus.KF                	-0.95885434	-0.90237279	0.050397559	
S00011.vasti.KF                 	0.8224014	0.83454856	0.0067056229	
S00011.vasti.C0                 	0.084582898	0.084544184	0.0015105618	
S00011.vasti-knee_angle.pos_max 	-0.30797973	-0.30650661	0.0023192186	
S00011.hamstrings-pelvis_tilt.KP	0.71170976	0.70400087	0.026529622	
S00011.hamstrings-pelvis_tilt.KV	0.56681496	0.56549877	0.0013458966	
S00011.hamstrings-pelvis_tilt.C0	0.02778807	0.02597052	0.0029195214	
S00011.glut_max-pelvis_tilt.KP  	1.4963817	1.5137024	0.021912847	
S00011.glut_max-pelvis_tilt.KV  	0.31595068	0.31510249	0.0013708693	
S00011.glut_max-pelvis_tilt.C0  	0.16516565	0.16262656	0.0022968841	
S00011.iliopsoas-pelvis_tilt.KP 	-3.4555105	-3.5319837	0.037193071	
S00011.iliopsoas-pelvis_tilt.KV 	-0.54160854	-0.54210338	0.0016766284	
S00011.iliopsoas-pelvis_tilt.C0 	0.33336007	0.32955535	0.0036481108	
S00100.iliopsoas.C0             	0.33676974	0.33698465	0.0019862271	
S00100.glut_max.C0              	-0.024294182	-0.024517815	0.0015165705	
S11000.iliopsoas.KL             	0.56033747	0.56084882	0.0016991741	
S11000.iliopsoas.L0             	0.39200829	0.39098687	0.0018950396	
S11000.iliopsoas-pelvis_tilt.P0 	-0.042408268	-0.045348083	0.0015149921	
S11000.iliopsoas-pelvis_tilt.KP 	0.01196527	0.011493731	0.0095396838	
S11000.iliopsoas-pelvis_tilt.KV 	0.1413613	0.14287566	0.001750574	
S11000.iliopsoas-hamstrings.KL  	-8.2757507	-8.3122911	0.061909811	
S11000.iliopsoas-hamstrings.L0  	1.1645628	1.1636438	0.0014090996	
S11000.hamstrings.KF            	0.57564394	0.57759963	0.0013566736	
S11000.glut_max.KF              	0.62261153	0.62069497	0.001540953	
