pelvis_tilt.offset              	0.020608872	0.020622847	9.9662376e-05	
hip_flexion_r.offset            	0.068884395	0.068772712	9.6734739e-05	
knee_angle_r.offset             	-0.00016467488	-0.00021740645	0.00010218623	
ankle_angle_r.offset            	-0.057596797	-0.05763751	0.00013986462	
hip_flexion_l.offset            	-0.012910851	-0.013167136	0.00019680329	
knee_angle_l.offset             	0.058383445	0.05846378	0.00015030816	
ankle_angle_l.offset            	0.18976363	0.18976069	0.00013871554	
stance_load_threshold           	0.14574603	0.14579003	0.00015567908	
S00111.tib_ant.KL               	1.2332227	1.2330728	0.0025767807	
S00111.tib_ant.L0               	0.75154044	0.75135063	0.00028255934	
S00111.tib_ant.KS               	0.000173	0.00016297433	6.9448083e-05	
S11000.tib_ant.KL               	1.2258774	1.2258993	0.0014365995	
S11000.tib_ant.L0               	0.74870636	0.74907915	0.00022151254	
S11000.tib_ant.KS               	0.035064719	0.035145052	0.00013278296	
S11111.tib_ant-soleus.KF        	-0.11082225	-0.11076738	0.00022736384	
S00111.soleus-tib_ant.KS        	-0.85030998	-0.85051685	0.0027996621	
S11000.soleus-tib_ant.KS        	-3.1281097	-3.1292531	0.003612235	
S00111.gastroc-tib_ant.KS       	-0.32729974	-0.32498524	0.0023132516	
S11000.gastroc-tib_ant.KS       	-1.7190082	-1.7185938	0.0029106399	
S00111.tib_ant-gastroc.KS       	-0.00395169	-0.0038855101	0.013725831	
S11000.tib_ant-gastroc.KS       	-0.00331551	-0.0035135369	0.013415627	
S00111.tib_ant-soleus.KS        	-0.00346517	-0.0033119529	0.014090203	
S11000.tib_ant-soleus.KS        	-0.0034666	-0.0032426589	0.013491676	
S00111.gastroc.KL               	0.082817742	0.081093819	0.0019911682	
S00111.gastroc.L0               	0.82500598	0.82319863	0.0011349264	
S00111.gastroc.KF               	1.4072277	1.4069531	0.00014541044	
S00111.soleus.KL                	4.0012327	4.0005861	0.0026195056	
S00111.soleus.L0                	0.96462107	0.96486352	0.00062788647	
S00111.soleus.KF                	0.23467487	0.23433794	0.00021901639	
S11000.gastroc.KL               	0.00925153	0.0087645941	0.0013802898	
S11000.gastroc.L0               	0.53917005	0.54041776	0.0012501164	
S11000.gastroc.KF               	-1.8044629	-1.8079744	0.0027626909	
S11000.soleus.KL                	0.7922506	0.79675149	0.0045851156	
S11000.soleus.L0                	0.87447718	0.87330346	0.0011098685	
S11000.soleus.KF                	-0.92372775	-0.92117581	0.0043577011	
S00011.vasti.KF                 	0.85403523	0.85414769	0.00061587257	
S00011.vasti.C0                 	0.080066459	0.080126582	0.0001258486	
S00011.vasti-knee_angle.pos_max 	-0.31561339	-0.3156666	0.000221812	
S00011.hamstrings-pelvis_tilt.KP	0.71509013	0.71630634	0.0023436907	
S00011.hamstrings-pelvis_tilt.KV	0.56395558	0.56391284	0.00012258634	
S00011.hamstrings-pelvis_tilt.C0	0.025599141	0.025356974	0.00022732771	
S00011.glut_max-pelvis_tilt.KP  	1.5125501	1.5140116	0.0019677464	
S00011.glut_max-pelvis_tilt.KV  	0.31499346	0.31518596	0.00012597028	
S00011.glut_max-pelvis_tilt.C0  	0.16337452	0.16317926	0.00020824496	
S00011.iliopsoas-pelvis_tilt.KP 	-3.5329469	-3.5281284	0.0034107036	
S00011.iliopsoas-pelvis_tilt.KV 	-0.53911516	-0.53907714	0.00015690596	
S00011.iliopsoas-pelvis_tilt.C0 	0.34158935	0.34155704	0.00034070873	
S00100.iliopsoas.C0             	0.3365873	0.33649993	0.00018710007	
S00100.glut_max.C0              	-0.024557684	-0.02455261	0.0001337098	
S11000.iliopsoas.KL             	0.56364911	0.56365199	0.00015631338	
S11000.iliopsoas.L0             	0.3903235	0.39016847	0.00017106337	
S11000.iliopsoas-pelvis_tilt.P0 	-0.045218602	-0.04530542	0.0001363214	
S11000.iliopsoas-pelvis_tilt.KP 	0.010935571	0.011187498	0.00058229892	
S11000.iliopsoas-pelvis_tilt.KV 	0.13847648	0.13851393	0.00015432593	
S11000.iliopsoas-hamstrings.KL  	-8.215373	-8.2140082	0.0056429275	
S11000.iliopsoas-hamstrings.L0  	1.1701208	1.1698973	0.00013247559	
S11000.hamstrings.KF            	0.57805643	0.57812494	0.00012197442	
S11000.glut_max.KF              	0.62331352	0.62336285	0.0001370961	
