pelvis_tilt.offset              	0.023544997	0.02185523	0.0013522973	
hip_flexion_r.offset            	0.069250355	0.068914136	0.0012737348	
knee_angle_r.offset             	0.00057787181	0.00077207262	0.0013937959	
ankle_angle_r.offset            	-0.054968579	-0.057674492	0.0018247538	
hip_flexion_l.offset            	-0.0052547856	-0.0067279789	0.002588305	
knee_angle_l.offset             	0.058008746	0.056878436	0.0019894524	
ankle_angle_l.offset            	0.1856778	0.18710199	0.0019041814	
stance_load_threshold           	0.1547824	0.15212984	0.0020995319	
S00111.tib_ant.KL               	1.2425006	1.2496226	0.034746423	
S00111.tib_ant.L0               	0.7789769	0.76759427	0.0037428703	
S00111.tib_ant.KS               	0.000173	0.00016833846	0.0015095572	
S11000.tib_ant.KL               	1.2130487	1.1926312	0.019789708	
S11000.tib_ant.L0               	0.7344857	0.73901231	0.0028829102	
S11000.tib_ant.KS               	0.03371447	0.034815879	0.0018452769	
S11111.tib_ant-soleus.KF        	-0.11028066	-0.11121248	0.0031417091	
S00111.soleus-tib_ant.KS        	-0.89402901	-0.8380627	0.040061978	
S11000.soleus-tib_ant.KS        	-3.2450244	-3.2358751	0.046205241	
S00111.gastroc-tib_ant.KS       	-0.32171493	-0.34128591	0.03492451	
S11000.gastroc-tib_ant.KS       	-1.669987	-1.6777751	0.038527405	
S00111.tib_ant-gastroc.KS       	-0.00395169	-0.0038253812	0.29871368	
S11000.tib_ant-gastroc.KS       	-0.00331551	-0.0034665491	0.29196331	
S00111.tib_ant-soleus.KS        	-0.00346517	-0.0033211583	0.30664503	
S11000.tib_ant-soleus.KS        	-0.00313645	-0.0033109321	0.29361881	
S00111.gastroc.KL               	0.08315732	0.078361324	0.037335946	
S00111.gastroc.L0               	0.81826473	0.82771091	0.015296149	
S00111.gastroc.KF               	1.4105952	1.4098894	0.0019482168	
S00111.soleus.KL                	3.9802803	4.030248	0.034015565	
S00111.soleus.L0                	0.96019047	0.95943591	0.00882399	
S00111.soleus.KF                	0.23091404	0.22742263	0.0028232142	
S11000.gastroc.KL               	0.00925153	0.0085775375	0.029793515	
S11000.gastroc.L0               	0.51432551	0.51649818	0.016110306	
S11000.gastroc.KF               	-1.8278257	-1.8308541	0.037892478	
S11000.soleus.KL                	0.84260236	0.81476969	0.067670162	
S11000.soleus.L0                	0.86128674	0.89275805	0.014809292	
S11000.soleus.KF                	-0.91741452	-0.9107347	0.062829507	
S00011.vasti.KF                 	0.81781811	0.81371853	0.0082730463	
S00011.vasti.C0                 	0.084277578	0.083244209	0.0018753377	
S00011.vasti-knee_angle.pos_max 	-0.30574198	-0.30418912	0.0028639679	
S00011.hamstrings-pelvis_tilt.KP	0.73023405	0.70018447	0.032970516	
S00011.hamstrings-pelvis_tilt.KV	0.56727387	0.56712382	0.001664506	
S00011.hamstrings-pelvis_tilt.C0	0.026297653	0.026433295	0.003662607	
S00011.glut_max-pelvis_tilt.KP  	1.4702296	1.4918227	0.027013826	
S00011.glut_max-pelvis_tilt.KV  	0.31266959	0.31426911	0.0016925742	
S00011.glut_max-pelvis_tilt.C0  	0.16021335	0.15846698	0.0028490096	
S00011.iliopsoas-pelvis_tilt.KP 	-3.4588306	-3.5214774	0.045522302	
S00011.iliopsoas-pelvis_tilt.KV 	-0.54059202	-0.54251647	0.0020745634	
S00011.iliopsoas-pelvis_tilt.C0 	0.33576829	0.3293999	0.0044810958	
S00100.iliopsoas.C0             	0.33237252	0.33705319	0.0024569321	
S00100.glut_max.C0              	-0.02342065	-0.02445283	0.0018972098	
S11000.iliopsoas.KL             	0.55920605	0.55956166	0.0021063198	
S11000.iliopsoas.L0             	0.39168313	0.39113194	0.002328475	
S11000.iliopsoas-pelvis_tilt.P0 	-0.042775916	-0.042992212	0.0018789055	
S11000.iliopsoas-pelvis_tilt.KP 	0.01196527	0.011326945	0.011993349	
S11000.iliopsoas-pelvis_tilt.KV 	0.14687634	0.14399231	0.0021573707	
S11000.iliopsoas-hamstrings.KL  	-8.3018197	-8.3128918	0.076623814	
S11000.iliopsoas-hamstrings.L0  	1.1639494	1.1667613	0.0017494866	
S11000.hamstrings.KF            	0.57281836	0.57508341	0.0016760311	
S11000.glut_max.KF              	0.61853499	0.62156345	0.0019037397	
