pelvis_tilt.offset              	0.022738965	0.022285605	0.00086897879	
hip_flexion_r.offset            	0.067967543	0.068203103	0.00082048667	
knee_angle_r.offset             	0.0017460773	0.0029836241	0.00090344038	
ankle_angle_r.offset            	-0.061185828	-0.059343914	0.0011805436	
hip_flexion_l.offset            	-0.014544345	-0.013241304	0.0016864423	
knee_angle_l.offset             	0.055632524	0.054693128	0.0012823816	
ankle_angle_l.offset            	0.18451447	0.18378635	0.0012510394	
stance_load_threshold           	0.156434	0.15579282	0.0013517093	
S00111.tib_ant.KL               	1.2258972	1.2450607	0.02216814	
S00111.tib_ant.L0               	0.75066612	0.74682221	0.0024712785	
S00111.tib_ant.KS               	0.00015652	0.00016384603	0.00092512349	
S11000.tib_ant.KL               	1.1999405	1.1872678	0.012736844	
S11000.tib_ant.L0               	0.73638251	0.73521785	0.0018715106	
S11000.tib_ant.KS               	0.034864344	0.035849223	0.0011652326	
S11111.tib_ant-soleus.KF        	-0.10947555	-0.10864485	0.0020103268	
S00111.soleus-tib_ant.KS        	-0.89402901	-0.87688105	0.025022159	
S11000.soleus-tib_ant.KS        	-3.2344826	-3.2289212	0.029800459	
S00111.gastroc-tib_ant.KS       	-0.35557966	-0.34090739	0.021668198	
S11000.gastroc-tib_ant.KS       	-1.6122057	-1.6660696	0.024794162	
S00111.tib_ant-gastroc.KS       	-0.00395169	-0.0038220026	0.18306453	
S11000.tib_ant-gastroc.KS       	-0.00331551	-0.0033479061	0.17892761	
S00111.tib_ant-soleus.KS        	-0.00313515	-0.003343306	0.1879252	
S11000.tib_ant-soleus.KS        	-0.0034666	-0.0033750613	0.17994217	
S00111.gastroc.KL               	0.08315732	0.078834374	0.022902825	
S00111.gastroc.L0               	0.83851252	0.84961145	0.0098101975	
S00111.gastroc.KF               	1.4115	1.4114801	0.0012494216	
S00111.soleus.KL                	4.0217522	4.0122259	0.021827697	
S00111.soleus.L0                	0.96259221	0.96131286	0.0056166286	
S00111.soleus.KF                	0.22324618	0.2229869	0.0018380351	
S11000.gastroc.KL               	0.00837043	0.0085980136	0.018259053	
S11000.gastroc.L0               	0.53208471	0.52901319	0.010287465	
S11000.gastroc.KF               	-1.8018132	-1.8014743	0.024500443	
S11000.gastroc.KS               	0.25231886	0.26981154	0.021784164	
S11000.soleus.KL                	0.76235452	0.79397911	0.042075677	
S11000.soleus.L0                	0.91683682	0.9258917	0.0094938629	
S11000.soleus.KF                	-0.88361804	-0.91671002	0.039393622	
S11000.soleus.KS                	0.1022613	0.10924921	0.033927023	
S00011.vasti.KF                 	0.83810195	0.83417818	0.0053300221	
S00011.vasti.C0                 	0.082457749	0.083620269	0.0012018598	
S00011.vasti-knee_angle.pos_max 	-0.30602567	-0.30609475	0.0018485447	
S00011.hamstrings-pelvis_tilt.KP	0.71516825	0.71015364	0.020775183	
S00011.hamstrings-pelvis_tilt.KV	0.5665669	0.56634704	0.0010819531	
S00011.hamstrings-pelvis_tilt.C0	0.027589075	0.026640114	0.0022610285	
S00011.glut_max-pelvis_tilt.KP  	1.5104005	1.4760049	0.017226199	
S00011.glut_max-pelvis_tilt.KV  	0.31362472	0.31069552	0.0010887135	
S00011.glut_max-pelvis_tilt.C0  	0.16341609	0.16172215	0.0018500277	
S00011.iliopsoas-pelvis_tilt.KP 	-3.5643054	-3.5656914	0.029373388	
S00011.iliopsoas-pelvis_tilt.KV 	-0.54372544	-0.54162143	0.0013390272	
S00011.iliopsoas-pelvis_tilt.C0 	0.32064124	0.32293895	0.0028994113	
S00100.iliopsoas.C0             	0.33494332	0.33629033	0.0015829943	
S00100.glut_max.C0              	-0.024126135	-0.024568988	0.0011835469	
S11000.iliopsoas.KL             	0.56101658	0.56149832	0.0013533613	
S11000.iliopsoas.L0             	0.39493758	0.39341168	0.0015040449	
S11000.iliopsoas-pelvis_tilt.P0 	-0.045242562	-0.043825546	0.0011904791	
S11000.iliopsoas-pelvis_tilt.KP 	0.01196527	0.01152079	0.007351301	
S11000.iliopsoas-pelvis_tilt.KV 	0.14516566	0.14321701	0.0013926961	
S11000.iliopsoas-hamstrings.KL  	-8.3733024	-8.3479744	0.049117236	
S11000.iliopsoas-hamstrings.L0  	1.1680097	1.1667895	0.001113076	
S11000.hamstrings.KF            	0.57687984	0.57483721	0.001078192	
S11000.glut_max.KF              	0.6230734	0.62170243	0.001229358	
