pelvis_tilt.offset              	0.025469752	0.024296786	0.00059182349	
hip_flexion_r.offset            	0.067805018	0.06800297	0.00055148135	
knee_angle_r.offset             	0.0016312793	0.00092205772	0.00061413966	
ankle_angle_r.offset            	-0.059024391	-0.059060599	0.00080593364	
hip_flexion_l.offset            	-0.015077075	-0.014154058	0.0011350017	
knee_angle_l.offset             	0.054409052	0.054685671	0.00085652099	
ankle_angle_l.offset            	0.18597272	0.18371436	0.0008410238	
stance_load_threshold           	0.15635276	0.15622046	0.00090905855	
S00111.tib_ant.KL               	1.2998216	1.2770656	0.014887669	
S00111.tib_ant.L0               	0.74875407	0.74836173	0.0016649295	
S00111.tib_ant.KS               	0.00015652	0.00016826717	0.00059308777	
S11000.tib_ant.KL               	1.1663188	1.1770388	0.0085342548	
S11000.tib_ant.L0               	0.73768923	0.7376851	0.0012607497	
S11000.tib_ant.KS               	0.035969929	0.035868194	0.00077925307	
S11111.tib_ant-soleus.KF        	-0.11124748	-0.11063206	0.0013473699	
S00111.soleus-tib_ant.KS        	-0.88028693	-0.88262466	0.016422657	
S11000.soleus-tib_ant.KS        	-3.2422367	-3.2277402	0.020039645	
S00111.gastroc-tib_ant.KS       	-0.337816	-0.34379031	0.014268293	
S11000.gastroc-tib_ant.KS       	-1.6469055	-1.630915	0.016766775	
S00111.tib_ant-gastroc.KS       	-0.00357534	-0.0037770095	0.1173601	
S11000.tib_ant-gastroc.KS       	-0.00366451	-0.003482866	0.11470798	
S00111.tib_ant-soleus.KS        	-0.00313515	-0.0033578607	0.1204762	
S11000.tib_ant-soleus.KS        	-0.0034666	-0.0033217398	0.11535839	
S00111.gastroc.KL               	0.079542508	0.080316151	0.014712436	
S00111.gastroc.L0               	0.84241622	0.83222217	0.0066605021	
S00111.gastroc.KF               	1.4105828	1.4111689	0.0008415612	
S00111.soleus.KL                	4.0166132	4.0165729	0.014690301	
S00111.soleus.L0                	0.95899257	0.96635124	0.0037666597	
S00111.soleus.KF                	0.22272791	0.2235787	0.00124342	
S11000.gastroc.KL               	0.00925153	0.0088130385	0.011706209	
S11000.gastroc.L0               	0.54586506	0.54011213	0.0069370297	
S11000.gastroc.KF               	-1.840087	-1.8189286	0.016571239	
S11000.gastroc.KS               	0.25231886	0.26124878	0.014193093	
S11000.soleus.KL                	0.82649642	0.81674341	0.027782938	
S11000.soleus.L0                	0.93097603	0.93564665	0.0063916508	
S11000.soleus.KF                	-0.8890802	-0.88437405	0.026192393	
S11000.soleus.KS                	0.1022613	0.10824195	0.021787831	
S00011.vasti.KF                 	0.83943766	0.84079889	0.0035987409	
S00011.vasti.C0                 	0.081530621	0.082077412	0.00081135257	
S00011.vasti-knee_angle.pos_max 	-0.30524769	-0.30773289	0.0012512204	
S00011.hamstrings-pelvis_tilt.KP	0.71081088	0.69032375	0.013927589	
S00011.hamstrings-pelvis_tilt.KV	0.56461833	0.5649784	0.00073239893	
S00011.hamstrings-pelvis_tilt.C0	0.025851982	0.026748664	0.001475065	
S00011.glut_max-pelvis_tilt.KP  	1.4840394	1.4977226	0.011761124	
S00011.glut_max-pelvis_tilt.KV  	0.30923857	0.30959962	0.00073895638	
S00011.glut_max-pelvis_tilt.C0  	0.1648012	0.16222182	0.0012424214	
S00011.iliopsoas-pelvis_tilt.KP 	-3.5496658	-3.5578867	0.01985345	
S00011.iliopsoas-pelvis_tilt.KV 	-0.54195487	-0.54128137	0.00090450661	
S00011.iliopsoas-pelvis_tilt.C0 	0.31850336	0.31948867	0.0019773583	
S00100.iliopsoas.C0             	0.3415749	0.34038483	0.0010684059	
S00100.glut_max.C0              	-0.024781359	-0.024923088	0.00078094632	
S11000.iliopsoas.KL             	0.55857065	0.55966421	0.00091161473	
S11000.iliopsoas.L0             	0.39540567	0.39546755	0.0010188228	
S11000.iliopsoas-pelvis_tilt.P0 	-0.044551941	-0.045608188	0.00079871564	
S11000.iliopsoas-pelvis_tilt.KP 	0.01196527	0.011343403	0.0047149578	
S11000.iliopsoas-pelvis_tilt.KV 	0.14497268	0.14478862	0.0009324102	
S11000.iliopsoas-hamstrings.KL  	-8.3548457	-8.3597012	0.033180954	
S11000.iliopsoas-hamstrings.L0  	1.1687554	1.1676658	0.0007586439	
S11000.hamstrings.KF            	0.57743007	0.57828375	0.00073985318	
S11000.glut_max.KF              	0.62264354	0.62300874	0.00083753708	
