pelvis_tilt.offset              	0.023726892	0.023622355	0.00012083298	
hip_flexion_r.offset            	0.067748099	0.067698718	0.00011137599	
knee_angle_r.offset             	0.0020002145	0.0018596806	0.00012476853	
ankle_angle_r.offset            	-0.060162082	-0.06008505	0.00017125058	
hip_flexion_l.offset            	-0.015320268	-0.015278053	0.00024117655	
knee_angle_l.offset             	0.052342324	0.052767288	0.00018225896	
ankle_angle_l.offset            	0.18214983	0.18207221	0.00018242445	
stance_load_threshold           	0.15733824	0.15743483	0.00018539724	
S00111.tib_ant.KL               	1.2831023	1.2866549	0.003047542	
S00111.tib_ant.L0               	0.74871601	0.74884393	0.00033434774	
S00111.tib_ant.KS               	0.00015652	0.0001661605	9.5953327e-05	
S11000.tib_ant.KL               	1.1657768	1.1652535	0.0017253463	
S11000.tib_ant.L0               	0.73327044	0.73315889	0.00026512824	
S11000.tib_ant.KS               	0.036733824	0.036755022	0.00016046237	
S11111.tib_ant-soleus.KF        	-0.11282265	-0.11303441	0.00027888326	
S00111.soleus-tib_ant.KS        	-0.8833279	-0.88420488	0.0032821877	
S11000.soleus-tib_ant.KS        	-3.1918844	-3.1964505	0.0041890738	
S00111.gastroc-tib_ant.KS       	-0.34131799	-0.34038228	0.0028392629	
S11000.gastroc-tib_ant.KS       	-1.6464377	-1.6493748	0.003453652	
S00111.tib_ant-gastroc.KS       	-0.00395169	-0.0038412038	0.018976177	
S11000.tib_ant-gastroc.KS       	-0.00366451	-0.0034761666	0.01854734	
S00111.tib_ant-soleus.KS        	-0.00313515	-0.0032995073	0.019479991	
S11000.tib_ant-soleus.KS        	-0.00313645	-0.0033478557	0.018652488	
S00111.gastroc.KL               	0.079636169	0.079378822	0.002614312	
S00111.gastroc.L0               	0.83441637	0.83574392	0.0013443467	
S00111.gastroc.KF               	1.4111934	1.4113072	0.00017267899	
S00111.soleus.KL                	4.0213623	4.025336	0.003058101	
S00111.soleus.L0                	0.96558387	0.96524687	0.00075805037	
S00111.soleus.KF                	0.22189323	0.22174956	0.00025187622	
S11000.gastroc.KL               	0.00925153	0.0085379902	0.0019003656	
S11000.gastroc.L0               	0.53083902	0.53090765	0.0014008683	
S11000.gastroc.KF               	-1.8778648	-1.8775751	0.0035105669	
S11000.gastroc.KS               	0.25920076	0.26222971	0.0027521272	
S11000.soleus.KL                	0.82878982	0.83621259	0.0055300347	
S11000.soleus.L0                	0.93258483	0.93574702	0.0013021232	
S11000.soleus.KF                	-0.8990993	-0.90915834	0.0051909836	
S11000.soleus.KS                	0.10797352	0.10759046	0.0038035508	
S00011.vasti.KF                 	0.84676911	0.84679632	0.00074392059	
S00011.vasti.C0                 	0.082330119	0.082366532	0.00016448319	
S00011.vasti-knee_angle.pos_max 	-0.30882598	-0.30868135	0.00025674071	
S00011.hamstrings-pelvis_tilt.KP	0.6964057	0.69442638	0.0028052304	
S00011.hamstrings-pelvis_tilt.KV	0.56459911	0.56470065	0.00014842097	
S00011.hamstrings-pelvis_tilt.C0	0.026814747	0.027261175	0.00028819223	
S00011.glut_max-pelvis_tilt.KP  	1.4947337	1.4967094	0.0023790331	
S00011.glut_max-pelvis_tilt.KV  	0.31039021	0.31046744	0.00015204573	
S00011.glut_max-pelvis_tilt.C0  	0.16109831	0.16116862	0.00026026371	
S00011.iliopsoas-pelvis_tilt.KP 	-3.5908954	-3.5944511	0.004107727	
S00011.iliopsoas-pelvis_tilt.KV 	-0.54068908	-0.54046534	0.00018747512	
S00011.iliopsoas-pelvis_tilt.C0 	0.32104356	0.32131505	0.00040568993	
S00100.iliopsoas.C0             	0.33896379	0.33883236	0.00022221097	
S00100.glut_max.C0              	-0.02482164	-0.024928068	0.00015587428	
S11000.iliopsoas.KL             	0.55866713	0.55872577	0.00018889308	
S11000.iliopsoas.L0             	0.39596958	0.39571524	0.00020942615	
S11000.iliopsoas-pelvis_tilt.P0 	-0.044890216	-0.045021131	0.00016142852	
S11000.iliopsoas-pelvis_tilt.KP 	0.011569788	0.011509557	0.00078571863	
S11000.iliopsoas-pelvis_tilt.KV 	0.14375328	0.1436572	0.00018875067	
S11000.iliopsoas-hamstrings.KL  	-8.3477747	-8.3325923	0.0068869622	
S11000.iliopsoas-hamstrings.L0  	1.168761	1.1687742	0.00015689101	
S11000.hamstrings.KF            	0.57726597	0.57735213	0.00015295915	
S11000.glut_max.KF              	0.6237603	0.62348423	0.00017221113	
