pelvis_tilt.offset              	0.023677864	0.022183298	0.0013709213	
hip_flexion_r.offset            	0.068359404	0.06781392	0.0012935122	
knee_angle_r.offset             	-0.0021156501	0.0014662868	0.0014137704	
ankle_angle_r.offset            	-0.061195467	-0.058031241	0.0018494587	
hip_flexion_l.offset            	-0.0046591914	-0.0061200709	0.0026249695	
knee_angle_l.offset             	0.059875972	0.058296216	0.0020222257	
ankle_angle_l.offset            	0.18645485	0.1877232	0.0019321043	
stance_load_threshold           	0.15279196	0.15221642	0.0021246802	
S00111.tib_ant.KL               	1.2294904	1.2335471	0.035284686	
S00111.tib_ant.L0               	0.76109181	0.76219825	0.003791621	
S00111.tib_ant.KS               	0.000173	0.00016372944	0.001531741	
S11000.tib_ant.KL               	1.1997389	1.2010129	0.020094848	
S11000.tib_ant.L0               	0.73707466	0.73740059	0.0029214549	
S11000.tib_ant.KS               	0.03726336	0.03623389	0.0018718267	
S11111.tib_ant-soleus.KF        	-0.10569536	-0.1134421	0.0031869605	
S00111.soleus-tib_ant.KS        	-0.84069359	-0.84835173	0.040622133	
S11000.soleus-tib_ant.KS        	-3.2668201	-3.2860728	0.04678566	
S00111.gastroc-tib_ant.KS       	-0.35557966	-0.34340376	0.035429321	
S11000.gastroc-tib_ant.KS       	-1.6586145	-1.6723085	0.039124577	
S00111.tib_ant-gastroc.KS       	-0.00395169	-0.0037310336	0.30310346	
S11000.tib_ant-gastroc.KS       	-0.00366451	-0.0034255463	0.29625388	
S00111.tib_ant-soleus.KS        	-0.00346517	-0.0032815367	0.31115136	
S11000.tib_ant-soleus.KS        	-0.00313645	-0.0033683002	0.29793371	
S00111.gastroc.KL               	0.07523758	0.080080617	0.037884298	
S00111.gastroc.L0               	0.83763197	0.832182	0.015502824	
S00111.gastroc.KF               	1.415416	1.41175	0.0019732999	
S00111.gastroc.KS               	0.17101065	0.17229007	0.017504336	
S00111.soleus.KL                	4.0022488	4.0152568	0.034559995	
S00111.soleus.L0                	0.96180707	0.96425248	0.0088829506	
S00111.soleus.KF                	0.22894005	0.22855582	0.0028569463	
S00111.soleus.KS                	0.14946728	0.15695402	0.025580226	
S11000.gastroc.KL               	0.00925153	0.0089292453	0.030231348	
S11000.gastroc.L0               	0.5415738	0.53927396	0.016315413	
S11000.gastroc.KF               	-1.8499837	-1.8305311	0.038319362	
S11000.gastroc.KS               	0.27887874	0.26636916	0.035787524	
S11000.soleus.KL                	0.80360647	0.78774199	0.068624311	
S11000.soleus.L0                	0.90149885	0.9005391	0.014970806	
S11000.soleus.KF                	-0.95885434	-0.91179464	0.063746057	
S11000.soleus.KS                	0.1022613	0.10838512	0.056132604	
S00011.vasti.KF                 	0.81008379	0.81519512	0.0083878996	
S00011.vasti.C0                 	0.081950262	0.082360339	0.0019007342	
S00011.vasti-knee_angle.pos_max 	-0.30182455	-0.30257004	0.0029016959	
S00011.hamstrings-pelvis_tilt.KP	0.73076748	0.71945661	0.03342366	
S00011.hamstrings-pelvis_tilt.KV	0.56991336	0.56759761	0.0016906804	
S00011.hamstrings-pelvis_tilt.C0	0.02778807	0.025790889	0.0037159507	
S00011.glut_max-pelvis_tilt.KP  	1.4544165	1.4896542	0.027442288	
S00011.glut_max-pelvis_tilt.KV  	0.3108626	0.31360883	0.0017140927	
S00011.glut_max-pelvis_tilt.C0  	0.15910522	0.1599997	0.0028903919	
S00011.iliopsoas-pelvis_tilt.KP 	-3.4306288	-3.44992	0.04618607	
S00011.iliopsoas-pelvis_tilt.KV 	-0.53965672	-0.54353678	0.0021059087	
S00011.iliopsoas-pelvis_tilt.C0 	0.33628594	0.32912583	0.0045360656	
S00100.iliopsoas.C0             	0.33521789	0.33786157	0.0024890531	
S00100.glut_max.C0              	-0.02379015	-0.024375694	0.0019249375	
S11000.iliopsoas.KL             	0.55661943	0.55994417	0.0021270218	
S11000.iliopsoas.L0             	0.39307348	0.39043354	0.0023670725	
S11000.iliopsoas-pelvis_tilt.P0 	-0.044097654	-0.043605047	0.001906183	
S11000.iliopsoas-pelvis_tilt.KP 	0.01196527	0.011517392	0.012169582	
S11000.iliopsoas-pelvis_tilt.KV 	0.14610925	0.14557456	0.0021931416	
S11000.iliopsoas-hamstrings.KL  	-8.3353905	-8.2594951	0.077531379	
S11000.iliopsoas-hamstrings.L0  	1.1669995	1.1678354	0.0017760206	
S11000.hamstrings.KF            	0.57651071	0.57573595	0.0017005552	
S11000.glut_max.KF              	0.62400713	0.62320239	0.0019338943	
