pelvis_tilt.offset              	0.020805587	0.021717122	0.0010599242	
hip_flexion_r.offset            	0.070016784	0.069760909	0.001002892	
knee_angle_r.offset             	0.0032293762	0.0033573655	0.0010983238	
ankle_angle_r.offset            	-0.063344361	-0.063017207	0.0014562772	
hip_flexion_l.offset            	-0.0075333913	-0.0068591278	0.002029604	
knee_angle_l.offset             	0.059738136	0.056863907	0.001562704	
ankle_angle_l.offset            	0.18412243	0.18618791	0.0014957015	
stance_load_threshold           	0.14955069	0.15149148	0.001639106	
S00111.tib_ant.KL               	1.2887772	1.2664445	0.02733192	
S00111.tib_ant.L0               	0.76522714	0.7623922	0.0029283278	
S00111.tib_ant.KS               	0.000173	0.00016920639	0.0011442418	
S11000.tib_ant.KL               	1.1839486	1.2135328	0.015468258	
S11000.tib_ant.L0               	0.73692353	0.73325457	0.0022769649	
S11000.tib_ant.KS               	0.036767348	0.035911364	0.001422405	
S11111.tib_ant-soleus.KF        	-0.11344893	-0.11249677	0.0024458627	
S00111.soleus-tib_ant.KS        	-0.85086219	-0.85803841	0.030936919	
S11000.soleus-tib_ant.KS        	-3.299384	-3.3120613	0.036081162	
S00111.gastroc-tib_ant.KS       	-0.34280207	-0.34110747	0.026638309	
S11000.gastroc-tib_ant.KS       	-1.6601222	-1.6604761	0.03006964	
S00111.tib_ant-gastroc.KS       	-0.00357534	-0.0037156127	0.22642417	
S11000.tib_ant-gastroc.KS       	-0.00331551	-0.0034916101	0.2213074	
S00111.tib_ant-soleus.KS        	-0.00313515	-0.0033529866	0.23243611	
S11000.tib_ant-soleus.KS        	-0.00313645	-0.003248481	0.22256226	
S00111.gastroc.KL               	0.08315732	0.080521849	0.028313393	
S00111.gastroc.L0               	0.8080613	0.82201241	0.011905304	
S00111.gastroc.KF               	1.4160037	1.4149704	0.0015360073	
S00111.gastroc.KS               	0.17434051	0.17087679	0.013175784	
S00111.soleus.KL                	4.0162079	4.0349452	0.026922998	
S00111.soleus.L0                	0.95407618	0.96014511	0.0068088973	
S00111.soleus.KF                	0.22882425	0.2291315	0.0022059218	
S00111.soleus.KS                	0.16244737	0.16039479	0.019172114	
S11000.gastroc.KL               	0.00837043	0.0087079675	0.022583625	
S11000.gastroc.L0               	0.51957437	0.5291318	0.01253142	
S11000.gastroc.KF               	-1.8713573	-1.8665494	0.029456247	
S11000.gastroc.KS               	0.25231886	0.26995653	0.026853724	
S11000.soleus.KL                	0.76235452	0.80744414	0.051720364	
S11000.soleus.L0                	0.86815183	0.89103254	0.011557569	
S11000.soleus.KF                	-0.95885434	-0.92367655	0.04826551	
S11000.soleus.KS                	0.11302564	0.10885308	0.041948956	
S00011.vasti.KF                 	0.80069321	0.80899732	0.0064663653	
S00011.vasti.C0                 	0.07992329	0.080777265	0.001449091	
S00011.vasti-knee_angle.pos_max 	-0.30502538	-0.30499923	0.0022340032	
S00011.hamstrings-pelvis_tilt.KP	0.67843956	0.69697772	0.025432819	
S00011.hamstrings-pelvis_tilt.KV	0.56805314	0.56810252	0.0013023386	
S00011.hamstrings-pelvis_tilt.C0	0.027384946	0.026986144	0.0027889432	
S00011.glut_max-pelvis_tilt.KP  	1.5018175	1.480944	0.020975673	
S00011.glut_max-pelvis_tilt.KV  	0.31739559	0.31485473	0.0013224266	
S00011.glut_max-pelvis_tilt.C0  	0.16386334	0.16126958	0.0022409476	
S00011.iliopsoas-pelvis_tilt.KP 	-3.4979848	-3.5377537	0.035482349	
S00011.iliopsoas-pelvis_tilt.KV 	-0.5397638	-0.54277315	0.0016221775	
S00011.iliopsoas-pelvis_tilt.C0 	0.3265377	0.33335467	0.003510948	
S00100.iliopsoas.C0             	0.33447018	0.33421278	0.0019176503	
S00100.glut_max.C0              	-0.024065392	-0.024246069	0.0014527921	
S11000.iliopsoas.KL             	0.55894579	0.55985088	0.0016500331	
S11000.iliopsoas.L0             	0.3824259	0.38500999	0.0018440419	
S11000.iliopsoas-pelvis_tilt.P0 	-0.045391356	-0.044197695	0.0014549186	
S11000.iliopsoas-pelvis_tilt.KP 	0.01196527	0.011507774	0.0090918266	
S11000.iliopsoas-pelvis_tilt.KV 	0.15226393	0.15009941	0.0016996362	
S11000.iliopsoas-hamstrings.KL  	-8.3333499	-8.3244127	0.059888492	
S11000.iliopsoas-hamstrings.L0  	1.167523	1.1685335	0.0013670011	
S11000.hamstrings.KF            	0.58085397	0.57801269	0.0013182249	
S11000.glut_max.KF              	0.62323879	0.62340858	0.0014996066	
