pelvis_tilt.offset              	0.024189375	0.023380606	0.00070380612	
hip_flexion_r.offset            	0.071200201	0.071614953	0.00067211928	
knee_angle_r.offset             	0.0016710928	0.0026105378	0.00072877719	
ankle_angle_r.offset            	-0.063680421	-0.063273559	0.00096935281	
hip_flexion_l.offset            	-0.0071932875	-0.0041959632	0.0013461797	
knee_angle_l.offset             	0.055718666	0.056888575	0.0010280646	
ankle_angle_l.offset            	0.18652814	0.18578469	0.00099316923	
stance_load_threshold           	0.15024834	0.15069767	0.0010957816	
S00111.tib_ant.KL               	1.2723158	1.27245	0.018046593	
S00111.tib_ant.L0               	0.76182907	0.75929741	0.0019438723	
S00111.tib_ant.KS               	0.000173	0.00016427896	0.00072702356	
S11000.tib_ant.KL               	1.2003054	1.2023455	0.010212979	
S11000.tib_ant.L0               	0.72947594	0.72926516	0.0015464913	
S11000.tib_ant.KS               	0.037088987	0.03630487	0.00092801692	
S11111.tib_ant-soleus.KF        	-0.11221902	-0.11235866	0.0016108711	
S00111.soleus-tib_ant.KS        	-0.86347659	-0.87136049	0.020151005	
S11000.soleus-tib_ant.KS        	-3.3064675	-3.3280025	0.023944317	
S00111.gastroc-tib_ant.KS       	-0.327677	-0.32704491	0.017113654	
S11000.gastroc-tib_ant.KS       	-1.6786087	-1.674035	0.019894101	
S00111.tib_ant-gastroc.KS       	-0.00357534	-0.0037581541	0.14386394	
S11000.tib_ant-gastroc.KS       	-0.00366451	-0.0034800768	0.14061288	
S00111.tib_ant-soleus.KS        	-0.00346517	-0.0033511645	0.14768376	
S11000.tib_ant-soleus.KS        	-0.0034666	-0.0032324214	0.14141019	
S00111.gastroc.KL               	0.07523758	0.078593935	0.018010626	
S00111.gastroc.L0               	0.81381753	0.82075531	0.0078826637	
S00111.gastroc.KF               	1.4137831	1.4143389	0.0010216827	
S00111.gastroc.KS               	0.16928645	0.17128473	0.0084868186	
S00111.soleus.KL                	4.0601022	4.0556227	0.017836519	
S00111.soleus.L0                	0.94933931	0.94969995	0.0045053223	
S00111.soleus.KF                	0.2278801	0.22745999	0.0014569573	
S00111.soleus.KS                	0.16055894	0.15846505	0.012284746	
S11000.gastroc.KL               	0.00925153	0.0088421558	0.014349386	
S11000.gastroc.L0               	0.53608234	0.53614539	0.0082203695	
S11000.gastroc.KF               	-1.8266083	-1.8305492	0.019376998	
S11000.gastroc.KS               	0.27107503	0.27181995	0.017231725	
S11000.soleus.KL                	0.80640118	0.81903755	0.033513495	
S11000.soleus.L0                	0.88063734	0.87774459	0.0076378036	
S11000.soleus.KF                	-0.93037243	-0.92520671	0.031375443	
S11000.soleus.KS                	0.11302564	0.10661948	0.026679671	
S00011.vasti.KF                 	0.79977745	0.80013299	0.0042676871	
S00011.vasti.C0                 	0.080375688	0.080897388	0.00093963655	
S00011.vasti-knee_angle.pos_max 	-0.30508742	-0.30416399	0.001487323	
S00011.hamstrings-pelvis_tilt.KP	0.7202792	0.72064608	0.016641612	
S00011.hamstrings-pelvis_tilt.KV	0.56939921	0.56939387	0.00086310536	
S00011.hamstrings-pelvis_tilt.C0	0.02778807	0.026565839	0.0017916302	
S00011.glut_max-pelvis_tilt.KP  	1.4984841	1.4913663	0.013884164	
S00011.glut_max-pelvis_tilt.KV  	0.31797852	0.31778384	0.00088370335	
S00011.glut_max-pelvis_tilt.C0  	0.15730353	0.15911928	0.0014882065	
S00011.iliopsoas-pelvis_tilt.KP 	-3.6656851	-3.6262411	0.02397175	
S00011.iliopsoas-pelvis_tilt.KV 	-0.5425179	-0.54258865	0.0010746904	
S00011.iliopsoas-pelvis_tilt.C0 	0.33248675	0.33474474	0.0023200883	
S00100.iliopsoas.C0             	0.3343893	0.33313222	0.0012775629	
S00100.glut_max.C0              	-0.023559751	-0.024105771	0.0009420594	
S11000.iliopsoas.KL             	0.55972277	0.55965941	0.0010910519	
S11000.iliopsoas.L0             	0.37860355	0.38015814	0.0012635648	
S11000.iliopsoas-pelvis_tilt.P0 	-0.04641831	-0.044966461	0.00095140171	
S11000.iliopsoas-pelvis_tilt.KP 	0.01082572	0.011558361	0.005778156	
S11000.iliopsoas-pelvis_tilt.KV 	0.14807939	0.14918986	0.0011270295	
S11000.iliopsoas-hamstrings.KL  	-8.238687	-8.2885957	0.039580629	
S11000.iliopsoas-hamstrings.L0  	1.1650605	1.1666281	0.00090628506	
S11000.hamstrings.KF            	0.58130628	0.57993276	0.00087636987	
S11000.glut_max.KF              	0.62454675	0.62428673	0.00099944165	
