pelvis_tilt.offset              	0.023839226	0.023320526	0.00067307556	
hip_flexion_r.offset            	0.071927468	0.072025951	0.0006421526	
knee_angle_r.offset             	0.0027922943	0.002834294	0.00069496815	
ankle_angle_r.offset            	-0.062497703	-0.063468723	0.00092737744	
hip_flexion_l.offset            	-0.0049731032	-0.0040030215	0.001290655	
knee_angle_l.offset             	0.055763704	0.056839285	0.00097895753	
ankle_angle_l.offset            	0.1862398	0.18477084	0.00094947027	
stance_load_threshold           	0.14891221	0.14804017	0.0010517309	
S00111.tib_ant.KL               	1.2460081	1.2772874	0.017184227	
S00111.tib_ant.L0               	0.75781345	0.75722752	0.0018772461	
S00111.tib_ant.KS               	0.000173	0.00016226909	0.00067880622	
S11000.tib_ant.KL               	1.1717973	1.1693568	0.0098853436	
S11000.tib_ant.L0               	0.72737383	0.72876229	0.0014774333	
S11000.tib_ant.KS               	0.035605513	0.035450015	0.00088773132	
S11111.tib_ant-soleus.KF        	-0.11408834	-0.11493759	0.0015405231	
S00111.soleus-tib_ant.KS        	-0.83776956	-0.85827171	0.019170794	
S11000.soleus-tib_ant.KS        	-3.3273756	-3.3263267	0.023039351	
S00111.gastroc-tib_ant.KS       	-0.32171493	-0.32904556	0.016106886	
S11000.gastroc-tib_ant.KS       	-1.6544999	-1.6668564	0.018946021	
S00111.tib_ant-gastroc.KS       	-0.00357534	-0.0038389395	0.13432213	
S11000.tib_ant-gastroc.KS       	-0.00366451	-0.003594704	0.13128669	
S00111.tib_ant-soleus.KS        	-0.00313515	-0.0034005101	0.1378886	
S11000.tib_ant-soleus.KS        	-0.00313645	-0.0033676141	0.13203112	
S00111.gastroc.KL               	0.08315732	0.080024039	0.016834859	
S00111.gastroc.L0               	0.81697164	0.8136174	0.0075620003	
S00111.gastroc.KF               	1.4149857	1.4142886	0.00097446682	
S00111.gastroc.KS               	0.169086	0.1698508	0.0080255313	
S00111.soleus.KL                	4.0522442	4.0484979	0.016994417	
S00111.soleus.L0                	0.94754007	0.94868619	0.0042753568	
S00111.soleus.KF                	0.23105706	0.23028858	0.0014120113	
S00111.soleus.KS                	0.16362729	0.15803505	0.011548894	
S11000.gastroc.KL               	0.00837043	0.0088363363	0.013397972	
S11000.gastroc.L0               	0.52860414	0.53787615	0.0078462424	
S11000.gastroc.KF               	-1.8475541	-1.84379	0.018420919	
S11000.gastroc.KS               	0.27887874	0.25822134	0.01622722	
S11000.soleus.KL                	0.79537686	0.79756379	0.031877067	
S11000.soleus.L0                	0.8628467	0.86102731	0.0073649375	
S11000.soleus.KF                	-0.86753488	-0.87731037	0.029729617	
S11000.soleus.KS                	0.1022613	0.10846431	0.02493358	
S00011.vasti.KF                 	0.79877607	0.79675261	0.0040819883	
S00011.vasti.C0                 	0.07992329	0.080555062	0.00088828244	
S00011.vasti-knee_angle.pos_max 	-0.30599001	-0.30611057	0.0014236155	
S00011.hamstrings-pelvis_tilt.KP	0.74162866	0.72942619	0.015796354	
S00011.hamstrings-pelvis_tilt.KV	0.56736616	0.56874089	0.00082257778	
S00011.hamstrings-pelvis_tilt.C0	0.027636183	0.026063072	0.001685768	
S00011.glut_max-pelvis_tilt.KP  	1.4948166	1.4997735	0.013199154	
S00011.glut_max-pelvis_tilt.KV  	0.31940772	0.31937989	0.00085920967	
S00011.glut_max-pelvis_tilt.C0  	0.16159545	0.15881686	0.001422639	
S00011.iliopsoas-pelvis_tilt.KP 	-3.6676839	-3.6573703	0.022989422	
S00011.iliopsoas-pelvis_tilt.KV 	-0.54360842	-0.54278719	0.001029183	
S00011.iliopsoas-pelvis_tilt.C0 	0.33785591	0.33693339	0.0022234368	
S00100.iliopsoas.C0             	0.33269054	0.33421437	0.0012218924	
S00100.glut_max.C0              	-0.025191362	-0.024487498	0.00089171463	
S11000.iliopsoas.KL             	0.56149592	0.56160174	0.0010440643	
S11000.iliopsoas.L0             	0.38035949	0.37950447	0.0012238828	
S11000.iliopsoas-pelvis_tilt.P0 	-0.045445402	-0.045104722	0.00090659073	
S11000.iliopsoas-pelvis_tilt.KP 	0.01196527	0.011159294	0.0053961737	
S11000.iliopsoas-pelvis_tilt.KV 	0.15056237	0.15015526	0.0010760298	
S11000.iliopsoas-hamstrings.KL  	-8.2924385	-8.2892393	0.037650166	
S11000.iliopsoas-hamstrings.L0  	1.1669996	1.1656876	0.00087020841	
S11000.hamstrings.KF            	0.58081303	0.58041811	0.00084229232	
S11000.glut_max.KF              	0.62614029	0.62520996	0.00095441048	
