pelvis_tilt.offset              	0.022202414	0.02225419	5.059066e-05	
hip_flexion_r.offset            	0.072412639	0.072391716	4.6799182e-05	
knee_angle_r.offset             	0.0025104173	0.0024953389	5.1515473e-05	
ankle_angle_r.offset            	-0.063262474	-0.063219896	6.7654209e-05	
hip_flexion_l.offset            	-0.0023060838	-0.0025241755	9.7871214e-05	
knee_angle_l.offset             	0.055404059	0.055384557	7.2112416e-05	
ankle_angle_l.offset            	0.18533404	0.18539892	6.9879512e-05	
stance_load_threshold           	0.14806522	0.14801342	7.9757885e-05	
S00111.tib_ant.KL               	1.2616818	1.26329	0.0012449605	
S00111.tib_ant.L0               	0.7627618	0.76291352	0.00014087864	
S00111.tib_ant.KS               	0.000173	0.00016276481	3.4984243e-05	
S11000.tib_ant.KL               	1.1837765	1.1832116	0.00074684717	
S11000.tib_ant.L0               	0.73112522	0.73109328	0.00010818239	
S11000.tib_ant.KS               	0.036010746	0.035922188	6.5349795e-05	
S11111.tib_ant-soleus.KF        	-0.11364522	-0.11362757	0.00011213795	
S00111.soleus-tib_ant.KS        	-0.80945309	-0.81012317	0.0014107961	
S11000.soleus-tib_ant.KS        	-3.3410808	-3.3417166	0.0016925561	
S00111.gastroc-tib_ant.KS       	-0.32171493	-0.32303255	0.0011303496	
S11000.gastroc-tib_ant.KS       	-1.6642029	-1.6661777	0.0013920727	
S00111.tib_ant-gastroc.KS       	-0.00357534	-0.0037925121	0.0068953606	
S11000.tib_ant-gastroc.KS       	-0.00366451	-0.0035481508	0.0067395051	
S00111.tib_ant-soleus.KS        	-0.00346517	-0.00336008	0.0070783334	
S11000.tib_ant-soleus.KS        	-0.0034666	-0.0032707357	0.006777679	
S00111.gastroc.KL               	0.077243183	0.076224121	0.001073443	
S00111.gastroc.L0               	0.8153425	0.81498934	0.00055518766	
S00111.gastroc.KF               	1.4152009	1.4151948	7.1989959e-05	
S00111.gastroc.KS               	0.17539667	0.17569951	0.00053320936	
S00111.soleus.KL                	4.0372781	4.0373636	0.0012752669	
S00111.soleus.L0                	0.94835498	0.9481871	0.00030863763	
S00111.soleus.KF                	0.22854375	0.22853993	0.00010631523	
S00111.soleus.KS                	0.16372062	0.16315897	0.00081136442	
S11000.gastroc.KL               	0.00837043	0.0088571329	0.0007045886	
S11000.gastroc.L0               	0.52099491	0.52052408	0.00058582694	
S11000.gastroc.KF               	-1.8377919	-1.8393946	0.0013791624	
S11000.gastroc.KS               	0.25528529	0.25534177	0.0011302371	
S11000.soleus.KL                	0.77392665	0.77419659	0.0022980176	
S11000.soleus.L0                	0.85942793	0.85901371	0.00055005159	
S11000.soleus.KF                	-0.90866584	-0.9065318	0.0021797378	
S11000.soleus.KS                	0.10444185	0.10463258	0.0015695249	
S00011.vasti.KF                 	0.7960786	0.79604311	0.00029985153	
S00011.vasti.C0                 	0.080164436	0.080218201	6.2986453e-05	
S00011.vasti-knee_angle.pos_max 	-0.31021768	-0.31027679	0.00010751649	
S00011.hamstrings-pelvis_tilt.KP	0.71590225	0.71648312	0.0011681461	
S00011.hamstrings-pelvis_tilt.KV	0.56742303	0.56745379	6.3559098e-05	
S00011.hamstrings-pelvis_tilt.C0	0.026361417	0.026219538	0.00012264121	
S00011.glut_max-pelvis_tilt.KP  	1.4787066	1.4782229	0.00097159221	
S00011.glut_max-pelvis_tilt.KV  	0.32008137	0.3201044	6.5445803e-05	
S00011.glut_max-pelvis_tilt.C0  	0.15796131	0.15793764	0.00010728047	
S00011.iliopsoas-pelvis_tilt.KP 	-3.6565305	-3.6578394	0.0016874747	
S00011.iliopsoas-pelvis_tilt.KV 	-0.54328099	-0.5432961	7.537101e-05	
S00011.iliopsoas-pelvis_tilt.C0 	0.34010995	0.33992228	0.00016193011	
S00100.iliopsoas.C0             	0.33483258	0.33487055	8.9366133e-05	
S00100.glut_max.C0              	-0.024751354	-0.024725784	6.5740818e-05	
S11000.iliopsoas.KL             	0.56171651	0.56181133	7.6422045e-05	
S11000.iliopsoas.L0             	0.37919829	0.37922428	9.7637154e-05	
S11000.iliopsoas-pelvis_tilt.P0 	-0.045427004	-0.045431945	6.6526581e-05	
S11000.iliopsoas-pelvis_tilt.KP 	0.011548641	0.011401813	0.00031193614	
S11000.iliopsoas-pelvis_tilt.KV 	0.15078531	0.15088368	8.0978016e-05	
S11000.iliopsoas-hamstrings.KL  	-8.2879263	-8.2864502	0.0027669735	
S11000.iliopsoas-hamstrings.L0  	1.1685394	1.1685096	6.6811701e-05	
S11000.hamstrings.KF            	0.58076329	0.58067317	6.2808374e-05	
S11000.glut_max.KF              	0.6230829	0.62326031	7.55442e-05	
