pelvis_tilt.offset              	0.022226837	0.02222899	4.7524678e-05	
hip_flexion_r.offset            	0.072375032	0.072392096	4.3984474e-05	
knee_angle_r.offset             	0.0025483863	0.0025280877	4.8500393e-05	
ankle_angle_r.offset            	-0.063131695	-0.063177596	6.3476764e-05	
hip_flexion_l.offset            	-0.0027201584	-0.0025509856	9.1997184e-05	
knee_angle_l.offset             	0.05541836	0.055337946	6.7652821e-05	
ankle_angle_l.offset            	0.1853099	0.18538172	6.5479857e-05	
stance_load_threshold           	0.14799596	0.14800893	7.4860633e-05	
S00111.tib_ant.KL               	1.2634456	1.2623472	0.0011691234	
S00111.tib_ant.L0               	0.76264384	0.76292749	0.00013282995	
S00111.tib_ant.KS               	0.00015652	0.00016504348	3.2650284e-05	
S11000.tib_ant.KL               	1.1833046	1.1833524	0.00070098808	
S11000.tib_ant.L0               	0.73102721	0.73106642	0.00010146121	
S11000.tib_ant.KS               	0.035816121	0.035936751	6.1547996e-05	
S11111.tib_ant-soleus.KF        	-0.11352515	-0.1136623	0.00010526703	
S00111.soleus-tib_ant.KS        	-0.80907659	-0.80995861	0.0013222596	
S11000.soleus-tib_ant.KS        	-3.3426996	-3.3415875	0.0015900816	
S00111.gastroc-tib_ant.KS       	-0.32248838	-0.32283453	0.0010618322	
S11000.gastroc-tib_ant.KS       	-1.6664537	-1.6656927	0.0013149352	
S00111.tib_ant-gastroc.KS       	-0.00357534	-0.0037303503	0.0064330882	
S11000.tib_ant-gastroc.KS       	-0.00331551	-0.0034867594	0.0062876772	
S00111.tib_ant-soleus.KS        	-0.00313515	-0.0032579581	0.0066037836	
S11000.tib_ant-soleus.KS        	-0.00313645	-0.0032959181	0.0063232945	
S00111.gastroc.KL               	0.077023606	0.076259965	0.0010075759	
S00111.gastroc.L0               	0.81506523	0.81505932	0.00052098962	
S00111.gastroc.KF               	1.4152859	1.415217	6.7622679e-05	
S00111.gastroc.KS               	0.17605308	0.17597947	0.00049958414	
S00111.soleus.KL                	4.0366091	4.0371246	0.0011968721	
S00111.soleus.L0                	0.94796034	0.94815763	0.00028977174	
S00111.soleus.KF                	0.22844751	0.22847402	9.994334e-05	
S00111.soleus.KS                	0.16230854	0.16243377	0.00076125987	
S11000.gastroc.KL               	0.00837043	0.0087549338	0.00065877456	
S11000.gastroc.L0               	0.52090737	0.52069988	0.0005486792	
S11000.gastroc.KF               	-1.8383775	-1.8388754	0.0012982465	
S11000.gastroc.KS               	0.25548445	0.25456759	0.0010615528	
S11000.soleus.KL                	0.77873821	0.77554902	0.0021599962	
S11000.soleus.L0                	0.85835854	0.85897027	0.0005161495	
S11000.soleus.KF                	-0.90773977	-0.9061387	0.0020469374	
S11000.soleus.KS                	0.10423023	0.10589298	0.0014736211	
S00011.vasti.KF                 	0.79627615	0.79583042	0.00028185822	
S00011.vasti.C0                 	0.080293438	0.080232494	5.9151487e-05	
S00011.vasti-knee_angle.pos_max 	-0.31007173	-0.31024895	0.00010101274	
S00011.hamstrings-pelvis_tilt.KP	0.71734904	0.71626496	0.0011012048	
S00011.hamstrings-pelvis_tilt.KV	0.56751362	0.5674753	5.9657578e-05	
S00011.hamstrings-pelvis_tilt.C0	0.026077901	0.026131378	0.0001159803	
S00011.glut_max-pelvis_tilt.KP  	1.4769171	1.4772235	0.00091739396	
S00011.glut_max-pelvis_tilt.KV  	0.32007726	0.32009533	6.1596187e-05	
S00011.glut_max-pelvis_tilt.C0  	0.15792871	0.15786956	0.00010065627	
S00011.iliopsoas-pelvis_tilt.KP 	-3.6587635	-3.6576859	0.0015813883	
S00011.iliopsoas-pelvis_tilt.KV 	-0.54333022	-0.54326723	7.0730073e-05	
S00011.iliopsoas-pelvis_tilt.C0 	0.34009269	0.33995822	0.00015184591	
S00100.iliopsoas.C0             	0.33479046	0.33487565	8.3797145e-05	
S00100.glut_max.C0              	-0.024556712	-0.024740899	6.1694067e-05	
S11000.iliopsoas.KL             	0.56175546	0.56179532	7.2011183e-05	
S11000.iliopsoas.L0             	0.37924126	0.37920217	9.1965388e-05	
S11000.iliopsoas-pelvis_tilt.P0 	-0.045496576	-0.045470424	6.2506836e-05	
S11000.iliopsoas-pelvis_tilt.KP 	0.010841061	0.011348405	0.00029266389	
S11000.iliopsoas-pelvis_tilt.KV 	0.15072121	0.15079389	7.607869e-05	
S11000.iliopsoas-hamstrings.KL  	-8.2855499	-8.2885624	0.0026032941	
S11000.iliopsoas-hamstrings.L0  	1.1684321	1.1684828	6.2930654e-05	
S11000.hamstrings.KF            	0.58072873	0.58072154	5.9082643e-05	
S11000.glut_max.KF              	0.62328353	0.62321897	7.1205159e-05	
