pelvis_tilt.offset              	0.022301498	0.022259706	5.3675622e-05	
hip_flexion_r.offset            	0.072449755	0.072402037	4.9390562e-05	
knee_angle_r.offset             	0.0024358296	0.002456633	5.5099762e-05	
ankle_angle_r.offset            	-0.063311894	-0.06323348	7.1824046e-05	
hip_flexion_l.offset            	-0.0028807975	-0.0028677833	0.00010578131	
knee_angle_l.offset             	0.055016262	0.055117119	7.7120772e-05	
ankle_angle_l.offset            	0.18570565	0.18578085	7.5636303e-05	
stance_load_threshold           	0.14781403	0.14782238	8.5117705e-05	
S00111.tib_ant.KL               	1.2653866	1.266001	0.00133018	
S00111.tib_ant.L0               	0.76323325	0.76309188	0.00015344772	
S00111.tib_ant.KS               	0.00015652	0.0001640443	3.3256455e-05	
S11000.tib_ant.KL               	1.1843438	1.1848213	0.00080699761	
S11000.tib_ant.L0               	0.73087277	0.73100391	0.00011411563	
S11000.tib_ant.KS               	0.035961056	0.035900078	6.8822615e-05	
S11111.tib_ant-soleus.KF        	-0.1136882	-0.11380133	0.0001184035	
S00111.soleus-tib_ant.KS        	-0.81149473	-0.81167003	0.0014503203	
S11000.soleus-tib_ant.KS        	-3.3368867	-3.3364312	0.0017957237	
S00111.gastroc-tib_ant.KS       	-0.32375874	-0.32431352	0.0011751159	
S11000.gastroc-tib_ant.KS       	-1.672169	-1.6705368	0.0015090416	
S00111.tib_ant-gastroc.KS       	-0.00395169	-0.0037421109	0.0065152345	
S11000.tib_ant-gastroc.KS       	-0.00331551	-0.0034367988	0.0063678772	
S00111.tib_ant-soleus.KS        	-0.00346517	-0.0033144074	0.0066879223	
S11000.tib_ant-soleus.KS        	-0.0034666	-0.0033060831	0.0064039164	
S00111.gastroc.KL               	0.078004195	0.076550734	0.001113914	
S00111.gastroc.L0               	0.81427062	0.81463472	0.00058331905	
S00111.gastroc.KF               	1.4150008	1.4150482	7.6375215e-05	
S00111.gastroc.KS               	0.17739288	0.17668027	0.00055982091	
S00111.soleus.KL                	4.0358813	4.0359058	0.0013555769	
S00111.soleus.L0                	0.94769885	0.94784489	0.00032731904	
S00111.soleus.KF                	0.22832604	0.22830643	0.00011158688	
S00111.soleus.KS                	0.16515984	0.16346375	0.00086293301	
S11000.gastroc.KL               	0.00837043	0.0088072636	0.00068849882	
S11000.gastroc.L0               	0.52222696	0.52019594	0.0006166302	
S11000.gastroc.KF               	-1.8383303	-1.8392837	0.0014507322	
S11000.gastroc.KS               	0.257398	0.25641062	0.0012006328	
S11000.soleus.KL                	0.77075611	0.77263361	0.0024145567	
S11000.soleus.L0                	0.85787891	0.8579821	0.00058027345	
S11000.soleus.KF                	-0.89832393	-0.9002372	0.0023148229	
S11000.soleus.KS                	0.10719744	0.10879176	0.001644309	
S00011.vasti.KF                 	0.79572919	0.79549035	0.00031974734	
S00011.vasti.C0                 	0.080222329	0.080211614	6.5848651e-05	
S00011.vasti-knee_angle.pos_max 	-0.31008834	-0.310141	0.00011380778	
S00011.hamstrings-pelvis_tilt.KP	0.71482077	0.71351109	0.0012473243	
S00011.hamstrings-pelvis_tilt.KV	0.56747435	0.56746418	6.6173559e-05	
S00011.hamstrings-pelvis_tilt.C0	0.026299613	0.026323409	0.0001301434	
S00011.glut_max-pelvis_tilt.KP  	1.4772246	1.4768657	0.0010246682	
S00011.glut_max-pelvis_tilt.KV  	0.3202306	0.32014517	6.8961979e-05	
S00011.glut_max-pelvis_tilt.C0  	0.15745374	0.15757352	0.00011386319	
S00011.iliopsoas-pelvis_tilt.KP 	-3.6548812	-3.6547506	0.0017981885	
S00011.iliopsoas-pelvis_tilt.KV 	-0.5435909	-0.54352214	8.1123766e-05	
S00011.iliopsoas-pelvis_tilt.C0 	0.33986557	0.33985317	0.00017227379	
S00100.iliopsoas.C0             	0.33477131	0.33478984	9.3713391e-05	
S00100.glut_max.C0              	-0.02463915	-0.024681412	6.9985446e-05	
S11000.iliopsoas.KL             	0.56146465	0.56142419	8.1666972e-05	
S11000.iliopsoas.L0             	0.37934475	0.37942594	0.0001031427	
S11000.iliopsoas-pelvis_tilt.P0 	-0.045640657	-0.045501575	7.0655106e-05	
S11000.iliopsoas-pelvis_tilt.KP 	0.011643792	0.011359175	0.00032431431	
S11000.iliopsoas-pelvis_tilt.KV 	0.15062523	0.15062956	8.7491297e-05	
S11000.iliopsoas-hamstrings.KL  	-8.3004681	-8.2970339	0.0029508516	
S11000.iliopsoas-hamstrings.L0  	1.1683928	1.1684097	7.0830775e-05	
S11000.hamstrings.KF            	0.58076388	0.58074213	6.7281304e-05	
S11000.glut_max.KF              	0.62283557	0.62297674	8.0267429e-05	
