pelvis_tilt.offset              	0.023290549	0.021592688	0.0013229223	
hip_flexion_r.offset            	0.06874471	0.06918126	0.0012479158	
knee_angle_r.offset             	0.00046036663	0.0005047635	0.0013648282	
ankle_angle_r.offset            	-0.056653018	-0.057500506	0.0017834302	
hip_flexion_l.offset            	-0.0030771987	-0.0039241457	0.0025288352	
knee_angle_l.offset             	0.055819636	0.056981327	0.001945762	
ankle_angle_l.offset            	0.18678802	0.18677868	0.0018651105	
stance_load_threshold           	0.15414699	0.15158174	0.0020463202	
S00111.tib_ant.KL               	1.2667927	1.2617988	0.033928064	
S00111.tib_ant.L0               	0.76562637	0.76555184	0.0036507525	
S00111.tib_ant.KS               	0.000173	0.00016062465	0.0014751036	
S11000.tib_ant.KL               	1.1881793	1.2043643	0.019336123	
S11000.tib_ant.L0               	0.73883807	0.73755822	0.0028223975	
S11000.tib_ant.KS               	0.03371447	0.036146793	0.0018033177	
S11111.tib_ant-soleus.KF        	-0.11426414	-0.11163208	0.0030650791	
S00111.soleus-tib_ant.KS        	-0.89402901	-0.85795073	0.039167571	
S11000.soleus-tib_ant.KS        	-3.2677875	-3.2912647	0.045039143	
S00111.gastroc-tib_ant.KS       	-0.33058499	-0.34178954	0.03413074	
S11000.gastroc-tib_ant.KS       	-1.6929516	-1.6981751	0.037632719	
S00111.tib_ant-gastroc.KS       	-0.00395169	-0.0037950053	0.29189595	
S11000.tib_ant-gastroc.KS       	-0.00331551	-0.0034496473	0.28529965	
S00111.tib_ant-soleus.KS        	-0.00313515	-0.0032540831	0.29964628	
S11000.tib_ant-soleus.KS        	-0.00313645	-0.0033042084	0.28691736	
S00111.gastroc.L0               	0.83405882	0.83138566	0.014891504	
S00111.gastroc.KS               	0.16049832	0.1687939	0.016860237	
S00111.soleus.L0                	0.95898582	0.96543779	0.008570621	
S00111.soleus.KS                	0.16316519	0.15358605	0.024634945	
S11000.gastroc.KL               	0.00837043	0.0087658647	0.029113523	
S11000.gastroc.L0               	0.51457084	0.53409234	0.015725304	
S11000.gastroc.KF               	-1.8383849	-1.7924152	0.037056302	
S11000.gastroc.KS               	0.27887874	0.25937961	0.034465533	
S11000.soleus.KL                	0.81201152	0.79991895	0.066104234	
S11000.soleus.L0                	0.86188845	0.89310374	0.014474472	
S11000.soleus.KF                	-0.93034655	-0.91727863	0.061418369	
S11000.soleus.KS                	0.1022613	0.10821954	0.054057542	
S00011.vasti.KF                 	0.8268467	0.81955254	0.0081041154	
S00011.vasti.C0                 	0.080255818	0.08264955	0.0018310841	
S00011.vasti-knee_angle.pos_max 	-0.30756777	-0.30353206	0.0027915375	
S00011.hamstrings-pelvis_tilt.KP	0.69506851	0.69600252	0.032209587	
S00011.hamstrings-pelvis_tilt.KV	0.56630285	0.56708424	0.001628224	
S00011.hamstrings-pelvis_tilt.C0	0.026377926	0.026164612	0.0035793986	
S00011.glut_max-pelvis_tilt.KP  	1.4809749	1.4885099	0.026417969	
S00011.glut_max-pelvis_tilt.KV  	0.31496407	0.31553656	0.0016516665	
S00011.glut_max-pelvis_tilt.C0  	0.15729314	0.15743879	0.0027899891	
S00011.iliopsoas-pelvis_tilt.KP 	-3.565053	-3.5115597	0.044475017	
S00011.iliopsoas-pelvis_tilt.KV 	-0.54332971	-0.54407352	0.0020241579	
S00011.iliopsoas-pelvis_tilt.C0 	0.32511288	0.33238225	0.0043657961	
S00100.iliopsoas.C0             	0.33705131	0.33791643	0.0024006821	
S00100.glut_max.C0              	-0.024949617	-0.024987011	0.0018534115	
S11000.iliopsoas.KL             	0.55856235	0.55938577	0.0020530571	
S11000.iliopsoas.L0             	0.3883628	0.39035493	0.0022745309	
S11000.iliopsoas-pelvis_tilt.P0 	-0.04641831	-0.044202638	0.0018363676	
S11000.iliopsoas-pelvis_tilt.KP 	0.01196527	0.011353609	0.011719612	
S11000.iliopsoas-pelvis_tilt.KV 	0.14216293	0.14450661	0.0021103297	
S11000.iliopsoas-hamstrings.KL  	-8.1435833	-8.2956659	0.074850396	
S11000.iliopsoas-hamstrings.L0  	1.1680159	1.1662398	0.0017078174	
S11000.hamstrings.KF            	0.57522156	0.57516954	0.0016368733	
S11000.glut_max.KF              	0.61953134	0.62116168	0.0018633786	
