pelvis_tilt.offset              	0.024483891	0.023630453	0.00085152595	
hip_flexion_r.offset            	0.069232511	0.069664364	0.00079707659	
knee_angle_r.offset             	0.002617928	0.0021633517	0.00087144564	
ankle_angle_r.offset            	-0.054362187	-0.055385126	0.0011430326	
hip_flexion_l.offset            	-0.0069913719	-0.0051566442	0.0016127554	
knee_angle_l.offset             	0.053236899	0.054712465	0.0012404586	
ankle_angle_l.offset            	0.18744769	0.18696292	0.0011856893	
stance_load_threshold           	0.15256046	0.15275541	0.0013058353	
S00111.tib_ant.KL               	1.2920122	1.2862194	0.021602065	
S00111.tib_ant.L0               	0.76960376	0.76604817	0.0023166972	
S00111.tib_ant.KS               	0.000173	0.00016449951	0.00091320634	
S11000.tib_ant.KL               	1.2118746	1.2074276	0.012327027	
S11000.tib_ant.L0               	0.73537208	0.73656217	0.00180404	
S11000.tib_ant.KS               	0.03726336	0.03642983	0.0011372313	
S11111.tib_ant-soleus.KF        	-0.11071835	-0.11299176	0.0019488478	
S00111.soleus-tib_ant.KS        	-0.83313058	-0.86081982	0.024718699	
S11000.soleus-tib_ant.KS        	-3.3279319	-3.3112964	0.028782475	
S00111.gastroc-tib_ant.KS       	-0.32171493	-0.33528974	0.02127874	
S11000.gastroc-tib_ant.KS       	-1.6807631	-1.6903222	0.023985181	
S00111.tib_ant-gastroc.KS       	-0.00357534	-0.0036133061	0.1807064	
S11000.tib_ant-gastroc.KS       	-0.00366451	-0.0034692437	0.17662277	
S00111.tib_ant-soleus.KS        	-0.00313515	-0.0033496499	0.18550446	
S11000.tib_ant-soleus.KS        	-0.0034666	-0.0033147145	0.17762426	
S00111.gastroc.L0               	0.82054703	0.84103526	0.0095239027	
S00111.gastroc.KS               	0.16758097	0.17362014	0.010518457	
S00111.soleus.L0                	0.95644128	0.95712358	0.0054946363	
S00111.soleus.KS                	0.14946728	0.15783962	0.015324283	
S11000.gastroc.KL               	0.00837043	0.0090053923	0.018023821	
S11000.gastroc.L0               	0.52503044	0.53907864	0.010009664	
S11000.gastroc.KF               	-1.8492759	-1.8545054	0.023868326	
S11000.gastroc.KS               	0.25231886	0.26863641	0.021469052	
S11000.soleus.KL                	0.8042403	0.79875515	0.041415589	
S11000.soleus.L0                	0.90430656	0.91156577	0.0092840134	
S11000.soleus.KF                	-0.86753488	-0.88939675	0.038629961	
S11000.soleus.KS                	0.11302564	0.108649	0.033483224	
S00011.vasti.KF                 	0.81048727	0.81487007	0.0051612973	
S00011.vasti.C0                 	0.082609407	0.082049046	0.0011578925	
S00011.vasti-knee_angle.pos_max 	-0.30396587	-0.30222012	0.0017837403	
S00011.hamstrings-pelvis_tilt.KP	0.72361721	0.72545312	0.020393355	
S00011.hamstrings-pelvis_tilt.KV	0.56865781	0.56732991	0.001042023	
S00011.hamstrings-pelvis_tilt.C0	0.02778807	0.026081581	0.0022299719	
S00011.glut_max-pelvis_tilt.KP  	1.4647898	1.4624634	0.016874802	
S00011.glut_max-pelvis_tilt.KV  	0.31676617	0.31606824	0.0010553261	
S00011.glut_max-pelvis_tilt.C0  	0.16028352	0.15764085	0.0017875266	
S00011.iliopsoas-pelvis_tilt.KP 	-3.510108	-3.5238568	0.028348605	
S00011.iliopsoas-pelvis_tilt.KV 	-0.54153255	-0.54246543	0.0013059933	
S00011.iliopsoas-pelvis_tilt.C0 	0.34200766	0.33541943	0.0028039086	
S00100.iliopsoas.C0             	0.33877934	0.33832667	0.001541494	
S00100.glut_max.C0              	-0.02588599	-0.024817507	0.0011634398	
S11000.iliopsoas.KL             	0.56271694	0.56177512	0.0013088305	
S11000.iliopsoas.L0             	0.38900772	0.38924083	0.0014558708	
S11000.iliopsoas-pelvis_tilt.P0 	-0.044187337	-0.044643659	0.0011610114	
S11000.iliopsoas-pelvis_tilt.KP 	0.01196527	0.01123314	0.0072563065	
S11000.iliopsoas-pelvis_tilt.KV 	0.14499346	0.14719622	0.0013456579	
S11000.iliopsoas-hamstrings.KL  	-8.1519079	-8.2264017	0.047849918	
S11000.iliopsoas-hamstrings.L0  	1.1663632	1.1668595	0.0010843332	
S11000.hamstrings.KF            	0.57580607	0.57524671	0.0010428593	
S11000.glut_max.KF              	0.62034707	0.62002012	0.0012044536	
