pelvis_tilt.offset              	0.023765091	0.023544201	0.00024109015	
hip_flexion_r.offset            	0.069948558	0.069840668	0.00022712754	
knee_angle_r.offset             	0.0017637735	0.0017588602	0.00024868613	
ankle_angle_r.offset            	-0.053515908	-0.053754159	0.00033000535	
hip_flexion_l.offset            	-0.0036829569	-0.0036419166	0.00046049093	
knee_angle_l.offset             	0.056560941	0.05639966	0.00035333369	
ankle_angle_l.offset            	0.18986997	0.18942758	0.00033746386	
stance_load_threshold           	0.15127918	0.15091399	0.00037266228	
S00111.tib_ant.KL               	1.3031843	1.3037709	0.0060703568	
S00111.tib_ant.L0               	0.77259452	0.7710259	0.00066472866	
S00111.tib_ant.KS               	0.000173	0.00016614317	0.00022822278	
S11000.tib_ant.KL               	1.2045624	1.2080319	0.0034889448	
S11000.tib_ant.L0               	0.73466747	0.73473949	0.00051782049	
S11000.tib_ant.KS               	0.036041909	0.035713871	0.00031836435	
S11111.tib_ant-soleus.KF        	-0.11107489	-0.11180047	0.00055514766	
S00111.soleus-tib_ant.KS        	-0.82164803	-0.82326211	0.0069134618	
S11000.soleus-tib_ant.KS        	-3.2783042	-3.2828051	0.0081377159	
S00111.gastroc-tib_ant.KS       	-0.33018209	-0.32909133	0.0056068739	
S11000.gastroc-tib_ant.KS       	-1.6958515	-1.6958426	0.0068037063	
S00111.tib_ant-gastroc.KS       	-0.00357534	-0.0037640797	0.045158592	
S11000.tib_ant-gastroc.KS       	-0.00331551	-0.0034185962	0.044138089	
S00111.tib_ant-soleus.KS        	-0.00346517	-0.003251531	0.046357619	
S11000.tib_ant-soleus.KS        	-0.00313645	-0.0032432455	0.044388358	
S00111.gastroc.L0               	0.8238062	0.8281096	0.0027099	
S00111.gastroc.KS               	0.17421424	0.17306354	0.002787698	
S00111.soleus.L0                	0.95854278	0.96082747	0.0015247042	
S00111.soleus.KS                	0.15547988	0.15434762	0.0040893097	
S11000.gastroc.KL               	0.00837043	0.0087463578	0.0045059209	
S11000.gastroc.L0               	0.52963802	0.52906082	0.0028242628	
S11000.gastroc.KF               	-1.8775993	-1.8675216	0.0067947314	
S11000.gastroc.KS               	0.2617632	0.26504204	0.0057587261	
S11000.soleus.KL                	0.81111405	0.82060647	0.011439023	
S11000.soleus.L0                	0.91372745	0.91387651	0.0026412569	
S11000.soleus.KF                	-0.88677717	-0.89474194	0.010704064	
S11000.soleus.KS                	0.10480425	0.10381632	0.0084724978	
S00011.vasti.KF                 	0.82357311	0.82286435	0.0014541185	
S00011.vasti.C0                 	0.081025058	0.081152145	0.00031955269	
S00011.vasti-knee_angle.pos_max 	-0.30229215	-0.30254322	0.00051125084	
S00011.hamstrings-pelvis_tilt.KP	0.71626383	0.71033901	0.0057277918	
S00011.hamstrings-pelvis_tilt.KV	0.5687733	0.5686745	0.0002983132	
S00011.hamstrings-pelvis_tilt.C0	0.025399658	0.0262862	0.00059561018	
S00011.glut_max-pelvis_tilt.KP  	1.4677899	1.4675669	0.0047580564	
S00011.glut_max-pelvis_tilt.KV  	0.31572405	0.31566769	0.0003008661	
S00011.glut_max-pelvis_tilt.C0  	0.16128893	0.16163894	0.00051506755	
S00011.iliopsoas-pelvis_tilt.KP 	-3.4751319	-3.4813787	0.0080921292	
S00011.iliopsoas-pelvis_tilt.KV 	-0.53942846	-0.54017222	0.00038077537	
S00011.iliopsoas-pelvis_tilt.C0 	0.33803899	0.3379456	0.00078801542	
S00100.iliopsoas.C0             	0.33958852	0.338621	0.00043541268	
S00100.glut_max.C0              	-0.025430102	-0.025219577	0.00031883693	
S11000.iliopsoas.KL             	0.56082622	0.56151711	0.00036903014	
S11000.iliopsoas.L0             	0.38929754	0.38958583	0.00041348669	
S11000.iliopsoas-pelvis_tilt.P0 	-0.045994896	-0.045684084	0.0003268652	
S11000.iliopsoas-pelvis_tilt.KP 	0.01082572	0.011505122	0.0018200156	
S11000.iliopsoas-pelvis_tilt.KV 	0.14494696	0.14500474	0.00037463223	
S11000.iliopsoas-hamstrings.KL  	-8.0681113	-8.0797718	0.014126792	
S11000.iliopsoas-hamstrings.L0  	1.167012	1.1671087	0.00030642551	
S11000.hamstrings.KF            	0.57520967	0.57519057	0.00029404506	
S11000.glut_max.KF              	0.61891994	0.61887203	0.00034049252	
