pelvis_tilt.offset              	0.023981057	0.023668411	0.00022962862	
hip_flexion_r.offset            	0.069714737	0.069770896	0.00021600923	
knee_angle_r.offset             	0.0016918384	0.0017571676	0.00023667166	
ankle_angle_r.offset            	-0.054182748	-0.05378609	0.00031377014	
hip_flexion_l.offset            	-0.0034500759	-0.0036850971	0.0004376506	
knee_angle_l.offset             	0.05665752	0.056510178	0.00033661702	
ankle_angle_l.offset            	0.18986984	0.18946675	0.00032133982	
stance_load_threshold           	0.1516038	0.15092872	0.00035472996	
S00111.tib_ant.KL               	1.2994378	1.3022696	0.0057741982	
S00111.tib_ant.L0               	0.77176979	0.77137529	0.00063339373	
S00111.tib_ant.KS               	0.00015652	0.00016692817	0.0002160799	
S11000.tib_ant.KL               	1.2116183	1.2080847	0.0033179808	
S11000.tib_ant.L0               	0.73458856	0.73503767	0.00049303092	
S11000.tib_ant.KS               	0.035982982	0.035732138	0.00030289541	
S11111.tib_ant-soleus.KF        	-0.11205696	-0.11159243	0.00052903658	
S00111.soleus-tib_ant.KS        	-0.82721055	-0.82483719	0.006570978	
S11000.soleus-tib_ant.KS        	-3.286808	-3.2830333	0.007733726	
S00111.gastroc-tib_ant.KS       	-0.3303656	-0.33055842	0.0053264634	
S11000.gastroc-tib_ant.KS       	-1.6913988	-1.6937745	0.0064666877	
S00111.tib_ant-gastroc.KS       	-0.00357534	-0.003729733	0.042755595	
S11000.tib_ant-gastroc.KS       	-0.00331551	-0.0034986377	0.041789396	
S00111.tib_ant-soleus.KS        	-0.00313515	-0.0032384265	0.043890819	
S11000.tib_ant-soleus.KS        	-0.00313645	-0.0032439434	0.042026346	
S00111.gastroc.L0               	0.82202852	0.82793525	0.0025792984	
S00111.gastroc.KS               	0.17342344	0.17339696	0.0026479505	
S00111.soleus.L0                	0.95741652	0.96019193	0.0014483678	
S00111.soleus.KS                	0.15625177	0.15605566	0.0038870019	
S11000.gastroc.KL               	0.00837043	0.0088416139	0.0042663654	
S11000.gastroc.L0               	0.53269674	0.53076907	0.002685364	
S11000.gastroc.KF               	-1.8607001	-1.8670002	0.0064688145	
S11000.gastroc.KS               	0.27021761	0.26641947	0.0054754655	
S11000.soleus.KL                	0.8352394	0.82283608	0.010878477	
S11000.soleus.L0                	0.91414138	0.91491444	0.0025105979	
S11000.soleus.KF                	-0.90324031	-0.89925197	0.010199453	
S11000.soleus.KS                	0.11302564	0.10756441	0.0080334239	
S00011.vasti.KF                 	0.82196644	0.82205273	0.0013837896	
S00011.vasti.C0                 	0.081051042	0.081198017	0.00030365212	
S00011.vasti-knee_angle.pos_max 	-0.30132286	-0.3023636	0.00048668489	
S00011.hamstrings-pelvis_tilt.KP	0.71299237	0.71279184	0.0054442289	
S00011.hamstrings-pelvis_tilt.KV	0.56882352	0.56865343	0.00028391988	
S00011.hamstrings-pelvis_tilt.C0	0.025278625	0.025837893	0.00056737498	
S00011.glut_max-pelvis_tilt.KP  	1.4672991	1.468219	0.0045330909	
S00011.glut_max-pelvis_tilt.KV  	0.31614647	0.31576901	0.00028603504	
S00011.glut_max-pelvis_tilt.C0  	0.16165596	0.16136154	0.00049084999	
S00011.iliopsoas-pelvis_tilt.KP 	-3.4749951	-3.4822145	0.0076881888	
S00011.iliopsoas-pelvis_tilt.KV 	-0.54010958	-0.53995635	0.00036270013	
S00011.iliopsoas-pelvis_tilt.C0 	0.33849626	0.33818666	0.00074954168	
S00100.iliopsoas.C0             	0.33795208	0.33861447	0.00041474841	
S00100.glut_max.C0              	-0.025009529	-0.025272878	0.00030346158	
S11000.iliopsoas.KL             	0.56206051	0.56166769	0.00035152394	
S11000.iliopsoas.L0             	0.38952539	0.38932879	0.00039428767	
S11000.iliopsoas-pelvis_tilt.P0 	-0.045988194	-0.045786975	0.00031036601	
S11000.iliopsoas-pelvis_tilt.KP 	0.011229216	0.011437432	0.0017243025	
S11000.iliopsoas-pelvis_tilt.KV 	0.14485908	0.14491349	0.00035610321	
S11000.iliopsoas-hamstrings.KL  	-8.0700996	-8.0821818	0.013444544	
S11000.iliopsoas-hamstrings.L0  	1.1670421	1.1671638	0.0002922932	
S11000.hamstrings.KF            	0.57519653	0.57528206	0.00028039192	
S11000.glut_max.KF              	0.61940512	0.61892781	0.0003236608	
