pelvis_tilt.offset              	0.023712031	0.023880172	0.00012812537	
hip_flexion_r.offset            	0.07013854	0.070149917	0.00011920375	
knee_angle_r.offset             	0.0012727583	0.0013423716	0.00013309459	
ankle_angle_r.offset            	-0.054148931	-0.054233172	0.00017434589	
hip_flexion_l.offset            	-0.0036523991	-0.0034889641	0.00024318167	
knee_angle_l.offset             	0.055938423	0.056169209	0.0001896921	
ankle_angle_l.offset            	0.18889011	0.18892052	0.00018147497	
stance_load_threshold           	0.15067058	0.15082573	0.00019595616	
S00111.tib_ant.KL               	1.300973	1.3045949	0.0032557031	
S00111.tib_ant.L0               	0.77053	0.77093208	0.00034985227	
S00111.tib_ant.KS               	0.00015652	0.00016132298	0.00011047424	
S11000.tib_ant.KL               	1.206329	1.2078698	0.0018214581	
S11000.tib_ant.L0               	0.73411149	0.73453371	0.00027254622	
S11000.tib_ant.KS               	0.035675321	0.03573277	0.00016775192	
S11111.tib_ant-soleus.KF        	-0.11265123	-0.11257327	0.00029683142	
S00111.soleus-tib_ant.KS        	-0.82754669	-0.82894268	0.0036327874	
S11000.soleus-tib_ant.KS        	-3.2669756	-3.2677232	0.0043387975	
S00111.gastroc-tib_ant.KS       	-0.32365933	-0.326734	0.0028498659	
S11000.gastroc-tib_ant.KS       	-1.6792419	-1.6846042	0.0036268031	
S00111.tib_ant-gastroc.KS       	-0.00357534	-0.003832041	0.02185422	
S11000.tib_ant-gastroc.KS       	-0.00366451	-0.0034400692	0.02136035	
S00111.tib_ant-soleus.KS        	-0.00346517	-0.003373627	0.022434469	
S11000.tib_ant-soleus.KS        	-0.0034666	-0.0032249498	0.021481454	
S00111.gastroc.L0               	0.82506515	0.82607903	0.0014332682	
S00111.gastroc.KS               	0.17190571	0.17194022	0.0014338733	
S00111.soleus.L0                	0.96265201	0.96190563	0.00081079456	
S00111.soleus.KS                	0.16520068	0.16296533	0.0021253562	
S11000.gastroc.KL               	0.00925153	0.0088652929	0.0021842522	
S11000.gastroc.L0               	0.53429828	0.53324891	0.0014892775	
S11000.gastroc.KF               	-1.8573646	-1.8539545	0.0036295745	
S11000.gastroc.KS               	0.26695684	0.26577467	0.0030383528	
S11000.soleus.KL                	0.8310037	0.82917994	0.0060310792	
S11000.soleus.L0                	0.91049924	0.91090786	0.0014068443	
S11000.soleus.KF                	-0.90255656	-0.90020568	0.0056802253	
S11000.soleus.KS                	0.10359313	0.10533353	0.0042523493	
S00011.vasti.KF                 	0.8221242	0.82232896	0.00076081707	
S00011.vasti.C0                 	0.081982365	0.081716316	0.00016739924	
S00011.vasti-knee_angle.pos_max 	-0.30231825	-0.30230109	0.00027054718	
S00011.hamstrings-pelvis_tilt.KP	0.70499719	0.70892437	0.0030483627	
S00011.hamstrings-pelvis_tilt.KV	0.5687759	0.56866251	0.00015740587	
S00011.hamstrings-pelvis_tilt.C0	0.025518977	0.025999185	0.00031189875	
S00011.glut_max-pelvis_tilt.KP  	1.4588037	1.4607306	0.002526201	
S00011.glut_max-pelvis_tilt.KV  	0.3153145	0.31537513	0.00015990047	
S00011.glut_max-pelvis_tilt.C0  	0.1612157	0.16140746	0.00027250995	
S00011.iliopsoas-pelvis_tilt.KP 	-3.4890499	-3.4870929	0.0042527169	
S00011.iliopsoas-pelvis_tilt.KV 	-0.53963819	-0.53993282	0.00020270662	
S00011.iliopsoas-pelvis_tilt.C0 	0.33888707	0.33849296	0.00041953571	
S00100.iliopsoas.C0             	0.33796652	0.33789311	0.00023034181	
S00100.glut_max.C0              	-0.024825621	-0.024994156	0.00016744329	
S11000.iliopsoas.KL             	0.56177691	0.5619761	0.0001947398	
S11000.iliopsoas.L0             	0.38892062	0.38899329	0.0002203076	
S11000.iliopsoas-pelvis_tilt.P0 	-0.045005951	-0.045433979	0.00017362815	
S11000.iliopsoas-pelvis_tilt.KP 	0.01082572	0.011672971	0.00089296826	
S11000.iliopsoas-pelvis_tilt.KV 	0.1449789	0.14496307	0.00019776448	
S11000.iliopsoas-hamstrings.KL  	-8.0653239	-8.0728715	0.0074655678	
S11000.iliopsoas-hamstrings.L0  	1.1670996	1.1670783	0.00016174611	
S11000.hamstrings.KF            	0.57543203	0.57519486	0.00015423931	
S11000.glut_max.KF              	0.61965749	0.61945751	0.00017839116	
