pelvis_tilt.offset              	0.023961744	0.023955025	9.545656e-05	
hip_flexion_r.offset            	0.070113642	0.070156307	9.0013017e-05	
knee_angle_r.offset             	0.0014629321	0.0014320854	0.00010038434	
ankle_angle_r.offset            	-0.054633557	-0.054478776	0.00013049289	
hip_flexion_l.offset            	-0.0039282389	-0.0040196377	0.00018389856	
knee_angle_l.offset             	0.055989206	0.055928172	0.00014175609	
ankle_angle_l.offset            	0.18851626	0.18862946	0.00013702012	
stance_load_threshold           	0.15062384	0.1504798	0.0001456812	
S00111.tib_ant.KL               	1.3020838	1.3052523	0.0024407867	
S00111.tib_ant.L0               	0.77086132	0.77078515	0.0002612963	
S00111.tib_ant.KS               	0.00016022047	0.00016491551	7.6831174e-05	
S11000.tib_ant.KL               	1.2093048	1.2089391	0.0013484109	
S11000.tib_ant.L0               	0.73501	0.73512738	0.00020733441	
S11000.tib_ant.KS               	0.035872124	0.035744941	0.00012502321	
S11111.tib_ant-soleus.KF        	-0.11298784	-0.11296291	0.00022180134	
S00111.soleus-tib_ant.KS        	-0.82860853	-0.83008465	0.0026871887	
S11000.soleus-tib_ant.KS        	-3.2690701	-3.272171	0.0032237407	
S00111.gastroc-tib_ant.KS       	-0.32325151	-0.32522935	0.0020918308	
S11000.gastroc-tib_ant.KS       	-1.6722817	-1.6777686	0.0027359564	
S00111.tib_ant-gastroc.KS       	-0.00395169	-0.0037841355	0.015189081	
S11000.tib_ant-gastroc.KS       	-0.00366451	-0.0035421964	0.014845817	
S00111.tib_ant-soleus.KS        	-0.0033073617	-0.0032733737	0.015592332	
S11000.tib_ant-soleus.KS        	-0.0034666	-0.0033941152	0.014929976	
S00111.gastroc.L0               	0.82415513	0.8241108	0.0010720783	
S00111.gastroc.KS               	0.17107326	0.17128966	0.0010527601	
S00111.soleus.L0                	0.96143999	0.96079388	0.00060285271	
S00111.soleus.KS                	0.16311532	0.16241236	0.0015776928	
S11000.gastroc.KL               	0.0087744532	0.0088161656	0.0015244319	
S11000.gastroc.L0               	0.53165363	0.5316183	0.0010936221	
S11000.gastroc.KF               	-1.8512903	-1.8507245	0.0027157581	
S11000.gastroc.KS               	0.27307872	0.27109101	0.0022775343	
S11000.soleus.KL                	0.83553522	0.82999271	0.0044833687	
S11000.soleus.L0                	0.90731846	0.90733181	0.0010707682	
S11000.soleus.KF                	-0.90828699	-0.91301724	0.00422339	
S11000.soleus.KS                	0.11011871	0.10736433	0.0031259223	
S00011.vasti.KF                 	0.82295053	0.82222325	0.00056950539	
S00011.vasti.C0                 	0.081917198	0.081683769	0.00012371706	
S00011.vasti-knee_angle.pos_max 	-0.30263694	-0.30240834	0.00020306391	
S00011.hamstrings-pelvis_tilt.KP	0.70438116	0.70829558	0.0022721989	
S00011.hamstrings-pelvis_tilt.KV	0.56875682	0.56867591	0.00011797569	
S00011.hamstrings-pelvis_tilt.C0	0.025505389	0.025403894	0.00023242799	
S00011.glut_max-pelvis_tilt.KP  	1.4566866	1.4570118	0.0018964396	
S00011.glut_max-pelvis_tilt.KV  	0.31503507	0.31506835	0.00012026452	
S00011.glut_max-pelvis_tilt.C0  	0.1618033	0.1616216	0.00020273795	
S00011.iliopsoas-pelvis_tilt.KP 	-3.4799126	-3.4805227	0.0031891044	
S00011.iliopsoas-pelvis_tilt.KV 	-0.54005902	-0.53999222	0.00015106479	
S00011.iliopsoas-pelvis_tilt.C0 	0.33795817	0.33816426	0.00031016353	
S00100.iliopsoas.C0             	0.33801926	0.33812079	0.00017190566	
S00100.glut_max.C0              	-0.025048055	-0.025020151	0.00012459741	
S11000.iliopsoas.KL             	0.56230388	0.56224475	0.00014514603	
S11000.iliopsoas.L0             	0.38915406	0.38906747	0.00016401238	
S11000.iliopsoas-pelvis_tilt.P0 	-0.044986271	-0.045222808	0.00013028238	
S11000.iliopsoas-pelvis_tilt.KP 	0.010830051	0.011397656	0.00063839415	
S11000.iliopsoas-pelvis_tilt.KV 	0.14476563	0.14493553	0.00014716145	
S11000.iliopsoas-hamstrings.KL  	-8.0831498	-8.0837224	0.0057012352	
S11000.iliopsoas-hamstrings.L0  	1.1672898	1.1672608	0.00012141465	
S11000.hamstrings.KF            	0.57505055	0.57521487	0.00011538965	
S11000.glut_max.KF              	0.61964957	0.61954676	0.00013229133	
