pelvis_tilt.offset              	0.021264171	0.021069536	0.0013581416	
hip_flexion_r.offset            	0.068637036	0.068981461	0.0012795335	
knee_angle_r.offset             	0.0014262881	0.00056853637	0.0014064254	
ankle_angle_r.offset            	-0.057265203	-0.057628699	0.00183273	
hip_flexion_l.offset            	-0.0069364965	-0.0040050999	0.002601741	
knee_angle_l.offset             	0.057699918	0.059041287	0.0020054913	
ankle_angle_l.offset            	0.18614836	0.18799823	0.0019174381	
stance_load_threshold           	0.15215572	0.15308116	0.0021051463	
S00111.tib_ant.KL               	1.1870029	1.2472047	0.034910107	
S00111.tib_ant.L0               	0.76669128	0.76591586	0.0037514976	
S00111.tib_ant.KS               	0.00015652	0.00016704386	0.001517091	
S11000.tib_ant.KL               	1.2061765	1.2106619	0.019874115	
S11000.tib_ant.L0               	0.73473889	0.7398341	0.0028952449	
S11000.tib_ant.KS               	0.035051094	0.036194821	0.0018550148	
S11111.tib_ant-soleus.KF        	-0.10945278	-0.11107484	0.0031523915	
S00111.soleus-tib_ant.KS        	-0.82826433	-0.84035036	0.040299577	
S11000.soleus-tib_ant.KS        	-3.2933976	-3.2868385	0.046385676	
S00111.gastroc-tib_ant.KS       	-0.32596395	-0.32511356	0.035091346	
S11000.gastroc-tib_ant.KS       	-1.6560732	-1.6786041	0.038724413	
S00111.tib_ant-gastroc.KS       	-0.00395169	-0.0036973042	0.30020448	
S11000.tib_ant-gastroc.KS       	-0.00331551	-0.0035984125	0.29342042	
S00111.tib_ant-soleus.KS        	-0.00313515	-0.0033067264	0.30817541	
S11000.tib_ant-soleus.KS        	-0.0034666	-0.0032994491	0.29508417	
S00111.gastroc.L0               	0.82464378	0.83775777	0.015320695	
S00111.gastroc.KS               	0.1725941	0.17404329	0.017341074	
S00111.soleus.L0                	0.95571196	0.95633757	0.0088281934	
S00111.soleus.KS                	0.15071544	0.159044	0.02533724	
S11000.gastroc.KL               	0.00925153	0.0088666559	0.02994221	
S11000.gastroc.L0               	0.51054248	0.51825003	0.016184979	
S11000.gastroc.KF               	-1.8770594	-1.8330821	0.038149726	
S11000.gastroc.KS               	0.27887874	0.26235518	0.035446808	
S11000.soleus.KL                	0.84260236	0.80282346	0.067968383	
S11000.soleus.L0                	0.85825121	0.88482203	0.014903582	
S11000.soleus.KF                	-0.91258228	-0.90694026	0.063139129	
S11000.soleus.KS                	0.11302564	0.10799604	0.055596147	
S00011.vasti.KF                 	0.82413006	0.81727146	0.0083234863	
S00011.vasti.C0                 	0.085568644	0.085854737	0.0018836142	
S00011.vasti-knee_angle.pos_max 	-0.31185084	-0.3059263	0.0028679812	
S00011.hamstrings-pelvis_tilt.KP	0.70124139	0.69421261	0.033128996	
S00011.hamstrings-pelvis_tilt.KV	0.56714934	0.56686097	0.0016736809	
S00011.hamstrings-pelvis_tilt.C0	0.02778807	0.026147957	0.0036808988	
S00011.glut_max-pelvis_tilt.KP  	1.5113405	1.5254743	0.027260742	
S00011.glut_max-pelvis_tilt.KV  	0.31200126	0.31391808	0.0016993227	
S00011.glut_max-pelvis_tilt.C0  	0.1546077	0.15913601	0.002857101	
S00011.iliopsoas-pelvis_tilt.KP 	-3.5287939	-3.491357	0.045677564	
S00011.iliopsoas-pelvis_tilt.KV 	-0.54312258	-0.5439695	0.0020811178	
S00011.iliopsoas-pelvis_tilt.C0 	0.32688931	0.33297912	0.0044942246	
S00100.iliopsoas.C0             	0.33971788	0.33794391	0.0024634182	
S00100.glut_max.C0              	-0.02588599	-0.024573081	0.0019067785	
S11000.iliopsoas.KL             	0.55738236	0.55985963	0.0021087025	
S11000.iliopsoas.L0             	0.39310788	0.39314176	0.0023444611	
S11000.iliopsoas-pelvis_tilt.P0 	-0.045373408	-0.043301262	0.0018889901	
S11000.iliopsoas-pelvis_tilt.KP 	0.01196527	0.011220205	0.012053196	
S11000.iliopsoas-pelvis_tilt.KV 	0.1455668	0.14545344	0.0021710053	
S11000.iliopsoas-hamstrings.KL  	-8.3608246	-8.2943079	0.077049955	
S11000.iliopsoas-hamstrings.L0  	1.1601985	1.1652761	0.001754144	
S11000.hamstrings.KF            	0.57705887	0.57417285	0.0016838983	
S11000.glut_max.KF              	0.61744163	0.62115859	0.0019169172	
