pelvis_tilt.offset              	0.022878583	0.022466025	0.0012491165	
hip_flexion_r.offset            	0.069173161	0.070239423	0.0011801429	
knee_angle_r.offset             	0.00012358371	0.0013783921	0.0012983097	
ankle_angle_r.offset            	-0.057565659	-0.057879697	0.0016910649	
hip_flexion_l.offset            	-0.005945328	-0.0060365612	0.0023905015	
knee_angle_l.offset             	0.058249659	0.05829274	0.001843384	
ankle_angle_l.offset            	0.1865137	0.18560882	0.0017648329	
stance_load_threshold           	0.15282094	0.15319933	0.001937159	
S00111.tib_ant.KL               	1.233105	1.2529655	0.032119764	
S00111.tib_ant.L0               	0.76518223	0.7650455	0.0034689918	
S00111.tib_ant.KS               	0.000173	0.00016349439	0.0013899405	
S11000.tib_ant.KL               	1.1897168	1.1836077	0.018295563	
S11000.tib_ant.L0               	0.73962252	0.73950769	0.0026766358	
S11000.tib_ant.KS               	0.03726336	0.03646128	0.001704153	
S11111.tib_ant-soleus.KF        	-0.11542984	-0.1099243	0.0028994288	
S00111.soleus-tib_ant.KS        	-0.80888339	-0.82984814	0.036995564	
S11000.soleus-tib_ant.KS        	-3.276528	-3.2950014	0.042713551	
S00111.gastroc-tib_ant.KS       	-0.32171493	-0.33495891	0.03218479	
S11000.gastroc-tib_ant.KS       	-1.6464004	-1.6926974	0.035573568	
S00111.tib_ant-gastroc.KS       	-0.00357534	-0.0036298497	0.2750437	
S11000.tib_ant-gastroc.KS       	-0.00366451	-0.003465848	0.26882822	
S00111.tib_ant-soleus.KS        	-0.00313515	-0.0032780096	0.28234657	
S11000.tib_ant-soleus.KS        	-0.00313645	-0.0033565591	0.27035254	
S00111.gastroc.L0               	0.82718038	0.83880425	0.01409485	
S00111.gastroc.KS               	0.17739288	0.1718157	0.015899479	
S00111.soleus.L0                	0.94984336	0.95375046	0.0081242162	
S00111.soleus.KS                	0.16520068	0.15170918	0.02322249	
S11000.gastroc.KL               	0.00837043	0.0088513987	0.027432736	
S11000.gastroc.L0               	0.53634244	0.5337588	0.014876891	
S11000.gastroc.KF               	-1.875368	-1.8139809	0.035024041	
S11000.gastroc.KS               	0.27887874	0.26714154	0.0324942	
S11000.soleus.KL                	0.83975622	0.81333618	0.062365016	
S11000.soleus.L0                	0.85363246	0.88013026	0.013729185	
S11000.soleus.KF                	-0.93039972	-0.9359589	0.057956723	
S11000.soleus.KS                	0.11302564	0.1084133	0.050939105	
S00011.vasti.KF                 	0.81007964	0.81871854	0.0076406809	
S00011.vasti.C0                 	0.082535066	0.083289055	0.0017306655	
S00011.vasti-knee_angle.pos_max 	-0.30838675	-0.30400397	0.0026407131	
S00011.hamstrings-pelvis_tilt.KP	0.69523642	0.72259451	0.030437502	
S00011.hamstrings-pelvis_tilt.KV	0.56665146	0.56736124	0.0015419211	
S00011.hamstrings-pelvis_tilt.C0	0.02514159	0.027006052	0.0033743588	
S00011.glut_max-pelvis_tilt.KP  	1.496888	1.4874145	0.025037715	
S00011.glut_max-pelvis_tilt.KV  	0.3137435	0.31539856	0.0015669566	
S00011.glut_max-pelvis_tilt.C0  	0.15720414	0.15744552	0.0026385142	
S00011.iliopsoas-pelvis_tilt.KP 	-3.5348755	-3.497149	0.04204052	
S00011.iliopsoas-pelvis_tilt.KV 	-0.54368631	-0.54417257	0.0019112987	
S00011.iliopsoas-pelvis_tilt.C0 	0.3388849	0.33460727	0.0041388959	
S00100.iliopsoas.C0             	0.33575629	0.33718291	0.0022781805	
S00100.glut_max.C0              	-0.024683173	-0.024978128	0.001748942	
S11000.iliopsoas.KL             	0.56357761	0.56256151	0.0019418282	
S11000.iliopsoas.L0             	0.39131073	0.39294731	0.0021573777	
S11000.iliopsoas-pelvis_tilt.P0 	-0.043212116	-0.044532336	0.0017370219	
S11000.iliopsoas-pelvis_tilt.KP 	0.01082572	0.01134646	0.011043173	
S11000.iliopsoas-pelvis_tilt.KV 	0.13933118	0.14091353	0.0020036049	
S11000.iliopsoas-hamstrings.KL  	-8.2704237	-8.2740165	0.07109123	
S11000.iliopsoas-hamstrings.L0  	1.1678178	1.1666022	0.0016188861	
S11000.hamstrings.KF            	0.57566258	0.57653003	0.0015519382	
S11000.glut_max.KF              	0.62293203	0.61973885	0.0017704502	
