pelvis_tilt.offset              	0.023609847	0.023794	0.00091262126	
hip_flexion_r.offset            	0.070846033	0.069498754	0.00085837753	
knee_angle_r.offset             	0.0017389476	0.0026107651	0.0009518032	
ankle_angle_r.offset            	-0.056504732	-0.05718811	0.00122731	
hip_flexion_l.offset            	-0.0048099169	-0.0046373726	0.0017385526	
knee_angle_l.offset             	0.05872087	0.058167269	0.0013400959	
ankle_angle_l.offset            	0.18601754	0.18620711	0.0012817232	
stance_load_threshold           	0.15504558	0.1535975	0.0014110568	
S00111.tib_ant.KL               	1.2886926	1.257446	0.023436418	
S00111.tib_ant.L0               	0.764602	0.76715829	0.0025413172	
S00111.tib_ant.KS               	0.000173	0.00016159579	0.00098747472	
S11000.tib_ant.KL               	1.164911	1.1799499	0.01337212	
S11000.tib_ant.L0               	0.73912285	0.74086293	0.0019601666	
S11000.tib_ant.KS               	0.03371447	0.035803931	0.0012300235	
S11111.tib_ant-soleus.KF        	-0.11158923	-0.11356379	0.0021054871	
S00111.soleus-tib_ant.KS        	-0.81766866	-0.85879087	0.02669079	
S11000.soleus-tib_ant.KS        	-3.1939313	-3.2508008	0.031010177	
S00111.gastroc-tib_ant.KS       	-0.32171493	-0.32892701	0.022974387	
S11000.gastroc-tib_ant.KS       	-1.6406455	-1.6278363	0.026035323	
S00111.tib_ant-gastroc.KS       	-0.00395169	-0.0038267312	0.19540282	
S11000.tib_ant-gastroc.KS       	-0.00366451	-0.0035303225	0.19098708	
S00111.tib_ant-soleus.KS        	-0.00346517	-0.00332793	0.20059109	
S11000.tib_ant-soleus.KS        	-0.00313645	-0.0033141907	0.19207002	
S00111.gastroc.L0               	0.86556704	0.85319993	0.010250617	
S00111.gastroc.KS               	0.17739288	0.17443012	0.011352453	
S00111.soleus.L0                	0.9408728	0.9579124	0.0059344004	
S00111.soleus.KS                	0.14946728	0.15764984	0.016557484	
S11000.gastroc.KL               	0.00837043	0.0087669319	0.019489587	
S11000.gastroc.L0               	0.49752118	0.52720934	0.010787686	
S11000.gastroc.KF               	-1.8427507	-1.8209349	0.025575475	
S11000.gastroc.KS               	0.25231886	0.26797581	0.023194535	
S11000.soleus.KL                	0.76235452	0.7788106	0.044720913	
S11000.soleus.L0                	0.87015232	0.87976787	0.010076398	
S11000.soleus.KF                	-0.86753488	-0.88460391	0.041732856	
S11000.soleus.KS                	0.11302564	0.10834872	0.036204413	
S00011.vasti.KF                 	0.82693822	0.82624802	0.0055462104	
S00011.vasti.C0                 	0.080985092	0.080689921	0.0012564432	
S00011.vasti-knee_angle.pos_max 	-0.30131632	-0.30394323	0.0019261666	
S00011.hamstrings-pelvis_tilt.KP	0.70745305	0.71326377	0.022044537	
S00011.hamstrings-pelvis_tilt.KV	0.5696193	0.5692343	0.0011236434	
S00011.hamstrings-pelvis_tilt.C0	0.02778807	0.026766399	0.0024078765	
S00011.glut_max-pelvis_tilt.KP  	1.5115797	1.5053287	0.018048959	
S00011.glut_max-pelvis_tilt.KV  	0.31681976	0.31571192	0.0011485979	
S00011.glut_max-pelvis_tilt.C0  	0.16249422	0.15914202	0.0019311465	
S00011.iliopsoas-pelvis_tilt.KP 	-3.5826312	-3.5554397	0.030720132	
S00011.iliopsoas-pelvis_tilt.KV 	-0.54387199	-0.5437	0.0013928447	
S00011.iliopsoas-pelvis_tilt.C0 	0.33828501	0.3374616	0.0030467573	
S00100.iliopsoas.C0             	0.33749087	0.33589904	0.0016660626	
S00100.glut_max.C0              	-0.02342065	-0.024203339	0.0012512125	
S11000.iliopsoas.KL             	0.56486213	0.56474962	0.0014167316	
S11000.iliopsoas.L0             	0.39017737	0.39157307	0.0015658328	
S11000.iliopsoas-pelvis_tilt.P0 	-0.046080272	-0.045439437	0.0012594012	
S11000.iliopsoas-pelvis_tilt.KP 	0.01196527	0.011239095	0.0078462722	
S11000.iliopsoas-pelvis_tilt.KV 	0.141887	0.14119571	0.0014682988	
S11000.iliopsoas-hamstrings.KL  	-8.2781695	-8.311214	0.051963886	
S11000.iliopsoas-hamstrings.L0  	1.1684459	1.1656668	0.0011773352	
S11000.hamstrings.KF            	0.57759722	0.57587748	0.0011300613	
S11000.glut_max.KF              	0.62253661	0.62160273	0.0012938951	
