pelvis_tilt.offset              	0.02473281	0.024839305	0.00011903919	
hip_flexion_r.offset            	0.069871518	0.069784371	0.00011213727	
knee_angle_r.offset             	0.002512723	0.0025088751	0.00012526141	
ankle_angle_r.offset            	-0.053177671	-0.053045007	0.00016911588	
hip_flexion_l.offset            	-4.5143878e-05	0.00027589054	0.00023761181	
knee_angle_l.offset             	0.057172802	0.057272512	0.00017866713	
ankle_angle_l.offset            	0.1881042	0.18828679	0.00017180538	
stance_load_threshold           	0.15292479	0.15299978	0.00018598429	
S00111.tib_ant.KL               	1.2926057	1.2923166	0.0030992235	
S00111.tib_ant.L0               	0.76441516	0.76426486	0.00034283523	
S00111.tib_ant.KS               	0.00015652	0.00016593637	9.701826e-05	
S11000.tib_ant.KL               	1.1508875	1.1518146	0.0017836212	
S11000.tib_ant.L0               	0.74270751	0.7428215	0.00026164818	
S11000.tib_ant.KS               	0.036731041	0.036767877	0.00015805397	
S11111.tib_ant-soleus.KF        	-0.11240605	-0.11179441	0.00027510657	
S00111.soleus-tib_ant.KS        	-0.81745084	-0.82240566	0.0034595601	
S11000.soleus-tib_ant.KS        	-3.2418285	-3.2461592	0.0041994577	
S00111.gastroc-tib_ant.KS       	-0.32599644	-0.3257453	0.0025666562	
S11000.gastroc-tib_ant.KS       	-1.6316402	-1.6295221	0.0034847866	
S00111.tib_ant-gastroc.KS       	-0.00395169	-0.0036684547	0.01918697	
S11000.tib_ant-gastroc.KS       	-0.00331551	-0.0034790017	0.018753362	
S00111.tib_ant-soleus.KS        	-0.00313515	-0.0033134545	0.019696372	
S11000.tib_ant-soleus.KS        	-0.00313645	-0.0033059518	0.018859682	
S00111.gastroc.L0               	0.8802289	0.87812328	0.0013943722	
S00111.gastroc.KS               	0.17532307	0.17581795	0.0012536458	
S00111.soleus.L0                	0.96484288	0.96511081	0.00079254908	
S00111.soleus.KS                	0.1613816	0.16283355	0.0019846347	
S11000.gastroc.KL               	0.00925153	0.0088691039	0.0019214501	
S11000.gastroc.L0               	0.51643775	0.51520255	0.0014098872	
S11000.gastroc.KF               	-1.7608229	-1.7531284	0.0035024236	
S11000.gastroc.KS               	0.2632389	0.26395371	0.0028509444	
S11000.soleus.KL                	0.82420899	0.81874667	0.0057888371	
S11000.soleus.L0                	0.86334511	0.86111448	0.0013415276	
S11000.soleus.KF                	-0.93263963	-0.9348494	0.0053167236	
S11000.soleus.KS                	0.10411678	0.10719419	0.0038637268	
S00011.vasti.KF                 	0.82481956	0.82335591	0.00070353383	
S00011.vasti.C0                 	0.07992329	0.080097079	0.00014444714	
S00011.vasti-knee_angle.pos_max 	-0.3014211	-0.30167643	0.00025325173	
S00011.hamstrings-pelvis_tilt.KP	0.69599821	0.69745056	0.0029324088	
S00011.hamstrings-pelvis_tilt.KV	0.56920402	0.56937036	0.00014983098	
S00011.hamstrings-pelvis_tilt.C0	0.026185502	0.026297827	0.00029501797	
S00011.glut_max-pelvis_tilt.KP  	1.5108608	1.5121027	0.0024414813	
S00011.glut_max-pelvis_tilt.KV  	0.31725412	0.31739506	0.0001589276	
S00011.glut_max-pelvis_tilt.C0  	0.15565202	0.15615342	0.00025468364	
S00011.iliopsoas-pelvis_tilt.KP 	-3.567927	-3.573572	0.0040727163	
S00011.iliopsoas-pelvis_tilt.KV 	-0.54700314	-0.54682144	0.00019328319	
S00011.iliopsoas-pelvis_tilt.C0 	0.33568221	0.33680367	0.00039774862	
S00100.iliopsoas.C0             	0.33869652	0.33870784	0.00022008433	
S00100.glut_max.C0              	-0.025313023	-0.025452375	0.00016300589	
S11000.iliopsoas.KL             	0.56572021	0.56547823	0.00018678973	
S11000.iliopsoas.L0             	0.38742437	0.38729829	0.00020873728	
S11000.iliopsoas-pelvis_tilt.P0 	-0.045319032	-0.045209206	0.00016715193	
S11000.iliopsoas-pelvis_tilt.KP 	0.010910399	0.011595778	0.00079360995	
S11000.iliopsoas-pelvis_tilt.KV 	0.14505914	0.14504147	0.00019243384	
S11000.iliopsoas-hamstrings.KL  	-8.4207865	-8.42277	0.0071541978	
S11000.iliopsoas-hamstrings.L0  	1.1678128	1.1676009	0.00015397211	
S11000.hamstrings.KF            	0.5720225	0.57208117	0.00015425447	
S11000.glut_max.KF              	0.62070407	0.62076467	0.00016886566	
