pelvis_tilt.offset              	0.024596063	0.024549342	3.3647588e-05	
hip_flexion_r.offset            	0.069640932	0.069669688	3.1697319e-05	
knee_angle_r.offset             	0.0027741897	0.002792593	3.6061794e-05	
ankle_angle_r.offset            	-0.05317412	-0.053224106	4.979476e-05	
hip_flexion_l.offset            	0.00048687971	0.00049049479	6.7332611e-05	
knee_angle_l.offset             	0.05740063	0.057389573	5.0739428e-05	
ankle_angle_l.offset            	0.18825613	0.18826481	4.9622074e-05	
stance_load_threshold           	0.15332245	0.15327279	5.1390091e-05	
S00111.tib_ant.KL               	1.290359	1.2906705	0.00088363142	
S00111.tib_ant.L0               	0.76396284	0.76402235	9.7196599e-05	
S00111.tib_ant.KS               	0.000173	0.00016597272	2.0534844e-05	
S11000.tib_ant.KL               	1.1491192	1.1487665	0.00053886198	
S11000.tib_ant.L0               	0.74284808	0.74284367	7.4252768e-05	
S11000.tib_ant.KS               	0.036744521	0.036755181	4.6934984e-05	
S11111.tib_ant-soleus.KF        	-0.11199963	-0.11203406	7.8952385e-05	
S00111.soleus-tib_ant.KS        	-0.81034076	-0.8096841	0.00097706561	
S11000.soleus-tib_ant.KS        	-3.2517899	-3.2525242	0.0011883938	
S00111.gastroc-tib_ant.KS       	-0.32573219	-0.32567722	0.00067521867	
S11000.gastroc-tib_ant.KS       	-1.6363459	-1.6370688	0.00098752238	
S00111.tib_ant-gastroc.KS       	-0.00357534	-0.0036656291	0.0039964642	
S11000.tib_ant-gastroc.KS       	-0.00331551	-0.0035461633	0.0039060315	
S00111.tib_ant-soleus.KS        	-0.00346517	-0.0033684743	0.0041023163	
S11000.tib_ant-soleus.KS        	-0.00313645	-0.0032753924	0.0039280776	
S00111.gastroc.L0               	0.87695484	0.87745523	0.00038622111	
S00111.gastroc.KS               	0.17581715	0.17641438	0.00033652636	
S00111.soleus.L0                	0.96405618	0.96410235	0.00022107393	
S00111.soleus.KS                	0.15891305	0.15838418	0.00055870733	
S11000.gastroc.KL               	0.0086550312	0.0086711589	0.00043343167	
S11000.gastroc.L0               	0.51492773	0.51418435	0.00039741165	
S11000.gastroc.KF               	-1.750044	-1.7489633	0.00099715073	
S11000.gastroc.KS               	0.26133975	0.26035688	0.00079868596	
S11000.soleus.KL                	0.82293999	0.82123199	0.0016605313	
S11000.soleus.L0                	0.86309221	0.86339761	0.00037650723	
S11000.soleus.KF                	-0.93131366	-0.93160367	0.0014859143	
S11000.soleus.KS                	0.11191991	0.11079868	0.0010317543	
S00011.vasti.KF                 	0.82460987	0.82471453	0.00019411322	
S00011.vasti.C0                 	0.079979446	0.080006154	3.7418368e-05	
S00011.vasti-knee_angle.pos_max 	-0.30120956	-0.30112608	7.2191675e-05	
S00011.hamstrings-pelvis_tilt.KP	0.69870596	0.69880226	0.00083020191	
S00011.hamstrings-pelvis_tilt.KV	0.56974991	0.56977502	4.2350916e-05	
S00011.hamstrings-pelvis_tilt.C0	0.02572803	0.025777585	8.4621028e-05	
S00011.glut_max-pelvis_tilt.KP  	1.5138862	1.5136981	0.00068664859	
S00011.glut_max-pelvis_tilt.KV  	0.31737503	0.31743174	4.5173668e-05	
S00011.glut_max-pelvis_tilt.C0  	0.15563915	0.15551118	7.238853e-05	
S00011.iliopsoas-pelvis_tilt.KP 	-3.5760775	-3.5764795	0.0011499175	
S00011.iliopsoas-pelvis_tilt.KV 	-0.54707309	-0.54700545	5.5291173e-05	
S00011.iliopsoas-pelvis_tilt.C0 	0.33544896	0.33545312	0.00011553553	
S00100.iliopsoas.C0             	0.33807691	0.33810487	6.3174382e-05	
S00100.glut_max.C0              	-0.025069124	-0.025073633	4.5731257e-05	
S11000.iliopsoas.KL             	0.56583895	0.56582571	5.2579321e-05	
S11000.iliopsoas.L0             	0.3865344	0.38644943	6.0273781e-05	
S11000.iliopsoas-pelvis_tilt.P0 	-0.04509284	-0.045147261	4.729133e-05	
S11000.iliopsoas-pelvis_tilt.KP 	0.01177154	0.011524826	0.00020599257	
S11000.iliopsoas-pelvis_tilt.KV 	0.14538436	0.14535943	5.4327287e-05	
S11000.iliopsoas-hamstrings.KL  	-8.4216376	-8.4222043	0.0020231861	
S11000.iliopsoas-hamstrings.L0  	1.1677806	1.1677419	4.3768259e-05	
S11000.hamstrings.KF            	0.57232767	0.57233389	4.3546322e-05	
S11000.glut_max.KF              	0.6208372	0.62079712	4.7260335e-05	
