pelvis_tilt.offset              	0.024618596	0.024622419	7.055421e-06	
hip_flexion_r.offset            	0.069618262	0.069629023	6.6578395e-06	
knee_angle_r.offset             	0.0027796545	0.0027805386	7.4835706e-06	
ankle_angle_r.offset            	-0.053199715	-0.053186532	1.0343832e-05	
hip_flexion_l.offset            	0.00052985452	0.00054027182	1.3744838e-05	
knee_angle_l.offset             	0.057318042	0.057321086	1.0808062e-05	
ankle_angle_l.offset            	0.18824579	0.18825242	1.0360862e-05	
stance_load_threshold           	0.15335393	0.15334754	1.0923841e-05	
S00111.tib_ant.KL               	1.2898728	1.2899055	0.00018197125	
S00111.tib_ant.L0               	0.76398967	0.76400523	1.9964629e-05	
S00111.tib_ant.KS               	0.00016304441	0.00016359859	3.6619596e-06	
S11000.tib_ant.KL               	1.1472261	1.1471765	0.00011541728	
S11000.tib_ant.L0               	0.74293625	0.7429263	1.5319334e-05	
S11000.tib_ant.KS               	0.036810368	0.036815619	9.8242617e-06	
S11111.tib_ant-soleus.KF        	-0.11192644	-0.11191516	1.64433e-05	
S00111.soleus-tib_ant.KS        	-0.81060038	-0.81070446	0.00020228542	
S11000.soleus-tib_ant.KS        	-3.2534006	-3.2537739	0.00024754513	
S00111.gastroc-tib_ant.KS       	-0.32709375	-0.32684743	0.00014298378	
S11000.gastroc-tib_ant.KS       	-1.6367201	-1.6364712	0.0002041951	
S00111.tib_ant-gastroc.KS       	-0.0036043819	-0.0037449648	0.00062651584	
S11000.tib_ant-gastroc.KS       	-0.00366451	-0.0034393729	0.00061179775	
S00111.tib_ant-soleus.KS        	-0.00346517	-0.0032696389	0.00064195431	
S11000.tib_ant-soleus.KS        	-0.00313645	-0.0033182209	0.00061496736	
S00111.gastroc.L0               	0.87714939	0.87720189	8.1092765e-05	
S00111.gastroc.KS               	0.17656393	0.17652695	6.8783772e-05	
S00111.soleus.L0                	0.96412484	0.96424305	4.599479e-05	
S00111.soleus.KS                	0.15815702	0.15832095	0.00011549416	
S11000.gastroc.KL               	0.0087818393	0.0088705857	8.5556552e-05	
S11000.gastroc.L0               	0.51463894	0.51452261	8.1948568e-05	
S11000.gastroc.KF               	-1.7492162	-1.7490439	0.00020525945	
S11000.gastroc.KS               	0.25985448	0.25966087	0.00017375419	
S11000.soleus.KL                	0.81992841	0.81975072	0.00035550673	
S11000.soleus.L0                	0.86282171	0.86280561	7.7838696e-05	
S11000.soleus.KF                	-0.92847156	-0.9283948	0.00030793913	
S11000.soleus.KS                	0.11240201	0.11251077	0.00021062156	
S00011.vasti.KF                 	0.82472764	0.8247578	4.0236046e-05	
S00011.vasti.C0                 	0.079966256	0.079966171	7.7964161e-06	
S00011.vasti-knee_angle.pos_max 	-0.30108927	-0.3011046	1.4853614e-05	
S00011.hamstrings-pelvis_tilt.KP	0.69928861	0.69940875	0.00017183404	
S00011.hamstrings-pelvis_tilt.KV	0.56977436	0.5697751	9.0063191e-06	
S00011.hamstrings-pelvis_tilt.C0	0.025563871	0.025545157	1.7797983e-05	
S00011.glut_max-pelvis_tilt.KP  	1.512679	1.5125265	0.00014300143	
S00011.glut_max-pelvis_tilt.KV  	0.31744895	0.31744215	9.5694834e-06	
S00011.glut_max-pelvis_tilt.C0  	0.15547623	0.15546536	1.4929248e-05	
S00011.iliopsoas-pelvis_tilt.KP 	-3.5755645	-3.5754399	0.00024083807	
S00011.iliopsoas-pelvis_tilt.KV 	-0.54711727	-0.54710045	1.1716307e-05	
S00011.iliopsoas-pelvis_tilt.C0 	0.33535524	0.33539797	2.3791512e-05	
S00100.iliopsoas.C0             	0.33798175	0.33799024	1.305744e-05	
S00100.glut_max.C0              	-0.02517431	-0.025188309	9.5113565e-06	
S11000.iliopsoas.KL             	0.5658668	0.56587014	1.0966395e-05	
S11000.iliopsoas.L0             	0.38630434	0.38631105	1.2893414e-05	
S11000.iliopsoas-pelvis_tilt.P0 	-0.045111529	-0.045110019	9.9268805e-06	
S11000.iliopsoas-pelvis_tilt.KP 	0.011796746	0.011798337	4.2711749e-05	
S11000.iliopsoas-pelvis_tilt.KV 	0.1454916	0.14548583	1.1650963e-05	
S11000.iliopsoas-hamstrings.KL  	-8.4256444	-8.4255334	0.00042248783	
S11000.iliopsoas-hamstrings.L0  	1.1678095	1.1678073	9.0620459e-06	
S11000.hamstrings.KF            	0.57235785	0.57235736	9.4383229e-06	
S11000.glut_max.KF              	0.620692	0.620697	9.885001e-06	
