pelvis_tilt.offset              	0.024609173	0.024615215	5.5209735e-06	
hip_flexion_r.offset            	0.069645972	0.069639484	5.3019098e-06	
knee_angle_r.offset             	0.0027654026	0.0027646531	5.9530383e-06	
ankle_angle_r.offset            	-0.053190573	-0.053184558	8.1365076e-06	
hip_flexion_l.offset            	0.00046937654	0.00047600096	1.1482308e-05	
knee_angle_l.offset             	0.057292167	0.057286883	8.7887939e-06	
ankle_angle_l.offset            	0.18826384	0.18826124	8.150209e-06	
stance_load_threshold           	0.15334139	0.15333579	8.6118142e-06	
S00111.tib_ant.KL               	1.2896375	1.2896918	0.0001432435	
S00111.tib_ant.L0               	0.76400769	0.76403331	1.5951089e-05	
S00111.tib_ant.KS               	0.00016103967	0.00016000451	2.8582761e-06	
S11000.tib_ant.KL               	1.1470234	1.1470666	9.1440129e-05	
S11000.tib_ant.L0               	0.74293999	0.74293464	1.2027258e-05	
S11000.tib_ant.KS               	0.03678523	0.036776605	7.8410677e-06	
S11111.tib_ant-soleus.KF        	-0.11191484	-0.11190248	1.3035443e-05	
S00111.soleus-tib_ant.KS        	-0.81042806	-0.81061267	0.00016035136	
S11000.soleus-tib_ant.KS        	-3.2540558	-3.2536221	0.00019524078	
S00111.gastroc-tib_ant.KS       	-0.32707647	-0.32702081	0.00011180628	
S11000.gastroc-tib_ant.KS       	-1.6360633	-1.6359297	0.00016298045	
S00111.tib_ant-gastroc.KS       	-0.0036707753	-0.0037718063	0.00044251846	
S11000.tib_ant-gastroc.KS       	-0.0034645839	-0.0034621499	0.00043188618	
S00111.tib_ant-soleus.KS        	-0.0031924582	-0.0032768008	0.00045210823	
S11000.tib_ant-soleus.KS        	-0.0034146313	-0.0032771986	0.00043365254	
S00111.gastroc.L0               	0.87721714	0.87725376	6.3604204e-05	
S00111.gastroc.KS               	0.17658695	0.17656107	5.3560025e-05	
S00111.soleus.L0                	0.96423813	0.96423324	3.6632176e-05	
S00111.soleus.KS                	0.15841215	0.15846953	9.1606156e-05	
S11000.gastroc.KL               	0.0090367085	0.008957867	6.9102537e-05	
S11000.gastroc.L0               	0.51445521	0.51437153	6.5236679e-05	
S11000.gastroc.KF               	-1.749227	-1.7491825	0.00016168949	
S11000.gastroc.KS               	0.25946421	0.25944205	0.00013643012	
S11000.soleus.KL                	0.81998917	0.82012396	0.0002824215	
S11000.soleus.L0                	0.86272228	0.86275048	6.0953391e-05	
S11000.soleus.KF                	-0.92773365	-0.92782971	0.00024369495	
S11000.soleus.KS                	0.11251566	0.11235338	0.00016803265	
S00011.vasti.KF                 	0.82471745	0.82469199	3.1667647e-05	
S00011.vasti.C0                 	0.079949969	0.079965302	6.1648762e-06	
S00011.vasti-knee_angle.pos_max 	-0.30109724	-0.30110352	1.1872153e-05	
S00011.hamstrings-pelvis_tilt.KP	0.69931615	0.6994432	0.00013377872	
S00011.hamstrings-pelvis_tilt.KV	0.56978369	0.56977559	7.1987019e-06	
S00011.hamstrings-pelvis_tilt.C0	0.025537232	0.025544962	1.4026755e-05	
S00011.glut_max-pelvis_tilt.KP  	1.5126163	1.5125032	0.0001126519	
S00011.glut_max-pelvis_tilt.KV  	0.31742266	0.31742425	7.7468702e-06	
S00011.glut_max-pelvis_tilt.C0  	0.15545619	0.15544214	1.2042031e-05	
S00011.iliopsoas-pelvis_tilt.KP 	-3.5755898	-3.5756039	0.00019178864	
S00011.iliopsoas-pelvis_tilt.KV 	-0.5470993	-0.5470924	9.3354822e-06	
S00011.iliopsoas-pelvis_tilt.C0 	0.33538386	0.33538256	1.8597706e-05	
S00100.iliopsoas.C0             	0.33794245	0.33795863	1.0404362e-05	
S00100.glut_max.C0              	-0.025192302	-0.025201883	7.5444622e-06	
S11000.iliopsoas.KL             	0.56586473	0.56586213	8.7089918e-06	
S11000.iliopsoas.L0             	0.38634025	0.38633304	1.0273852e-05	
S11000.iliopsoas-pelvis_tilt.P0 	-0.045105621	-0.045114162	7.8786725e-06	
S11000.iliopsoas-pelvis_tilt.KP 	0.011852559	0.011837864	3.4018588e-05	
S11000.iliopsoas-pelvis_tilt.KV 	0.14547065	0.14545842	9.4928796e-06	
S11000.iliopsoas-hamstrings.KL  	-8.4252751	-8.4255623	0.00033285298	
S11000.iliopsoas-hamstrings.L0  	1.1677875	1.1677988	7.1696109e-06	
S11000.hamstrings.KF            	0.57239445	0.57239052	7.5894856e-06	
S11000.glut_max.KF              	0.62069052	0.62067973	7.9475097e-06	
