pelvis_tilt.offset              	0.02018633	0.020636646	0.00069419073	
hip_flexion_r.offset            	0.06767232	0.068332142	0.00065182848	
knee_angle_r.offset             	-0.0016327261	-0.0022193802	0.00072126641	
ankle_angle_r.offset            	-0.058475218	-0.058126447	0.00094159642	
hip_flexion_l.offset            	-0.00851028	-0.008726054	0.0013387667	
knee_angle_l.offset             	0.057238761	0.057408221	0.0010279165	
ankle_angle_l.offset            	0.18873198	0.18818616	0.00099370154	
stance_load_threshold           	0.15048808	0.15024603	0.0010762078	
S00111.tib_ant.KL               	1.2608922	1.2519126	0.01779592	
S00111.tib_ant.L0               	0.76044888	0.76081512	0.0019044511	
S00111.tib_ant.KS               	0.000173	0.00016491241	0.00073748219	
S11000.tib_ant.KL               	1.1982065	1.1960898	0.010313407	
S11000.tib_ant.L0               	0.7324968	0.73246531	0.0015029395	
S11000.tib_ant.KS               	0.036490758	0.036445053	0.0009252296	
S11111.tib_ant-soleus.KF        	-0.1148414	-0.11315864	0.0015907713	
S00111.soleus-tib_ant.KS        	-0.88004141	-0.85666967	0.020316457	
S11000.soleus-tib_ant.KS        	-3.302531	-3.3223242	0.023702	
S00111.gastroc-tib_ant.KS       	-0.32520656	-0.33224911	0.017282253	
S11000.gastroc-tib_ant.KS       	-1.6424149	-1.6378136	0.019810799	
S00111.tib_ant-gastroc.KS       	-0.00357534	-0.003802345	0.14593369	
S11000.tib_ant-gastroc.KS       	-0.00366451	-0.0034308734	0.14263586	
S00111.tib_ant-soleus.KS        	-0.00313515	-0.0033806984	0.14980847	
S11000.tib_ant-soleus.KS        	-0.0034666	-0.0032051432	0.14344463	
S00111.gastroc.KL               	0.08315732	0.079277087	0.018261971	
S00111.gastroc.L0               	0.80609359	0.80792181	0.0078569982	
S00111.gastroc.KF               	1.4110907	1.4116416	0.0010014643	
S00111.soleus.KL                	4.0404077	4.0537747	0.017480813	
S00111.soleus.L0                	0.96469811	0.95901943	0.0045586749	
S00111.soleus.KF                	0.22886682	0.22888903	0.0014498978	
S11000.gastroc.KL               	0.00837043	0.0088553395	0.014555707	
S11000.gastroc.L0               	0.50364365	0.51342459	0.0082381052	
S11000.gastroc.KF               	-1.7821275	-1.7747317	0.019534765	
S11000.gastroc.KS               	0.26300166	0.26377275	0.017420042	
S11000.soleus.KL                	0.81233843	0.78493841	0.033723096	
S11000.soleus.L0                	0.89196826	0.89157675	0.0075829481	
S11000.soleus.KF                	-0.91769074	-0.9270443	0.031650302	
S11000.soleus.KS                	0.11302564	0.10492623	0.027056403	
S00011.vasti.KF                 	0.82925341	0.82167835	0.0042243783	
S00011.vasti.C0                 	0.080831855	0.081599374	0.00095644832	
S00011.vasti-knee_angle.pos_max 	-0.30550384	-0.30640366	0.0014772321	
S00011.hamstrings-pelvis_tilt.KP	0.68626996	0.69755681	0.016686493	
S00011.hamstrings-pelvis_tilt.KV	0.5641781	0.56427032	0.00085813345	
S00011.hamstrings-pelvis_tilt.C0	0.02778807	0.026709982	0.0018085374	
S00011.glut_max-pelvis_tilt.KP  	1.5032043	1.5053258	0.013772693	
S00011.glut_max-pelvis_tilt.KV  	0.31393659	0.31360885	0.00087349443	
S00011.glut_max-pelvis_tilt.C0  	0.1657663	0.16453021	0.0014720098	
S00011.iliopsoas-pelvis_tilt.KP 	-3.4429219	-3.4853779	0.02344394	
S00011.iliopsoas-pelvis_tilt.KV 	-0.54406068	-0.54383331	0.0010659805	
S00011.iliopsoas-pelvis_tilt.C0 	0.33236159	0.32771192	0.0023160639	
S00100.iliopsoas.C0             	0.33981585	0.34076201	0.0012670756	
S00100.glut_max.C0              	-0.02588599	-0.024924811	0.00094992492	
S11000.iliopsoas.KL             	0.55803389	0.5594584	0.0010864329	
S11000.iliopsoas.L0             	0.38767347	0.38706242	0.0012089589	
S11000.iliopsoas-pelvis_tilt.P0 	-0.045253101	-0.045137718	0.00094753414	
S11000.iliopsoas-pelvis_tilt.KP 	0.01196527	0.011401406	0.0058607473	
S11000.iliopsoas-pelvis_tilt.KV 	0.14521524	0.14729741	0.0011221022	
S11000.iliopsoas-hamstrings.KL  	-8.3801207	-8.3126572	0.039570801	
S11000.iliopsoas-hamstrings.L0  	1.1703315	1.1686543	0.00090132184	
S11000.hamstrings.KF            	0.5742842	0.57517155	0.00086419772	
S11000.glut_max.KF              	0.62117503	0.62089481	0.00099030503	
