pelvis_tilt.offset              	0.025694206	0.025205903	0.0010013781	
hip_flexion_r.offset            	0.071553238	0.070648076	0.00093261022	
knee_angle_r.offset             	0.0013920539	0.0028652283	0.0010185797	
ankle_angle_r.offset            	-0.057812358	-0.056839997	0.0013223286	
hip_flexion_l.offset            	0.0019578808	0.00093264629	0.0019164615	
knee_angle_l.offset             	0.060949939	0.058978735	0.0014478786	
ankle_angle_l.offset            	0.18847414	0.18718348	0.0013804361	
stance_load_threshold           	0.15417889	0.1537312	0.001538156	
S00111.tib_ant.KL               	1.2730279	1.243802	0.025133243	
S00111.tib_ant.L0               	0.7585432	0.76068889	0.0027379594	
S00111.tib_ant.KS               	0.00015652	0.00016582957	0.0010658903	
S11000.tib_ant.KL               	1.1977369	1.1980137	0.014454014	
S11000.tib_ant.L0               	0.74075126	0.73782901	0.0020960518	
S11000.tib_ant.KS               	0.036538456	0.035209021	0.0013267198	
S11111.tib_ant-soleus.KF        	-0.11329893	-0.11142154	0.0022790998	
S00111.soleus-tib_ant.KS        	-0.85886571	-0.83838482	0.028898916	
S11000.soleus-tib_ant.KS        	-3.3604962	-3.3446956	0.033741514	
S00111.gastroc-tib_ant.KS       	-0.32171493	-0.32681195	0.024780097	
S11000.gastroc-tib_ant.KS       	-1.6262962	-1.6487163	0.027956277	
S00111.tib_ant-gastroc.KS       	-0.00395169	-0.0036554461	0.21091983	
S11000.tib_ant-gastroc.KS       	-0.00331551	-0.003488526	0.20615343	
S00111.tib_ant-soleus.KS        	-0.00313515	-0.00333312	0.2165201	
S11000.tib_ant-soleus.KS        	-0.00313645	-0.0033150814	0.20732237	
S00111.gastroc.L0               	0.8278101	0.82993936	0.011071266	
S00111.gastroc.KS               	0.1676642	0.16850748	0.012282347	
S00111.soleus.L0                	0.95858325	0.95336237	0.0064116768	
S00111.soleus.KS                	0.15771991	0.1582653	0.017862308	
S11000.gastroc.KL               	0.00837043	0.0088001254	0.021037217	
S11000.gastroc.L0               	0.53929832	0.53098737	0.011660441	
S11000.gastroc.KF               	-1.82762	-1.8407591	0.027578529	
S11000.gastroc.KS               	0.27887874	0.26119911	0.025024026	
S11000.soleus.KL                	0.81501503	0.79301023	0.048280441	
S11000.soleus.L0                	0.91839457	0.8971667	0.010866805	
S11000.soleus.KF                	-0.86922657	-0.91314895	0.04499015	
S11000.soleus.KS                	0.1022613	0.10586808	0.039077626	
S00011.vasti.KF                 	0.81718174	0.81524873	0.0060373033	
S00011.vasti.C0                 	0.085357707	0.082379884	0.0013504285	
S00011.vasti-knee_angle.pos_max 	-0.30766313	-0.30781185	0.0020810087	
S00011.hamstrings-pelvis_tilt.KP	0.737016	0.72425022	0.023634215	
S00011.hamstrings-pelvis_tilt.KV	0.56363512	0.56498339	0.0012199895	
S00011.hamstrings-pelvis_tilt.C0	0.02778807	0.026691367	0.0025961444	
S00011.glut_max-pelvis_tilt.KP  	1.446524	1.4460576	0.019679638	
S00011.glut_max-pelvis_tilt.KV  	0.31449567	0.3151728	0.0012268795	
S00011.glut_max-pelvis_tilt.C0  	0.15998239	0.15912819	0.0020785543	
S00011.iliopsoas-pelvis_tilt.KP 	-3.4621865	-3.5487615	0.03306995	
S00011.iliopsoas-pelvis_tilt.KV 	-0.54819005	-0.54620882	0.0015119279	
S00011.iliopsoas-pelvis_tilt.C0 	0.34438515	0.34055007	0.0032643023	
S00100.iliopsoas.C0             	0.33608053	0.33479318	0.0018007399	
S00100.glut_max.C0              	-0.025317835	-0.02472648	0.0013529418	
S11000.iliopsoas.KL             	0.55885505	0.55876191	0.0015337137	
S11000.iliopsoas.L0             	0.39140797	0.39307936	0.0017036823	
S11000.iliopsoas-pelvis_tilt.P0 	-0.043034586	-0.044280858	0.0013569715	
S11000.iliopsoas-pelvis_tilt.KP 	0.01196527	0.011508867	0.0084692709	
S11000.iliopsoas-pelvis_tilt.KV 	0.14396227	0.1437757	0.0015715389	
S11000.iliopsoas-hamstrings.KL  	-8.2002138	-8.2299023	0.055622563	
S11000.iliopsoas-hamstrings.L0  	1.1667067	1.1653135	0.0012689744	
S11000.hamstrings.KF            	0.57581461	0.57478636	0.0012198857	
S11000.glut_max.KF              	0.62124279	0.6209335	0.0013869349	
