pelvis_tilt.offset              	0.024417156	0.024420508	5.9859917e-06	
hip_flexion_r.offset            	0.062324261	0.062306206	5.9601812e-06	
knee_angle_r.offset             	-0.001459869	-0.0014623448	6.1081185e-06	
ankle_angle_r.offset            	-0.05804575	-0.05803684	8.3116771e-06	
hip_flexion_l.offset            	-0.013578423	-0.013574693	1.1622395e-05	
knee_angle_l.offset             	0.052733883	0.052718539	8.8369215e-06	
ankle_angle_l.offset            	0.18578235	0.18578711	8.406568e-06	
stance_load_threshold           	0.15179929	0.15180574	9.3549946e-06	
S00111.tib_ant.KL               	1.2717496	1.2719239	0.00015673956	
S00111.tib_ant.L0               	0.75752074	0.75755056	1.6151635e-05	
S00111.tib_ant.KS               	0.00017028867	0.00016899776	2.3040912e-06	
S11000.tib_ant.KL               	1.20622	1.2060387	8.8041381e-05	
S11000.tib_ant.L0               	0.73898631	0.73899289	1.2489433e-05	
S11000.tib_ant.KS               	0.036608572	0.036616159	7.5510377e-06	
S11111.tib_ant-soleus.KF        	-0.11320188	-0.11319268	1.3503669e-05	
S00111.soleus-tib_ant.KS        	-0.84944724	-0.84935798	0.00017522844	
S11000.soleus-tib_ant.KS        	-3.1817355	-3.1814469	0.000196068	
S00111.gastroc-tib_ant.KS       	-0.33178953	-0.33192724	0.00012507373	
S11000.gastroc-tib_ant.KS       	-1.7550094	-1.7551367	0.0001632576	
S00111.tib_ant-gastroc.KS       	-0.00357534	-0.0037793224	0.00035114738	
S11000.tib_ant-gastroc.KS       	-0.0034662224	-0.0034371786	0.00034289992	
S00111.tib_ant-soleus.KS        	-0.00346517	-0.0032511451	0.00035913727	
S11000.tib_ant-soleus.KS        	-0.0034666	-0.0033030173	0.0003442385	
S00111.gastroc.KL               	0.082716698	0.082679321	0.00010816176	
S00111.gastroc.L0               	0.8040418	0.80397791	7.1383648e-05	
S00111.gastroc.KF               	1.4088085	1.4088131	9.1657632e-06	
S00111.soleus.KL                	3.932667	3.9330026	0.00014829825	
S00111.soleus.L0                	0.97622633	0.97625216	3.7064819e-05	
S00111.soleus.KF                	0.22864351	0.22863044	1.234966e-05	
S11000.gastroc.KL               	0.0088572278	0.0089222879	5.7766649e-05	
S11000.gastroc.L0               	0.54040091	0.54035625	7.2463435e-05	
S11000.gastroc.KF               	-1.7981354	-1.79822	0.00016413804	
S11000.soleus.KL                	0.81905073	0.81914562	0.00026542351	
S11000.soleus.L0                	0.88388966	0.88383425	6.4494746e-05	
S11000.soleus.KF                	-0.89241436	-0.89257481	0.000266043	
S00011.vasti.KF                 	0.85073559	0.85075253	3.5238072e-05	
S00011.vasti.C0                 	0.080773299	0.080773334	7.2559444e-06	
S00011.vasti-knee_angle.pos_max 	-0.30172512	-0.30173901	1.2623644e-05	
S00011.hamstrings-pelvis_tilt.KP	0.69799424	0.698229	0.00014190045	
S00011.hamstrings-pelvis_tilt.KV	0.56750073	0.56750693	7.0617483e-06	
S00011.hamstrings-pelvis_tilt.C0	0.025664562	0.025669229	1.3206512e-05	
S00011.glut_max-pelvis_tilt.KP  	1.5152931	1.5154772	0.00011634517	
S00011.glut_max-pelvis_tilt.KV  	0.31204542	0.31204757	7.7410423e-06	
S00011.glut_max-pelvis_tilt.C0  	0.15226278	0.15227376	1.1983463e-05	
S00011.iliopsoas-pelvis_tilt.KP 	-3.5268949	-3.5270411	0.00020081945	
S00011.iliopsoas-pelvis_tilt.KV 	-0.54194831	-0.54195727	9.483994e-06	
S00011.iliopsoas-pelvis_tilt.C0 	0.32802634	0.32800666	1.8448955e-05	
S00100.iliopsoas.C0             	0.3388434	0.33884711	1.0861027e-05	
S00100.glut_max.C0              	-0.024945461	-0.024936702	7.9563329e-06	
S11000.iliopsoas.KL             	0.55874078	0.55873593	9.2680747e-06	
S11000.iliopsoas.L0             	0.39052987	0.39053931	9.8851118e-06	
S11000.iliopsoas-pelvis_tilt.P0 	-0.044809023	-0.044796211	7.9303821e-06	
S11000.iliopsoas-pelvis_tilt.KP 	0.011729197	0.01173776	3.0801114e-05	
S11000.iliopsoas-pelvis_tilt.KV 	0.14472434	0.14473413	9.422841e-06	
S11000.iliopsoas-hamstrings.KL  	-8.2603525	-8.2602744	0.00033135185	
S11000.iliopsoas-hamstrings.L0  	1.1720773	1.1720883	7.8505391e-06	
S11000.hamstrings.KF            	0.57702409	0.5770172	8.163049e-06	
S11000.glut_max.KF              	0.63106726	0.63107546	8.8971791e-06	
