pelvis_tilt.offset              	0.030455574	0.030033307	0.00019139045	
hip_flexion_r.offset            	0.077205493	0.077206288	0.0001808399	
knee_angle_r.offset             	0.0021716493	0.0021334689	0.0001877066	
ankle_angle_r.offset            	-0.050692319	-0.050646745	0.00025406744	
hip_flexion_l.offset            	-0.0060456477	-0.0061730337	0.00033970938	
knee_angle_l.offset             	0.054724128	0.054494038	0.00026184685	
ankle_angle_l.offset            	0.18599038	0.18622162	0.00025478654	
stance_load_threshold           	0.14787219	0.14844587	0.00027610083	
S00111.tib_ant.KL               	1.2917637	1.2882465	0.0045814341	
S00111.tib_ant.L0               	0.74891843	0.74907808	0.00049625577	
S00111.tib_ant.KS               	0.00015652	0.00016588494	0.00015011176	
S11000.tib_ant.KL               	1.2006794	1.2033658	0.0025906904	
S11000.tib_ant.L0               	0.72612086	0.72665401	0.00039055541	
S11000.tib_ant.KS               	0.035710802	0.035772002	0.00023090642	
S11111.tib_ant-soleus.KF        	-0.11331385	-0.1134308	0.00040225565	
S00111.soleus-tib_ant.KS        	-0.87245474	-0.87558613	0.0049710151	
S11000.soleus-tib_ant.KS        	-3.1879359	-3.1938825	0.0061347418	
S00111.gastroc-tib_ant.KS       	-0.32171493	-0.32472311	0.0037420433	
S11000.gastroc-tib_ant.KS       	-1.6549778	-1.653223	0.0050552293	
S00111.tib_ant-gastroc.KS       	-0.00395169	-0.0038262177	0.029698358	
S11000.tib_ant-gastroc.KS       	-0.00331551	-0.0035146849	0.029027219	
S00111.tib_ant-soleus.KS        	-0.00346517	-0.0033206024	0.030486871	
S11000.tib_ant-soleus.KS        	-0.0034666	-0.0032585036	0.0291918	
S00111.gastroc.KL               	0.079111475	0.080405614	0.0038733859	
S00111.gastroc.L0               	0.81060669	0.81349536	0.0020164202	
S00111.gastroc.KS               	0.17730006	0.17562517	0.0018527226	
S00111.soleus.KL                	3.9114511	3.9173992	0.0045239722	
S00111.soleus.L0                	1.0127148	1.01336	0.001111992	
S00111.soleus.KS                	0.15325306	0.1515229	0.0028391473	
S11000.gastroc.KL               	0.00837043	0.0089195428	0.0029661338	
S11000.gastroc.L0               	0.51527743	0.51482133	0.002059684	
S11000.gastroc.KF               	-1.8436803	-1.8391066	0.0050158444	
S11000.gastroc.KS               	0.2717284	0.27411984	0.0040625887	
S11000.soleus.KL                	0.82063047	0.81852533	0.008113046	
S11000.soleus.L0                	0.92852272	0.92757257	0.0019063713	
S11000.soleus.KF                	-0.90747851	-0.90650229	0.0076799899	
S11000.soleus.KS                	0.10964359	0.10918398	0.0057139901	
S00011.vasti.KF                 	0.82550103	0.82499663	0.0010637459	
S00011.vasti.C0                 	0.08177988	0.081874666	0.00022602136	
S00011.vasti-knee_angle.pos_max 	-0.31237424	-0.31260904	0.00038444096	
S00011.hamstrings-pelvis_tilt.KP	0.70863648	0.70733228	0.0041283971	
S00011.hamstrings-pelvis_tilt.KV	0.56389209	0.56384701	0.00022143534	
S00011.hamstrings-pelvis_tilt.C0	0.026166295	0.026534349	0.00042161541	
S00011.glut_max-pelvis_tilt.KP  	1.5081442	1.5088753	0.0035790889	
S00011.glut_max-pelvis_tilt.KV  	0.31484339	0.31513065	0.00021800127	
S00011.glut_max-pelvis_tilt.C0  	0.15891946	0.15857143	0.00038607388	
S00011.iliopsoas-pelvis_tilt.KP 	-3.610522	-3.61222	0.006104863	
S00011.iliopsoas-pelvis_tilt.KV 	-0.53918524	-0.53929292	0.00027854764	
S00011.iliopsoas-pelvis_tilt.C0 	0.31850349	0.3181779	0.00061769268	
S00100.iliopsoas.C0             	0.34849678	0.34886031	0.00033754955	
S00100.glut_max.C0              	-0.024700702	-0.024893671	0.00023079082	
S11000.iliopsoas.KL             	0.56976871	0.56949492	0.00028681072	
S11000.iliopsoas.L0             	0.3948345	0.39468634	0.0003099402	
S11000.iliopsoas-pelvis_tilt.P0 	-0.044233866	-0.044251052	0.00024485505	
S11000.iliopsoas-pelvis_tilt.KP 	0.011264104	0.01158417	0.0012065105	
S11000.iliopsoas-pelvis_tilt.KV 	0.14439623	0.14430936	0.00028293919	
S11000.iliopsoas-hamstrings.KL  	-8.4997491	-8.494848	0.010358786	
S11000.iliopsoas-hamstrings.L0  	1.161688	1.1617848	0.0002299182	
S11000.hamstrings.KF            	0.57450739	0.57429191	0.0002166694	
S11000.glut_max.KF              	0.61549913	0.61576708	0.00025488589	
