pelvis_tilt.offset              	0.030251188	0.030353869	6.2829744e-05	
hip_flexion_r.offset            	0.076886856	0.076914169	6.0682502e-05	
knee_angle_r.offset             	0.0021747349	0.0021517193	6.2672684e-05	
ankle_angle_r.offset            	-0.050378009	-0.050330926	8.3583831e-05	
hip_flexion_l.offset            	-0.0053182028	-0.0053941566	0.0001128547	
knee_angle_l.offset             	0.054606006	0.054430994	9.0019107e-05	
ankle_angle_l.offset            	0.18642152	0.18635858	8.2827114e-05	
stance_load_threshold           	0.14804438	0.14795507	9.0856343e-05	
S00111.tib_ant.KL               	1.2878438	1.2904597	0.0015180638	
S00111.tib_ant.L0               	0.74952935	0.74933667	0.00016608655	
S00111.tib_ant.KS               	0.000173	0.00016572594	4.1133114e-05	
S11000.tib_ant.KL               	1.1993919	1.1979303	0.0008807161	
S11000.tib_ant.L0               	0.7264387	0.72624366	0.00013085361	
S11000.tib_ant.KS               	0.035382435	0.035461783	7.8101987e-05	
S11111.tib_ant-soleus.KF        	-0.11319733	-0.11335704	0.0001338131	
S00111.soleus-tib_ant.KS        	-0.88049347	-0.88092535	0.0016474926	
S11000.soleus-tib_ant.KS        	-3.183675	-3.1847534	0.0020519173	
S00111.gastroc-tib_ant.KS       	-0.32435409	-0.32761983	0.0011813657	
S11000.gastroc-tib_ant.KS       	-1.6521493	-1.6505585	0.0017012041	
S00111.tib_ant-gastroc.KS       	-0.00395169	-0.0038269629	0.0081178934	
S11000.tib_ant-gastroc.KS       	-0.00331551	-0.0034512791	0.0079344075	
S00111.tib_ant-soleus.KS        	-0.00346517	-0.0032720439	0.0083333428	
S11000.tib_ant-soleus.KS        	-0.0034666	-0.003283105	0.007979371	
S00111.gastroc.KL               	0.077486923	0.077591626	0.0012319402	
S00111.gastroc.L0               	0.8127842	0.81196586	0.00068150318	
S00111.gastroc.KS               	0.17529028	0.17549105	0.00058982145	
S00111.soleus.KL                	3.9162076	3.9176407	0.0014865123	
S00111.soleus.L0                	1.0123086	1.0129272	0.0003631048	
S00111.soleus.KS                	0.16003934	0.15983018	0.00092327086	
S11000.gastroc.KL               	0.008743495	0.008868125	0.00082335963	
S11000.gastroc.L0               	0.52209393	0.52263206	0.00070036853	
S11000.gastroc.KF               	-1.8374557	-1.8389404	0.0016753582	
S11000.gastroc.KS               	0.27783674	0.27619146	0.0013095788	
S11000.soleus.KL                	0.83530791	0.83411011	0.0026654687	
S11000.soleus.L0                	0.92509614	0.92547839	0.00063615914	
S11000.soleus.KF                	-0.91862735	-0.91612408	0.0024858474	
S11000.soleus.KS                	0.10788304	0.10979029	0.0017903301	
S00011.vasti.KF                 	0.82657364	0.82677789	0.00035217837	
S00011.vasti.C0                 	0.082088949	0.081998343	7.3497554e-05	
S00011.vasti-knee_angle.pos_max 	-0.31310621	-0.31311883	0.00012945668	
S00011.hamstrings-pelvis_tilt.KP	0.70432489	0.70471221	0.0013517911	
S00011.hamstrings-pelvis_tilt.KV	0.56364632	0.56344843	7.2294424e-05	
S00011.hamstrings-pelvis_tilt.C0	0.027524459	0.027581564	0.00013942904	
S00011.glut_max-pelvis_tilt.KP  	1.5111106	1.5117367	0.0011894375	
S00011.glut_max-pelvis_tilt.KV  	0.31558898	0.31553996	7.2647437e-05	
S00011.glut_max-pelvis_tilt.C0  	0.160338	0.1601212	0.00012870347	
S00011.iliopsoas-pelvis_tilt.KP 	-3.625958	-3.6250257	0.0020185245	
S00011.iliopsoas-pelvis_tilt.KV 	-0.53918946	-0.53915652	9.1489266e-05	
S00011.iliopsoas-pelvis_tilt.C0 	0.31565674	0.31559444	0.00021331384	
S00100.iliopsoas.C0             	0.34862708	0.34867597	0.00011129409	
S00100.glut_max.C0              	-0.024850813	-0.024865835	7.5745015e-05	
S11000.iliopsoas.KL             	0.56991311	0.57005198	9.6126944e-05	
S11000.iliopsoas.L0             	0.3941467	0.39415733	0.00010268444	
S11000.iliopsoas-pelvis_tilt.P0 	-0.044821316	-0.044794101	8.3190686e-05	
S11000.iliopsoas-pelvis_tilt.KP 	0.011152674	0.011179482	0.00035872278	
S11000.iliopsoas-pelvis_tilt.KV 	0.14393174	0.14385854	9.3442323e-05	
S11000.iliopsoas-hamstrings.KL  	-8.4799537	-8.4858863	0.003467261	
S11000.iliopsoas-hamstrings.L0  	1.1626086	1.162437	8.0035046e-05	
S11000.hamstrings.KF            	0.57479101	0.57471149	7.3041624e-05	
S11000.glut_max.KF              	0.61566483	0.6156506	8.6951625e-05	
