pelvis_tilt.offset              	0.01913517	0.018762108	0.00065884068	
hip_flexion_r.offset            	0.06906657	0.069189874	0.00061717006	
knee_angle_r.offset             	0.0014391007	0.0017535873	0.0006838497	
ankle_angle_r.offset            	-0.059104481	-0.058623452	0.00088622833	
hip_flexion_l.offset            	-0.0037513758	-0.0036825954	0.0012562655	
knee_angle_l.offset             	0.064358864	0.063345471	0.00099055743	
ankle_angle_l.offset            	0.18621183	0.1865575	0.00092579392	
stance_load_threshold           	0.15056923	0.1513958	0.0010158744	
S00111.tib_ant.KL               	1.220668	1.22551	0.016604601	
S00111.tib_ant.L0               	0.75653431	0.7555901	0.0018296822	
S00111.tib_ant.KS               	0.00015652	0.00016311611	0.0006867612	
S11000.tib_ant.KL               	1.2236392	1.2125638	0.0096624527	
S11000.tib_ant.L0               	0.72929026	0.73043963	0.0014273257	
S11000.tib_ant.KS               	0.035819201	0.035629872	0.00087774899	
S11111.tib_ant-soleus.KF        	-0.11028808	-0.11196367	0.0015157306	
S00111.soleus-tib_ant.KS        	-0.85149144	-0.83443569	0.019034986	
S00111.gastroc-tib_ant.KS       	-0.34395614	-0.34200572	0.016136803	
S11000.soleus-tib_ant.KS        	-3.321678	-3.3064138	0.022256338	
S11000.gastroc-tib_ant.KS       	-1.6885079	-1.702378	0.018695424	
S00111.tib_ant-soleus.KS        	-0.00313515	-0.003401902	0.13950497	
S00111.tib_ant-gastroc.KS       	-0.00395169	-0.0037149459	0.13589669	
S11000.tib_ant-soleus.KS        	-0.00313645	-0.0032524779	0.13357882	
S11000.tib_ant-gastroc.KS       	-0.00366451	-0.0034499201	0.13282567	
S00111.soleus.KL                	4.0183476	4.0499096	0.016430368	
S00111.soleus.L0                	0.97724056	0.9759997	0.0041942134	
S00111.soleus.KF                	0.22785773	0.22908272	0.0013580942	
S00111.soleus.KS                	0.16520068	0.1583035	0.011611593	
S00111.gastroc.KL               	0.08315732	0.079227444	0.017015917	
S00111.gastroc.L0               	0.86482406	0.85979738	0.0073955787	
S00111.gastroc.KF               	1.4110582	1.4109594	0.00093900611	
S00111.gastroc.KS               	0.17739288	0.16320691	0.0079631253	
S11000.soleus.KL                	0.83649785	0.79113643	0.031718894	
S11000.soleus.L0                	0.91370055	0.90916185	0.0071936275	
S11000.soleus.KF                	-0.88678381	-0.91745609	0.029575597	
S11000.soleus.KS                	0.11302564	0.10797066	0.025212496	
S11000.gastroc.KL               	0.00925153	0.0090352885	0.013554775	
S11000.gastroc.L0               	0.49752118	0.51695407	0.0077232241	
S11000.gastroc.KF               	-1.8370294	-1.8476806	0.018217673	
S11000.gastroc.KS               	0.26223038	0.26381499	0.016326334	
S00011.vasti.KF                 	0.81259062	0.81078684	0.0039732634	
S00011.vasti.C0                 	0.082879544	0.084277933	0.00089497697	
S00011.vasti-knee_angle.pos_max 	-0.30612118	-0.30587194	0.0013872375	
S00011.hamstrings-pelvis_tilt.KP	0.74162866	0.73758703	0.015534789	
S00011.hamstrings-pelvis_tilt.KV	0.56763333	0.56748217	0.00081029197	
S00011.hamstrings-pelvis_tilt.C0	0.02685664	0.026119232	0.0016911253	
S00011.glut_max-pelvis_tilt.KP  	1.472236	1.4715118	0.013105433	
S00011.glut_max-pelvis_tilt.KV  	0.31245114	0.31414807	0.00081845845	
S00011.glut_max-pelvis_tilt.C0  	0.15541033	0.15664292	0.0013914756	
S00011.iliopsoas-pelvis_tilt.KP 	-3.4781403	-3.4614948	0.022074428	
S00011.iliopsoas-pelvis_tilt.KV 	-0.5464987	-0.54664543	0.0010100378	
S00011.iliopsoas-pelvis_tilt.C0 	0.31940845	0.32106565	0.0021657633	
S00100.iliopsoas.C0             	0.34130512	0.33986626	0.0011881169	
S00100.glut_max.C0              	-0.02504637	-0.024355638	0.00089111733	
S11000.iliopsoas.KL             	0.56287674	0.56342406	0.00101811	
S11000.iliopsoas.L0             	0.3881412	0.38913949	0.0011333924	
S11000.iliopsoas-pelvis_tilt.P0 	-0.04641831	-0.044868704	0.00090114782	
S11000.iliopsoas-pelvis_tilt.KP 	0.01082572	0.01130031	0.0054585172	
S11000.iliopsoas-pelvis_tilt.KV 	0.1473407	0.14814295	0.0010676106	
S11000.iliopsoas-hamstrings.KL  	-8.2802133	-8.307272	0.03713607	
S11000.iliopsoas-hamstrings.L0  	1.1678663	1.167453	0.00084786026	
S11000.hamstrings.KF            	0.57763681	0.57764409	0.00081423869	
S11000.glut_max.KF              	0.61820163	0.61957099	0.00093022881	
