pelvis_tilt.offset              	0.02131478	0.02091064	0.00017491451	
hip_flexion_r.offset            	0.070101361	0.069943646	0.00015890013	
knee_angle_r.offset             	0.0017262425	0.0016977444	0.00017490917	
ankle_angle_r.offset            	-0.059108809	-0.058945133	0.00022873798	
hip_flexion_l.offset            	-0.0036789419	-0.0038001692	0.00032817442	
knee_angle_l.offset             	0.063695688	0.063698698	0.00025499673	
ankle_angle_l.offset            	0.1871079	0.18718732	0.0002393011	
stance_load_threshold           	0.15178352	0.15202441	0.00026088846	
S00111.tib_ant.KL               	1.230949	1.2331828	0.0041937341	
S00111.tib_ant.L0               	0.75436353	0.75454566	0.00047265965	
S00111.tib_ant.KS               	0.000173	0.00016315852	0.00015248743	
S11000.tib_ant.KL               	1.2300121	1.2263711	0.0025042455	
S11000.tib_ant.L0               	0.72430748	0.72436325	0.0003906423	
S11000.tib_ant.KS               	0.036389794	0.036541859	0.00022761195	
S11111.tib_ant-soleus.KF        	-0.11267411	-0.11215946	0.00038785185	
S00111.soleus-tib_ant.KS        	-0.81706954	-0.81680702	0.0047813867	
S00111.gastroc-tib_ant.KS       	-0.3363878	-0.3321748	0.0039798792	
S11000.soleus-tib_ant.KS        	-3.3297998	-3.3288271	0.0057608654	
S11000.gastroc-tib_ant.KS       	-1.7220938	-1.7223265	0.0048440843	
S00111.tib_ant-soleus.KS        	-0.00313515	-0.0033422923	0.030971442	
S00111.tib_ant-gastroc.KS       	-0.00395169	-0.0037872211	0.030170382	
S11000.tib_ant-soleus.KS        	-0.00313645	-0.0032974504	0.029655786	
S11000.tib_ant-gastroc.KS       	-0.00331551	-0.0035468809	0.029488583	
S00111.soleus.KL                	4.0181936	4.0257535	0.0042401819	
S00111.soleus.L0                	0.97318091	0.97299885	0.0010708004	
S00111.soleus.KF                	0.22528864	0.22522179	0.00036122144	
S00111.soleus.KS                	0.16019146	0.16046425	0.0028251652	
S00111.gastroc.KL               	0.08030794	0.077524501	0.0038894631	
S00111.gastroc.L0               	0.86184586	0.86151723	0.0019172228	
S00111.gastroc.KF               	1.4098799	1.4100749	0.00024006144	
S00111.gastroc.KS               	0.16884741	0.16646066	0.00195609	
S11000.soleus.KL                	0.81302479	0.79943312	0.0081977514	
S11000.soleus.L0                	0.91927361	0.91623683	0.0018583829	
S11000.soleus.KF                	-0.9268742	-0.93566502	0.0075869655	
S11000.soleus.KS                	0.1022613	0.10741853	0.0057510734	
S11000.gastroc.KL               	0.00925153	0.008875098	0.0030120935	
S11000.gastroc.L0               	0.5338948	0.53118639	0.001990612	
S11000.gastroc.KF               	-1.8678113	-1.8576369	0.0046893244	
S11000.gastroc.KS               	0.26906001	0.26441313	0.0040368072	
S00011.vasti.KF                 	0.80578338	0.80688077	0.0010177969	
S00011.vasti.C0                 	0.082466337	0.082589717	0.00022879577	
S00011.vasti-knee_angle.pos_max 	-0.30586432	-0.30649981	0.00035510425	
S00011.hamstrings-pelvis_tilt.KP	0.73398233	0.73067999	0.003857187	
S00011.hamstrings-pelvis_tilt.KV	0.56715976	0.56712349	0.00021207046	
S00011.hamstrings-pelvis_tilt.C0	0.02778807	0.026957891	0.00041507176	
S00011.glut_max-pelvis_tilt.KP  	1.4605374	1.4566794	0.0034211888	
S00011.glut_max-pelvis_tilt.KV  	0.31525355	0.31467841	0.00021369073	
S00011.glut_max-pelvis_tilt.C0  	0.15871259	0.15865018	0.00035891275	
S00011.iliopsoas-pelvis_tilt.KP 	-3.4446191	-3.4413968	0.0056454942	
S00011.iliopsoas-pelvis_tilt.KV 	-0.54513896	-0.54584646	0.00026048168	
S00011.iliopsoas-pelvis_tilt.C0 	0.31846932	0.31822537	0.00056844918	
S00100.iliopsoas.C0             	0.33958775	0.33944191	0.00031177374	
S00100.glut_max.C0              	-0.025205366	-0.025071042	0.00022739315	
S11000.iliopsoas.KL             	0.56164919	0.56186301	0.00026427938	
S11000.iliopsoas.L0             	0.3919781	0.39154415	0.00029443558	
S11000.iliopsoas-pelvis_tilt.P0 	-0.044109931	-0.044216806	0.0002328152	
S11000.iliopsoas-pelvis_tilt.KP 	0.01082572	0.011467635	0.0012216054	
S11000.iliopsoas-pelvis_tilt.KV 	0.14865368	0.1480241	0.00027771859	
S11000.iliopsoas-hamstrings.KL  	-8.3456214	-8.3443631	0.0095908897	
S11000.iliopsoas-hamstrings.L0  	1.1681321	1.1684084	0.00021638993	
S11000.hamstrings.KF            	0.57991346	0.57967409	0.0002144307	
S11000.glut_max.KF              	0.61831636	0.61806851	0.00024090615	
