pelvis_tilt.offset              	0.020515773	0.020559838	0.0013388834	
hip_flexion_r.offset            	0.069467045	0.069931754	0.0012607929	
knee_angle_r.offset             	-0.0028801611	-0.00081428879	0.0013810371	
ankle_angle_r.offset            	-0.052409657	-0.055087477	0.0018091748	
hip_flexion_l.offset            	-0.0064533638	-0.0079825028	0.0025712824	
knee_angle_l.offset             	0.055617879	0.055609094	0.0019703594	
ankle_angle_l.offset            	0.18585909	0.18883518	0.0018875516	
stance_load_threshold           	0.1546958	0.15141931	0.0020783524	
S00111.tib_ant.KL               	1.3119505	1.2741655	0.034325304	
S00111.tib_ant.L0               	0.75399273	0.7548453	0.0037051793	
S00111.tib_ant.KS               	0.000173	0.00015991499	0.0014837968	
S11000.tib_ant.KL               	1.2044687	1.1928606	0.019676329	
S11000.tib_ant.L0               	0.7354149	0.73773853	0.0028601758	
S11000.tib_ant.KS               	0.034212708	0.035736926	0.0018190101	
S11111.tib_ant-soleus.KF        	-0.10948886	-0.11095675	0.0031204653	
S00111.soleus-tib_ant.KS        	-0.83074852	-0.85737042	0.039536457	
S11000.soleus-tib_ant.KS        	-3.2016357	-3.2658484	0.045712219	
S00111.gastroc-tib_ant.KS       	-0.35557966	-0.34821469	0.034361023	
S11000.gastroc-tib_ant.KS       	-1.6641771	-1.6815152	0.038126935	
S00111.tib_ant-gastroc.KS       	-0.00357534	-0.0038299038	0.2936161	
S11000.tib_ant-gastroc.KS       	-0.00331551	-0.0034821471	0.28698092	
S00111.tib_ant-soleus.KS        	-0.00313515	-0.0033560847	0.3014121	
S11000.tib_ant-soleus.KS        	-0.0034666	-0.0033175588	0.28860817	
S00111.gastroc.KL               	0.08315732	0.078067506	0.036701705	
S00111.gastroc.L0               	0.86209905	0.84788735	0.015112888	
S00111.gastroc.KS               	0.16745839	0.16754657	0.016977007	
S00111.soleus.KL                	3.9714801	3.9860408	0.033774466	
S00111.soleus.L0                	0.96595304	0.97430414	0.008681932	
S00111.soleus.KS                	0.14946728	0.15456161	0.024795768	
S11000.gastroc.KL               	0.00837043	0.0087503808	0.029285134	
S11000.gastroc.L0               	0.53707846	0.53105114	0.015897117	
S11000.gastroc.KF               	-1.736972	-1.8008079	0.03770931	
S11000.gastroc.KS               	0.25231886	0.26416888	0.034698802	
S11000.soleus.KL                	0.84260236	0.80144175	0.066614155	
S11000.soleus.L0                	0.89629442	0.9061697	0.014654312	
S11000.soleus.KF                	-0.95885434	-0.94063347	0.061928628	
S11000.soleus.KS                	0.1022613	0.10505914	0.054379609	
S00011.vasti.KF                 	0.84680288	0.83554831	0.0082408545	
S00011.vasti.C0                 	0.081529249	0.082940716	0.0018467472	
S00011.vasti-knee_angle.pos_max 	-0.30788619	-0.30719593	0.002836347	
S00011.hamstrings-pelvis_tilt.KP	0.67099736	0.7017016	0.032535195	
S00011.hamstrings-pelvis_tilt.KV	0.56562777	0.56655743	0.0016485451	
S00011.hamstrings-pelvis_tilt.C0	0.02778807	0.02682372	0.003602992	
S00011.glut_max-pelvis_tilt.KP  	1.4720752	1.4938137	0.02668694	
S00011.glut_max-pelvis_tilt.KV  	0.31196912	0.31219309	0.0016750439	
S00011.glut_max-pelvis_tilt.C0  	0.16576751	0.16402538	0.0028299873	
S00011.iliopsoas-pelvis_tilt.KP 	-3.4946853	-3.5194115	0.044961634	
S00011.iliopsoas-pelvis_tilt.KV 	-0.54037427	-0.54245288	0.0020551769	
S00011.iliopsoas-pelvis_tilt.C0 	0.33756858	0.33826071	0.0044646416	
S00100.iliopsoas.C0             	0.33882829	0.33613581	0.0024385608	
S00100.glut_max.C0              	-0.024570043	-0.024458726	0.0018685974	
S11000.iliopsoas.KL             	0.55649779	0.55944507	0.002089671	
S11000.iliopsoas.L0             	0.39759841	0.39369663	0.002308333	
S11000.iliopsoas-pelvis_tilt.P0 	-0.043412137	-0.044749791	0.0018577094	
S11000.iliopsoas-pelvis_tilt.KP 	0.01196527	0.011001123	0.01178885	
S11000.iliopsoas-pelvis_tilt.KV 	0.14370435	0.14461051	0.0021376471	
S11000.iliopsoas-hamstrings.KL  	-8.115515	-8.2545485	0.075665257	
S11000.iliopsoas-hamstrings.L0  	1.166124	1.1644416	0.0017263707	
S11000.hamstrings.KF            	0.57108496	0.57367689	0.0016601328	
S11000.glut_max.KF              	0.61885048	0.6204385	0.0018865154	
