pelvis_tilt.offset              	0.018575853	0.019294546	0.00084579806	
hip_flexion_r.offset            	0.068703112	0.068970141	0.00079386326	
knee_angle_r.offset             	0.0027934993	0.0022899217	0.00087757425	
ankle_angle_r.offset            	-0.053999189	-0.054750815	0.0011572274	
hip_flexion_l.offset            	-0.0070892959	-0.0097389263	0.001632819	
knee_angle_l.offset             	0.055534024	0.055637018	0.0012430936	
ankle_angle_l.offset            	0.18574696	0.18469062	0.0011904368	
stance_load_threshold           	0.15540436	0.15391064	0.0013174013	
S00111.tib_ant.KL               	1.2459565	1.2571992	0.021701248	
S00111.tib_ant.L0               	0.75277252	0.75239963	0.0023365802	
S00111.tib_ant.KS               	0.000173	0.00016319339	0.00090013634	
S11000.tib_ant.KL               	1.2005704	1.2188439	0.012400435	
S11000.tib_ant.L0               	0.73770963	0.73700964	0.0018086272	
S11000.tib_ant.KS               	0.03726336	0.035918859	0.0011347472	
S11111.tib_ant-soleus.KF        	-0.11642115	-0.11332368	0.0019690039	
S00111.soleus-tib_ant.KS        	-0.89402901	-0.86369971	0.024763921	
S11000.soleus-tib_ant.KS        	-3.1761972	-3.1727039	0.029092614	
S00111.gastroc-tib_ant.KS       	-0.32771502	-0.34903856	0.021072695	
S11000.gastroc-tib_ant.KS       	-1.6413926	-1.653505	0.024134423	
S00111.tib_ant-gastroc.KS       	-0.00357534	-0.0037423693	0.17812005	
S11000.tib_ant-gastroc.KS       	-0.00366451	-0.0035303652	0.17409486	
S00111.tib_ant-soleus.KS        	-0.00346517	-0.0033086656	0.18284943	
S11000.tib_ant-soleus.KS        	-0.0034666	-0.0032703401	0.17508202	
S00111.gastroc.KL               	0.07523758	0.078716887	0.022281137	
S00111.gastroc.L0               	0.85567848	0.84085084	0.0095763631	
S00111.gastroc.KS               	0.16049832	0.16727983	0.010405426	
S00111.soleus.KL                	4.0179871	3.9958069	0.021487715	
S00111.soleus.L0                	0.98211212	0.98123684	0.0054884812	
S00111.soleus.KS                	0.14946728	0.15281379	0.01512034	
S11000.gastroc.KL               	0.00925153	0.0089700895	0.017765886	
S11000.gastroc.L0               	0.52321691	0.54026669	0.0099212268	
S11000.gastroc.KF               	-1.8619768	-1.8454429	0.023795829	
S11000.gastroc.KS               	0.27887874	0.26562896	0.021206232	
S11000.soleus.KL                	0.84242301	0.80011162	0.040955463	
S11000.soleus.L0                	0.90637302	0.9133611	0.0092431025	
S11000.soleus.KF                	-0.88712925	-0.91852594	0.038297672	
S11000.soleus.KS                	0.1022613	0.1036376	0.033008093	
S00011.vasti.KF                 	0.84386359	0.83875351	0.005196444	
S00011.vasti.C0                 	0.080920656	0.082072309	0.0011671812	
S00011.vasti-knee_angle.pos_max 	-0.30852908	-0.30697151	0.0018077331	
S00011.hamstrings-pelvis_tilt.KP	0.74162866	0.70336339	0.020354233	
S00011.hamstrings-pelvis_tilt.KV	0.56338086	0.56371306	0.0010492	
S00011.hamstrings-pelvis_tilt.C0	0.02514159	0.026660539	0.0022010372	
S00011.glut_max-pelvis_tilt.KP  	1.4949761	1.5085959	0.016893469	
S00011.glut_max-pelvis_tilt.KV  	0.30891717	0.30854854	0.0010789973	
S00011.glut_max-pelvis_tilt.C0  	0.16197879	0.16135643	0.0017921495	
S00011.iliopsoas-pelvis_tilt.KP 	-3.4672818	-3.4769148	0.028505389	
S00011.iliopsoas-pelvis_tilt.KV 	-0.54000334	-0.54136098	0.0013037433	
S00011.iliopsoas-pelvis_tilt.C0 	0.3378338	0.34072299	0.0028236911	
S00100.iliopsoas.C0             	0.33828606	0.33814293	0.0015340226	
S00100.glut_max.C0              	-0.023851435	-0.024632393	0.0011529786	
S11000.iliopsoas.KL             	0.55735603	0.5573719	0.0013308777	
S11000.iliopsoas.L0             	0.39723594	0.39630774	0.0014795675	
S11000.iliopsoas-pelvis_tilt.P0 	-0.043567616	-0.04362432	0.0011635245	
S11000.iliopsoas-pelvis_tilt.KP 	0.01082572	0.011412644	0.0071527902	
S11000.iliopsoas-pelvis_tilt.KV 	0.14315801	0.14404708	0.0013516598	
S11000.iliopsoas-hamstrings.KL  	-8.2347446	-8.2344424	0.047945501	
S11000.iliopsoas-hamstrings.L0  	1.1681858	1.1670113	0.0010925383	
S11000.hamstrings.KF            	0.57077748	0.5723893	0.0010586873	
S11000.glut_max.KF              	0.61894032	0.61809119	0.0012044566	
