pelvis_tilt.offset              	0.018043136	0.018197133	0.00056571747	
hip_flexion_r.offset            	0.07058185	0.070279977	0.00053483855	
knee_angle_r.offset             	0.00017197705	0.0010483587	0.00058226064	
ankle_angle_r.offset            	-0.05410789	-0.054681119	0.00076314809	
hip_flexion_l.offset            	-0.0070161702	-0.0070845214	0.0010907426	
knee_angle_l.offset             	0.053254282	0.053634501	0.00082474998	
ankle_angle_l.offset            	0.18662016	0.18672076	0.00079180088	
stance_load_threshold           	0.15466527	0.1545572	0.00087959975	
S00111.tib_ant.KL               	1.2869259	1.2927564	0.014287514	
S00111.tib_ant.L0               	0.75166569	0.75190155	0.001530549	
S00111.tib_ant.KS               	0.000173	0.00016098433	0.00056310607	
S11000.tib_ant.KL               	1.2247397	1.2251523	0.0082385972	
S11000.tib_ant.L0               	0.73392542	0.73627071	0.0011910308	
S11000.tib_ant.KS               	0.03371447	0.034496814	0.00074844812	
S11111.tib_ant-soleus.KF        	-0.11026028	-0.11034655	0.0013135004	
S00111.soleus-tib_ant.KS        	-0.8730888	-0.8694372	0.016257737	
S11000.soleus-tib_ant.KS        	-3.1429736	-3.1669479	0.019425815	
S00111.gastroc-tib_ant.KS       	-0.34654114	-0.34210429	0.01361506	
S11000.gastroc-tib_ant.KS       	-1.6482485	-1.6364391	0.015940597	
S00111.tib_ant-gastroc.KS       	-0.00357534	-0.0038267061	0.1114271	
S11000.tib_ant-gastroc.KS       	-0.00331551	-0.0035227309	0.10890905	
S00111.tib_ant-soleus.KS        	-0.00313515	-0.0032917197	0.11438567	
S11000.tib_ant-soleus.KS        	-0.0034666	-0.0033315256	0.10952659	
S00111.gastroc.KL               	0.07523758	0.078987452	0.013979721	
S00111.gastroc.L0               	0.87429635	0.87233855	0.006411251	
S00111.gastroc.KS               	0.16544559	0.16720312	0.0067232039	
S00111.soleus.KL                	4.0044651	4.0129115	0.014200692	
S00111.soleus.L0                	0.98329055	0.98519675	0.0036549165	
S00111.soleus.KS                	0.16090621	0.15960602	0.0096187815	
S11000.gastroc.KL               	0.00925153	0.0087393285	0.011114604	
S11000.gastroc.L0               	0.5451784	0.54082181	0.0065274029	
S11000.gastroc.KF               	-1.859655	-1.8696308	0.01589776	
S11000.gastroc.KS               	0.27887874	0.26895483	0.013564986	
S11000.soleus.KL                	0.78908983	0.78286395	0.026662137	
S11000.soleus.L0                	0.92055347	0.91464263	0.0061151922	
S11000.soleus.KF                	-0.88661727	-0.90764429	0.025068581	
S11000.soleus.KS                	0.1022613	0.10853021	0.020701335	
S00011.vasti.KF                 	0.83771698	0.84063471	0.0034626966	
S00011.vasti.C0                 	0.082235198	0.082928971	0.00077132669	
S00011.vasti-knee_angle.pos_max 	-0.30361734	-0.30458111	0.0012054671	
S00011.hamstrings-pelvis_tilt.KP	0.70568444	0.70659011	0.01335626	
S00011.hamstrings-pelvis_tilt.KV	0.56337256	0.56332812	0.00070996885	
S00011.hamstrings-pelvis_tilt.C0	0.026706076	0.026403919	0.0014071454	
S00011.glut_max-pelvis_tilt.KP  	1.5008749	1.5072876	0.011206805	
S00011.glut_max-pelvis_tilt.KV  	0.30782	0.30762171	0.00072595181	
S00011.glut_max-pelvis_tilt.C0  	0.15962847	0.15993552	0.0011858956	
S00011.iliopsoas-pelvis_tilt.KP 	-3.3957223	-3.4003445	0.019428086	
S00011.iliopsoas-pelvis_tilt.KV 	-0.54154033	-0.54129321	0.00086324299	
S00011.iliopsoas-pelvis_tilt.C0 	0.33550085	0.34011866	0.0018652111	
S00100.iliopsoas.C0             	0.3415519	0.34078421	0.0010328674	
S00100.glut_max.C0              	-0.024844437	-0.024334581	0.00075600739	
S11000.iliopsoas.KL             	0.5601287	0.55914415	0.00088655449	
S11000.iliopsoas.L0             	0.39354643	0.39550268	0.00098350986	
S11000.iliopsoas-pelvis_tilt.P0 	-0.044483846	-0.043888738	0.00077135888	
S11000.iliopsoas-pelvis_tilt.KP 	0.01082572	0.011249761	0.0044777002	
S11000.iliopsoas-pelvis_tilt.KV 	0.14178745	0.14214072	0.00090073023	
S11000.iliopsoas-hamstrings.KL  	-8.123137	-8.1705374	0.031896913	
S11000.iliopsoas-hamstrings.L0  	1.1706594	1.1699938	0.00074605668	
S11000.hamstrings.KF            	0.57222318	0.57228549	0.0007031191	
S11000.glut_max.KF              	0.61890176	0.61952597	0.00079113825	
