pelvis_tilt.offset              	0.022610381	0.021906314	0.0010421018	
hip_flexion_r.offset            	0.068953031	0.070545539	0.00097565447	
knee_angle_r.offset             	0.00063898791	0.00036653041	0.0010814823	
ankle_angle_r.offset            	-0.057408039	-0.054666783	0.001404343	
hip_flexion_l.offset            	-0.007646123	-0.0061179697	0.0019844591	
knee_angle_l.offset             	0.058289598	0.057005047	0.0015284094	
ankle_angle_l.offset            	0.18909681	0.18948325	0.0014757305	
stance_load_threshold           	0.15206724	0.15146147	0.0016108825	
S00111.tib_ant.KL               	1.2778767	1.2685134	0.026768807	
S00111.tib_ant.L0               	0.76626012	0.76097912	0.0028841525	
S00111.tib_ant.KS               	0.000173	0.00016509012	0.0011384511	
S11000.tib_ant.KL               	1.1751234	1.1845336	0.015104178	
S11000.tib_ant.L0               	0.73783259	0.73744527	0.0022176869	
S11000.tib_ant.KS               	0.034510523	0.035126626	0.0014055063	
S11111.tib_ant-soleus.KF        	-0.11175861	-0.1108468	0.0024081424	
S00111.soleus-tib_ant.KS        	-0.80888339	-0.83070081	0.030628591	
S11000.soleus-tib_ant.KS        	-3.3233271	-3.3042245	0.035477465	
S00111.gastroc-tib_ant.KS       	-0.32171493	-0.32935734	0.026445629	
S11000.gastroc-tib_ant.KS       	-1.7554741	-1.7033225	0.029590067	
S00111.tib_ant-gastroc.KS       	-0.00357534	-0.0036934281	0.22527841	
S11000.tib_ant-gastroc.KS       	-0.00331551	-0.003547015	0.22018754	
S00111.tib_ant-soleus.KS        	-0.00346517	-0.0033238062	0.23125993	
S11000.tib_ant-soleus.KS        	-0.00313645	-0.0033356927	0.22143605	
S00111.gastroc.L0               	0.81449099	0.81689772	0.011709597	
S00111.gastroc.KF               	1.4072217	1.4084178	0.0014981278	
S00111.gastroc.KS               	0.16049832	0.16869491	0.0130714	
S00111.soleus.L0                	0.96465701	0.96215286	0.0067303665	
S00111.soleus.KF                	0.22413502	0.22656284	0.002188597	
S00111.soleus.KS                	0.16167463	0.15824678	0.019054336	
S11000.gastroc.KL               	0.00925153	0.0086066516	0.022469279	
S11000.gastroc.L0               	0.53232388	0.52161242	0.012326328	
S11000.gastroc.KF               	-1.818057	-1.7999536	0.02926084	
S11000.gastroc.KS               	0.27887874	0.26897271	0.026674998	
S11000.soleus.KL                	0.84260236	0.8197421	0.051360202	
S11000.soleus.L0                	0.89969072	0.8937813	0.011393251	
S11000.soleus.KF                	-0.92770126	-0.91434261	0.04782641	
S11000.soleus.KS                	0.11302564	0.10702821	0.041730671	
S00011.vasti.KF                 	0.81196098	0.81992739	0.0063170413	
S00011.vasti.C0                 	0.082727169	0.083204673	0.0014243919	
S00011.vasti-knee_angle.pos_max 	-0.30634753	-0.30523133	0.0022035384	
S00011.hamstrings-pelvis_tilt.KP	0.7086948	0.71120457	0.02513579	
S00011.hamstrings-pelvis_tilt.KV	0.56623181	0.56666502	0.0012792432	
S00011.hamstrings-pelvis_tilt.C0	0.02573196	0.026455753	0.0027695773	
S00011.glut_max-pelvis_tilt.KP  	1.5317666	1.5551553	0.020857246	
S00011.glut_max-pelvis_tilt.KV  	0.31140795	0.31318817	0.0013024818	
S00011.glut_max-pelvis_tilt.C0  	0.1636913	0.16157106	0.0021978336	
S00011.iliopsoas-pelvis_tilt.KP 	-3.5326825	-3.5389368	0.034941719	
S00011.iliopsoas-pelvis_tilt.KV 	-0.54545424	-0.54289955	0.0015971184	
S00011.iliopsoas-pelvis_tilt.C0 	0.34119339	0.33916364	0.0034609411	
S00100.iliopsoas.C0             	0.33442914	0.33556041	0.0018871541	
S00100.glut_max.C0              	-0.025356638	-0.025084986	0.0014430574	
S11000.iliopsoas.KL             	0.56300262	0.56223298	0.0016165969	
S11000.iliopsoas.L0             	0.39309777	0.39258371	0.0018000852	
S11000.iliopsoas-pelvis_tilt.P0 	-0.04641831	-0.044586486	0.0014352837	
S11000.iliopsoas-pelvis_tilt.KP 	0.01196527	0.011336471	0.0090455234	
S11000.iliopsoas-pelvis_tilt.KV 	0.14428722	0.14681736	0.0016722722	
S11000.iliopsoas-hamstrings.KL  	-8.2015517	-8.3179945	0.058895472	
S11000.iliopsoas-hamstrings.L0  	1.1669826	1.1677838	0.0013372184	
S11000.hamstrings.KF            	0.57404856	0.57320849	0.0012860888	
S11000.glut_max.KF              	0.61339337	0.61771614	0.0014688489	
