pelvis_tilt.offset              	0.022642842	0.022956111	0.00017753344	
hip_flexion_r.offset            	0.069834056	0.070162981	0.00016750492	
knee_angle_r.offset             	0.00074253977	0.00095985414	0.00018938896	
ankle_angle_r.offset            	-0.054040567	-0.054010391	0.00024105995	
hip_flexion_l.offset            	-0.01016096	-0.010145691	0.00034841465	
knee_angle_l.offset             	0.055833373	0.055618036	0.00026779838	
ankle_angle_l.offset            	0.19079549	0.19065918	0.00025407285	
stance_load_threshold           	0.15316407	0.15380618	0.00027797402	
S00111.tib_ant.KL               	1.2429494	1.2474125	0.004595035	
S00111.tib_ant.L0               	0.76471908	0.7645035	0.00049938924	
S00111.tib_ant.KS               	0.00015652	0.00016401847	0.00016445634	
S11000.tib_ant.KL               	1.1884888	1.1902402	0.0025617227	
S11000.tib_ant.L0               	0.73405101	0.73391318	0.00038915886	
S11000.tib_ant.KS               	0.036335519	0.036290496	0.00023872487	
S11111.tib_ant-soleus.KF        	-0.11222103	-0.11263302	0.00041516744	
S00111.soleus-tib_ant.KS        	-0.84945768	-0.84975611	0.0050391094	
S11000.soleus-tib_ant.KS        	-3.3746474	-3.3622224	0.0061669739	
S00111.gastroc-tib_ant.KS       	-0.33582619	-0.33409103	0.0041528364	
S11000.gastroc-tib_ant.KS       	-1.6579322	-1.6564862	0.0050743158	
S00111.tib_ant-gastroc.KS       	-0.00357534	-0.0036644982	0.032539525	
S11000.tib_ant-gastroc.KS       	-0.00366451	-0.0035256994	0.031804189	
S00111.tib_ant-soleus.KS        	-0.00313515	-0.0033789183	0.033403491	
S11000.tib_ant-soleus.KS        	-0.00313645	-0.0032768525	0.031984522	
S00111.gastroc.L0               	0.81629247	0.81538021	0.0020099921	
S00111.gastroc.KF               	1.4079853	1.4083814	0.00025934089	
S00111.gastroc.KS               	0.16981149	0.16992944	0.0020611524	
S00111.soleus.L0                	0.95656283	0.95827073	0.0011195132	
S00111.soleus.KF                	0.22283676	0.22318619	0.00037611943	
S00111.soleus.KS                	0.15739273	0.15461507	0.0029977324	
S11000.gastroc.KL               	0.00925153	0.0089123423	0.0032479576	
S11000.gastroc.L0               	0.52696639	0.53083248	0.0020941196	
S11000.gastroc.KF               	-1.8220835	-1.8161431	0.005031136	
S11000.gastroc.KS               	0.26620306	0.2678324	0.0043001854	
S11000.soleus.KL                	0.79707618	0.79696436	0.0084222178	
S11000.soleus.L0                	0.90141701	0.90077833	0.0019506649	
S11000.soleus.KF                	-0.89054263	-0.90193144	0.0079583175	
S11000.soleus.KS                	0.10500911	0.10755448	0.0061634803	
S00011.vasti.KF                 	0.82660457	0.82793155	0.0010632289	
S00011.vasti.C0                 	0.082161084	0.082510161	0.00023354003	
S00011.vasti-knee_angle.pos_max 	-0.30312772	-0.30291707	0.00038020679	
S00011.hamstrings-pelvis_tilt.KP	0.71105342	0.72019389	0.0042810734	
S00011.hamstrings-pelvis_tilt.KV	0.56742384	0.5667919	0.00022008047	
S00011.hamstrings-pelvis_tilt.C0	0.025516834	0.025561575	0.00044167454	
S00011.glut_max-pelvis_tilt.KP  	1.5180839	1.5217192	0.0035324503	
S00011.glut_max-pelvis_tilt.KV  	0.31463253	0.31462403	0.00022391921	
S00011.glut_max-pelvis_tilt.C0  	0.16542714	0.165292	0.00037681452	
S00011.iliopsoas-pelvis_tilt.KP 	-3.488601	-3.493279	0.0060571144	
S00011.iliopsoas-pelvis_tilt.KV 	-0.54192435	-0.54154923	0.00027653579	
S00011.iliopsoas-pelvis_tilt.C0 	0.33524087	0.33604769	0.00060696555	
S00100.iliopsoas.C0             	0.33638986	0.33586151	0.00032485185	
S00100.glut_max.C0              	-0.025521318	-0.025398456	0.00023733235	
S11000.iliopsoas.KL             	0.56345646	0.56344773	0.00027669388	
S11000.iliopsoas.L0             	0.39635	0.39618669	0.0003114941	
S11000.iliopsoas-pelvis_tilt.P0 	-0.045312398	-0.044850787	0.0002425038	
S11000.iliopsoas-pelvis_tilt.KP 	0.01082572	0.011330125	0.0013152111	
S11000.iliopsoas-pelvis_tilt.KV 	0.14334472	0.14358158	0.00028522412	
S11000.iliopsoas-hamstrings.KL  	-8.3564834	-8.3678705	0.010189569	
S11000.iliopsoas-hamstrings.L0  	1.1684307	1.1683729	0.00022801009	
S11000.hamstrings.KF            	0.57581811	0.57558192	0.0002216288	
S11000.glut_max.KF              	0.62271483	0.62294262	0.00026045522	
