pelvis_tilt.offset              	0.022915442	0.022919911	9.3109821e-05	
hip_flexion_r.offset            	0.069894153	0.070006507	8.85839e-05	
knee_angle_r.offset             	0.0012036113	0.0011956037	9.9652208e-05	
ankle_angle_r.offset            	-0.054240234	-0.053990152	0.00012661133	
hip_flexion_l.offset            	-0.010746283	-0.010746052	0.00018486849	
knee_angle_l.offset             	0.05582935	0.055661637	0.00014197617	
ankle_angle_l.offset            	0.19094324	0.19089983	0.00013400809	
stance_load_threshold           	0.15356167	0.15369562	0.0001461675	
S00111.tib_ant.KL               	1.2414104	1.2406726	0.0024088777	
S00111.tib_ant.L0               	0.76434253	0.76473266	0.00026082632	
S00111.tib_ant.KS               	0.00015652	0.00016805647	8.2337794e-05	
S11000.tib_ant.KL               	1.1888652	1.189133	0.0013450748	
S11000.tib_ant.L0               	0.73428045	0.73380378	0.00020458044	
S11000.tib_ant.KS               	0.036606987	0.036454439	0.00012559954	
S11111.tib_ant-soleus.KF        	-0.11286316	-0.1130733	0.00021960293	
S00111.soleus-tib_ant.KS        	-0.85283755	-0.85023202	0.00264424	
S11000.soleus-tib_ant.KS        	-3.3621811	-3.3655235	0.0032760938	
S00111.gastroc-tib_ant.KS       	-0.33688017	-0.33509491	0.0021450451	
S11000.gastroc-tib_ant.KS       	-1.6578996	-1.6606576	0.0026746564	
S00111.tib_ant-gastroc.KS       	-0.00357534	-0.0038160848	0.016287187	
S11000.tib_ant-gastroc.KS       	-0.00331551	-0.0035595001	0.015919114	
S00111.tib_ant-soleus.KS        	-0.00346517	-0.0033010324	0.016719614	
S11000.tib_ant-soleus.KS        	-0.00313645	-0.0032901493	0.016009374	
S00111.gastroc.L0               	0.81449636	0.81583774	0.0010615085	
S00111.gastroc.KF               	1.4083765	1.4083812	0.00013610039	
S00111.gastroc.KS               	0.16967754	0.1699678	0.0010659759	
S00111.soleus.L0                	0.9580822	0.95802666	0.00058571818	
S00111.soleus.KF                	0.22350814	0.22377693	0.00019925554	
S00111.soleus.KS                	0.15703523	0.15633147	0.0015690712	
S11000.gastroc.KL               	0.00925153	0.008989268	0.0016287641	
S11000.gastroc.L0               	0.5297422	0.52970178	0.0011025425	
S11000.gastroc.KF               	-1.821143	-1.8201264	0.002653809	
S11000.gastroc.KS               	0.26688868	0.26724479	0.0022559029	
S11000.soleus.KL                	0.78372054	0.78770485	0.0044167947	
S11000.soleus.L0                	0.90140398	0.90099156	0.0010250802	
S11000.soleus.KF                	-0.89888069	-0.90083584	0.0041640614	
S11000.soleus.KS                	0.10797727	0.10670061	0.0031681418	
S00011.vasti.KF                 	0.82850161	0.82825137	0.00055875397	
S00011.vasti.C0                 	0.082601726	0.082705394	0.00012321048	
S00011.vasti-knee_angle.pos_max 	-0.3024874	-0.30298309	0.00020030985	
S00011.hamstrings-pelvis_tilt.KP	0.71624038	0.72087849	0.0022579853	
S00011.hamstrings-pelvis_tilt.KV	0.56718481	0.56689943	0.00011623783	
S00011.hamstrings-pelvis_tilt.C0	0.025685843	0.025658537	0.00023233246	
S00011.glut_max-pelvis_tilt.KP  	1.5235809	1.5257068	0.001864594	
S00011.glut_max-pelvis_tilt.KV  	0.3147307	0.31456985	0.00011836236	
S00011.glut_max-pelvis_tilt.C0  	0.16537266	0.165371	0.00019875789	
S00011.iliopsoas-pelvis_tilt.KP 	-3.5000555	-3.4931666	0.0032035549	
S00011.iliopsoas-pelvis_tilt.KV 	-0.54169423	-0.54156119	0.00014572732	
S00011.iliopsoas-pelvis_tilt.C0 	0.33683793	0.33578556	0.00031644303	
S00100.iliopsoas.C0             	0.33542837	0.33562519	0.00017109979	
S00100.glut_max.C0              	-0.025260856	-0.025384406	0.00012511078	
S11000.iliopsoas.KL             	0.56365324	0.56363692	0.00014464425	
S11000.iliopsoas.L0             	0.39618861	0.39604636	0.00016428074	
S11000.iliopsoas-pelvis_tilt.P0 	-0.044813819	-0.044748676	0.00012767605	
S11000.iliopsoas-pelvis_tilt.KP 	0.011961245	0.011486508	0.00066764957	
S11000.iliopsoas-pelvis_tilt.KV 	0.14380294	0.14373213	0.00014982609	
S11000.iliopsoas-hamstrings.KL  	-8.3881704	-8.3872139	0.0054043624	
S11000.iliopsoas-hamstrings.L0  	1.1683786	1.1683596	0.00012029402	
S11000.hamstrings.KF            	0.57583066	0.57584214	0.00011607394	
S11000.glut_max.KF              	0.62272915	0.62255396	0.00013649914	
