pelvis_tilt.offset              	0.022984011	0.021533245	0.001425407	
hip_flexion_r.offset            	0.070534376	0.069684345	0.001344044	
knee_angle_r.offset             	-0.00080829435	-0.00048844153	0.0014725554	
ankle_angle_r.offset            	-0.059510561	-0.057243573	0.0019230273	
hip_flexion_l.offset            	-0.0073045812	-0.0071263971	0.002726007	
knee_angle_l.offset             	0.060537356	0.055371226	0.0021045463	
ankle_angle_l.offset            	0.18877937	0.18817983	0.0020119008	
stance_load_threshold           	0.1500281	0.1524079	0.0022107126	
S00111.tib_ant.KL               	1.2751981	1.2457841	0.036695347	
S00111.tib_ant.L0               	0.76340683	0.76499257	0.0039353666	
S00111.tib_ant.KS               	0.00015652	0.00016728138	0.0015963034	
S11000.tib_ant.KL               	1.1605317	1.1842624	0.020873729	
S11000.tib_ant.L0               	0.73849177	0.73885852	0.0030494105	
S11000.tib_ant.KS               	0.03371447	0.035314104	0.0019499264	
S11111.tib_ant-soleus.KF        	-0.11187002	-0.11058896	0.0033155698	
S00111.soleus-tib_ant.KS        	-0.89402901	-0.85847153	0.042308757	
S11000.soleus-tib_ant.KS        	-3.2479411	-3.2612427	0.048637777	
S00111.gastroc-tib_ant.KS       	-0.32171493	-0.34110307	0.036912888	
S11000.gastroc-tib_ant.KS       	-1.6929723	-1.6914682	0.040624714	
S00111.tib_ant-gastroc.KS       	-0.00395169	-0.0038267773	0.31587919	
S11000.tib_ant-gastroc.KS       	-0.00366451	-0.003524823	0.30874091	
S00111.tib_ant-soleus.KS        	-0.00313515	-0.0032872711	0.32426631	
S11000.tib_ant-soleus.KS        	-0.00313645	-0.0032820909	0.31049154	
S00111.gastroc.L0               	0.86946601	0.83185118	0.01611842	
S00111.gastroc.KF               	1.412395	1.4109051	0.0020499468	
S00111.gastroc.KS               	0.16623498	0.16923188	0.018239415	
S00111.soleus.L0                	0.95831535	0.96357119	0.0092403511	
S00111.soleus.KF                	0.23065249	0.22818055	0.0029727201	
S00111.soleus.KS                	0.16044274	0.15791043	0.026653808	
S11000.gastroc.KL               	0.00925153	0.0087327459	0.031505579	
S11000.gastroc.L0               	0.52139241	0.52674976	0.016973969	
S11000.gastroc.KF               	-1.8160009	-1.8034533	0.039984291	
S11000.gastroc.KS               	0.27887874	0.26766548	0.037288244	
S11000.soleus.KL                	0.84260236	0.81923511	0.071487557	
S11000.soleus.L0                	0.90098947	0.89971254	0.015596555	
S11000.soleus.KF                	-0.91524769	-0.89984625	0.066399923	
S11000.soleus.KS                	0.11302564	0.10876675	0.058497584	
S00011.vasti.KF                 	0.82343624	0.82353736	0.008723217	
S00011.vasti.C0                 	0.083596308	0.08339742	0.0019745278	
S00011.vasti-knee_angle.pos_max 	-0.30163511	-0.30496475	0.0030172718	
S00011.hamstrings-pelvis_tilt.KP	0.70347495	0.70508902	0.034807042	
S00011.hamstrings-pelvis_tilt.KV	0.56550074	0.56624938	0.0017555073	
S00011.hamstrings-pelvis_tilt.C0	0.02678952	0.026184178	0.003871839	
S00011.glut_max-pelvis_tilt.KP  	1.503872	1.4980226	0.028528467	
S00011.glut_max-pelvis_tilt.KV  	0.31140567	0.31359307	0.001782011	
S00011.glut_max-pelvis_tilt.C0  	0.16600617	0.16086817	0.003004216	
S00011.iliopsoas-pelvis_tilt.KP 	-3.6083577	-3.5327249	0.048106915	
S00011.iliopsoas-pelvis_tilt.KV 	-0.537977	-0.54246364	0.002188148	
S00011.iliopsoas-pelvis_tilt.C0 	0.34076499	0.33500122	0.004729395	
S00100.iliopsoas.C0             	0.3357298	0.33767858	0.0025864157	
S00100.glut_max.C0              	-0.02342065	-0.024922253	0.0020049588	
S11000.iliopsoas.KL             	0.5583028	0.56127121	0.0022133057	
S11000.iliopsoas.L0             	0.39102558	0.39153874	0.0024592792	
S11000.iliopsoas-pelvis_tilt.P0 	-0.04241064	-0.044335622	0.0019839303	
S11000.iliopsoas-pelvis_tilt.KP 	0.01082572	0.011518208	0.01268247	
S11000.iliopsoas-pelvis_tilt.KV 	0.14609492	0.14492429	0.0022791576	
S11000.iliopsoas-hamstrings.KL  	-8.2739025	-8.2676901	0.080611638	
S11000.iliopsoas-hamstrings.L0  	1.1678878	1.1666897	0.0018414739	
S11000.hamstrings.KF            	0.57684062	0.57459528	0.0017685806	
S11000.glut_max.KF              	0.61791465	0.62119632	0.0020121543	
