pelvis_tilt.offset              	0.023265869	0.022958752	0.00059978949	
hip_flexion_r.offset            	0.070694336	0.070643092	0.00056190715	
knee_angle_r.offset             	0.0019003278	0.0023014107	0.00062294825	
ankle_angle_r.offset            	-0.057176568	-0.056665077	0.00080848904	
hip_flexion_l.offset            	-0.0073685619	-0.006880144	0.0011428176	
knee_angle_l.offset             	0.055997048	0.056767385	0.00089121327	
ankle_angle_l.offset            	0.19116548	0.19074239	0.00085246242	
stance_load_threshold           	0.14888983	0.15094576	0.00092849897	
S00111.tib_ant.KL               	1.1985942	1.2265809	0.015500377	
S00111.tib_ant.L0               	0.76412301	0.76287	0.0016509031	
S00111.tib_ant.KS               	0.000173	0.00016736402	0.00063263498	
S11000.tib_ant.KL               	1.2112508	1.2008556	0.0087551641	
S11000.tib_ant.L0               	0.74331943	0.74290341	0.0012953535	
S11000.tib_ant.KS               	0.036284318	0.036261426	0.00080192203	
S11111.tib_ant-soleus.KF        	-0.11064796	-0.1105243	0.0013931264	
S00111.soleus-tib_ant.KS        	-0.80888339	-0.83128935	0.017659569	
S11000.soleus-tib_ant.KS        	-3.3033594	-3.2616209	0.020531885	
S00111.gastroc-tib_ant.KS       	-0.3381416	-0.3351719	0.014941301	
S11000.gastroc-tib_ant.KS       	-1.6363381	-1.649429	0.017219508	
S00111.tib_ant-gastroc.KS       	-0.00357534	-0.0038279082	0.12518619	
S11000.tib_ant-gastroc.KS       	-0.00331551	-0.003507472	0.12235721	
S00111.tib_ant-soleus.KS        	-0.00346517	-0.0032566589	0.12851009	
S11000.tib_ant-soleus.KS        	-0.0034666	-0.0033350859	0.12305101	
S00111.gastroc.L0               	0.82097126	0.82478093	0.0068138841	
S00111.gastroc.KF               	1.4097596	1.4103369	0.00087267069	
S00111.gastroc.KS               	0.16992879	0.17205497	0.0073514593	
S00111.soleus.L0                	0.95279862	0.95185714	0.0039012331	
S00111.soleus.KF                	0.22413429	0.22536097	0.0012539834	
S00111.soleus.KS                	0.15632216	0.15821113	0.010690011	
S11000.gastroc.KL               	0.00925153	0.0087453086	0.012486494	
S11000.gastroc.L0               	0.54778996	0.53538802	0.0070955747	
S11000.gastroc.KF               	-1.7822798	-1.7602898	0.016815195	
S11000.gastroc.KS               	0.27887874	0.26384851	0.014995334	
S11000.soleus.KL                	0.78704011	0.79503739	0.029141415	
S11000.soleus.L0                	0.90994834	0.9094342	0.0065865034	
S11000.soleus.KF                	-0.9007756	-0.90228431	0.027381581	
S11000.soleus.KS                	0.1022613	0.1061754	0.023218937	
S00011.vasti.KF                 	0.82034657	0.82262072	0.0036354984	
S00011.vasti.C0                 	0.082816059	0.082308697	0.00081176309	
S00011.vasti-knee_angle.pos_max 	-0.30155757	-0.30263191	0.001284545	
S00011.hamstrings-pelvis_tilt.KP	0.70423385	0.69716309	0.014450274	
S00011.hamstrings-pelvis_tilt.KV	0.56806902	0.56736734	0.00073992668	
S00011.hamstrings-pelvis_tilt.C0	0.025951896	0.026539993	0.0015577422	
S00011.glut_max-pelvis_tilt.KP  	1.462396	1.4634023	0.012103534	
S00011.glut_max-pelvis_tilt.KV  	0.31079004	0.31134759	0.00076009608	
S00011.glut_max-pelvis_tilt.C0  	0.16041581	0.16234619	0.0012881365	
S00011.iliopsoas-pelvis_tilt.KP 	-3.5023053	-3.4886913	0.020275698	
S00011.iliopsoas-pelvis_tilt.KV 	-0.54163657	-0.54081757	0.00092646217	
S00011.iliopsoas-pelvis_tilt.C0 	0.33716257	0.33949783	0.0019924247	
S00100.iliopsoas.C0             	0.33908186	0.33992348	0.0010953636	
S00100.glut_max.C0              	-0.025049491	-0.02486892	0.00081847077	
S11000.iliopsoas.KL             	0.56250522	0.56332292	0.00093356727	
S11000.iliopsoas.L0             	0.39584441	0.39539083	0.0010438032	
S11000.iliopsoas-pelvis_tilt.P0 	-0.043265713	-0.04337644	0.00082719236	
S11000.iliopsoas-pelvis_tilt.KP 	0.01196527	0.011460928	0.0050280508	
S11000.iliopsoas-pelvis_tilt.KV 	0.14624978	0.14685914	0.00096597005	
S11000.iliopsoas-hamstrings.KL  	-8.2418151	-8.3052399	0.033979853	
S11000.iliopsoas-hamstrings.L0  	1.16839	1.1681577	0.00077087681	
S11000.hamstrings.KF            	0.57569161	0.5745643	0.0007412879	
S11000.glut_max.KF              	0.61785061	0.61788729	0.00085895164	
