pelvis_tilt.offset              	0.022877315	0.022200313	0.00031595447	
hip_flexion_r.offset            	0.070543719	0.07065673	0.00029808742	
knee_angle_r.offset             	0.0012968458	0.0015128535	0.000330516	
ankle_angle_r.offset            	-0.05658512	-0.05679903	0.00042634646	
hip_flexion_l.offset            	-0.0072189581	-0.0067449859	0.00060095811	
knee_angle_l.offset             	0.056850282	0.056049875	0.000467443	
ankle_angle_l.offset            	0.19148725	0.19082273	0.00045097128	
stance_load_threshold           	0.15099041	0.15131389	0.00048561877	
S00111.tib_ant.KL               	1.238099	1.2313992	0.0081072369	
S00111.tib_ant.L0               	0.76297114	0.76261642	0.00087048872	
S00111.tib_ant.KS               	0.000173	0.00016764951	0.00029992415	
S11000.tib_ant.KL               	1.2006571	1.2028044	0.0045875735	
S11000.tib_ant.L0               	0.74031271	0.74121589	0.00067040695	
S11000.tib_ant.KS               	0.034469395	0.034685834	0.00042062216	
S11111.tib_ant-soleus.KF        	-0.11007865	-0.10897517	0.00072034432	
S00111.soleus-tib_ant.KS        	-0.82157369	-0.82233342	0.0090223813	
S11000.soleus-tib_ant.KS        	-3.2842421	-3.2848906	0.010866489	
S00111.gastroc-tib_ant.KS       	-0.33958247	-0.34273701	0.0075087566	
S11000.gastroc-tib_ant.KS       	-1.6312134	-1.6324771	0.0090476665	
S00111.tib_ant-gastroc.KS       	-0.00395169	-0.0037415579	0.059346228	
S11000.tib_ant-gastroc.KS       	-0.00366451	-0.0035355567	0.05800511	
S00111.tib_ant-soleus.KS        	-0.00346517	-0.0032579667	0.060921957	
S11000.tib_ant-soleus.KS        	-0.0034666	-0.0032556595	0.058334008	
S00111.gastroc.L0               	0.80765337	0.80940002	0.0036238614	
S00111.gastroc.KF               	1.4103218	1.4103457	0.00046898791	
S00111.gastroc.KS               	0.16943979	0.17312387	0.0036778999	
S00111.soleus.L0                	0.94700503	0.94756329	0.0020171568	
S00111.soleus.KF                	0.22234573	0.22258684	0.0006657524	
S00111.soleus.KS                	0.15160157	0.15639003	0.0053292746	
S11000.gastroc.KL               	0.00925153	0.008828068	0.0059213911	
S11000.gastroc.L0               	0.52769273	0.53011958	0.0037106105	
S11000.gastroc.KF               	-1.7933173	-1.7860617	0.0089158065	
S11000.gastroc.KS               	0.27759568	0.2693099	0.0076079279	
S11000.soleus.KL                	0.81762748	0.81055254	0.014994365	
S11000.soleus.L0                	0.90832394	0.90638053	0.0034198496	
S11000.soleus.KF                	-0.92370232	-0.90681154	0.014072926	
S11000.soleus.KS                	0.1050313	0.10658225	0.011132915	
S00011.vasti.KF                 	0.82356807	0.82419094	0.001897252	
S00011.vasti.C0                 	0.082338527	0.081950721	0.00041688115	
S00011.vasti-knee_angle.pos_max 	-0.30047646	-0.30151269	0.0006742978	
S00011.hamstrings-pelvis_tilt.KP	0.68877785	0.68456711	0.0075285631	
S00011.hamstrings-pelvis_tilt.KV	0.56607555	0.56602218	0.00038937541	
S00011.hamstrings-pelvis_tilt.C0	0.025650768	0.026603554	0.00078462001	
S00011.glut_max-pelvis_tilt.KP  	1.4889329	1.4938199	0.0064708975	
S00011.glut_max-pelvis_tilt.KV  	0.31154194	0.31161958	0.00039455833	
S00011.glut_max-pelvis_tilt.C0  	0.16221267	0.16255398	0.00067974056	
S00011.iliopsoas-pelvis_tilt.KP 	-3.5668148	-3.5493995	0.010721338	
S00011.iliopsoas-pelvis_tilt.KV 	-0.54241062	-0.54214082	0.0004848915	
S00011.iliopsoas-pelvis_tilt.C0 	0.33172858	0.33180481	0.0010628348	
S00100.iliopsoas.C0             	0.34015332	0.34063566	0.00057934968	
S00100.glut_max.C0              	-0.023997954	-0.024206197	0.00042476631	
S11000.iliopsoas.KL             	0.56243336	0.56204785	0.00048788514	
S11000.iliopsoas.L0             	0.3970753	0.39712977	0.0005676988	
S11000.iliopsoas-pelvis_tilt.P0 	-0.04324339	-0.043375719	0.00043060128	
S11000.iliopsoas-pelvis_tilt.KP 	0.01082572	0.011447885	0.0023911678	
S11000.iliopsoas-pelvis_tilt.KV 	0.14655892	0.14643806	0.00050777116	
S11000.iliopsoas-hamstrings.KL  	-8.3764592	-8.3605995	0.017973333	
S11000.iliopsoas-hamstrings.L0  	1.1667907	1.1672218	0.00041030525	
S11000.hamstrings.KF            	0.57791624	0.57618014	0.000392941	
S11000.glut_max.KF              	0.61760552	0.61824263	0.00045417806	
