pelvis_tilt.offset              	0.022579378	0.022640492	0.00024643432	
hip_flexion_r.offset            	0.070195946	0.070410348	0.00023303394	
knee_angle_r.offset             	0.0010093451	0.00098141636	0.00026233977	
ankle_angle_r.offset            	-0.057912571	-0.057704524	0.00033229497	
hip_flexion_l.offset            	-0.0058354261	-0.0061172241	0.0004702143	
knee_angle_l.offset             	0.056713309	0.055880764	0.00036226087	
ankle_angle_l.offset            	0.19071272	0.19120716	0.00035039167	
stance_load_threshold           	0.15091285	0.15097395	0.00037594874	
S00111.tib_ant.KL               	1.2328278	1.2336122	0.0062836541	
S00111.tib_ant.L0               	0.76454666	0.76411315	0.00067857238	
S00111.tib_ant.KS               	0.000173	0.00016308021	0.00022338255	
S11000.tib_ant.KL               	1.200542	1.1996861	0.0035381741	
S11000.tib_ant.L0               	0.74093348	0.74115097	0.00052288853	
S11000.tib_ant.KS               	0.034725381	0.034616045	0.00032751623	
S11111.tib_ant-soleus.KF        	-0.10772836	-0.10876292	0.0005666519	
S00111.soleus-tib_ant.KS        	-0.81771614	-0.81429185	0.0069331008	
S11000.soleus-tib_ant.KS        	-3.3076247	-3.3007789	0.0084852169	
S00111.gastroc-tib_ant.KS       	-0.33510471	-0.33710648	0.0057633459	
S11000.gastroc-tib_ant.KS       	-1.6502427	-1.6308372	0.0070768362	
S00111.tib_ant-gastroc.KS       	-0.00357534	-0.0036805366	0.044198776	
S11000.tib_ant-gastroc.KS       	-0.00331551	-0.003489485	0.043199957	
S00111.tib_ant-soleus.KS        	-0.00313515	-0.0032903437	0.045372307	
S11000.tib_ant-soleus.KS        	-0.00313645	-0.003305552	0.043444908	
S00111.gastroc.L0               	0.80971423	0.8082793	0.0028220073	
S00111.gastroc.KF               	1.4105282	1.4105372	0.00036995765	
S00111.gastroc.KS               	0.16885687	0.17220829	0.0028307257	
S00111.soleus.L0                	0.94964761	0.94974375	0.0015608208	
S00111.soleus.KF                	0.22270899	0.22210041	0.00052414066	
S00111.soleus.KS                	0.15582836	0.15615318	0.0040970273	
S11000.gastroc.KL               	0.00925153	0.0090104013	0.0044114005	
S11000.gastroc.L0               	0.53013856	0.53215197	0.0028867125	
S11000.gastroc.KF               	-1.7936513	-1.7917616	0.0069456091	
S11000.gastroc.KS               	0.27662891	0.27196596	0.0059122967	
S11000.soleus.KL                	0.77789039	0.80318129	0.011572467	
S11000.soleus.L0                	0.9096448	0.90880202	0.0026524044	
S11000.soleus.KF                	-0.91745128	-0.90782805	0.010983513	
S11000.soleus.KS                	0.11302564	0.10631449	0.0083674251	
S00011.vasti.KF                 	0.82417601	0.82391514	0.0014713299	
S00011.vasti.C0                 	0.082510826	0.082303218	0.00032286734	
S00011.vasti-knee_angle.pos_max 	-0.30229697	-0.30144877	0.00052193899	
S00011.hamstrings-pelvis_tilt.KP	0.68202342	0.67811314	0.005819033	
S00011.hamstrings-pelvis_tilt.KV	0.56540918	0.56557128	0.0003095707	
S00011.hamstrings-pelvis_tilt.C0	0.025376344	0.025811117	0.00060480656	
S00011.glut_max-pelvis_tilt.KP  	1.4835504	1.4841511	0.0050032958	
S00011.glut_max-pelvis_tilt.KV  	0.31128715	0.31152969	0.00030847872	
S00011.glut_max-pelvis_tilt.C0  	0.16117645	0.16151199	0.0005350464	
S00011.iliopsoas-pelvis_tilt.KP 	-3.5348857	-3.5387153	0.0084624208	
S00011.iliopsoas-pelvis_tilt.KV 	-0.54291273	-0.54231686	0.00037918487	
S00011.iliopsoas-pelvis_tilt.C0 	0.32980002	0.33039357	0.00083301658	
S00100.iliopsoas.C0             	0.34076182	0.34090037	0.00045112678	
S00100.glut_max.C0              	-0.024430484	-0.024344849	0.00033009534	
S11000.iliopsoas.KL             	0.56228867	0.56268656	0.00037992192	
S11000.iliopsoas.L0             	0.39664379	0.39735531	0.00044180512	
S11000.iliopsoas-pelvis_tilt.P0 	-0.043930948	-0.043645406	0.00033611583	
S11000.iliopsoas-pelvis_tilt.KP 	0.011555957	0.011659186	0.0017855909	
S11000.iliopsoas-pelvis_tilt.KV 	0.14609389	0.14668476	0.00039486961	
S11000.iliopsoas-hamstrings.KL  	-8.3689913	-8.3715152	0.014053873	
S11000.iliopsoas-hamstrings.L0  	1.1677967	1.1678461	0.00032024193	
S11000.hamstrings.KF            	0.57726263	0.57696466	0.00031022904	
S11000.glut_max.KF              	0.61779774	0.6176965	0.00035679994	
