pelvis_tilt.offset              	0.022236802	0.022343484	0.00021874922	
hip_flexion_r.offset            	0.070549875	0.070623552	0.00020698347	
knee_angle_r.offset             	0.0013801692	0.0015803195	0.00023364968	
ankle_angle_r.offset            	-0.058138748	-0.057605319	0.00029556187	
hip_flexion_l.offset            	-0.0063018732	-0.0062936251	0.00041930047	
knee_angle_l.offset             	0.0565487	0.055806648	0.00032170999	
ankle_angle_l.offset            	0.19147453	0.19129216	0.00031200675	
stance_load_threshold           	0.15091406	0.15118277	0.00033251255	
S00111.tib_ant.KL               	1.2353215	1.2366642	0.0055788317	
S00111.tib_ant.L0               	0.76481896	0.76414114	0.0006029341	
S00111.tib_ant.KS               	0.00015652	0.00016281065	0.00019473837	
S11000.tib_ant.KL               	1.1952817	1.1960252	0.0031439226	
S11000.tib_ant.L0               	0.74162961	0.74129438	0.0004654663	
S11000.tib_ant.KS               	0.034577282	0.034573036	0.0002910848	
S11111.tib_ant-soleus.KF        	-0.10873203	-0.1086275	0.00050581125	
S00111.soleus-tib_ant.KS        	-0.83254271	-0.8221001	0.0061526644	
S11000.soleus-tib_ant.KS        	-3.2905222	-3.3022623	0.0076092954	
S00111.gastroc-tib_ant.KS       	-0.34014276	-0.33765114	0.0050831051	
S11000.gastroc-tib_ant.KS       	-1.625742	-1.6303725	0.0062935345	
S00111.tib_ant-gastroc.KS       	-0.00395169	-0.0037934627	0.038530037	
S11000.tib_ant-gastroc.KS       	-0.00366451	-0.0034853716	0.03765932	
S00111.tib_ant-soleus.KS        	-0.00313515	-0.0032589503	0.039553051	
S11000.tib_ant-soleus.KS        	-0.0034666	-0.0033034043	0.037872853	
S00111.gastroc.L0               	0.80912189	0.80664357	0.0025111695	
S00111.gastroc.KF               	1.4098099	1.4101864	0.00032963522	
S00111.gastroc.KS               	0.17100148	0.1703547	0.002501861	
S00111.soleus.L0                	0.95232085	0.95172822	0.0013844434	
S00111.soleus.KF                	0.22120826	0.22206227	0.00046912457	
S00111.soleus.KS                	0.16520068	0.15976548	0.0036258619	
S11000.gastroc.KL               	0.00837043	0.0088467205	0.0038464481	
S11000.gastroc.L0               	0.5251477	0.52880482	0.0025620386	
S11000.gastroc.KF               	-1.7929895	-1.7924467	0.0061668981	
S11000.gastroc.KS               	0.27887874	0.27390212	0.0052396375	
S11000.soleus.KL                	0.7874596	0.79905061	0.010283284	
S11000.soleus.L0                	0.91206455	0.91195154	0.0023696799	
S11000.soleus.KF                	-0.92283982	-0.92368711	0.0098031512	
S11000.soleus.KS                	0.1022613	0.10863567	0.0073423748	
S00011.vasti.KF                 	0.82547185	0.8258089	0.001307463	
S00011.vasti.C0                 	0.082710903	0.082584205	0.0002862354	
S00011.vasti-knee_angle.pos_max 	-0.30172938	-0.30163752	0.0004633498	
S00011.hamstrings-pelvis_tilt.KP	0.67502028	0.68089651	0.005151111	
S00011.hamstrings-pelvis_tilt.KV	0.56513129	0.56555097	0.00027723344	
S00011.hamstrings-pelvis_tilt.C0	0.025853519	0.025733969	0.00053743057	
S00011.glut_max-pelvis_tilt.KP  	1.4976764	1.4872582	0.004453618	
S00011.glut_max-pelvis_tilt.KV  	0.31136485	0.31125519	0.00027580901	
S00011.glut_max-pelvis_tilt.C0  	0.16060105	0.16086845	0.00047861492	
S00011.iliopsoas-pelvis_tilt.KP 	-3.5337323	-3.5414999	0.007530069	
S00011.iliopsoas-pelvis_tilt.KV 	-0.5425946	-0.54272777	0.00033624509	
S00011.iliopsoas-pelvis_tilt.C0 	0.32953536	0.32971426	0.00074426596	
S00100.iliopsoas.C0             	0.34094176	0.34095302	0.00040041737	
S00100.glut_max.C0              	-0.023504705	-0.024052242	0.00029296835	
S11000.iliopsoas.KL             	0.56301748	0.56245024	0.0003374278	
S11000.iliopsoas.L0             	0.39720336	0.39686006	0.00039109362	
S11000.iliopsoas-pelvis_tilt.P0 	-0.044018769	-0.043777457	0.0002995974	
S11000.iliopsoas-pelvis_tilt.KP 	0.011145035	0.011280534	0.0015600076	
S11000.iliopsoas-pelvis_tilt.KV 	0.14635947	0.14644173	0.00035093428	
S11000.iliopsoas-hamstrings.KL  	-8.3747384	-8.3694674	0.012443141	
S11000.iliopsoas-hamstrings.L0  	1.168011	1.1678801	0.00028509027	
S11000.hamstrings.KF            	0.57650949	0.57712771	0.0002768165	
S11000.glut_max.KF              	0.61818063	0.61786172	0.00031555112	
