pelvis_tilt.offset              	0.022048877	0.022353799	0.00021152276	
hip_flexion_r.offset            	0.070409654	0.070571506	0.00019957278	
knee_angle_r.offset             	0.0015878977	0.0012714692	0.00022580787	
ankle_angle_r.offset            	-0.057698628	-0.057631154	0.0002864471	
hip_flexion_l.offset            	-0.0067822335	-0.0060747079	0.00040561488	
knee_angle_l.offset             	0.055966397	0.056189497	0.0003128306	
ankle_angle_l.offset            	0.19111188	0.19109445	0.00030177107	
stance_load_threshold           	0.15089111	0.15125268	0.00032115482	
S00111.tib_ant.KL               	1.2436837	1.2428782	0.0054096462	
S00111.tib_ant.L0               	0.7637274	0.76438883	0.00058611793	
S00111.tib_ant.KS               	0.00015652	0.00016345577	0.00018709613	
S11000.tib_ant.KL               	1.1957646	1.1963376	0.0030406632	
S11000.tib_ant.L0               	0.74123183	0.74146278	0.00045103236	
S11000.tib_ant.KS               	0.034311929	0.034567474	0.00028103743	
S11111.tib_ant-soleus.KF        	-0.10863951	-0.10843441	0.00048889419	
S00111.soleus-tib_ant.KS        	-0.81396481	-0.82090347	0.0059493045	
S11000.soleus-tib_ant.KS        	-3.3101653	-3.2965497	0.0073704473	
S00111.gastroc-tib_ant.KS       	-0.33781621	-0.3402662	0.0049047919	
S11000.gastroc-tib_ant.KS       	-1.6318925	-1.6344773	0.0060941742	
S00111.tib_ant-gastroc.KS       	-0.00395169	-0.0037304045	0.037017522	
S11000.tib_ant-gastroc.KS       	-0.00366451	-0.0034886758	0.036180985	
S00111.tib_ant-soleus.KS        	-0.00346517	-0.0032634618	0.038000375	
S11000.tib_ant-soleus.KS        	-0.00313645	-0.0033144709	0.036386135	
S00111.gastroc.L0               	0.80547313	0.80675997	0.0024276524	
S00111.gastroc.KF               	1.4100541	1.4101251	0.0003185466	
S00111.gastroc.KS               	0.17155703	0.17215119	0.0024161792	
S00111.soleus.L0                	0.95301271	0.953078	0.001341526	
S00111.soleus.KF                	0.22147372	0.22187919	0.00045468737	
S00111.soleus.KS                	0.15956235	0.16261761	0.0035052101	
S11000.gastroc.KL               	0.00925153	0.0089161386	0.0036958498	
S11000.gastroc.L0               	0.52674516	0.52915813	0.0024782327	
S11000.gastroc.KF               	-1.7896379	-1.7947948	0.0059687615	
S11000.gastroc.KS               	0.2760914	0.27608714	0.0050547858	
S11000.soleus.KL                	0.78797786	0.79711419	0.0099903748	
S11000.soleus.L0                	0.91568797	0.91254872	0.002291028	
S11000.soleus.KF                	-0.92064126	-0.91490788	0.009502913	
S11000.soleus.KS                	0.1022613	0.10865825	0.0070741736	
S00011.vasti.KF                 	0.82864491	0.8263171	0.001267719	
S00011.vasti.C0                 	0.082673357	0.082624215	0.00027708883	
S00011.vasti-knee_angle.pos_max 	-0.30128153	-0.30165346	0.00044726221	
S00011.hamstrings-pelvis_tilt.KP	0.68344131	0.68488294	0.0049858679	
S00011.hamstrings-pelvis_tilt.KV	0.56530705	0.56552246	0.00026894623	
S00011.hamstrings-pelvis_tilt.C0	0.02553862	0.02572084	0.00051954844	
S00011.glut_max-pelvis_tilt.KP  	1.4862803	1.4880783	0.0043210017	
S00011.glut_max-pelvis_tilt.KV  	0.31155659	0.31129752	0.00026684431	
S00011.glut_max-pelvis_tilt.C0  	0.16070509	0.16096922	0.0004621483	
S00011.iliopsoas-pelvis_tilt.KP 	-3.5423635	-3.5377138	0.0072989017	
S00011.iliopsoas-pelvis_tilt.KV 	-0.54246811	-0.54258009	0.00032499868	
S00011.iliopsoas-pelvis_tilt.C0 	0.32984183	0.32990957	0.00072022953	
S00100.iliopsoas.C0             	0.34165222	0.34116539	0.0003876764	
S00100.glut_max.C0              	-0.024132678	-0.023833875	0.00028446064	
S11000.iliopsoas.KL             	0.56279423	0.56272162	0.00032665314	
S11000.iliopsoas.L0             	0.3964039	0.3967995	0.00037826514	
S11000.iliopsoas-pelvis_tilt.P0 	-0.044147122	-0.043743115	0.0002903331	
S11000.iliopsoas-pelvis_tilt.KP 	0.01196527	0.011425371	0.0015000427	
S11000.iliopsoas-pelvis_tilt.KV 	0.14675811	0.14664942	0.00033923087	
S11000.iliopsoas-hamstrings.KL  	-8.3759832	-8.3639196	0.012030989	
S11000.iliopsoas-hamstrings.L0  	1.1675169	1.1681127	0.00027575117	
S11000.hamstrings.KF            	0.5775344	0.57708516	0.00026908345	
S11000.glut_max.KF              	0.61851359	0.61803669	0.00030649152	
