pelvis_tilt.offset              	0.022500221	0.022091473	0.00019813087	
hip_flexion_r.offset            	0.070370515	0.070368648	0.0001864029	
knee_angle_r.offset             	0.0014053621	0.0012886152	0.00021153883	
ankle_angle_r.offset            	-0.057425812	-0.057669075	0.00026781415	
hip_flexion_l.offset            	-0.0058749389	-0.0061055931	0.00037985469	
knee_angle_l.offset             	0.056455693	0.056380267	0.0002928882	
ankle_angle_l.offset            	0.19081772	0.19082467	0.00028240651	
stance_load_threshold           	0.15072419	0.15096289	0.00029984767	
S00111.tib_ant.KL               	1.2420223	1.2405506	0.005058358	
S00111.tib_ant.L0               	0.764556	0.76395796	0.00054707062	
S00111.tib_ant.KS               	0.00015652	0.00016759109	0.00017324013	
S11000.tib_ant.KL               	1.2035213	1.1968513	0.0028356602	
S11000.tib_ant.L0               	0.74193076	0.74142549	0.00042263934	
S11000.tib_ant.KS               	0.035114448	0.034702749	0.00026231524	
S11111.tib_ant-soleus.KF        	-0.10858202	-0.10829662	0.0004567041	
S00111.soleus-tib_ant.KS        	-0.80888339	-0.81352254	0.0055618859	
S11000.soleus-tib_ant.KS        	-3.2912907	-3.2977014	0.0069016833	
S00111.gastroc-tib_ant.KS       	-0.34464312	-0.34121898	0.0045704658	
S11000.gastroc-tib_ant.KS       	-1.6323871	-1.6343354	0.0056960876	
S00111.tib_ant-gastroc.KS       	-0.00357534	-0.0036816676	0.034275326	
S11000.tib_ant-gastroc.KS       	-0.00366451	-0.0035573182	0.033500754	
S00111.tib_ant-soleus.KS        	-0.00313515	-0.0032336752	0.035185366	
S11000.tib_ant-soleus.KS        	-0.00313645	-0.0033510747	0.033690706	
S00111.gastroc.L0               	0.80774543	0.80620693	0.0022771201	
S00111.gastroc.KF               	1.4101319	1.410266	0.00029779171	
S00111.gastroc.KS               	0.17194956	0.17264416	0.0022517038	
S00111.soleus.L0                	0.95101021	0.9531864	0.0012572637	
S00111.soleus.KF                	0.22214482	0.22173436	0.00042606511	
S00111.soleus.KS                	0.16145386	0.16015322	0.0032726925	
S11000.gastroc.KL               	0.00837043	0.0089112559	0.0034225949	
S11000.gastroc.L0               	0.52628517	0.52820671	0.0023185184	
S11000.gastroc.KF               	-1.7871634	-1.8001694	0.0056010798	
S11000.gastroc.KS               	0.27202933	0.2755821	0.004706168	
S11000.soleus.KL                	0.81852449	0.80073505	0.0093673062	
S11000.soleus.L0                	0.91390315	0.9117604	0.0021420517	
S11000.soleus.KF                	-0.91169629	-0.91274135	0.008865782	
S11000.soleus.KS                	0.11302564	0.1071951	0.006577232	
S00011.vasti.KF                 	0.82278446	0.82682838	0.0011881165	
S00011.vasti.C0                 	0.082663523	0.082607461	0.00025920884	
S00011.vasti-knee_angle.pos_max 	-0.30189007	-0.30135674	0.00041685962	
S00011.hamstrings-pelvis_tilt.KP	0.68643572	0.68536333	0.0046582298	
S00011.hamstrings-pelvis_tilt.KV	0.56593073	0.56560306	0.00025241598	
S00011.hamstrings-pelvis_tilt.C0	0.027191071	0.026053178	0.00048520018	
S00011.glut_max-pelvis_tilt.KP  	1.4872319	1.4858403	0.0040340153	
S00011.glut_max-pelvis_tilt.KV  	0.31136371	0.31140525	0.00024919538	
S00011.glut_max-pelvis_tilt.C0  	0.16139441	0.16122601	0.00043289341	
S00011.iliopsoas-pelvis_tilt.KP 	-3.5396726	-3.5374866	0.0068084349	
S00011.iliopsoas-pelvis_tilt.KV 	-0.54251173	-0.54254269	0.00030326894	
S00011.iliopsoas-pelvis_tilt.C0 	0.33069372	0.33027829	0.0006707287	
S00100.iliopsoas.C0             	0.34033171	0.34083032	0.00036252931	
S00100.glut_max.C0              	-0.023777507	-0.024052661	0.00026595252	
S11000.iliopsoas.KL             	0.56279538	0.56277641	0.00030501857	
S11000.iliopsoas.L0             	0.39692358	0.39685138	0.00035362861	
S11000.iliopsoas-pelvis_tilt.P0 	-0.0437786	-0.0436915	0.00027120782	
S11000.iliopsoas-pelvis_tilt.KP 	0.01196527	0.011367555	0.0013907807	
S11000.iliopsoas-pelvis_tilt.KV 	0.14715852	0.14671039	0.00031672812	
S11000.iliopsoas-hamstrings.KL  	-8.3576583	-8.3705362	0.011265844	
S11000.iliopsoas-hamstrings.L0  	1.1686129	1.1684029	0.00025954671	
S11000.hamstrings.KF            	0.57705577	0.57721324	0.0002516561	
S11000.glut_max.KF              	0.6179677	0.61810866	0.00028878236	
