pelvis_tilt.offset              	0.022238806	0.022036615	0.00017657932	
hip_flexion_r.offset            	0.070264462	0.070240298	0.00016582992	
knee_angle_r.offset             	0.00066672631	0.0010913606	0.00018927571	
ankle_angle_r.offset            	-0.057544264	-0.057592573	0.00023908152	
hip_flexion_l.offset            	-0.0052058147	-0.0057590195	0.00034124461	
knee_angle_l.offset             	0.057174603	0.05674881	0.00026259395	
ankle_angle_l.offset            	0.19002903	0.19009181	0.00025319034	
stance_load_threshold           	0.15117975	0.15133932	0.00026675906	
S00111.tib_ant.KL               	1.2241208	1.2327289	0.0045242018	
S00111.tib_ant.L0               	0.76335229	0.76282238	0.00048678052	
S00111.tib_ant.KS               	0.000173	0.00016327292	0.00014819332	
S11000.tib_ant.KL               	1.2001683	1.2039641	0.0025255428	
S11000.tib_ant.L0               	0.74121943	0.74130506	0.0003766085	
S11000.tib_ant.KS               	0.035118071	0.034905316	0.0002342303	
S11111.tib_ant-soleus.KF        	-0.10751946	-0.10787753	0.00040877506	
S00111.soleus-tib_ant.KS        	-0.82072496	-0.81535483	0.0048862781	
S11000.soleus-tib_ant.KS        	-3.3154677	-3.3089592	0.0061617396	
S00111.gastroc-tib_ant.KS       	-0.33521875	-0.34179449	0.0040191699	
S11000.gastroc-tib_ant.KS       	-1.6293918	-1.6284074	0.0050416268	
S00111.tib_ant-gastroc.KS       	-0.00357534	-0.0036718116	0.029316853	
S11000.tib_ant-gastroc.KS       	-0.00331551	-0.0036168062	0.028654329	
S00111.tib_ant-soleus.KS        	-0.00313515	-0.0033988802	0.030095226	
S11000.tib_ant-soleus.KS        	-0.00313645	-0.0032917049	0.028816795	
S00111.gastroc.L0               	0.80960445	0.80958038	0.0020302498	
S00111.gastroc.KF               	1.4104127	1.4104827	0.00026298197	
S00111.gastroc.KS               	0.17123303	0.17358075	0.0019795237	
S00111.soleus.L0                	0.95326409	0.95363882	0.0011198759	
S00111.soleus.KF                	0.220008	0.22058062	0.00038656015	
S00111.soleus.KS                	0.16496032	0.16154129	0.0028794689	
S11000.gastroc.KL               	0.00837043	0.0089492778	0.002929607	
S11000.gastroc.L0               	0.52405668	0.52371999	0.002073439	
S11000.gastroc.KF               	-1.8010453	-1.8018754	0.0050091683	
S11000.gastroc.KS               	0.26573178	0.27374009	0.0041460116	
S11000.soleus.KL                	0.82511507	0.80585486	0.008335641	
S11000.soleus.L0                	0.91015116	0.91096672	0.0019009182	
S11000.soleus.KF                	-0.89912622	-0.91201899	0.0079374748	
S11000.soleus.KS                	0.1022613	0.10696916	0.0057191345	
S00011.vasti.KF                 	0.82502093	0.82436783	0.0010616737	
S00011.vasti.C0                 	0.08345035	0.083049528	0.00023095008	
S00011.vasti-knee_angle.pos_max 	-0.30227587	-0.30250231	0.00037187707	
S00011.hamstrings-pelvis_tilt.KP	0.68146478	0.68553743	0.0041379869	
S00011.hamstrings-pelvis_tilt.KV	0.56547095	0.56567756	0.00022625176	
S00011.hamstrings-pelvis_tilt.C0	0.026020188	0.025862247	0.00043099928	
S00011.glut_max-pelvis_tilt.KP  	1.4879733	1.488782	0.0036033918	
S00011.glut_max-pelvis_tilt.KV  	0.31199063	0.31201264	0.00022366831	
S00011.glut_max-pelvis_tilt.C0  	0.15999654	0.16008432	0.00039003925	
S00011.iliopsoas-pelvis_tilt.KP 	-3.5385729	-3.5390762	0.0060669438	
S00011.iliopsoas-pelvis_tilt.KV 	-0.54273146	-0.54230683	0.00026979198	
S00011.iliopsoas-pelvis_tilt.C0 	0.32992902	0.33000939	0.00059776383	
S00100.iliopsoas.C0             	0.34125828	0.3411582	0.00032103745	
S00100.glut_max.C0              	-0.023855772	-0.02370989	0.00023625332	
S11000.iliopsoas.KL             	0.56262054	0.56258471	0.00027059256	
S11000.iliopsoas.L0             	0.39670828	0.39665957	0.00031355034	
S11000.iliopsoas-pelvis_tilt.P0 	-0.043557824	-0.043882363	0.00024133512	
S11000.iliopsoas-pelvis_tilt.KP 	0.01101692	0.011342028	0.0011966174	
S11000.iliopsoas-pelvis_tilt.KV 	0.14666245	0.14646933	0.00028208827	
S11000.iliopsoas-hamstrings.KL  	-8.3680513	-8.3725418	0.010002112	
S11000.iliopsoas-hamstrings.L0  	1.1684991	1.1687161	0.00023474372	
S11000.hamstrings.KF            	0.57778183	0.57767956	0.00022807915	
S11000.glut_max.KF              	0.61764292	0.61756848	0.00025736975	
