pelvis_tilt.offset              	0.021815255	0.021974148	0.00017223764	
hip_flexion_r.offset            	0.070241199	0.070261007	0.00016193129	
knee_angle_r.offset             	0.0013465208	0.0010104183	0.00018475665	
ankle_angle_r.offset            	-0.057535583	-0.057358064	0.00023274309	
hip_flexion_l.offset            	-0.0057537343	-0.0058062593	0.00033265709	
knee_angle_l.offset             	0.05682584	0.056791504	0.00025746267	
ankle_angle_l.offset            	0.19044058	0.19011244	0.00024789248	
stance_load_threshold           	0.15135557	0.15151376	0.00026093022	
S00111.tib_ant.KL               	1.2366667	1.2333828	0.0043978306	
S00111.tib_ant.L0               	0.76287997	0.76265831	0.00047521332	
S00111.tib_ant.KS               	0.00015652	0.00016559237	0.00014269181	
S11000.tib_ant.KL               	1.2070849	1.2052803	0.0024697427	
S11000.tib_ant.L0               	0.74133042	0.74157659	0.00036718137	
S11000.tib_ant.KS               	0.034467184	0.034550195	0.00022897873	
S11111.tib_ant-soleus.KF        	-0.10772897	-0.10791639	0.00039743808	
S00111.soleus-tib_ant.KS        	-0.81395262	-0.82143979	0.004760963	
S11000.soleus-tib_ant.KS        	-3.3022305	-3.3091712	0.0060050136	
S00111.gastroc-tib_ant.KS       	-0.34141059	-0.34083375	0.0039052298	
S11000.gastroc-tib_ant.KS       	-1.6300572	-1.6256917	0.0049162128	
S00111.tib_ant-gastroc.KS       	-0.00357534	-0.0038700877	0.028227441	
S11000.tib_ant-gastroc.KS       	-0.00331551	-0.0034942759	0.027589536	
S00111.tib_ant-soleus.KS        	-0.00313515	-0.0033632532	0.028976884	
S11000.tib_ant-soleus.KS        	-0.0034666	-0.0032495861	0.027745965	
S00111.gastroc.L0               	0.81317975	0.81174166	0.0019848776	
S00111.gastroc.KF               	1.4100942	1.41039	0.00025747066	
S00111.gastroc.KS               	0.17396995	0.17313538	0.0019209198	
S00111.soleus.L0                	0.95261734	0.95338221	0.0010880787	
S00111.soleus.KF                	0.22075985	0.22060384	0.00037799131	
S00111.soleus.KS                	0.164796	0.16209867	0.002795329	
S11000.gastroc.KL               	0.00837043	0.0085086949	0.0028215449	
S11000.gastroc.L0               	0.51961333	0.52175595	0.0020325431	
S11000.gastroc.KF               	-1.7970551	-1.8005305	0.0048725396	
S11000.gastroc.KS               	0.27887874	0.27563381	0.0040309225	
S11000.soleus.KL                	0.79024415	0.80631038	0.0081552291	
S11000.soleus.L0                	0.91325949	0.91118123	0.0018500267	
S11000.soleus.KF                	-0.90693792	-0.91426159	0.0077602756	
S11000.soleus.KS                	0.10317761	0.10742506	0.0055345245	
S00011.vasti.KF                 	0.82359658	0.8242372	0.0010337007	
S00011.vasti.C0                 	0.083142434	0.083201979	0.00022598729	
S00011.vasti-knee_angle.pos_max 	-0.30213004	-0.30288462	0.00036638002	
S00011.hamstrings-pelvis_tilt.KP	0.68151605	0.68474535	0.0040346895	
S00011.hamstrings-pelvis_tilt.KV	0.56540368	0.56571329	0.00022046168	
S00011.hamstrings-pelvis_tilt.C0	0.026070446	0.025766194	0.00042007681	
S00011.glut_max-pelvis_tilt.KP  	1.4888002	1.4872031	0.0035139264	
S00011.glut_max-pelvis_tilt.KV  	0.31193328	0.31194238	0.00021810757	
S00011.glut_max-pelvis_tilt.C0  	0.15972853	0.15989632	0.00038146414	
S00011.iliopsoas-pelvis_tilt.KP 	-3.5281368	-3.5342402	0.0059174991	
S00011.iliopsoas-pelvis_tilt.KV 	-0.54279268	-0.54247673	0.00026396867	
S00011.iliopsoas-pelvis_tilt.C0 	0.3302184	0.33047492	0.00058158825	
S00100.iliopsoas.C0             	0.34132448	0.34137424	0.00031281647	
S00100.glut_max.C0              	-0.02342065	-0.023543758	0.00022990427	
S11000.iliopsoas.KL             	0.56222302	0.56245747	0.00026272959	
S11000.iliopsoas.L0             	0.39664256	0.39660565	0.00030499031	
S11000.iliopsoas-pelvis_tilt.P0 	-0.04383912	-0.043811442	0.00023454278	
S11000.iliopsoas-pelvis_tilt.KP 	0.01196527	0.011287035	0.0011548473	
S11000.iliopsoas-pelvis_tilt.KV 	0.1467931	0.14675879	0.00027503888	
S11000.iliopsoas-hamstrings.KL  	-8.3807035	-8.372954	0.0097460018	
S11000.iliopsoas-hamstrings.L0  	1.1684198	1.1686086	0.0002293312	
S11000.hamstrings.KF            	0.57818307	0.57774931	0.00022290406	
S11000.glut_max.KF              	0.6177269	0.61748951	0.00025090477	
