pelvis_tilt.offset              	0.022104638	0.022022862	0.00010688462	
hip_flexion_r.offset            	0.070657335	0.070721026	9.9826237e-05	
knee_angle_r.offset             	0.00066727209	0.0006897107	0.0001159597	
ankle_angle_r.offset            	-0.05768218	-0.057771209	0.00014532354	
hip_flexion_l.offset            	-0.0072976577	-0.0067862742	0.00020711422	
knee_angle_l.offset             	0.057163485	0.05729664	0.0001618841	
ankle_angle_l.offset            	0.19106502	0.19113667	0.00015630856	
stance_load_threshold           	0.15226858	0.15234622	0.00016741419	
S00111.tib_ant.KL               	1.226531	1.2259618	0.0027383535	
S00111.tib_ant.L0               	0.76213013	0.76188041	0.0002971055	
S00111.tib_ant.KS               	0.000173	0.00016801486	8.0132723e-05	
S11000.tib_ant.KL               	1.2098258	1.210206	0.0015541275	
S11000.tib_ant.L0               	0.74028208	0.74057613	0.00022975612	
S11000.tib_ant.KS               	0.034439431	0.034527145	0.00014231535	
S11111.tib_ant-soleus.KF        	-0.10845038	-0.10872375	0.00024770139	
S00111.soleus-tib_ant.KS        	-0.82200639	-0.82063317	0.0029237053	
S11000.soleus-tib_ant.KS        	-3.3146935	-3.3178241	0.0037524222	
S00111.gastroc-tib_ant.KS       	-0.34501583	-0.34267544	0.002368874	
S11000.gastroc-tib_ant.KS       	-1.624505	-1.6181302	0.0030934317	
S00111.tib_ant-gastroc.KS       	-0.00395169	-0.0038756454	0.015844023	
S11000.tib_ant-gastroc.KS       	-0.00331551	-0.0035638044	0.015485947	
S00111.tib_ant-soleus.KS        	-0.00313515	-0.0033012874	0.016264649	
S11000.tib_ant-soleus.KS        	-0.00313645	-0.0033925978	0.015573744	
S00111.gastroc.L0               	0.81783574	0.81784615	0.0012492028	
S00111.gastroc.KF               	1.4102273	1.4101794	0.00015855907	
S00111.gastroc.KS               	0.17683705	0.17600434	0.0011631709	
S00111.soleus.L0                	0.95324457	0.95281935	0.00066890567	
S00111.soleus.KF                	0.22181013	0.22174857	0.00023319415	
S00111.soleus.KS                	0.16008781	0.16122824	0.0016801283	
S11000.gastroc.KL               	0.0088630052	0.008761226	0.0015892503	
S11000.gastroc.L0               	0.52252541	0.52274757	0.0012612806	
S11000.gastroc.KF               	-1.8111704	-1.811919	0.0030516511	
S11000.gastroc.KS               	0.27887874	0.27667039	0.0024752419	
S11000.soleus.KL                	0.78976859	0.79443576	0.005117772	
S11000.soleus.L0                	0.91174776	0.91143198	0.0011554432	
S11000.soleus.KF                	-0.91381339	-0.91662284	0.004799174	
S11000.soleus.KS                	0.10909944	0.1057617	0.003277746	
S00011.vasti.KF                 	0.81993578	0.82052062	0.00066010554	
S00011.vasti.C0                 	0.084219397	0.084071931	0.00014416045	
S00011.vasti-knee_angle.pos_max 	-0.3029679	-0.3032926	0.00023044975	
S00011.hamstrings-pelvis_tilt.KP	0.68903783	0.68759113	0.0024951811	
S00011.hamstrings-pelvis_tilt.KV	0.56521468	0.56544198	0.00013944862	
S00011.hamstrings-pelvis_tilt.C0	0.026351714	0.025995384	0.00025910832	
S00011.glut_max-pelvis_tilt.KP  	1.4729304	1.4714684	0.0022415576	
S00011.glut_max-pelvis_tilt.KV  	0.31140643	0.31140224	0.00013441227	
S00011.glut_max-pelvis_tilt.C0  	0.1593747	0.15935386	0.0002429418	
S00011.iliopsoas-pelvis_tilt.KP 	-3.5294439	-3.5322988	0.0037018446	
S00011.iliopsoas-pelvis_tilt.KV 	-0.54237247	-0.54272617	0.00016411084	
S00011.iliopsoas-pelvis_tilt.C0 	0.33191338	0.33129517	0.00036524939	
S00100.iliopsoas.C0             	0.34103719	0.34096322	0.00019372293	
S00100.glut_max.C0              	-0.023853669	-0.023821298	0.00014067129	
S11000.iliopsoas.KL             	0.56299973	0.56268432	0.0001654717	
S11000.iliopsoas.L0             	0.39699547	0.39688564	0.00018927213	
S11000.iliopsoas-pelvis_tilt.P0 	-0.043387147	-0.043362275	0.00014744247	
S11000.iliopsoas-pelvis_tilt.KP 	0.011947631	0.011163065	0.00066379623	
S11000.iliopsoas-pelvis_tilt.KV 	0.14716849	0.14701765	0.00017178274	
S11000.iliopsoas-hamstrings.KL  	-8.3868824	-8.3829661	0.0060597398	
S11000.iliopsoas-hamstrings.L0  	1.1681241	1.1683047	0.00014298655	
S11000.hamstrings.KF            	0.57854977	0.57849227	0.00014226063	
S11000.glut_max.KF              	0.61719534	0.61761143	0.00015785148	
