pelvis_tilt.offset              	0.022270798	0.022266041	1.133224e-05	
hip_flexion_r.offset            	0.070719107	0.070718107	1.0909137e-05	
knee_angle_r.offset             	0.00047237389	0.00047136749	1.1899621e-05	
ankle_angle_r.offset            	-0.058575183	-0.058556293	1.6352931e-05	
hip_flexion_l.offset            	-0.0057875441	-0.0057551708	2.313136e-05	
knee_angle_l.offset             	0.057343606	0.057363829	1.7029032e-05	
ankle_angle_l.offset            	0.19113551	0.19111418	1.6286478e-05	
stance_load_threshold           	0.15278008	0.15275835	1.7373768e-05	
S00111.tib_ant.KL               	1.2287932	1.2285428	0.00027558704	
S00111.tib_ant.L0               	0.7625673	0.76257942	3.1019313e-05	
S00111.tib_ant.KS               	0.00016934317	0.00016516898	4.9835871e-06	
S11000.tib_ant.KL               	1.2067067	1.2066793	0.00016826901	
S11000.tib_ant.L0               	0.74000288	0.74003271	2.4768927e-05	
S11000.tib_ant.KS               	0.034322825	0.034359769	1.5374705e-05	
S11111.tib_ant-soleus.KF        	-0.10819384	-0.10818178	2.5752782e-05	
S00111.soleus-tib_ant.KS        	-0.82611771	-0.82601135	0.00030506931	
S11000.soleus-tib_ant.KS        	-3.3260475	-3.3253167	0.00039700234	
S00111.gastroc-tib_ant.KS       	-0.33744561	-0.33771768	0.00022865472	
S11000.gastroc-tib_ant.KS       	-1.6232085	-1.623663	0.00035035629	
S00111.tib_ant-gastroc.KS       	-0.00395169	-0.0036828655	0.00078441539	
S11000.tib_ant-gastroc.KS       	-0.00366451	-0.0034634022	0.00076589066	
S00111.tib_ant-soleus.KS        	-0.00313515	-0.0033812735	0.00080327172	
S11000.tib_ant-soleus.KS        	-0.00313645	-0.0032879404	0.00076968332	
S00111.gastroc.L0               	0.82213159	0.82211817	0.00013163506	
S00111.gastroc.KF               	1.4102868	1.4102945	1.7113594e-05	
S00111.gastroc.KS               	0.17517127	0.17512439	0.00011542083	
S00111.soleus.L0                	0.95237234	0.95233229	6.7386295e-05	
S00111.soleus.KF                	0.22196064	0.22191332	2.5049242e-05	
S00111.soleus.KS                	0.16121649	0.16127935	0.00016314007	
S11000.gastroc.KL               	0.0089237509	0.0090340418	0.00012330334	
S11000.gastroc.L0               	0.51741645	0.51743419	0.00013463296	
S11000.gastroc.KF               	-1.8151652	-1.8156385	0.00032946996	
S11000.gastroc.KS               	0.27639777	0.2762957	0.00026645121	
S11000.soleus.KL                	0.81840212	0.81882945	0.00059618186	
S11000.soleus.L0                	0.90897378	0.90889525	0.00012237987	
S11000.soleus.KF                	-0.93044782	-0.93065198	0.00052244019	
S11000.soleus.KS                	0.11072627	0.11043425	0.00031947654	
S00011.vasti.KF                 	0.82363875	0.82354337	7.1458504e-05	
S00011.vasti.C0                 	0.084564152	0.084535655	1.4441935e-05	
S00011.vasti-knee_angle.pos_max 	-0.30345857	-0.30343394	2.4356177e-05	
S00011.hamstrings-pelvis_tilt.KP	0.67798792	0.6780371	0.00027039532	
S00011.hamstrings-pelvis_tilt.KV	0.56562927	0.56562066	1.4260062e-05	
S00011.hamstrings-pelvis_tilt.C0	0.02723325	0.027164377	2.9666405e-05	
S00011.glut_max-pelvis_tilt.KP  	1.4716821	1.4712746	0.00024059343	
S00011.glut_max-pelvis_tilt.KV  	0.3114418	0.31145015	1.4855379e-05	
S00011.glut_max-pelvis_tilt.C0  	0.15847695	0.1585219	2.5377448e-05	
S00011.iliopsoas-pelvis_tilt.KP 	-3.5433211	-3.5432904	0.00039804491	
S00011.iliopsoas-pelvis_tilt.KV 	-0.54256652	-0.54254156	1.7093272e-05	
S00011.iliopsoas-pelvis_tilt.C0 	0.32968667	0.3297604	3.9010157e-05	
S00100.iliopsoas.C0             	0.34074953	0.34076423	2.0688677e-05	
S00100.glut_max.C0              	-0.023959459	-0.023953963	1.4580497e-05	
S11000.iliopsoas.KL             	0.56291997	0.56292803	1.760229e-05	
S11000.iliopsoas.L0             	0.3975075	0.39749556	2.0250296e-05	
S11000.iliopsoas-pelvis_tilt.P0 	-0.043236449	-0.043232624	1.5917447e-05	
S11000.iliopsoas-pelvis_tilt.KP 	0.010988902	0.010963001	6.2528966e-05	
S11000.iliopsoas-pelvis_tilt.KV 	0.14639751	0.14639659	1.9171896e-05	
S11000.iliopsoas-hamstrings.KL  	-8.3803924	-8.3795602	0.00064814798	
S11000.iliopsoas-hamstrings.L0  	1.1692535	1.1692564	1.5877073e-05	
S11000.hamstrings.KF            	0.57797352	0.57797442	1.5426057e-05	
S11000.glut_max.KF              	0.61770743	0.61768945	1.6461621e-05	
