pelvis_tilt.offset              	0.018838873	0.020562074	0.0013493184	
hip_flexion_r.offset            	0.066849155	0.067056265	0.0012788275	
knee_angle_r.offset             	-0.00027926747	-0.0012862079	0.0013986797	
ankle_angle_r.offset            	-0.054022726	-0.056747745	0.0018217689	
hip_flexion_l.offset            	-0.0073523895	-0.0049921753	0.0025811597	
knee_angle_l.offset             	0.060095689	0.056471429	0.0019926542	
ankle_angle_l.offset            	0.18899832	0.18610844	0.00190852	
stance_load_threshold           	0.15191483	0.15389645	0.0020935998	
S00111.tib_ant.KL               	1.2860671	1.2782064	0.034774979	
S00111.tib_ant.L0               	0.76341647	0.75991521	0.0037220343	
S00111.tib_ant.KS               	0.00015652	0.00016554636	0.0015049493	
S11000.tib_ant.KL               	1.187274	1.1892696	0.019765738	
S11000.tib_ant.L0               	0.73788676	0.74153975	0.0028800444	
S11000.tib_ant.KS               	0.034133034	0.036156255	0.0018419807	
S11111.tib_ant-soleus.KF        	-0.11515575	-0.11290881	0.0031317842	
S00111.soleus-tib_ant.KS        	-0.89402901	-0.86357278	0.039965893	
S11000.soleus-tib_ant.KS        	-3.3108293	-3.2707316	0.046086807	
S00111.gastroc-tib_ant.KS       	-0.32171493	-0.34308772	0.034824599	
S11000.gastroc-tib_ant.KS       	-1.6942669	-1.6879619	0.038376554	
S00111.tib_ant-gastroc.KS       	-0.00357534	-0.0036865423	0.29780184	
S11000.tib_ant-gastroc.KS       	-0.00366451	-0.0036021303	0.29107207	
S00111.tib_ant-soleus.KS        	-0.00346517	-0.0033805672	0.30570898	
S11000.tib_ant-soleus.KS        	-0.0034666	-0.0033170129	0.29272252	
S00111.gastroc.KL               	0.08315732	0.080056874	0.037222816	
S00111.gastroc.L0               	0.85867592	0.84569634	0.015250656	
S00111.gastroc.KF               	1.410389	1.4096216	0.0019435875	
S00111.soleus.KL                	4.0896153	4.0612438	0.034014347	
S00111.soleus.L0                	0.95277073	0.95627777	0.0087754532	
S00111.soleus.KF                	0.23185772	0.22848092	0.002813295	
S11000.gastroc.KL               	0.0085249315	0.0089178328	0.029702593	
S11000.gastroc.L0               	0.53351252	0.52041859	0.016045568	
S11000.gastroc.KF               	-1.8315115	-1.8120647	0.037796928	
S11000.soleus.KL                	0.84260236	0.80020032	0.067482124	
S11000.soleus.L0                	0.88894914	0.90771385	0.014785531	
S11000.soleus.KF                	-0.86753488	-0.91329931	0.06269907	
S00011.vasti.KF                 	0.81933454	0.82463846	0.0082512778	
S00011.vasti.C0                 	0.085499697	0.084846488	0.0018691011	
S00011.vasti-knee_angle.pos_max 	-0.30671909	-0.30279798	0.0028819836	
S00011.hamstrings-pelvis_tilt.KP	0.67099736	0.70600946	0.032893937	
S00011.hamstrings-pelvis_tilt.KV	0.5660271	0.56748884	0.0016653126	
S00011.hamstrings-pelvis_tilt.C0	0.02778807	0.026917002	0.0036523341	
S00011.glut_max-pelvis_tilt.KP  	1.5246488	1.5064454	0.027092275	
S00011.glut_max-pelvis_tilt.KV  	0.31346048	0.31506864	0.0016864258	
S00011.glut_max-pelvis_tilt.C0  	0.16135889	0.16058208	0.0028477222	
S00011.iliopsoas-pelvis_tilt.KP 	-3.4401703	-3.4958119	0.045726557	
S00011.iliopsoas-pelvis_tilt.KV 	-0.54040755	-0.54314098	0.0020685781	
S00011.iliopsoas-pelvis_tilt.C0 	0.32525086	0.32784104	0.004471595	
S00100.iliopsoas.C0             	0.34182328	0.33975376	0.0024510387	
S00100.glut_max.C0              	-0.025117682	-0.02426396	0.0018927226	
S11000.iliopsoas.KL             	0.56195347	0.56178826	0.0020956338	
S11000.iliopsoas.L0             	0.39095279	0.3916899	0.0023309518	
S11000.iliopsoas-pelvis_tilt.P0 	-0.044417719	-0.043469345	0.0018752761	
S11000.iliopsoas-pelvis_tilt.KP 	0.01082572	0.01118895	0.011956802	
S11000.iliopsoas-pelvis_tilt.KV 	0.14312559	0.14274756	0.0021618925	
S11000.iliopsoas-hamstrings.KL  	-8.1948316	-8.2055104	0.076579057	
S11000.iliopsoas-hamstrings.L0  	1.1660291	1.1655639	0.0017461214	
S11000.hamstrings.KF            	0.57365224	0.57368894	0.0016788745	
S11000.glut_max.KF              	0.62404824	0.62176902	0.0019063695	
