pelvis_tilt.offset              	0.021143322	0.020775128	0.00038758477	
hip_flexion_r.offset            	0.066577925	0.066980225	0.00037105229	
knee_angle_r.offset             	0.00018044266	0.00035023246	0.00041126864	
ankle_angle_r.offset            	-0.055040696	-0.054861217	0.00052470837	
hip_flexion_l.offset            	-0.0031659964	-0.0038699	0.00075063072	
knee_angle_l.offset             	0.059498882	0.059380077	0.0005912481	
ankle_angle_l.offset            	0.18504479	0.1852231	0.00054421006	
stance_load_threshold           	0.15633949	0.1566169	0.00060949044	
S00111.tib_ant.KL               	1.2561507	1.2595104	0.0099612594	
S00111.tib_ant.L0               	0.75608388	0.75495981	0.0010785173	
S00111.tib_ant.KS               	0.000173	0.00016368619	0.00037933588	
S11000.tib_ant.KL               	1.1940217	1.194475	0.005687801	
S11000.tib_ant.L0               	0.73897352	0.73986029	0.00083837415	
S11000.tib_ant.KS               	0.035878509	0.036396607	0.00051747039	
S11111.tib_ant-soleus.KF        	-0.10896789	-0.10887627	0.00088848945	
S00111.soleus-tib_ant.KS        	-0.86774297	-0.86831902	0.011061257	
S11000.soleus-tib_ant.KS        	-3.2726255	-3.2661011	0.013425252	
S00111.gastroc-tib_ant.KS       	-0.32550441	-0.34067172	0.0094083191	
S11000.gastroc-tib_ant.KS       	-1.6862079	-1.6832685	0.011136479	
S00111.tib_ant-gastroc.KS       	-0.00357534	-0.0037573378	0.075061719	
S11000.tib_ant-gastroc.KS       	-0.00331551	-0.0034571898	0.073365463	
S00111.tib_ant-soleus.KS        	-0.00346517	-0.0032622261	0.077054728	
S11000.tib_ant-soleus.KS        	-0.00313645	-0.0032930264	0.073781459	
S00111.gastroc.KL               	0.081648287	0.079544426	0.009452507	
S00111.gastroc.L0               	0.86292592	0.85997063	0.00438907	
S00111.gastroc.KF               	1.4082381	1.4081364	0.00056740484	
S00111.soleus.KL                	3.9864531	3.9832529	0.0099421592	
S00111.soleus.L0                	0.96921718	0.96763412	0.0024937132	
S00111.soleus.KF                	0.22561063	0.22453134	0.00082380647	
S11000.gastroc.KL               	0.008709782	0.0091804301	0.0074879241	
S11000.gastroc.L0               	0.52444198	0.52346292	0.0045887362	
S11000.gastroc.KF               	-1.8368696	-1.8213167	0.010834286	
S11000.soleus.KL                	0.77215547	0.78152177	0.018402604	
S11000.soleus.L0                	0.93912557	0.93642873	0.0043557964	
S11000.soleus.KF                	-0.9239135	-0.90506515	0.017310713	
S00011.vasti.KF                 	0.83607737	0.83535225	0.002371705	
S00011.vasti.C0                 	0.083000676	0.082826615	0.00053589619	
S00011.vasti-knee_angle.pos_max 	-0.30336818	-0.30412061	0.0008323098	
S00011.hamstrings-pelvis_tilt.KP	0.70991712	0.69824581	0.0092881646	
S00011.hamstrings-pelvis_tilt.KV	0.56854772	0.56922123	0.00048785345	
S00011.hamstrings-pelvis_tilt.C0	0.026218992	0.026491919	0.0009652247	
S00011.glut_max-pelvis_tilt.KP  	1.5050624	1.4959273	0.0077673864	
S00011.glut_max-pelvis_tilt.KV  	0.31767237	0.31759613	0.00049706365	
S00011.glut_max-pelvis_tilt.C0  	0.16077109	0.16175722	0.00082907008	
S00011.iliopsoas-pelvis_tilt.KP 	-3.5261233	-3.521191	0.01309726	
S00011.iliopsoas-pelvis_tilt.KV 	-0.54007811	-0.54022055	0.00059762099	
S00011.iliopsoas-pelvis_tilt.C0 	0.33012171	0.32811915	0.0013433499	
S00100.iliopsoas.C0             	0.33903185	0.34068649	0.00071472437	
S00100.glut_max.C0              	-0.023875069	-0.024343039	0.00051872515	
S11000.iliopsoas.KL             	0.56260929	0.56217798	0.00061143476	
S11000.iliopsoas.L0             	0.39112632	0.39032918	0.00067408091	
S11000.iliopsoas-pelvis_tilt.P0 	-0.043599259	-0.043797653	0.00053039052	
S11000.iliopsoas-pelvis_tilt.KP 	0.01196527	0.011356828	0.0030188082	
S11000.iliopsoas-pelvis_tilt.KV 	0.14357496	0.14328474	0.00062918594	
S11000.iliopsoas-hamstrings.KL  	-8.2940992	-8.3373111	0.022276561	
S11000.iliopsoas-hamstrings.L0  	1.1648196	1.1657218	0.0005047881	
S11000.hamstrings.KF            	0.57342448	0.57357204	0.00048326995	
S11000.glut_max.KF              	0.62285766	0.62335151	0.0005482527	
