pelvis_tilt.offset              	0.021091796	0.02094701	0.00027079042	
hip_flexion_r.offset            	0.067075188	0.067343176	0.00025741988	
knee_angle_r.offset             	-1.1030745e-05	0.00023276259	0.00028879329	
ankle_angle_r.offset            	-0.055005128	-0.054886215	0.00036226229	
hip_flexion_l.offset            	-0.0036440026	-0.0037062772	0.00052960246	
knee_angle_l.offset             	0.058862787	0.059427406	0.00040921756	
ankle_angle_l.offset            	0.1846834	0.18517812	0.00037857058	
stance_load_threshold           	0.15815826	0.15790951	0.00043194443	
S00111.tib_ant.KL               	1.2854262	1.284473	0.0070775016	
S00111.tib_ant.L0               	0.7551084	0.7543914	0.00075877441	
S00111.tib_ant.KS               	0.000173	0.00016596881	0.00025229762	
S11000.tib_ant.KL               	1.1930983	1.1891105	0.0039827344	
S11000.tib_ant.L0               	0.74098804	0.74063618	0.00058820489	
S11000.tib_ant.KS               	0.036266843	0.036099522	0.00036046848	
S11111.tib_ant-soleus.KF        	-0.10906891	-0.10972383	0.00061956968	
S00111.soleus-tib_ant.KS        	-0.85896597	-0.8628548	0.0076755021	
S11000.soleus-tib_ant.KS        	-3.2556045	-3.2654347	0.0094265705	
S00111.gastroc-tib_ant.KS       	-0.32171493	-0.3338079	0.0064987178	
S11000.gastroc-tib_ant.KS       	-1.6894054	-1.6821581	0.0078872315	
S00111.tib_ant-gastroc.KS       	-0.00357534	-0.0037226413	0.049922048	
S11000.tib_ant-gastroc.KS       	-0.00331551	-0.0034386387	0.048793898	
S00111.tib_ant-soleus.KS        	-0.00313515	-0.0033148504	0.051247551	
S11000.tib_ant-soleus.KS        	-0.0034666	-0.0034010495	0.049070567	
S00111.gastroc.KL               	0.07523758	0.077065816	0.0063453421	
S00111.gastroc.L0               	0.86106849	0.86052078	0.0030542891	
S00111.gastroc.KF               	1.4082969	1.4080552	0.00039528524	
S00111.soleus.KL                	3.9808741	3.9856971	0.0069228878	
S00111.soleus.L0                	0.96819159	0.96960864	0.0017512081	
S00111.soleus.KF                	0.22366892	0.2237134	0.0005756825	
S11000.gastroc.KL               	0.00925153	0.0087693091	0.0049813601	
S11000.gastroc.L0               	0.52761996	0.52367765	0.0031899716	
S11000.gastroc.KF               	-1.8226896	-1.8201542	0.0075378919	
S11000.soleus.KL                	0.77553747	0.77387615	0.012674216	
S11000.soleus.L0                	0.93432211	0.93048093	0.0030305913	
S11000.soleus.KF                	-0.9142255	-0.90818484	0.012097707	
S00011.vasti.KF                 	0.83456842	0.83644197	0.0016540323	
S00011.vasti.C0                 	0.082824085	0.083361152	0.00037263347	
S00011.vasti-knee_angle.pos_max 	-0.30504186	-0.30437069	0.00058288367	
S00011.hamstrings-pelvis_tilt.KP	0.68409784	0.69249879	0.0064926698	
S00011.hamstrings-pelvis_tilt.KV	0.56841161	0.56818099	0.00034482252	
S00011.hamstrings-pelvis_tilt.C0	0.025974151	0.026523259	0.00066720573	
S00011.glut_max-pelvis_tilt.KP  	1.5164244	1.5158402	0.0055729667	
S00011.glut_max-pelvis_tilt.KV  	0.31670299	0.31693398	0.0003496851	
S00011.glut_max-pelvis_tilt.C0  	0.16205114	0.1621569	0.00058163109	
S00011.iliopsoas-pelvis_tilt.KP 	-3.5028023	-3.5180787	0.0090944221	
S00011.iliopsoas-pelvis_tilt.KV 	-0.54113903	-0.54038204	0.00041459027	
S00011.iliopsoas-pelvis_tilt.C0 	0.32939164	0.3280204	0.00094063479	
S00100.iliopsoas.C0             	0.33909373	0.33906488	0.00049752549	
S00100.glut_max.C0              	-0.02342065	-0.023835249	0.00036001703	
S11000.iliopsoas.KL             	0.56261448	0.56301899	0.0004250344	
S11000.iliopsoas.L0             	0.38979408	0.39023365	0.00047079194	
S11000.iliopsoas-pelvis_tilt.P0 	-0.042982345	-0.043817926	0.00036714555	
S11000.iliopsoas-pelvis_tilt.KP 	0.011526822	0.011686345	0.0020122295	
S11000.iliopsoas-pelvis_tilt.KV 	0.14271056	0.14287575	0.00043852055	
S11000.iliopsoas-hamstrings.KL  	-8.2941489	-8.3051299	0.015545613	
S11000.iliopsoas-hamstrings.L0  	1.1661984	1.1659058	0.0003543819	
S11000.hamstrings.KF            	0.57312334	0.57297523	0.0003394118	
S11000.glut_max.KF              	0.62375978	0.62316023	0.00038004725	
