pelvis_tilt.offset              	0.020965213	0.021025885	0.00024714098	
hip_flexion_r.offset            	0.06700472	0.067190702	0.00023556912	
knee_angle_r.offset             	6.7744489e-05	0.00019642445	0.00026499161	
ankle_angle_r.offset            	-0.054734091	-0.054961568	0.00033156816	
hip_flexion_l.offset            	-0.0038314431	-0.0038712411	0.0004844397	
knee_angle_l.offset             	0.059335817	0.059031076	0.00037515593	
ankle_angle_l.offset            	0.18542012	0.18492227	0.00034722998	
stance_load_threshold           	0.15762558	0.15757391	0.00039735257	
S00111.tib_ant.KL               	1.2870699	1.2886815	0.0065042445	
S00111.tib_ant.L0               	0.75503456	0.75427776	0.00069455926	
S00111.tib_ant.KS               	0.00015652	0.00016699926	0.00022783503	
S11000.tib_ant.KL               	1.1918527	1.1921702	0.0036355838	
S11000.tib_ant.L0               	0.74056661	0.73998721	0.0005390793	
S11000.tib_ant.KS               	0.03651687	0.036271031	0.0003295193	
S11111.tib_ant-soleus.KF        	-0.11059084	-0.1101056	0.00056828451	
S00111.soleus-tib_ant.KS        	-0.86516148	-0.85845293	0.0070007611	
S11000.soleus-tib_ant.KS        	-3.2630101	-3.2598916	0.008635786	
S00111.gastroc-tib_ant.KS       	-0.32208546	-0.33314805	0.0059761026	
S11000.gastroc-tib_ant.KS       	-1.6943322	-1.6874818	0.0072165606	
S00111.tib_ant-gastroc.KS       	-0.00395169	-0.0037164489	0.045081017	
S11000.tib_ant-gastroc.KS       	-0.00366451	-0.0034445796	0.044062265	
S00111.tib_ant-soleus.KS        	-0.00346517	-0.0032710676	0.04627798	
S11000.tib_ant-soleus.KS        	-0.0034666	-0.0033550512	0.044312104	
S00111.gastroc.KL               	0.077319572	0.079795715	0.0057487575	
S00111.gastroc.L0               	0.86497894	0.86048024	0.0027873847	
S00111.gastroc.KF               	1.407575	1.4078095	0.00036089097	
S00111.soleus.KL                	3.9914069	3.9826798	0.0063268181	
S00111.soleus.L0                	0.97066409	0.96865787	0.0015984073	
S00111.soleus.KF                	0.22348279	0.22386763	0.00052801818	
S11000.gastroc.KL               	0.00837043	0.0089344947	0.0044988102	
S11000.gastroc.L0               	0.5268702	0.52464163	0.0029146916	
S11000.gastroc.KF               	-1.8122015	-1.8160839	0.0069127982	
S11000.soleus.KL                	0.79061119	0.78024481	0.011549514	
S11000.soleus.L0                	0.92499867	0.93078168	0.0027695354	
S11000.soleus.KF                	-0.9091302	-0.9100155	0.011116932	
S00011.vasti.KF                 	0.83949932	0.83683249	0.0015111882	
S00011.vasti.C0                 	0.08313542	0.083092119	0.00034136964	
S00011.vasti-knee_angle.pos_max 	-0.30483639	-0.30457364	0.00053416844	
S00011.hamstrings-pelvis_tilt.KP	0.681135	0.68343224	0.005989732	
S00011.hamstrings-pelvis_tilt.KV	0.56810596	0.5684605	0.00031492587	
S00011.hamstrings-pelvis_tilt.C0	0.026088932	0.025533354	0.00061029827	
S00011.glut_max-pelvis_tilt.KP  	1.5149759	1.5151464	0.0051257733	
S00011.glut_max-pelvis_tilt.KV  	0.31627753	0.31679175	0.0003206812	
S00011.glut_max-pelvis_tilt.C0  	0.16266967	0.16256888	0.00053255789	
S00011.iliopsoas-pelvis_tilt.KP 	-3.5298914	-3.5248305	0.0083465413	
S00011.iliopsoas-pelvis_tilt.KV 	-0.54113563	-0.54069549	0.00038000189	
S00011.iliopsoas-pelvis_tilt.C0 	0.32660093	0.32788715	0.0008595767	
S00100.iliopsoas.C0             	0.33902949	0.33941458	0.00045571386	
S00100.glut_max.C0              	-0.02342065	-0.023823022	0.00032823128	
S11000.iliopsoas.KL             	0.56360369	0.56293709	0.00038930199	
S11000.iliopsoas.L0             	0.39026132	0.38969151	0.00043098004	
S11000.iliopsoas-pelvis_tilt.P0 	-0.043240648	-0.043517812	0.00033723513	
S11000.iliopsoas-pelvis_tilt.KP 	0.01196527	0.011528692	0.0018185949	
S11000.iliopsoas-pelvis_tilt.KV 	0.14283064	0.14267341	0.00040035001	
S11000.iliopsoas-hamstrings.KL  	-8.2904543	-8.2924571	0.014241361	
S11000.iliopsoas-hamstrings.L0  	1.1659083	1.1658603	0.00032484407	
S11000.hamstrings.KF            	0.5721988	0.57296412	0.0003104288	
S11000.glut_max.KF              	0.62329581	0.62295681	0.00034823426	
