pelvis_tilt.offset              	0.021776333	0.021821227	0.0012607812	
hip_flexion_r.offset            	0.069052414	0.069251307	0.0011903127	
knee_angle_r.offset             	0.00044916552	0.0010132172	0.0013027631	
ankle_angle_r.offset            	-0.053358263	-0.05596936	0.0017040604	
hip_flexion_l.offset            	-0.0097072623	-0.006206497	0.0024122942	
knee_angle_l.offset             	0.056925806	0.056700255	0.001862965	
ankle_angle_l.offset            	0.18989349	0.18880992	0.0017840137	
stance_load_threshold           	0.15043131	0.15215306	0.001966128	
S00111.tib_ant.KL               	1.3119505	1.2909058	0.032531919	
S00111.tib_ant.L0               	0.75009293	0.75649295	0.0034970585	
S00111.tib_ant.KS               	0.00015652	0.00016482098	0.0014008694	
S11000.tib_ant.KL               	1.1541238	1.1901979	0.01852024	
S11000.tib_ant.L0               	0.74214514	0.74376028	0.0026994306	
S11000.tib_ant.KS               	0.03371447	0.03513171	0.0017188256	
S11111.tib_ant-soleus.KF        	-0.1112148	-0.11177506	0.0029400295	
S00111.soleus-tib_ant.KS        	-0.88318795	-0.87640566	0.037272318	
S11000.soleus-tib_ant.KS        	-3.3920826	-3.27777	0.043018302	
S00111.gastroc-tib_ant.KS       	-0.35557966	-0.34010839	0.032443256	
S11000.gastroc-tib_ant.KS       	-1.7648361	-1.7566407	0.035915001	
S00111.tib_ant-gastroc.KS       	-0.00357534	-0.0036397057	0.27720629	
S11000.tib_ant-gastroc.KS       	-0.00331551	-0.003502136	0.27094195	
S00111.tib_ant-soleus.KS        	-0.00313515	-0.0032095206	0.28456658	
S11000.tib_ant-soleus.KS        	-0.0034666	-0.0033899554	0.27247825	
S00111.gastroc.KL               	0.08315732	0.081956613	0.034650955	
S00111.gastroc.L0               	0.85348574	0.83846207	0.014287437	
S00111.gastroc.KF               	1.4094943	1.4103297	0.001818501	
S00111.soleus.KL                	4.090046	4.0625646	0.031843091	
S00111.soleus.L0                	0.98172753	0.96887125	0.0082156497	
S00111.soleus.KF                	0.22641282	0.22760561	0.0026351302	
S11000.gastroc.KL               	0.00837043	0.0089884558	0.027648436	
S11000.gastroc.L0               	0.54989184	0.52093961	0.015014342	
S11000.gastroc.KF               	-1.8455208	-1.7983446	0.035418073	
S11000.soleus.KL                	0.82299358	0.81773101	0.062919581	
S11000.soleus.L0                	0.88945783	0.88057225	0.013869074	
S11000.soleus.KF                	-0.95885434	-0.902113	0.058488841	
S00011.vasti.KF                 	0.83522496	0.82994123	0.0077664743	
S00011.vasti.C0                 	0.086345438	0.085257033	0.0017460788	
S00011.vasti-knee_angle.pos_max 	-0.29903633	-0.30245439	0.0026790404	
S00011.hamstrings-pelvis_tilt.KP	0.71541545	0.71095228	0.030731724	
S00011.hamstrings-pelvis_tilt.KV	0.56618285	0.56630429	0.0015625313	
S00011.hamstrings-pelvis_tilt.C0	0.02514159	0.026542179	0.0034021336	
S00011.glut_max-pelvis_tilt.KP  	1.530051	1.5024057	0.025230949	
S00011.glut_max-pelvis_tilt.KV  	0.31297852	0.31374482	0.0015751728	
S00011.glut_max-pelvis_tilt.C0  	0.15901157	0.16063229	0.0026774704	
S00011.iliopsoas-pelvis_tilt.KP 	-3.5001871	-3.4829318	0.042747066	
S00011.iliopsoas-pelvis_tilt.KV 	-0.54664751	-0.54406015	0.0019400046	
S00011.iliopsoas-pelvis_tilt.C0 	0.33299719	0.33260915	0.0041761321	
S00100.iliopsoas.C0             	0.33560689	0.33361011	0.0023030732	
S00100.glut_max.C0              	-0.02342065	-0.024528891	0.0017640456	
S11000.iliopsoas.KL             	0.56181108	0.56091204	0.0019603389	
S11000.iliopsoas.L0             	0.39308821	0.39350259	0.0021946079	
S11000.iliopsoas-pelvis_tilt.P0 	-0.045233246	-0.043591677	0.0017534272	
S11000.iliopsoas-pelvis_tilt.KP 	0.01082572	0.011410081	0.01113005	
S11000.iliopsoas-pelvis_tilt.KV 	0.14412317	0.14310936	0.002022801	
S11000.iliopsoas-hamstrings.KL  	-8.28972	-8.2631768	0.071400629	
S11000.iliopsoas-hamstrings.L0  	1.1652936	1.16423	0.0016309241	
S11000.hamstrings.KF            	0.57439564	0.57549862	0.0015691022	
S11000.glut_max.KF              	0.62459906	0.62186364	0.0017808396	
