pelvis_tilt.offset              	0.021863699	0.021501487	0.0011642672	
hip_flexion_r.offset            	0.069686749	0.069706579	0.0011003951	
knee_angle_r.offset             	-0.00041602706	-0.00084087419	0.0012111103	
ankle_angle_r.offset            	-0.055805894	-0.056619339	0.0015774965	
hip_flexion_l.offset            	-0.0036731049	-0.0067957473	0.0022286028	
knee_angle_l.offset             	0.061282049	0.060238956	0.0017248112	
ankle_angle_l.offset            	0.18774638	0.18897803	0.0016483632	
stance_load_threshold           	0.15633484	0.15408354	0.0018131745	
S00111.tib_ant.KL               	1.2729578	1.2558517	0.03001225	
S00111.tib_ant.L0               	0.77061396	0.76305605	0.0032415562	
S00111.tib_ant.KS               	0.000173	0.0001590364	0.0012924852	
S11000.tib_ant.KL               	1.1826829	1.2157178	0.01709397	
S11000.tib_ant.L0               	0.74237864	0.74002411	0.0024961409	
S11000.tib_ant.KS               	0.03726336	0.035746703	0.0015916602	
S11111.tib_ant-soleus.KF        	-0.11149557	-0.11146759	0.0027124613	
S00111.soleus-tib_ant.KS        	-0.80888339	-0.8264733	0.034479018	
S11000.soleus-tib_ant.KS        	-3.2939292	-3.2830485	0.039759371	
S00111.gastroc-tib_ant.KS       	-0.35557966	-0.33153903	0.029958362	
S11000.gastroc-tib_ant.KS       	-1.7336253	-1.6928733	0.033230827	
S00111.tib_ant-gastroc.KS       	-0.00395169	-0.0037362298	0.25575903	
S11000.tib_ant-gastroc.KS       	-0.00331551	-0.0034939047	0.24997935	
S00111.tib_ant-soleus.KS        	-0.00313515	-0.0033129043	0.26254986	
S11000.tib_ant-soleus.KS        	-0.00313645	-0.0033988048	0.25139679	
S00111.gastroc.L0               	0.84827703	0.84337726	0.013218093	
S00111.gastroc.KS               	0.17739288	0.16998004	0.014808449	
S00111.soleus.L0                	0.95418421	0.96309393	0.0075896171	
S00111.soleus.KS                	0.15887371	0.15685049	0.021607766	
S11000.gastroc.KL               	0.00837043	0.0089355862	0.025509322	
S11000.gastroc.L0               	0.5158094	0.52648724	0.013915705	
S11000.gastroc.KF               	-1.8299207	-1.7984822	0.032867493	
S11000.gastroc.KS               	0.25231886	0.2657165	0.030243753	
S11000.soleus.KL                	0.84260236	0.81687158	0.058074577	
S11000.soleus.L0                	0.90425312	0.90144789	0.012836524	
S11000.soleus.KF                	-0.91166493	-0.92434232	0.054071561	
S11000.soleus.KS                	0.10977742	0.10726525	0.047370279	
S00011.vasti.KF                 	0.81558752	0.82286166	0.0071460489	
S00011.vasti.C0                 	0.080974961	0.081780364	0.0016140041	
S00011.vasti-knee_angle.pos_max 	-0.30428049	-0.30255594	0.0024778102	
S00011.hamstrings-pelvis_tilt.KP	0.69502974	0.69472207	0.028392145	
S00011.hamstrings-pelvis_tilt.KV	0.56697994	0.56679504	0.0014377143	
S00011.hamstrings-pelvis_tilt.C0	0.02778807	0.026426747	0.0031396789	
S00011.glut_max-pelvis_tilt.KP  	1.5435674	1.5195894	0.023408325	
S00011.glut_max-pelvis_tilt.KV  	0.3163485	0.31592354	0.0014648697	
S00011.glut_max-pelvis_tilt.C0  	0.15996349	0.15897958	0.0024576865	
S00011.iliopsoas-pelvis_tilt.KP 	-3.4988322	-3.435899	0.039354398	
S00011.iliopsoas-pelvis_tilt.KV 	-0.5465651	-0.54402239	0.0017952816	
S00011.iliopsoas-pelvis_tilt.C0 	0.33905807	0.34035299	0.0038801548	
S00100.iliopsoas.C0             	0.33579606	0.33524111	0.0021329365	
S00100.glut_max.C0              	-0.02342065	-0.024233389	0.0016303457	
S11000.iliopsoas.KL             	0.55711827	0.56051596	0.0018249944	
S11000.iliopsoas.L0             	0.39530923	0.39272502	0.0020211743	
S11000.iliopsoas-pelvis_tilt.P0 	-0.045010407	-0.043675957	0.001617294	
S11000.iliopsoas-pelvis_tilt.KP 	0.01196527	0.011430533	0.010269009	
S11000.iliopsoas-pelvis_tilt.KV 	0.14136773	0.14194551	0.0018759661	
S11000.iliopsoas-hamstrings.KL  	-8.2520096	-8.3262258	0.066632085	
S11000.iliopsoas-hamstrings.L0  	1.1659668	1.1653736	0.001512409	
S11000.hamstrings.KF            	0.57588531	0.57646535	0.0014549732	
S11000.glut_max.KF              	0.62305788	0.62123049	0.0016447564	
