pelvis_tilt.offset              	0.021309236	0.022981795	0.001066359	
hip_flexion_r.offset            	0.07064297	0.070188274	0.0010066408	
knee_angle_r.offset             	0.0005683577	4.501407e-05	0.0011065843	
ankle_angle_r.offset            	-0.058972752	-0.056282572	0.0014365964	
hip_flexion_l.offset            	-0.0068066595	-0.0040897153	0.0020416527	
knee_angle_l.offset             	0.059687994	0.060138095	0.0015843479	
ankle_angle_l.offset            	0.18592283	0.18735543	0.0015069778	
stance_load_threshold           	0.15793187	0.15570893	0.0016654027	
S00111.tib_ant.KL               	1.2831254	1.296016	0.027397543	
S00111.tib_ant.L0               	0.76259371	0.76248322	0.0029696452	
S00111.tib_ant.KS               	0.000173	0.00016425798	0.0011606449	
S11000.tib_ant.KL               	1.2582831	1.2453629	0.015730993	
S11000.tib_ant.L0               	0.7352316	0.73756048	0.0022875251	
S11000.tib_ant.KS               	0.036177434	0.034927137	0.0014465954	
S11111.tib_ant-soleus.KF        	-0.10743102	-0.10813448	0.0024824574	
S00111.soleus-tib_ant.KS        	-0.8189556	-0.82624423	0.031247352	
S11000.soleus-tib_ant.KS        	-3.2730467	-3.2959424	0.036286737	
S00111.gastroc-tib_ant.KS       	-0.35407103	-0.32745969	0.027000124	
S11000.gastroc-tib_ant.KS       	-1.7369918	-1.7122977	0.030351079	
S00111.tib_ant-gastroc.KS       	-0.00395169	-0.0037289885	0.22967004	
S11000.tib_ant-gastroc.KS       	-0.00331551	-0.0034719724	0.22447992	
S00111.tib_ant-soleus.KS        	-0.00313515	-0.0033403751	0.23576816	
S11000.tib_ant-soleus.KS        	-0.0034666	-0.0033442111	0.22575277	
S00111.gastroc.L0               	0.86545861	0.84701223	0.012060414	
S00111.gastroc.KS               	0.17739288	0.16901754	0.013357733	
S00111.soleus.L0                	0.95719427	0.9605661	0.006917765	
S00111.soleus.KS                	0.16520068	0.15858032	0.019449011	
S11000.gastroc.KL               	0.00837043	0.0088142598	0.022907353	
S11000.gastroc.L0               	0.50262413	0.51287998	0.012701186	
S11000.gastroc.KF               	-1.7790245	-1.7929469	0.030128834	
S11000.gastroc.KS               	0.27887874	0.26343119	0.027249763	
S11000.soleus.KL                	0.82718631	0.81851202	0.052438582	
S11000.soleus.L0                	0.91241146	0.90351766	0.011814497	
S11000.soleus.KF                	-0.86940371	-0.9055025	0.048962162	
S11000.soleus.KS                	0.1022613	0.10658274	0.042550451	
S00011.vasti.KF                 	0.81870013	0.8239505	0.0065122168	
S00011.vasti.C0                 	0.081380613	0.081391488	0.0014643222	
S00011.vasti-knee_angle.pos_max 	-0.30522287	-0.30305684	0.002255725	
S00011.hamstrings-pelvis_tilt.KP	0.68931321	0.71038585	0.025831143	
S00011.hamstrings-pelvis_tilt.KV	0.56969306	0.56940915	0.0013180841	
S00011.hamstrings-pelvis_tilt.C0	0.02778807	0.026303153	0.0028275738	
S00011.glut_max-pelvis_tilt.KP  	1.5687539	1.5479239	0.02137342	
S00011.glut_max-pelvis_tilt.KV  	0.31447935	0.3156634	0.0013452156	
S00011.glut_max-pelvis_tilt.C0  	0.15835173	0.15924459	0.0022503359	
S00011.iliopsoas-pelvis_tilt.KP 	-3.5183871	-3.4716874	0.035925527	
S00011.iliopsoas-pelvis_tilt.KV 	-0.54659378	-0.54791089	0.0016675829	
S00011.iliopsoas-pelvis_tilt.C0 	0.33614244	0.33836308	0.0035656295	
S00100.iliopsoas.C0             	0.33638259	0.33561722	0.0019778443	
S00100.glut_max.C0              	-0.02588599	-0.024496692	0.0014732905	
S11000.iliopsoas.KL             	0.55829334	0.559922	0.0016703766	
S11000.iliopsoas.L0             	0.39112289	0.39196315	0.0018445858	
S11000.iliopsoas-pelvis_tilt.P0 	-0.044569355	-0.044728357	0.0014738664	
S11000.iliopsoas-pelvis_tilt.KP 	0.01196527	0.01130553	0.0092221391	
S11000.iliopsoas-pelvis_tilt.KV 	0.14171828	0.14134402	0.0017204904	
S11000.iliopsoas-hamstrings.KL  	-8.3468737	-8.3263845	0.060859289	
S11000.iliopsoas-hamstrings.L0  	1.1632969	1.1639806	0.001387088	
S11000.hamstrings.KF            	0.57542071	0.57576774	0.0013253636	
S11000.glut_max.KF              	0.619559	0.62125804	0.0015011012	
