pelvis_tilt.offset              	0.023943033	0.022988839	0.0010175449	
hip_flexion_r.offset            	0.071873545	0.070322692	0.00095475303	
knee_angle_r.offset             	9.0231698e-05	-0.00018972126	0.0010541626	
ankle_angle_r.offset            	-0.058384699	-0.057565308	0.0013694501	
hip_flexion_l.offset            	-0.0057002551	-0.0049938003	0.0019506131	
knee_angle_l.offset             	0.05826641	0.059230096	0.0015156687	
ankle_angle_l.offset            	0.18837113	0.18938194	0.0014390079	
stance_load_threshold           	0.15338408	0.1545044	0.0015798853	
S00111.tib_ant.KL               	1.2761798	1.2854803	0.026002417	
S00111.tib_ant.L0               	0.76159039	0.76404944	0.002818985	
S00111.tib_ant.KS               	0.000173	0.00016370442	0.0010899992	
S11000.tib_ant.KL               	1.2275258	1.2253677	0.015010166	
S11000.tib_ant.L0               	0.73744683	0.73501471	0.0021845034	
S11000.tib_ant.KS               	0.035709188	0.035501275	0.0013691945	
S11111.tib_ant-soleus.KF        	-0.10892385	-0.10938593	0.0023594865	
S00111.soleus-tib_ant.KS        	-0.8176238	-0.85027501	0.029631823	
S11000.soleus-tib_ant.KS        	-3.2297935	-3.2587535	0.034661069	
S00111.gastroc-tib_ant.KS       	-0.32171493	-0.32775806	0.025450847	
S11000.gastroc-tib_ant.KS       	-1.6875155	-1.7301116	0.028879243	
S00111.tib_ant-gastroc.KS       	-0.00395169	-0.0037223928	0.21569042	
S11000.tib_ant-gastroc.KS       	-0.00366451	-0.003476867	0.21081622	
S00111.tib_ant-soleus.KS        	-0.00346517	-0.0033106935	0.22141736	
S11000.tib_ant-soleus.KS        	-0.0034666	-0.0033552808	0.21201159	
S00111.gastroc.L0               	0.82813194	0.83947097	0.011472021	
S00111.gastroc.KS               	0.16049832	0.17258462	0.012587984	
S00111.soleus.L0                	0.94905223	0.95241978	0.0065998172	
S00111.soleus.KS                	0.16520068	0.16114854	0.018294048	
S11000.gastroc.KL               	0.00837043	0.0085545178	0.021513119	
S11000.gastroc.L0               	0.49752118	0.52076266	0.012083104	
S11000.gastroc.KF               	-1.8280302	-1.8235485	0.028817663	
S11000.gastroc.KS               	0.26315137	0.26347257	0.025650436	
S11000.soleus.KL                	0.76235452	0.80480696	0.049477125	
S11000.soleus.L0                	0.8987729	0.90299434	0.011281815	
S11000.soleus.KF                	-0.95678432	-0.91502541	0.046317522	
S11000.soleus.KS                	0.11284682	0.10713063	0.039969168	
S00011.vasti.KF                 	0.81758018	0.81518507	0.0061890393	
S00011.vasti.C0                 	0.080528888	0.081624683	0.0013845339	
S00011.vasti-knee_angle.pos_max 	-0.3011258	-0.30217942	0.0021491977	
S00011.hamstrings-pelvis_tilt.KP	0.67770531	0.6928241	0.024446636	
S00011.hamstrings-pelvis_tilt.KV	0.56828164	0.57049001	0.0012580656	
S00011.hamstrings-pelvis_tilt.C0	0.02514159	0.025993014	0.0026614277	
S00011.glut_max-pelvis_tilt.KP  	1.5468409	1.5552454	0.020293432	
S00011.glut_max-pelvis_tilt.KV  	0.31366791	0.31413839	0.0012778156	
S00011.glut_max-pelvis_tilt.C0  	0.15861048	0.15908505	0.0021374154	
S00011.iliopsoas-pelvis_tilt.KP 	-3.4628466	-3.4513469	0.034053503	
S00011.iliopsoas-pelvis_tilt.KV 	-0.55032162	-0.548681	0.0016063701	
S00011.iliopsoas-pelvis_tilt.C0 	0.33482576	0.3373359	0.0034041399	
S00100.iliopsoas.C0             	0.3376368	0.33717031	0.0018796857	
S00100.glut_max.C0              	-0.025322024	-0.024992365	0.0013919399	
S11000.iliopsoas.KL             	0.55919589	0.55834667	0.001584695	
S11000.iliopsoas.L0             	0.38877592	0.39008456	0.0017522136	
S11000.iliopsoas-pelvis_tilt.P0 	-0.044983589	-0.044607368	0.0013943811	
S11000.iliopsoas-pelvis_tilt.KP 	0.011603661	0.011486067	0.0086612694	
S11000.iliopsoas-pelvis_tilt.KV 	0.14176526	0.14264337	0.0016450656	
S11000.iliopsoas-hamstrings.KL  	-8.3154237	-8.3540221	0.057899931	
S11000.iliopsoas-hamstrings.L0  	1.1614084	1.1620911	0.001321773	
S11000.hamstrings.KF            	0.575941	0.57733982	0.0012633508	
S11000.glut_max.KF              	0.61828548	0.62030107	0.0014271797	
