pelvis_tilt.offset              	0.02379977	0.023603788	0.00033686021	
hip_flexion_r.offset            	0.072284657	0.072225603	0.00033860792	
knee_angle_r.offset             	-0.0026629681	-0.0027165692	0.00035742601	
ankle_angle_r.offset            	-0.05700477	-0.057500255	0.00046131558	
hip_flexion_l.offset            	-0.0014626093	-0.00086786946	0.00065123719	
knee_angle_l.offset             	0.057925324	0.057622478	0.00050558514	
ankle_angle_l.offset            	0.19069481	0.19093099	0.00047518435	
stance_load_threshold           	0.15070863	0.1515187	0.00052753474	
S00111.tib_ant.KL               	1.3006033	1.298241	0.0084324939	
S00111.tib_ant.L0               	0.76388738	0.76348568	0.00093744932	
S00111.tib_ant.KS               	0.000173	0.00016669442	0.0003116624	
S11000.tib_ant.KL               	1.2166839	1.2178467	0.0050492673	
S11000.tib_ant.L0               	0.73141663	0.73039142	0.00075603919	
S11000.tib_ant.KS               	0.035383884	0.03512392	0.00045120369	
S11111.tib_ant-soleus.KF        	-0.1080924	-0.10651514	0.00077654046	
S00111.soleus-tib_ant.KS        	-0.80888339	-0.81420615	0.0095268521	
S11000.soleus-tib_ant.KS        	-3.2459665	-3.2332647	0.01159348	
S00111.gastroc-tib_ant.KS       	-0.32171493	-0.3227719	0.0076733991	
S11000.gastroc-tib_ant.KS       	-1.6971235	-1.6857571	0.0095548322	
S00111.tib_ant-gastroc.KS       	-0.00395169	-0.003820631	0.061669336	
S11000.tib_ant-gastroc.KS       	-0.00331551	-0.0034947322	0.060275718	
S00111.tib_ant-soleus.KS        	-0.00346517	-0.0033170941	0.063306749	
S11000.tib_ant-soleus.KS        	-0.00313645	-0.0032657225	0.060617494	
S00111.gastroc.L0               	0.84464955	0.843726	0.0038151745	
S00111.gastroc.KS               	0.17555992	0.17650143	0.0037556925	
S00111.soleus.L0                	0.92884161	0.93030123	0.0023168672	
S00111.soleus.KS                	0.15917043	0.1608002	0.0055383851	
S11000.gastroc.KL               	0.00837043	0.0088221858	0.0061529444	
S11000.gastroc.L0               	0.50474949	0.50573833	0.0040067242	
S11000.gastroc.KF               	-1.798788	-1.7912414	0.0095922744	
S11000.gastroc.KS               	0.26329293	0.27327809	0.0078729558	
S11000.soleus.KL                	0.77783949	0.80072215	0.015769631	
S11000.soleus.L0                	0.93412499	0.93566094	0.0038434982	
S11000.soleus.KF                	-0.90533511	-0.91298712	0.014819335	
S11000.soleus.KS                	0.1022613	0.10825446	0.011557558	
S00011.vasti.KF                 	0.82112811	0.81945135	0.0020465451	
S00011.vasti.C0                 	0.080409052	0.080285656	0.00044124016	
S00011.vasti-knee_angle.pos_max 	-0.29422221	-0.29575948	0.00076092489	
S00011.hamstrings-pelvis_tilt.KP	0.68416454	0.67972405	0.0079156135	
S00011.hamstrings-pelvis_tilt.KV	0.57289153	0.57224221	0.00043348508	
S00011.hamstrings-pelvis_tilt.C0	0.02514159	0.026021641	0.00082185719	
S00011.glut_max-pelvis_tilt.KP  	1.548541	1.5537171	0.0065717896	
S00011.glut_max-pelvis_tilt.KV  	0.31635081	0.31645094	0.00042990597	
S00011.glut_max-pelvis_tilt.C0  	0.16115239	0.16187882	0.00071763915	
S00011.iliopsoas-pelvis_tilt.KP 	-3.4677876	-3.4622225	0.011295244	
S00011.iliopsoas-pelvis_tilt.KV 	-0.54736719	-0.54813341	0.00053410008	
S00011.iliopsoas-pelvis_tilt.C0 	0.32794544	0.32819591	0.0011511893	
S00100.iliopsoas.C0             	0.33761767	0.33774445	0.00061986896	
S00100.glut_max.C0              	-0.024386395	-0.024761028	0.00044219565	
S11000.iliopsoas.KL             	0.56061437	0.5600525	0.00051753752	
S11000.iliopsoas.L0             	0.3921015	0.39184473	0.00059096479	
S11000.iliopsoas-pelvis_tilt.P0 	-0.043749956	-0.043855373	0.00046088636	
S11000.iliopsoas-pelvis_tilt.KP 	0.01196527	0.011285661	0.0024836469	
S11000.iliopsoas-pelvis_tilt.KV 	0.14291093	0.14305075	0.00054194945	
S11000.iliopsoas-hamstrings.KL  	-8.2806593	-8.2941061	0.01966136	
S11000.iliopsoas-hamstrings.L0  	1.1632199	1.1632702	0.00043924382	
S11000.hamstrings.KF            	0.57854214	0.57895047	0.00042009351	
S11000.glut_max.KF              	0.61776722	0.61862729	0.00047267138	
