pelvis_tilt.offset              	0.023919217	0.02369512	0.00022300531	
hip_flexion_r.offset            	0.071510636	0.071716367	0.0002219679	
knee_angle_r.offset             	-0.0017038494	-0.0019950803	0.00023615562	
ankle_angle_r.offset            	-0.056948649	-0.056700954	0.00030193527	
hip_flexion_l.offset            	-0.00018586397	7.0501028e-07	0.00042967108	
knee_angle_l.offset             	0.058159921	0.058396092	0.00033520594	
ankle_angle_l.offset            	0.19091859	0.19102351	0.00030877999	
stance_load_threshold           	0.15195875	0.15184279	0.00034551236	
S00111.tib_ant.KL               	1.2963008	1.2940237	0.0055264137	
S00111.tib_ant.L0               	0.76458011	0.76420895	0.00061348377	
S00111.tib_ant.KS               	0.00015652	0.00016037316	0.00018823304	
S11000.tib_ant.KL               	1.2125032	1.2105463	0.0033358753	
S11000.tib_ant.L0               	0.73099656	0.73020092	0.0004975143	
S11000.tib_ant.KS               	0.035748482	0.035068169	0.00029525115	
S11111.tib_ant-soleus.KF        	-0.10545546	-0.10582577	0.00050682693	
S00111.soleus-tib_ant.KS        	-0.81069383	-0.81395546	0.0060658033	
S11000.soleus-tib_ant.KS        	-3.2163759	-3.2196161	0.0077339421	
S00111.gastroc-tib_ant.KS       	-0.32171493	-0.32357548	0.0047048064	
S11000.gastroc-tib_ant.KS       	-1.7050171	-1.6914788	0.0062608233	
S00111.tib_ant-gastroc.KS       	-0.00395169	-0.0037186479	0.037241569	
S11000.tib_ant-gastroc.KS       	-0.00331551	-0.0035034872	0.036399966	
S00111.tib_ant-soleus.KS        	-0.00346517	-0.0033133517	0.03823037	
S11000.tib_ant-soleus.KS        	-0.0034666	-0.0033091959	0.036606358	
S00111.gastroc.L0               	0.84491357	0.84306595	0.0024989742	
S00111.gastroc.KS               	0.17689871	0.1769366	0.0023169039	
S00111.soleus.L0                	0.92850166	0.92762422	0.0015253622	
S00111.soleus.KS                	0.16161136	0.15707352	0.0035182372	
S11000.gastroc.KL               	0.00925153	0.008588238	0.0037184753	
S11000.gastroc.L0               	0.49752118	0.50067396	0.0025943789	
S11000.gastroc.KF               	-1.7917797	-1.8028751	0.0063422062	
S11000.gastroc.KS               	0.26578662	0.26734449	0.0050813663	
S11000.soleus.KL                	0.83224551	0.82192141	0.010353738	
S11000.soleus.L0                	0.9340951	0.93495067	0.0025150047	
S11000.soleus.KF                	-0.91135652	-0.91580847	0.0097294524	
S11000.soleus.KS                	0.11282322	0.10830611	0.0071318824	
S00011.vasti.KF                 	0.81632123	0.81848938	0.0013277184	
S00011.vasti.C0                 	0.081599909	0.081180651	0.0002880576	
S00011.vasti-knee_angle.pos_max 	-0.29843444	-0.29789781	0.00050127441	
S00011.hamstrings-pelvis_tilt.KP	0.68813331	0.68776039	0.0052128327	
S00011.hamstrings-pelvis_tilt.KV	0.57197481	0.57156193	0.00028950316	
S00011.hamstrings-pelvis_tilt.C0	0.02727073	0.027478963	0.00052979658	
S00011.glut_max-pelvis_tilt.KP  	1.5465448	1.5386749	0.0043378946	
S00011.glut_max-pelvis_tilt.KV  	0.31563241	0.31599949	0.00028413972	
S00011.glut_max-pelvis_tilt.C0  	0.16138005	0.16173409	0.00046910224	
S00011.iliopsoas-pelvis_tilt.KP 	-3.4900037	-3.488802	0.0074045255	
S00011.iliopsoas-pelvis_tilt.KV 	-0.54873729	-0.54863366	0.00035437258	
S00011.iliopsoas-pelvis_tilt.C0 	0.33054242	0.33094111	0.00076165153	
S00100.iliopsoas.C0             	0.33630093	0.33661566	0.0004056872	
S00100.glut_max.C0              	-0.023667475	-0.023723021	0.00028967412	
S11000.iliopsoas.KL             	0.56148267	0.56144588	0.00034139348	
S11000.iliopsoas.L0             	0.39199915	0.39238203	0.00038827729	
S11000.iliopsoas-pelvis_tilt.P0 	-0.044139011	-0.044160873	0.0003029705	
S11000.iliopsoas-pelvis_tilt.KP 	0.01082572	0.011223915	0.0015109347	
S11000.iliopsoas-pelvis_tilt.KV 	0.14143027	0.14185541	0.00036097848	
S11000.iliopsoas-hamstrings.KL  	-8.3018522	-8.2917558	0.0130427	
S11000.iliopsoas-hamstrings.L0  	1.1636439	1.1638661	0.00028738176	
S11000.hamstrings.KF            	0.57941118	0.57969252	0.00027858092	
S11000.glut_max.KF              	0.61762852	0.61819292	0.00031333866	
