pelvis_tilt.offset              	0.024195665	0.024190111	0.0001142553	
hip_flexion_r.offset            	0.071418942	0.071403556	0.00011426375	
knee_angle_r.offset             	-0.001340281	-0.0015461561	0.00012233502	
ankle_angle_r.offset            	-0.057101977	-0.05681753	0.00015450339	
hip_flexion_l.offset            	0.00044874402	8.8622883e-05	0.00022267972	
knee_angle_l.offset             	0.058467971	0.058511308	0.00017092432	
ankle_angle_l.offset            	0.1907525	0.19044887	0.00015792303	
stance_load_threshold           	0.15187693	0.1519449	0.00017552274	
S00111.tib_ant.KL               	1.2847161	1.2858154	0.0028792408	
S00111.tib_ant.L0               	0.7653024	0.76521256	0.00031507883	
S00111.tib_ant.KS               	0.000173	0.00016461862	8.5167105e-05	
S11000.tib_ant.KL               	1.2075042	1.2072181	0.0017071394	
S11000.tib_ant.L0               	0.73098315	0.73105054	0.00025149844	
S11000.tib_ant.KS               	0.036356413	0.036081191	0.0001581082	
S11111.tib_ant-soleus.KF        	-0.10590399	-0.1060059	0.0002592556	
S00111.soleus-tib_ant.KS        	-0.81343405	-0.81264442	0.0029194695	
S11000.soleus-tib_ant.KS        	-3.2253065	-3.2272664	0.0039604801	
S00111.gastroc-tib_ant.KS       	-0.32355904	-0.32288347	0.0022392947	
S11000.gastroc-tib_ant.KS       	-1.6841423	-1.6938317	0.0032090857	
S00111.tib_ant-gastroc.KS       	-0.00357534	-0.0038024639	0.0168408	
S11000.tib_ant-gastroc.KS       	-0.00366451	-0.0034630904	0.016460222	
S00111.tib_ant-soleus.KS        	-0.00313515	-0.0033008339	0.017287906	
S11000.tib_ant-soleus.KS        	-0.00313645	-0.0032204738	0.016553535	
S00111.gastroc.L0               	0.84546549	0.84357465	0.0012706696	
S00111.gastroc.KS               	0.17548056	0.17561228	0.0011056587	
S00111.soleus.L0                	0.92663117	0.92696667	0.00075689183	
S00111.soleus.KS                	0.15442056	0.15586223	0.0017576268	
S11000.gastroc.KL               	0.00837043	0.0086682372	0.0016878651	
S11000.gastroc.L0               	0.50077259	0.50023874	0.0013045748	
S11000.gastroc.KF               	-1.8110396	-1.8145666	0.0032800473	
S11000.gastroc.KS               	0.26970336	0.27041922	0.0025868126	
S11000.soleus.KL                	0.83459833	0.83481748	0.0052219239	
S11000.soleus.L0                	0.93796645	0.9383047	0.0012964007	
S11000.soleus.KF                	-0.94570858	-0.94209063	0.0049864203	
S11000.soleus.KS                	0.11105995	0.10887451	0.0034248225	
S00011.vasti.KF                 	0.81591116	0.81520226	0.00068399137	
S00011.vasti.C0                 	0.081863007	0.081750756	0.00014837351	
S00011.vasti-knee_angle.pos_max 	-0.29876294	-0.29849715	0.00025812875	
S00011.hamstrings-pelvis_tilt.KP	0.70128741	0.70149071	0.0027011705	
S00011.hamstrings-pelvis_tilt.KV	0.57167641	0.57144972	0.00014663708	
S00011.hamstrings-pelvis_tilt.C0	0.026295962	0.026260855	0.00026982751	
S00011.glut_max-pelvis_tilt.KP  	1.5421601	1.538901	0.0022061177	
S00011.glut_max-pelvis_tilt.KV  	0.31625987	0.31627095	0.00014372108	
S00011.glut_max-pelvis_tilt.C0  	0.16194675	0.1613577	0.0002392968	
S00011.iliopsoas-pelvis_tilt.KP 	-3.4911549	-3.4950994	0.0037713231	
S00011.iliopsoas-pelvis_tilt.KV 	-0.54883787	-0.54901844	0.0001802891	
S00011.iliopsoas-pelvis_tilt.C0 	0.33143995	0.33098955	0.00039100579	
S00100.iliopsoas.C0             	0.33591479	0.33591448	0.00020922738	
S00100.glut_max.C0              	-0.023603286	-0.023664619	0.00014692897	
S11000.iliopsoas.KL             	0.56152502	0.56168557	0.00017636549	
S11000.iliopsoas.L0             	0.39299638	0.39290825	0.00019687388	
S11000.iliopsoas-pelvis_tilt.P0 	-0.044213302	-0.044242758	0.00015417689	
S11000.iliopsoas-pelvis_tilt.KP 	0.011527801	0.01130739	0.00070289827	
S11000.iliopsoas-pelvis_tilt.KV 	0.14101884	0.14125208	0.00018444847	
S11000.iliopsoas-hamstrings.KL  	-8.3215757	-8.3240973	0.0067084846	
S11000.iliopsoas-hamstrings.L0  	1.1636716	1.1638181	0.00014460222	
S11000.hamstrings.KF            	0.58029395	0.58001947	0.00014158396	
S11000.glut_max.KF              	0.61882274	0.61878037	0.00016013637	
