pelvis_tilt.offset              	0.024341201	0.024342676	6.9609268e-05	
hip_flexion_r.offset            	0.071456065	0.071428303	6.8681298e-05	
knee_angle_r.offset             	-0.0014136894	-0.0013574539	7.4592184e-05	
ankle_angle_r.offset            	-0.056676038	-0.056735019	9.3027493e-05	
hip_flexion_l.offset            	0.00050514669	0.0002182606	0.0001348965	
knee_angle_l.offset             	0.058586097	0.058435673	0.00010295417	
ankle_angle_l.offset            	0.19029347	0.19032878	9.5850085e-05	
stance_load_threshold           	0.15220813	0.15212611	0.00010484037	
S00111.tib_ant.KL               	1.2885925	1.2860636	0.0017223417	
S00111.tib_ant.L0               	0.76563011	0.76558599	0.00019103424	
S00111.tib_ant.KS               	0.00015656731	0.00016467218	4.8838526e-05	
S11000.tib_ant.KL               	1.2070736	1.2062006	0.0010290641	
S11000.tib_ant.L0               	0.7308145	0.73108297	0.00015173393	
S11000.tib_ant.KS               	0.036045113	0.036034276	9.4633169e-05	
S11111.tib_ant-soleus.KF        	-0.10596865	-0.10596409	0.0001553228	
S00111.soleus-tib_ant.KS        	-0.81575863	-0.81347145	0.0017437917	
S11000.soleus-tib_ant.KS        	-3.2270046	-3.2287892	0.0023606178	
S00111.gastroc-tib_ant.KS       	-0.32629003	-0.32373194	0.0013223996	
S11000.gastroc-tib_ant.KS       	-1.696419	-1.696426	0.001934158	
S00111.tib_ant-gastroc.KS       	-0.00357534	-0.0037985718	0.0096502387	
S11000.tib_ant-gastroc.KS       	-0.00366451	-0.0034366569	0.0094321426	
S00111.tib_ant-soleus.KS        	-0.00313515	-0.0033008814	0.0099064183	
S11000.tib_ant-soleus.KS        	-0.00313645	-0.0033345846	0.0094856087	
S00111.gastroc.L0               	0.84242201	0.84336201	0.00076504009	
S00111.gastroc.KS               	0.17678017	0.17646458	0.00065604958	
S00111.soleus.L0                	0.92599968	0.92616045	0.00045294155	
S00111.soleus.KS                	0.15492757	0.15540761	0.0010508908	
S11000.gastroc.KL               	0.00837043	0.0085894314	0.00097176248	
S11000.gastroc.L0               	0.49848151	0.49880232	0.00078682289	
S11000.gastroc.KF               	-1.8100738	-1.8095467	0.0019626048	
S11000.gastroc.KS               	0.27192358	0.27004025	0.0015479526	
S11000.soleus.KL                	0.83909147	0.84102984	0.0030981581	
S11000.soleus.L0                	0.93872173	0.93815411	0.00078114432	
S11000.soleus.KF                	-0.94388054	-0.94943933	0.0030660599	
S11000.soleus.KS                	0.10947913	0.11036436	0.0020426967	
S00011.vasti.KF                 	0.81519754	0.81487707	0.0004112232	
S00011.vasti.C0                 	0.081874259	0.081858229	8.8870035e-05	
S00011.vasti-knee_angle.pos_max 	-0.29885774	-0.2985474	0.00015390926	
S00011.hamstrings-pelvis_tilt.KP	0.69726004	0.69862452	0.0016289586	
S00011.hamstrings-pelvis_tilt.KV	0.57147208	0.57155106	8.8230213e-05	
S00011.hamstrings-pelvis_tilt.C0	0.026773781	0.026683018	0.00016150171	
S00011.glut_max-pelvis_tilt.KP  	1.5364379	1.5373464	0.0013342201	
S00011.glut_max-pelvis_tilt.KV  	0.31639186	0.31632571	8.6938151e-05	
S00011.glut_max-pelvis_tilt.C0  	0.16100399	0.16114201	0.00014562325	
S00011.iliopsoas-pelvis_tilt.KP 	-3.4935289	-3.4952364	0.0022784775	
S00011.iliopsoas-pelvis_tilt.KV 	-0.54895624	-0.54896703	0.00010861716	
S00011.iliopsoas-pelvis_tilt.C0 	0.33101012	0.33122627	0.00023391702	
S00100.iliopsoas.C0             	0.33582359	0.33587212	0.00012662846	
S00100.glut_max.C0              	-0.024000585	-0.023708194	8.8091041e-05	
S11000.iliopsoas.KL             	0.56178794	0.56174796	0.00010540832	
S11000.iliopsoas.L0             	0.39301149	0.39310538	0.00011966483	
S11000.iliopsoas-pelvis_tilt.P0 	-0.044076813	-0.04403959	9.2270674e-05	
S11000.iliopsoas-pelvis_tilt.KP 	0.011366039	0.011498184	0.00041228031	
S11000.iliopsoas-pelvis_tilt.KV 	0.1409292	0.14110509	0.00011167741	
S11000.iliopsoas-hamstrings.KL  	-8.3185881	-8.3195671	0.0040124938	
S11000.iliopsoas-hamstrings.L0  	1.1637039	1.1636525	8.6507738e-05	
S11000.hamstrings.KF            	0.58025695	0.58020272	8.567164e-05	
S11000.glut_max.KF              	0.61885998	0.61879908	9.7190136e-05	
