pelvis_tilt.offset              	0.024408701	0.024360971	5.8740931e-05	
hip_flexion_r.offset            	0.071395802	0.071411329	5.8335361e-05	
knee_angle_r.offset             	-0.0013257963	-0.0013639024	6.3066386e-05	
ankle_angle_r.offset            	-0.056703179	-0.056734146	7.8482963e-05	
hip_flexion_l.offset            	4.1731399e-05	0.0002650768	0.0001149192	
knee_angle_l.offset             	0.058499111	0.058489852	8.6716172e-05	
ankle_angle_l.offset            	0.19042242	0.19042597	8.0681856e-05	
stance_load_threshold           	0.15198156	0.15196325	8.8163143e-05	
S00111.tib_ant.KL               	1.28956	1.2891614	0.0014545847	
S00111.tib_ant.L0               	0.76574557	0.76554787	0.00016068994	
S00111.tib_ant.KS               	0.000173	0.00016327408	4.0283787e-05	
S11000.tib_ant.KL               	1.2071902	1.2062095	0.00086912219	
S11000.tib_ant.L0               	0.73083602	0.73077888	0.00012859537	
S11000.tib_ant.KS               	0.036025717	0.035974945	7.9425952e-05	
S11111.tib_ant-soleus.KF        	-0.10589597	-0.10585455	0.00013084327	
S00111.soleus-tib_ant.KS        	-0.80905568	-0.81280015	0.0014630576	
S11000.soleus-tib_ant.KS        	-3.2280608	-3.2266644	0.0019926496	
S00111.gastroc-tib_ant.KS       	-0.32492747	-0.3255944	0.001121436	
S11000.gastroc-tib_ant.KS       	-1.6972021	-1.6951678	0.0016351039	
S00111.tib_ant-gastroc.KS       	-0.00395169	-0.003836298	0.0079536279	
S11000.tib_ant-gastroc.KS       	-0.00331551	-0.0034975418	0.0077738757	
S00111.tib_ant-soleus.KS        	-0.00346517	-0.0033344309	0.0081647401	
S11000.tib_ant-soleus.KS        	-0.0034666	-0.0032463976	0.0078179227	
S00111.gastroc.L0               	0.84372895	0.84307357	0.00064752348	
S00111.gastroc.KS               	0.17739288	0.17672275	0.00055001631	
S00111.soleus.L0                	0.92638314	0.92638641	0.00038306732	
S00111.soleus.KS                	0.15378756	0.154035	0.00088609808	
S11000.gastroc.KL               	0.009211959	0.0085559164	0.00080473063	
S11000.gastroc.L0               	0.49970364	0.49862528	0.00066309778	
S11000.gastroc.KF               	-1.8081605	-1.8072551	0.0016603683	
S11000.gastroc.KS               	0.27107584	0.27071642	0.0013045693	
S11000.soleus.KL                	0.837487	0.83924448	0.0025941949	
S11000.soleus.L0                	0.93872893	0.93888767	0.00066045769	
S11000.soleus.KF                	-0.94987029	-0.94878277	0.0026081575	
S11000.soleus.KS                	0.10915014	0.11037106	0.0017174918	
S00011.vasti.KF                 	0.81461632	0.81472591	0.00034600045	
S00011.vasti.C0                 	0.08195749	0.081924364	7.5257552e-05	
S00011.vasti-knee_angle.pos_max 	-0.29835066	-0.29848061	0.000129809	
S00011.hamstrings-pelvis_tilt.KP	0.69902707	0.69838852	0.0013788022	
S00011.hamstrings-pelvis_tilt.KV	0.57137068	0.5714792	7.4218773e-05	
S00011.hamstrings-pelvis_tilt.C0	0.026479266	0.026426209	0.00013781134	
S00011.glut_max-pelvis_tilt.KP  	1.5354785	1.5362289	0.0011394888	
S00011.glut_max-pelvis_tilt.KV  	0.31646914	0.31643074	7.3660588e-05	
S00011.glut_max-pelvis_tilt.C0  	0.1610299	0.16113346	0.00012272091	
S00011.iliopsoas-pelvis_tilt.KP 	-3.4983769	-3.4960255	0.0019197837	
S00011.iliopsoas-pelvis_tilt.KV 	-0.54901765	-0.54891041	9.1575769e-05	
S00011.iliopsoas-pelvis_tilt.C0 	0.33106308	0.33120731	0.00019748108	
S00100.iliopsoas.C0             	0.33580081	0.33594334	0.0001063318	
S00100.glut_max.C0              	-0.02383079	-0.023787253	7.4402014e-05	
S11000.iliopsoas.KL             	0.56197317	0.56193854	8.9318236e-05	
S11000.iliopsoas.L0             	0.39315014	0.39311611	0.00010133647	
S11000.iliopsoas-pelvis_tilt.P0 	-0.044098397	-0.044064285	7.8344468e-05	
S11000.iliopsoas-pelvis_tilt.KP 	0.01196527	0.011620847	0.00034564046	
S11000.iliopsoas-pelvis_tilt.KV 	0.14079375	0.14099273	9.4803367e-05	
S11000.iliopsoas-hamstrings.KL  	-8.3234452	-8.3241466	0.0033882593	
S11000.iliopsoas-hamstrings.L0  	1.1636328	1.1636605	7.2766823e-05	
S11000.hamstrings.KF            	0.58008687	0.58028352	7.2446346e-05	
S11000.glut_max.KF              	0.61884324	0.61882965	8.2218582e-05	
