pelvis_tilt.offset              	0.024506512	0.024508984	3.0526959e-05	
hip_flexion_r.offset            	0.071499052	0.071506843	2.9999405e-05	
knee_angle_r.offset             	-0.0013286204	-0.0013125847	3.2908767e-05	
ankle_angle_r.offset            	-0.056817091	-0.056850943	4.0082029e-05	
hip_flexion_l.offset            	0.0001497861	0.00017098826	5.8468337e-05	
knee_angle_l.offset             	0.058457886	0.058545448	4.4519084e-05	
ankle_angle_l.offset            	0.19051236	0.1904924	4.1451318e-05	
stance_load_threshold           	0.15208364	0.15213734	4.5147649e-05	
S00111.tib_ant.KL               	1.2892432	1.2876714	0.00074565513	
S00111.tib_ant.L0               	0.76517149	0.76509489	8.3569718e-05	
S00111.tib_ant.KS               	0.00016824735	0.00016326953	1.8489287e-05	
S11000.tib_ant.KL               	1.2061195	1.2058681	0.00045009048	
S11000.tib_ant.L0               	0.73083627	0.73098211	6.5757376e-05	
S11000.tib_ant.KS               	0.036078567	0.036083431	4.1173284e-05	
S11111.tib_ant-soleus.KF        	-0.10578022	-0.10583977	6.7186746e-05	
S00111.soleus-tib_ant.KS        	-0.81221579	-0.81289006	0.00074969718	
S11000.soleus-tib_ant.KS        	-3.2227356	-3.2234805	0.0010165791	
S00111.gastroc-tib_ant.KS       	-0.32316901	-0.32375	0.00056424519	
S11000.gastroc-tib_ant.KS       	-1.6906609	-1.6920587	0.00085246753	
S00111.tib_ant-gastroc.KS       	-0.00357534	-0.0037817296	0.0036140381	
S11000.tib_ant-gastroc.KS       	-0.00366451	-0.0034879381	0.0035322433	
S00111.tib_ant-soleus.KS        	-0.00313515	-0.0032395153	0.0037097606	
S11000.tib_ant-soleus.KS        	-0.00313645	-0.0032999504	0.0035522087	
S00111.gastroc.L0               	0.84351484	0.84312775	0.00032978368	
S00111.gastroc.KS               	0.17620525	0.17644416	0.00027803211	
S00111.soleus.L0                	0.92620857	0.92624427	0.0001911014	
S00111.soleus.KS                	0.15315103	0.15409701	0.00044561847	
S11000.gastroc.KL               	0.0092428789	0.0088182043	0.00038335003	
S11000.gastroc.L0               	0.49767712	0.49819448	0.00033427055	
S11000.gastroc.KF               	-1.8084575	-1.8091442	0.00085287946	
S11000.gastroc.KS               	0.26866119	0.26957139	0.00066293046	
S11000.soleus.KL                	0.83579084	0.83938832	0.0013180754	
S11000.soleus.L0                	0.94122846	0.94070142	0.00034198787	
S11000.soleus.KF                	-0.95561222	-0.95598185	0.0013583145	
S11000.soleus.KS                	0.11083655	0.1099815	0.00087973694	
S00011.vasti.KF                 	0.81464319	0.81451495	0.00018082719	
S00011.vasti.C0                 	0.082080649	0.082087292	3.9518297e-05	
S00011.vasti-knee_angle.pos_max 	-0.29869361	-0.29875342	6.6686795e-05	
S00011.hamstrings-pelvis_tilt.KP	0.69741131	0.6984618	0.00071012911	
S00011.hamstrings-pelvis_tilt.KV	0.57158895	0.57162784	3.8192973e-05	
S00011.hamstrings-pelvis_tilt.C0	0.026417197	0.026481313	7.0333538e-05	
S00011.glut_max-pelvis_tilt.KP  	1.531936	1.5324805	0.00060159986	
S00011.glut_max-pelvis_tilt.KV  	0.31650849	0.31645451	3.779957e-05	
S00011.glut_max-pelvis_tilt.C0  	0.16097301	0.16103219	6.3418659e-05	
S00011.iliopsoas-pelvis_tilt.KP 	-3.4994949	-3.4980685	0.0010071689	
S00011.iliopsoas-pelvis_tilt.KV 	-0.54881926	-0.5488585	4.6715622e-05	
S00011.iliopsoas-pelvis_tilt.C0 	0.33125997	0.3311809	0.00010151955	
S00100.iliopsoas.C0             	0.33590305	0.33594444	5.443389e-05	
S00100.glut_max.C0              	-0.02380378	-0.023785138	3.8068784e-05	
S11000.iliopsoas.KL             	0.56190895	0.56196166	4.6458154e-05	
S11000.iliopsoas.L0             	0.39316018	0.39319268	5.2716178e-05	
S11000.iliopsoas-pelvis_tilt.P0 	-0.043930328	-0.043936911	4.0752162e-05	
S11000.iliopsoas-pelvis_tilt.KP 	0.011264389	0.01124269	0.0001745486	
S11000.iliopsoas-pelvis_tilt.KV 	0.1406413	0.14071317	4.9912169e-05	
S11000.iliopsoas-hamstrings.KL  	-8.3236637	-8.3229049	0.0017937905	
S11000.iliopsoas-hamstrings.L0  	1.1638776	1.1638963	3.7975009e-05	
S11000.hamstrings.KF            	0.58018972	0.58012031	3.7100152e-05	
S11000.glut_max.KF              	0.6188171	0.61885092	4.2796069e-05	
