pelvis_tilt.offset              	0.024462031	0.024456046	2.511112e-05	
hip_flexion_r.offset            	0.07150808	0.07149643	2.4834773e-05	
knee_angle_r.offset             	-0.0013641829	-0.0013667517	2.7282252e-05	
ankle_angle_r.offset            	-0.056822056	-0.056818827	3.284727e-05	
hip_flexion_l.offset            	0.00013383627	0.00016330048	4.8255914e-05	
knee_angle_l.offset             	0.058529611	0.058530197	3.6783862e-05	
ankle_angle_l.offset            	0.19045689	0.19047625	3.4102948e-05	
stance_load_threshold           	0.15211984	0.15211882	3.7465561e-05	
S00111.tib_ant.KL               	1.2884659	1.2884144	0.00061746747	
S00111.tib_ant.L0               	0.76529622	0.76525534	6.9149364e-05	
S00111.tib_ant.KS               	0.00016049423	0.00016315494	1.4692658e-05	
S11000.tib_ant.KL               	1.2058631	1.206048	0.00037206713	
S11000.tib_ant.L0               	0.73087888	0.73100614	5.4559863e-05	
S11000.tib_ant.KS               	0.03612752	0.036119077	3.3555344e-05	
S11111.tib_ant-soleus.KF        	-0.10593157	-0.10591262	5.5182893e-05	
S00111.soleus-tib_ant.KS        	-0.81320473	-0.81297157	0.00061332566	
S11000.soleus-tib_ant.KS        	-3.2231412	-3.2231755	0.00084429468	
S00111.gastroc-tib_ant.KS       	-0.32409646	-0.3235838	0.0004627879	
S11000.gastroc-tib_ant.KS       	-1.6918031	-1.6914236	0.00070394049	
S00111.tib_ant-gastroc.KS       	-0.00357534	-0.0037629908	0.0028459488	
S11000.tib_ant-gastroc.KS       	-0.00331551	-0.003525251	0.0027814817	
S00111.tib_ant-soleus.KS        	-0.00346517	-0.0032776082	0.0029211907	
S11000.tib_ant-soleus.KS        	-0.0034666	-0.0033553911	0.0027971582	
S00111.gastroc.L0               	0.84352371	0.84301848	0.00027391235	
S00111.gastroc.KS               	0.17621094	0.17617788	0.00022906353	
S00111.soleus.L0                	0.92612503	0.92608405	0.00015770333	
S00111.soleus.KS                	0.15432863	0.15466614	0.00036716066	
S11000.gastroc.KL               	0.00837043	0.0086185577	0.00031115165	
S11000.gastroc.L0               	0.49839142	0.49802481	0.00027648696	
S11000.gastroc.KF               	-1.8087327	-1.8084888	0.00070964623	
S11000.gastroc.KS               	0.27021195	0.26950773	0.00054797769	
S11000.soleus.KL                	0.84138436	0.84006194	0.0010914121	
S11000.soleus.L0                	0.94097556	0.94089203	0.00028561151	
S11000.soleus.KF                	-0.95363107	-0.95421672	0.0011284446	
S11000.soleus.KS                	0.11066669	0.1111903	0.00072587056	
S00011.vasti.KF                 	0.81402204	0.81404704	0.00015042864	
S00011.vasti.C0                 	0.08208205	0.082077689	3.2581805e-05	
S00011.vasti-knee_angle.pos_max 	-0.29878578	-0.29890359	5.6393044e-05	
S00011.hamstrings-pelvis_tilt.KP	0.70039146	0.7000298	0.00059551171	
S00011.hamstrings-pelvis_tilt.KV	0.57163662	0.57165781	3.1536524e-05	
S00011.hamstrings-pelvis_tilt.C0	0.026571854	0.026592724	5.8291431e-05	
S00011.glut_max-pelvis_tilt.KP  	1.5319932	1.5317377	0.00050695936	
S00011.glut_max-pelvis_tilt.KV  	0.31645321	0.31647622	3.1291487e-05	
S00011.glut_max-pelvis_tilt.C0  	0.16095779	0.16098572	5.2745386e-05	
S00011.iliopsoas-pelvis_tilt.KP 	-3.5005083	-3.4986245	0.00083886232	
S00011.iliopsoas-pelvis_tilt.KV 	-0.54897247	-0.54895175	3.874342e-05	
S00011.iliopsoas-pelvis_tilt.C0 	0.3310742	0.33107225	8.386227e-05	
S00100.iliopsoas.C0             	0.33589911	0.33593442	4.4876e-05	
S00100.glut_max.C0              	-0.023837707	-0.023829982	3.1740851e-05	
S11000.iliopsoas.KL             	0.5619776	0.56195886	3.81376e-05	
S11000.iliopsoas.L0             	0.39323798	0.39321107	4.3532319e-05	
S11000.iliopsoas-pelvis_tilt.P0 	-0.043902825	-0.043918656	3.3650156e-05	
S11000.iliopsoas-pelvis_tilt.KP 	0.011068898	0.010988856	0.00014422741	
S11000.iliopsoas-pelvis_tilt.KV 	0.14072497	0.14069722	4.1322057e-05	
S11000.iliopsoas-hamstrings.KL  	-8.3226513	-8.3222289	0.0014898135	
S11000.iliopsoas-hamstrings.L0  	1.1638441	1.1638415	3.1568253e-05	
S11000.hamstrings.KF            	0.58014273	0.58012933	3.0625499e-05	
S11000.glut_max.KF              	0.61880746	0.61879208	3.5705913e-05	
