pelvis_tilt.offset              	0.024472218	0.024472515	3.6965084e-06	
hip_flexion_r.offset            	0.071521238	0.071522743	3.7658518e-06	
knee_angle_r.offset             	-0.0014261453	-0.0014195811	4.2196547e-06	
ankle_angle_r.offset            	-0.056891015	-0.056890095	4.8572867e-06	
hip_flexion_l.offset            	0.00016136279	0.00015975413	7.1092279e-06	
knee_angle_l.offset             	0.05855621	0.058548424	5.7097838e-06	
ankle_angle_l.offset            	0.19046444	0.19047443	5.126337e-06	
stance_load_threshold           	0.15212735	0.15213755	5.7403892e-06	
S00111.tib_ant.KL               	1.2856751	1.2857394	0.00010077952	
S00111.tib_ant.L0               	0.76533347	0.76534188	1.0445801e-05	
S00111.tib_ant.KS               	0.00016693877	0.00016511442	1.8409548e-06	
S11000.tib_ant.KL               	1.2056049	1.2056457	5.8606925e-05	
S11000.tib_ant.L0               	0.73110088	0.73110435	8.6420382e-06	
S11000.tib_ant.KS               	0.036081307	0.036083786	5.0811689e-06	
S11111.tib_ant-soleus.KF        	-0.10588335	-0.10588182	8.2418976e-06	
S00111.soleus-tib_ant.KS        	-0.81278671	-0.81274404	9.0276131e-05	
S11000.soleus-tib_ant.KS        	-3.2237705	-3.2237711	0.00012864635	
S00111.gastroc-tib_ant.KS       	-0.32409731	-0.32409241	6.8063094e-05	
S11000.gastroc-tib_ant.KS       	-1.6922496	-1.6920811	0.00010803265	
S00111.tib_ant-gastroc.KS       	-0.0035821153	-0.0037532962	0.00026513202	
S11000.tib_ant-gastroc.KS       	-0.0036181389	-0.0034602949	0.0002582865	
S00111.tib_ant-soleus.KS        	-0.0033872261	-0.0033175914	0.0002705718	
S11000.tib_ant-soleus.KS        	-0.0033207974	-0.0033262765	0.00025909267	
S00111.gastroc.L0               	0.8436417	0.84362188	4.089612e-05	
S00111.gastroc.KS               	0.17620537	0.17617133	3.316133e-05	
S00111.soleus.L0                	0.92608602	0.92604926	2.3904969e-05	
S00111.soleus.KS                	0.15440619	0.15427631	5.5859785e-05	
S11000.gastroc.KL               	0.008942405	0.0089192582	4.4285146e-05	
S11000.gastroc.L0               	0.49850214	0.49843857	4.2097453e-05	
S11000.gastroc.KF               	-1.8082401	-1.8082973	0.00010992898	
S11000.gastroc.KS               	0.27024712	0.27026652	8.1737462e-05	
S11000.soleus.KL                	0.84063962	0.84077479	0.00016610701	
S11000.soleus.L0                	0.94058144	0.94054889	4.5809e-05	
S11000.soleus.KF                	-0.95387523	-0.95396476	0.00018030885	
S11000.soleus.KS                	0.11024349	0.11014976	0.00011006681	
S00011.vasti.KF                 	0.8140932	0.81411655	2.315605e-05	
S00011.vasti.C0                 	0.081998302	0.082003183	4.8555825e-06	
S00011.vasti-knee_angle.pos_max 	-0.29883836	-0.29884701	8.8213901e-06	
S00011.hamstrings-pelvis_tilt.KP	0.69859071	0.69865988	9.3517287e-05	
S00011.hamstrings-pelvis_tilt.KV	0.57152751	0.57153249	5.0164872e-06	
S00011.hamstrings-pelvis_tilt.C0	0.026403001	0.026393287	9.2580798e-06	
S00011.glut_max-pelvis_tilt.KP  	1.532242	1.53219	7.7204621e-05	
S00011.glut_max-pelvis_tilt.KV  	0.3164633	0.31647071	4.8742398e-06	
S00011.glut_max-pelvis_tilt.C0  	0.16090756	0.16090816	7.9429613e-06	
S00011.iliopsoas-pelvis_tilt.KP 	-3.4998424	-3.4998586	0.00012883713	
S00011.iliopsoas-pelvis_tilt.KV 	-0.54888397	-0.5488902	5.6221134e-06	
S00011.iliopsoas-pelvis_tilt.C0 	0.33097559	0.33094544	1.2795593e-05	
S00100.iliopsoas.C0             	0.33601144	0.33601944	6.9209145e-06	
S00100.glut_max.C0              	-0.023860248	-0.023851618	4.7231929e-06	
S11000.iliopsoas.KL             	0.56185653	0.5618558	5.9374639e-06	
S11000.iliopsoas.L0             	0.39326681	0.39326416	6.7027653e-06	
S11000.iliopsoas-pelvis_tilt.P0 	-0.043908059	-0.043908116	5.182933e-06	
S11000.iliopsoas-pelvis_tilt.KP 	0.011117089	0.011098095	2.143606e-05	
S11000.iliopsoas-pelvis_tilt.KV 	0.14067178	0.14066159	6.3666618e-06	
S11000.iliopsoas-hamstrings.KL  	-8.3215122	-8.3213926	0.0002229798	
S11000.iliopsoas-hamstrings.L0  	1.1637719	1.1637729	4.9517489e-06	
S11000.hamstrings.KF            	0.58022453	0.58022233	4.6513131e-06	
S11000.glut_max.KF              	0.61873584	0.61873158	5.3902522e-06	
