pelvis_tilt.offset              	0.02010259	0.021559401	0.0013439465	
hip_flexion_r.offset            	0.070162443	0.06922904	0.0012680427	
knee_angle_r.offset             	0.0010490249	0.0011632358	0.0013893017	
ankle_angle_r.offset            	-0.054566209	-0.055937495	0.0018221939	
hip_flexion_l.offset            	-0.0037243499	-0.0048876012	0.0025702949	
knee_angle_l.offset             	0.059386157	0.057703575	0.0019795952	
ankle_angle_l.offset            	0.18643965	0.18685439	0.001895927	
stance_load_threshold           	0.15374148	0.15378133	0.0020839659	
S00111.tib_ant.KL               	1.2477996	1.2517069	0.034584452	
S00111.tib_ant.L0               	0.77300352	0.76695555	0.0037186325	
S00111.tib_ant.KS               	0.00015652	0.00016577183	0.0014983629	
S11000.tib_ant.KL               	1.1879107	1.2007245	0.019693834	
S11000.tib_ant.L0               	0.7389128	0.73717488	0.0028654872	
S11000.tib_ant.KS               	0.0353028	0.035597103	0.0018350673	
S11111.tib_ant-soleus.KF        	-0.11032726	-0.11030229	0.0031255037	
S00111.soleus-tib_ant.KS        	-0.82432964	-0.82428673	0.039823295	
S11000.soleus-tib_ant.KS        	-3.2775592	-3.2665863	0.045859301	
S00111.gastroc-tib_ant.KS       	-0.32536121	-0.33617735	0.03468024	
S11000.gastroc-tib_ant.KS       	-1.7675342	-1.69334	0.038271041	
S00111.tib_ant-gastroc.KS       	-0.00357534	-0.0037042076	0.29649851	
S11000.tib_ant-gastroc.KS       	-0.00366451	-0.0034641715	0.28979819	
S00111.tib_ant-soleus.KS        	-0.00313515	-0.0033341176	0.30437104	
S11000.tib_ant-soleus.KS        	-0.0034666	-0.0032859925	0.29144141	
S00111.gastroc.KL               	0.08315732	0.077230199	0.03705987	
S00111.gastroc.L0               	0.84388425	0.83576585	0.015185628	
S00111.gastroc.KF               	1.4092466	1.4103815	0.0019386915	
S00111.soleus.KL                	4.0941157	4.0720075	0.033899194	
S00111.soleus.L0                	0.96445042	0.97550803	0.0087532472	
S00111.soleus.KF                	0.22955584	0.22809736	0.0028052312	
S11000.gastroc.KL               	0.00837043	0.0085387181	0.029572589	
S11000.gastroc.L0               	0.50073596	0.51584401	0.016024733	
S11000.gastroc.KF               	-1.8414078	-1.8135969	0.037739704	
S11000.soleus.KL                	0.81068916	0.80455048	0.067189822	
S11000.soleus.L0                	0.88501384	0.89366954	0.01475532	
S11000.soleus.KF                	-0.94560431	-0.90770975	0.062466769	
S00011.vasti.KF                 	0.82009267	0.81249198	0.0082290742	
S00011.vasti.C0                 	0.083267112	0.083116294	0.0018644534	
S00011.vasti-knee_angle.pos_max 	-0.30875487	-0.30460472	0.0028548148	
S00011.hamstrings-pelvis_tilt.KP	0.74162866	0.71843539	0.032739063	
S00011.hamstrings-pelvis_tilt.KV	0.56715001	0.56792799	0.001655913	
S00011.hamstrings-pelvis_tilt.C0	0.02514159	0.02713528	0.0036357489	
S00011.glut_max-pelvis_tilt.KP  	1.5224827	1.5077704	0.026961978	
S00011.glut_max-pelvis_tilt.KV  	0.31531006	0.3150465	0.0016829704	
S00011.glut_max-pelvis_tilt.C0  	0.15895077	0.15591101	0.0028392669	
S00011.iliopsoas-pelvis_tilt.KP 	-3.5785793	-3.5265971	0.04536203	
S00011.iliopsoas-pelvis_tilt.KV 	-0.5446144	-0.54311135	0.0020612092	
S00011.iliopsoas-pelvis_tilt.C0 	0.32848895	0.32524961	0.0044607209	
S00100.iliopsoas.C0             	0.33714441	0.33462626	0.0024538642	
S00100.glut_max.C0              	-0.02342065	-0.024223227	0.0018838448	
S11000.iliopsoas.KL             	0.56180011	0.56353587	0.0020969697	
S11000.iliopsoas.L0             	0.3899061	0.39251108	0.0023213778	
S11000.iliopsoas-pelvis_tilt.P0 	-0.042790713	-0.043071395	0.0018692578	
S11000.iliopsoas-pelvis_tilt.KP 	0.01196527	0.011548421	0.011904481	
S11000.iliopsoas-pelvis_tilt.KV 	0.14452787	0.14571417	0.0021436507	
S11000.iliopsoas-hamstrings.KL  	-8.3072728	-8.2485061	0.07628315	
S11000.iliopsoas-hamstrings.L0  	1.1666154	1.1672871	0.0017358319	
S11000.hamstrings.KF            	0.57464423	0.57528428	0.0016668933	
S11000.glut_max.KF              	0.62166541	0.61933255	0.001895205	
