pelvis_tilt.offset              	0.020723129	0.021491549	0.0012234562	
hip_flexion_r.offset            	0.066797727	0.068614553	0.0011530374	
knee_angle_r.offset             	-0.0010417442	-0.00039827164	0.0012650814	
ankle_angle_r.offset            	-0.055765414	-0.055729935	0.0016568511	
hip_flexion_l.offset            	-0.00041788541	-0.0022228186	0.0023497595	
knee_angle_l.offset             	0.056874572	0.058219889	0.0018002682	
ankle_angle_l.offset            	0.18845646	0.18725456	0.001721046	
stance_load_threshold           	0.15410368	0.15403202	0.0019002216	
S00111.tib_ant.KL               	1.2399139	1.2300991	0.031400174	
S00111.tib_ant.L0               	0.76863315	0.76645334	0.0033834088	
S00111.tib_ant.KS               	0.00015652	0.0001641247	0.0013494748	
S11000.tib_ant.KL               	1.1843027	1.1950304	0.017968852	
S11000.tib_ant.L0               	0.74050225	0.73572094	0.0026135458	
S11000.tib_ant.KS               	0.03726336	0.035800683	0.0016617843	
S11111.tib_ant-soleus.KF        	-0.11301126	-0.10892885	0.0028402968	
S00111.soleus-tib_ant.KS        	-0.80888339	-0.82954	0.036044845	
S11000.soleus-tib_ant.KS        	-3.2537205	-3.3021654	0.0417334	
S00111.gastroc-tib_ant.KS       	-0.32171493	-0.34059554	0.031293998	
S11000.gastroc-tib_ant.KS       	-1.7690597	-1.7194081	0.034860122	
S00111.tib_ant-gastroc.KS       	-0.00395169	-0.0036634015	0.2670362	
S11000.tib_ant-gastroc.KS       	-0.00366451	-0.0035572756	0.26100168	
S00111.tib_ant-soleus.KS        	-0.00346517	-0.0033026793	0.27412646	
S11000.tib_ant-soleus.KS        	-0.0034666	-0.0032692321	0.26248162	
S00111.gastroc.KL               	0.08315732	0.078737379	0.033382014	
S00111.gastroc.L0               	0.84173645	0.84568255	0.013810284	
S00111.gastroc.KF               	1.4109141	1.411575	0.0017617734	
S00111.soleus.KL                	4.0621845	4.0553631	0.030890971	
S00111.soleus.L0                	0.96360585	0.97817515	0.0079840012	
S00111.soleus.KF                	0.22554866	0.22539016	0.0025515517	
S11000.gastroc.KL               	0.00837043	0.0088104058	0.026634106	
S11000.gastroc.L0               	0.49752118	0.51015014	0.014553617	
S11000.gastroc.KF               	-1.7897689	-1.8129141	0.034279033	
S11000.soleus.KL                	0.84260236	0.81718151	0.060678359	
S11000.soleus.L0                	0.88545245	0.88935129	0.013434718	
S11000.soleus.KF                	-0.86753488	-0.93106187	0.056504714	
S00011.vasti.KF                 	0.81466742	0.81302259	0.0074832011	
S00011.vasti.C0                 	0.082704637	0.080628582	0.0016978444	
S00011.vasti-knee_angle.pos_max 	-0.30845852	-0.30406278	0.0026052518	
S00011.hamstrings-pelvis_tilt.KP	0.72418016	0.71964208	0.029642791	
S00011.hamstrings-pelvis_tilt.KV	0.57159945	0.56880893	0.0015075393	
S00011.hamstrings-pelvis_tilt.C0	0.02514159	0.026347101	0.0032787307	
S00011.glut_max-pelvis_tilt.KP  	1.5272368	1.5303919	0.024570334	
S00011.glut_max-pelvis_tilt.KV  	0.31539373	0.31478859	0.0015299002	
S00011.glut_max-pelvis_tilt.C0  	0.16014838	0.15676368	0.0025860654	
S00011.iliopsoas-pelvis_tilt.KP 	-3.5804326	-3.5800432	0.041396482	
S00011.iliopsoas-pelvis_tilt.KV 	-0.54325932	-0.54277427	0.0018738121	
S00011.iliopsoas-pelvis_tilt.C0 	0.31864867	0.32181646	0.0040816767	
S00100.iliopsoas.C0             	0.33506298	0.33467214	0.0022338953	
S00100.glut_max.C0              	-0.024446179	-0.024617857	0.0017014223	
S11000.iliopsoas.KL             	0.56207729	0.56157389	0.0019189798	
S11000.iliopsoas.L0             	0.38772691	0.39003052	0.0021169746	
S11000.iliopsoas-pelvis_tilt.P0 	-0.044162098	-0.042973122	0.0016899719	
S11000.iliopsoas-pelvis_tilt.KP 	0.01082572	0.011262561	0.010721874	
S11000.iliopsoas-pelvis_tilt.KV 	0.14384463	0.14346268	0.0019453991	
S11000.iliopsoas-hamstrings.KL  	-8.176176	-8.2625228	0.069226661	
S11000.iliopsoas-hamstrings.L0  	1.1678974	1.1660335	0.0015833841	
S11000.hamstrings.KF            	0.5760842	0.57545615	0.0015193615	
S11000.glut_max.KF              	0.61753025	0.61980337	0.0017210381	
