pelvis_tilt.offset              	0.021502986	0.022130223	0.0010708754	
hip_flexion_r.offset            	0.070417582	0.069912406	0.0010116688	
knee_angle_r.offset             	0.00067752972	-0.00023654543	0.0011127225	
ankle_angle_r.offset            	-0.055707571	-0.05631675	0.00145126	
hip_flexion_l.offset            	0.0013186584	0.0036407135	0.0021062488	
knee_angle_l.offset             	0.057817749	0.05836086	0.0015767275	
ankle_angle_l.offset            	0.18505168	0.18463253	0.0015132772	
stance_load_threshold           	0.15147295	0.15609978	0.0016757088	
S00111.tib_ant.KL               	1.2424237	1.2496837	0.027477473	
S00111.tib_ant.L0               	0.75794473	0.76349836	0.0029752092	
S00111.tib_ant.KS               	0.000173	0.00016295413	0.0011543018	
S11000.tib_ant.KL               	1.1941234	1.1809091	0.015786198	
S11000.tib_ant.L0               	0.73303628	0.73498006	0.0023067709	
S11000.tib_ant.KS               	0.035823587	0.036330079	0.0014444082	
S11111.tib_ant-soleus.KF        	-0.11003379	-0.10926146	0.0024820709	
S00111.soleus-tib_ant.KS        	-0.83613795	-0.84668786	0.03134652	
S11000.soleus-tib_ant.KS        	-3.2552908	-3.2694947	0.036666352	
S00111.gastroc-tib_ant.KS       	-0.32475993	-0.33765157	0.026930161	
S11000.gastroc-tib_ant.KS       	-1.701202	-1.72808	0.030546823	
S00111.tib_ant-gastroc.KS       	-0.00395169	-0.0036668247	0.22841478	
S11000.tib_ant-gastroc.KS       	-0.00331551	-0.0034758609	0.22325303	
S00111.tib_ant-soleus.KS        	-0.00313515	-0.0033516252	0.23447957	
S11000.tib_ant-soleus.KS        	-0.00313645	-0.0032849034	0.22451892	
S00111.gastroc.KL               	0.08315732	0.079499597	0.028565948	
S00111.gastroc.L0               	0.83411627	0.84074362	0.012109565	
S00111.gastroc.KF               	1.4114203	1.4114985	0.0015430484	
S00111.soleus.KL                	4.0661948	4.0778485	0.027140967	
S00111.soleus.L0                	0.96520559	0.97232156	0.0070212715	
S00111.soleus.KF                	0.22820635	0.22739878	0.0022511635	
S11000.gastroc.KL               	0.00837043	0.0088506781	0.02278222	
S11000.gastroc.L0               	0.51016031	0.51589554	0.012671448	
S11000.gastroc.KF               	-1.8375141	-1.7780637	0.030054467	
S11000.soleus.KL                	0.80783669	0.80430448	0.05235818	
S11000.soleus.L0                	0.87370518	0.87527047	0.011852706	
S11000.soleus.KF                	-0.93726728	-0.9354949	0.048943272	
S00011.vasti.KF                 	0.8182511	0.81067668	0.0066310526	
S00011.vasti.C0                 	0.082591861	0.081408718	0.0014790887	
S00011.vasti-knee_angle.pos_max 	-0.30366945	-0.30196408	0.0022972657	
S00011.hamstrings-pelvis_tilt.KP	0.70459875	0.71042705	0.025753043	
S00011.hamstrings-pelvis_tilt.KV	0.57117325	0.57099665	0.0013396621	
S00011.hamstrings-pelvis_tilt.C0	0.02514159	0.026708759	0.0028169576	
S00011.glut_max-pelvis_tilt.KP  	1.5367962	1.5234503	0.021486254	
S00011.glut_max-pelvis_tilt.KV  	0.3142865	0.31355439	0.0013440481	
S00011.glut_max-pelvis_tilt.C0  	0.16218571	0.15997625	0.0022768556	
S00011.iliopsoas-pelvis_tilt.KP 	-3.6664142	-3.6404588	0.036489887	
S00011.iliopsoas-pelvis_tilt.KV 	-0.54378596	-0.54276139	0.0016453002	
S00011.iliopsoas-pelvis_tilt.C0 	0.3188515	0.31719215	0.0036055657	
S00100.iliopsoas.C0             	0.33458325	0.33241568	0.00196354	
S00100.glut_max.C0              	-0.023448712	-0.0249532	0.0014690243	
S11000.iliopsoas.KL             	0.55858144	0.5597752	0.0016832695	
S11000.iliopsoas.L0             	0.38482358	0.38488668	0.0018938821	
S11000.iliopsoas-pelvis_tilt.P0 	-0.044624191	-0.044621418	0.001481146	
S11000.iliopsoas-pelvis_tilt.KP 	0.01196527	0.011410885	0.0091720339	
S11000.iliopsoas-pelvis_tilt.KV 	0.14190731	0.14250432	0.0016993159	
S11000.iliopsoas-hamstrings.KL  	-8.1810203	-8.2854434	0.060785119	
S11000.iliopsoas-hamstrings.L0  	1.1670722	1.1668904	0.0013965626	
S11000.hamstrings.KF            	0.57486895	0.57625421	0.0013345906	
S11000.glut_max.KF              	0.61915542	0.61793046	0.0015299488	
