pelvis_tilt.offset              	0.021450883	0.021176756	0.00047181967	
hip_flexion_r.offset            	0.068645727	0.06931628	0.00044913815	
knee_angle_r.offset             	-0.0014433936	-0.0013333249	0.00049580908	
ankle_angle_r.offset            	-0.056792125	-0.05649616	0.00063747335	
hip_flexion_l.offset            	0.003617245	0.0030983039	0.00094381225	
knee_angle_l.offset             	0.058394805	0.058190762	0.00069785047	
ankle_angle_l.offset            	0.1878955	0.1871748	0.00066973091	
stance_load_threshold           	0.15271417	0.15334495	0.00074356559	
S00111.tib_ant.KL               	1.2382484	1.2272573	0.01212526	
S00111.tib_ant.L0               	0.7621549	0.76131622	0.0013289633	
S00111.tib_ant.KS               	0.00015652	0.00016422135	0.00048700344	
S11000.tib_ant.KL               	1.201641	1.1915717	0.0069625436	
S11000.tib_ant.L0               	0.73840866	0.73896009	0.0010297677	
S11000.tib_ant.KS               	0.035219308	0.035422336	0.00063752828	
S11111.tib_ant-soleus.KF        	-0.10874707	-0.10797211	0.0010960693	
S00111.soleus-tib_ant.KS        	-0.84969933	-0.83332711	0.013761992	
S11000.soleus-tib_ant.KS        	-3.2878627	-3.2678682	0.016240276	
S00111.gastroc-tib_ant.KS       	-0.33931846	-0.3340548	0.011634811	
S11000.gastroc-tib_ant.KS       	-1.6676105	-1.6819903	0.013607651	
S00111.tib_ant-gastroc.KS       	-0.00357534	-0.0037992913	0.096368183	
S11000.tib_ant-gastroc.KS       	-0.00331551	-0.003431744	0.09419044	
S00111.tib_ant-soleus.KS        	-0.00313515	-0.0032862331	0.098926916	
S11000.tib_ant-soleus.KS        	-0.0034666	-0.0031930816	0.094724519	
S00111.gastroc.KL               	0.08315732	0.078742385	0.012080879	
S00111.gastroc.L0               	0.85081005	0.85816429	0.0053984567	
S00111.gastroc.KF               	1.4100562	1.4103017	0.00068566362	
S00111.soleus.KL                	4.1028151	4.0809768	0.01202234	
S00111.soleus.L0                	0.9717864	0.97552086	0.0031050339	
S00111.soleus.KF                	0.22769124	0.22744662	0.00099699244	
S11000.gastroc.KL               	0.00925153	0.009006101	0.0096123386	
S11000.gastroc.L0               	0.52637644	0.51574927	0.00563027	
S11000.gastroc.KF               	-1.7897106	-1.7850114	0.01334394	
S11000.soleus.KL                	0.84260236	0.83035061	0.02258453	
S11000.soleus.L0                	0.88559792	0.88511135	0.0052396094	
S11000.soleus.KF                	-0.9077749	-0.91839231	0.021365538	
S00011.vasti.KF                 	0.81873633	0.81710625	0.0029463004	
S00011.vasti.C0                 	0.081736026	0.081954744	0.00064813766	
S00011.vasti-knee_angle.pos_max 	-0.3022253	-0.30110489	0.001016733	
S00011.hamstrings-pelvis_tilt.KP	0.74162866	0.72479298	0.011345292	
S00011.hamstrings-pelvis_tilt.KV	0.56933249	0.57010452	0.000595547	
S00011.hamstrings-pelvis_tilt.C0	0.025512977	0.026319355	0.0012089944	
S00011.glut_max-pelvis_tilt.KP  	1.5212035	1.5070667	0.0094824951	
S00011.glut_max-pelvis_tilt.KV  	0.31178616	0.31210334	0.00060079338	
S00011.glut_max-pelvis_tilt.C0  	0.15930991	0.15890578	0.001014658	
S00011.iliopsoas-pelvis_tilt.KP 	-3.6296407	-3.6231869	0.016138793	
S00011.iliopsoas-pelvis_tilt.KV 	-0.54168826	-0.54319967	0.00072835541	
S00011.iliopsoas-pelvis_tilt.C0 	0.31984439	0.31922722	0.0015943123	
S00100.iliopsoas.C0             	0.33414394	0.33392254	0.00087313339	
S00100.glut_max.C0              	-0.024163535	-0.024149871	0.00064042826	
S11000.iliopsoas.KL             	0.56267736	0.56240251	0.00075544947	
S11000.iliopsoas.L0             	0.38453131	0.38480461	0.00084579345	
S11000.iliopsoas-pelvis_tilt.P0 	-0.044965359	-0.045022439	0.00064912371	
S11000.iliopsoas-pelvis_tilt.KP 	0.011890862	0.011615693	0.0038716182	
S11000.iliopsoas-pelvis_tilt.KV 	0.14348362	0.14250786	0.00075365041	
S11000.iliopsoas-hamstrings.KL  	-8.2479627	-8.2335414	0.026815734	
S11000.iliopsoas-hamstrings.L0  	1.1682853	1.167058	0.00061665261	
S11000.hamstrings.KF            	0.57471486	0.57544696	0.00059398357	
S11000.glut_max.KF              	0.62044011	0.61929395	0.00067453838	
