pelvis_tilt.offset              	0.021586843	0.021552109	0.0003499144	
hip_flexion_r.offset            	0.069523296	0.069084894	0.00033164011	
knee_angle_r.offset             	-0.0017136973	-0.0017653561	0.00037253052	
ankle_angle_r.offset            	-0.055696567	-0.055823343	0.00047198019	
hip_flexion_l.offset            	0.0033564334	0.0024301287	0.00070438591	
knee_angle_l.offset             	0.05811739	0.058344134	0.00051837156	
ankle_angle_l.offset            	0.18628447	0.18706344	0.00049597214	
stance_load_threshold           	0.15200382	0.15240157	0.00055543044	
S00111.tib_ant.KL               	1.2154045	1.2262181	0.0090323847	
S00111.tib_ant.L0               	0.76290209	0.76268415	0.00098883293	
S00111.tib_ant.KS               	0.00015652	0.0001658432	0.00034808873	
S11000.tib_ant.KL               	1.1909954	1.1931901	0.0051855497	
S11000.tib_ant.L0               	0.73818762	0.73902916	0.0007712811	
S11000.tib_ant.KS               	0.035836634	0.035555937	0.00047290842	
S11111.tib_ant-soleus.KF        	-0.11060704	-0.1093749	0.00081267083	
S00111.soleus-tib_ant.KS        	-0.83135503	-0.840493	0.010237806	
S11000.soleus-tib_ant.KS        	-3.2882577	-3.2706069	0.011996076	
S00111.gastroc-tib_ant.KS       	-0.32171493	-0.32354243	0.0085153685	
S11000.gastroc-tib_ant.KS       	-1.6979863	-1.6842813	0.010062135	
S00111.tib_ant-gastroc.KS       	-0.00395169	-0.003779443	0.068878593	
S11000.tib_ant-gastroc.KS       	-0.00331551	-0.0034179703	0.067322063	
S00111.tib_ant-soleus.KS        	-0.00313515	-0.0033452203	0.07070743	
S11000.tib_ant-soleus.KS        	-0.00313645	-0.0032365146	0.067703793	
S00111.gastroc.KL               	0.07523758	0.078529942	0.0086771523	
S00111.gastroc.L0               	0.86146052	0.8574453	0.0040192427	
S00111.gastroc.KF               	1.4100625	1.4094028	0.00051389067	
S00111.soleus.KL                	4.0880339	4.0951779	0.0090241195	
S00111.soleus.L0                	0.97113349	0.96990893	0.00231881	
S00111.soleus.KF                	0.22701594	0.22769815	0.00074513632	
S11000.gastroc.KL               	0.00925153	0.0088943411	0.0068712629	
S11000.gastroc.L0               	0.50936666	0.50958268	0.0042295434	
S11000.gastroc.KF               	-1.7989719	-1.7961379	0.009878989	
S11000.soleus.KL                	0.7633861	0.79764314	0.016779332	
S11000.soleus.L0                	0.89060735	0.88653925	0.0038946998	
S11000.soleus.KF                	-0.88615967	-0.9058134	0.015804883	
S00011.vasti.KF                 	0.81982528	0.81965364	0.0021742398	
S00011.vasti.C0                 	0.081995214	0.082190581	0.00047954192	
S00011.vasti-knee_angle.pos_max 	-0.30062802	-0.30052937	0.00076388662	
S00011.hamstrings-pelvis_tilt.KP	0.70956544	0.71413609	0.0084926209	
S00011.hamstrings-pelvis_tilt.KV	0.56994024	0.57046696	0.00044493271	
S00011.hamstrings-pelvis_tilt.C0	0.026473322	0.026886497	0.00088837128	
S00011.glut_max-pelvis_tilt.KP  	1.5312202	1.5117495	0.0070595889	
S00011.glut_max-pelvis_tilt.KV  	0.31229907	0.31184237	0.00044815417	
S00011.glut_max-pelvis_tilt.C0  	0.16065685	0.15984874	0.00075722356	
S00011.iliopsoas-pelvis_tilt.KP 	-3.6258809	-3.613575	0.011969245	
S00011.iliopsoas-pelvis_tilt.KV 	-0.54137951	-0.54242745	0.00054691864	
S00011.iliopsoas-pelvis_tilt.C0 	0.31884756	0.31930146	0.0011849286	
S00100.iliopsoas.C0             	0.33216124	0.33248442	0.00064831111	
S00100.glut_max.C0              	-0.02466049	-0.024358474	0.00047305073	
S11000.iliopsoas.KL             	0.56184908	0.56182566	0.00056403444	
S11000.iliopsoas.L0             	0.38407542	0.38434142	0.00062875387	
S11000.iliopsoas-pelvis_tilt.P0 	-0.045667566	-0.045047234	0.00047839474	
S11000.iliopsoas-pelvis_tilt.KP 	0.01082572	0.011273031	0.0027705652	
S11000.iliopsoas-pelvis_tilt.KV 	0.14336306	0.14277506	0.00055864391	
S11000.iliopsoas-hamstrings.KL  	-8.2287666	-8.2098683	0.020111423	
S11000.iliopsoas-hamstrings.L0  	1.1668285	1.1666416	0.00045483326	
S11000.hamstrings.KF            	0.57550077	0.57505656	0.00043854896	
S11000.glut_max.KF              	0.61876558	0.61919944	0.00050575554	
