pelvis_tilt.offset              	0.022771407	0.022020421	0.0011241616	
hip_flexion_r.offset            	0.072737391	0.071495142	0.0010614256	
knee_angle_r.offset             	-0.00029398724	0.00039160244	0.0011607511	
ankle_angle_r.offset            	-0.057268125	-0.056561046	0.0015122425	
hip_flexion_l.offset            	-0.0023309925	-0.0036579191	0.0021657072	
knee_angle_l.offset             	0.059520995	0.058655067	0.0016556002	
ankle_angle_l.offset            	0.1894134	0.1903257	0.0015909812	
stance_load_threshold           	0.15289635	0.1527306	0.0017431415	
S00111.tib_ant.KL               	1.245716	1.2320168	0.02887598	
S00111.tib_ant.L0               	0.76986062	0.76502978	0.0030988331	
S00111.tib_ant.KS               	0.00015652	0.00016818917	0.0012361838	
S11000.tib_ant.KL               	1.1805929	1.1888383	0.016431709	
S11000.tib_ant.L0               	0.73497838	0.73190521	0.0024120968	
S11000.tib_ant.KS               	0.035000637	0.035793078	0.0015241741	
S11111.tib_ant-soleus.KF        	-0.11204621	-0.11082473	0.0026024714	
S00111.soleus-tib_ant.KS        	-0.89097912	-0.85176907	0.033160128	
S11000.soleus-tib_ant.KS        	-3.2177258	-3.2502831	0.038405723	
S00111.gastroc-tib_ant.KS       	-0.32198357	-0.3250289	0.028637544	
S11000.gastroc-tib_ant.KS       	-1.6890679	-1.6599359	0.032049117	
S00111.tib_ant-gastroc.KS       	-0.00357534	-0.0038730744	0.24461795	
S11000.tib_ant-gastroc.KS       	-0.00331551	-0.0034756151	0.23909004	
S00111.tib_ant-soleus.KS        	-0.00313515	-0.0031912912	0.25111297	
S11000.tib_ant-soleus.KS        	-0.0034666	-0.0032932694	0.24044573	
S00111.gastroc.KL               	0.07523758	0.079901524	0.030581892	
S00111.gastroc.L0               	0.79845009	0.81062882	0.012786866	
S00111.gastroc.KS               	0.17739288	0.17308236	0.014163322	
S00111.soleus.KL                	4.0166775	4.0444587	0.028400059	
S00111.soleus.L0                	0.97574646	0.97714474	0.0072607752	
S00111.soleus.KS                	0.14946728	0.15578289	0.020682183	
S11000.gastroc.KL               	0.00837043	0.0089956372	0.024398174	
S11000.gastroc.L0               	0.51471366	0.5192384	0.013371729	
S11000.gastroc.KF               	-1.7359165	-1.817465	0.03156159	
S11000.gastroc.KS               	0.25231886	0.26319724	0.028957811	
S11000.soleus.KL                	0.84070296	0.82143329	0.05564657	
S11000.soleus.L0                	0.88665513	0.89716865	0.012267087	
S11000.soleus.KF                	-0.91124675	-0.90815073	0.051795662	
S11000.soleus.KS                	0.1022613	0.10627395	0.045310704	
S00011.vasti.KF                 	0.81613659	0.82510871	0.0068754134	
S00011.vasti.C0                 	0.080270502	0.081688688	0.0015518416	
S00011.vasti-knee_angle.pos_max 	-0.30084647	-0.30291713	0.0023879776	
S00011.hamstrings-pelvis_tilt.KP	0.69090149	0.71200934	0.027263374	
S00011.hamstrings-pelvis_tilt.KV	0.56773098	0.565942	0.0013844672	
S00011.hamstrings-pelvis_tilt.C0	0.02778807	0.026542164	0.0030062528	
S00011.glut_max-pelvis_tilt.KP  	1.4973554	1.4571955	0.022481118	
S00011.glut_max-pelvis_tilt.KV  	0.31561295	0.31438677	0.001405657	
S00011.glut_max-pelvis_tilt.C0  	0.16152368	0.16155346	0.0023754705	
S00011.iliopsoas-pelvis_tilt.KP 	-3.5328575	-3.5171621	0.037593656	
S00011.iliopsoas-pelvis_tilt.KV 	-0.5454498	-0.5443022	0.0017255737	
S00011.iliopsoas-pelvis_tilt.C0 	0.32862784	0.33310154	0.0037162563	
S00100.iliopsoas.C0             	0.33258216	0.33662165	0.0020497875	
S00100.glut_max.C0              	-0.02588599	-0.024769934	0.0015623251	
S11000.iliopsoas.KL             	0.55881602	0.56041653	0.0017497131	
S11000.iliopsoas.L0             	0.39039113	0.38823726	0.0019360523	
S11000.iliopsoas-pelvis_tilt.P0 	-0.044582936	-0.044234161	0.0015574926	
S11000.iliopsoas-pelvis_tilt.KP 	0.01196527	0.011248717	0.0098218798	
S11000.iliopsoas-pelvis_tilt.KV 	0.14501047	0.14522511	0.0017914246	
S11000.iliopsoas-hamstrings.KL  	-8.2627588	-8.2847653	0.063478678	
S11000.iliopsoas-hamstrings.L0  	1.1667254	1.1676024	0.0014474502	
S11000.hamstrings.KF            	0.57315712	0.57527584	0.001386173	
S11000.glut_max.KF              	0.62190476	0.62163064	0.0015818122	
