pelvis_tilt.offset              	0.024313009	0.024597406	0.00057030774	
hip_flexion_r.offset            	0.074544424	0.074931617	0.0005581929	
knee_angle_r.offset             	-0.0011964275	0.00024393572	0.00058275625	
ankle_angle_r.offset            	-0.059112066	-0.059566094	0.00075708428	
hip_flexion_l.offset            	-0.0049712118	-0.0037471745	0.0010927179	
knee_angle_l.offset             	0.062273915	0.061548483	0.00083999316	
ankle_angle_l.offset            	0.18718609	0.18759735	0.00080355805	
stance_load_threshold           	0.15233678	0.1528664	0.00088094679	
S00111.tib_ant.KL               	1.2378909	1.2319708	0.014471207	
S00111.tib_ant.L0               	0.76251906	0.76068234	0.0015577675	
S00111.tib_ant.KS               	0.00015652	0.00016004209	0.00057725009	
S11000.tib_ant.KL               	1.1571019	1.1753527	0.0082898741	
S11000.tib_ant.L0               	0.72646018	0.72566962	0.0012547453	
S11000.tib_ant.KS               	0.036983952	0.036638298	0.00075181405	
S11111.tib_ant-soleus.KF        	-0.10805499	-0.1084216	0.0013095915	
S00111.soleus-tib_ant.KS        	-0.85178486	-0.83817987	0.016384107	
S11000.soleus-tib_ant.KS        	-3.256378	-3.2568155	0.019378355	
S00111.gastroc-tib_ant.KS       	-0.32171493	-0.32591182	0.013536309	
S11000.gastroc-tib_ant.KS       	-1.7012159	-1.7018866	0.016237027	
S00111.tib_ant-gastroc.KS       	-0.00395169	-0.0037648091	0.11422632	
S11000.tib_ant-gastroc.KS       	-0.00366451	-0.003540241	0.11164501	
S00111.tib_ant-soleus.KS        	-0.00313515	-0.0032777409	0.11725921	
S11000.tib_ant-soleus.KS        	-0.00313645	-0.0032945256	0.11227806	
S00111.gastroc.KL               	0.08315732	0.078044325	0.01431783	
S00111.gastroc.L0               	0.80026646	0.80513893	0.0064137221	
S00111.gastroc.KS               	0.17739288	0.17617647	0.0067124196	
S00111.soleus.KL                	4.0888434	4.0812335	0.01441443	
S00111.soleus.L0                	0.97318456	0.98092324	0.0036701136	
S00111.soleus.KS                	0.14946728	0.15329737	0.0098009573	
S11000.gastroc.KL               	0.00837043	0.0086794121	0.011393583	
S11000.gastroc.L0               	0.54989184	0.5404205	0.0066353103	
S11000.gastroc.KF               	-1.7749971	-1.7722851	0.016220803	
S11000.gastroc.KS               	0.25231886	0.26326524	0.013818229	
S11000.soleus.KL                	0.76802659	0.77517569	0.026918621	
S11000.soleus.L0                	0.9256598	0.9245618	0.0061607485	
S11000.soleus.KF                	-0.95885434	-0.92048951	0.025340606	
S11000.soleus.KS                	0.1022613	0.10755411	0.0212049	
S00011.vasti.KF                 	0.81741492	0.81949361	0.0034466044	
S00011.vasti.C0                 	0.080541586	0.080525752	0.00075907957	
S00011.vasti-knee_angle.pos_max 	-0.29702958	-0.29684466	0.0012311466	
S00011.hamstrings-pelvis_tilt.KP	0.7215135	0.70022846	0.013501985	
S00011.hamstrings-pelvis_tilt.KV	0.56582525	0.56500159	0.00069817787	
S00011.hamstrings-pelvis_tilt.C0	0.026560164	0.02636254	0.0014308073	
S00011.glut_max-pelvis_tilt.KP  	1.4416663	1.4513302	0.011306148	
S00011.glut_max-pelvis_tilt.KV  	0.31624447	0.31554648	0.00071151277	
S00011.glut_max-pelvis_tilt.C0  	0.16255349	0.1611292	0.0011951843	
S00011.iliopsoas-pelvis_tilt.KP 	-3.5869462	-3.5688555	0.019190603	
S00011.iliopsoas-pelvis_tilt.KV 	-0.5439496	-0.54509505	0.00086775734	
S00011.iliopsoas-pelvis_tilt.C0 	0.33563963	0.33157288	0.0018728332	
S00100.iliopsoas.C0             	0.32955796	0.3298585	0.0010456982	
S00100.glut_max.C0              	-0.02558619	-0.024754199	0.00076076102	
S11000.iliopsoas.KL             	0.56400065	0.56415143	0.00089261527	
S11000.iliopsoas.L0             	0.38933748	0.38881796	0.00098232369	
S11000.iliopsoas-pelvis_tilt.P0 	-0.042467965	-0.043847274	0.00077601705	
S11000.iliopsoas-pelvis_tilt.KP 	0.011954736	0.011265112	0.0045892411	
S11000.iliopsoas-pelvis_tilt.KV 	0.14782877	0.14674801	0.0009051906	
S11000.iliopsoas-hamstrings.KL  	-8.2450157	-8.2567856	0.031851852	
S11000.iliopsoas-hamstrings.L0  	1.1674861	1.1669866	0.00072187235	
S11000.hamstrings.KF            	0.57341372	0.57390453	0.00069395795	
S11000.glut_max.KF              	0.6215138	0.62151161	0.00080479011	
