pelvis_tilt.offset              	0.02438493	0.024342509	3.3584602e-05	
hip_flexion_r.offset            	0.074399479	0.074397336	3.3034749e-05	
knee_angle_r.offset             	0.00052343506	0.00054892947	3.7260744e-05	
ankle_angle_r.offset            	-0.061461144	-0.061493373	4.8066466e-05	
hip_flexion_l.offset            	-0.0020523347	-0.001948102	6.8582402e-05	
knee_angle_l.offset             	0.062600549	0.062551614	5.1396391e-05	
ankle_angle_l.offset            	0.18726988	0.18725207	5.0028796e-05	
stance_load_threshold           	0.15265549	0.15270337	5.4381513e-05	
S00111.tib_ant.KL               	1.1907881	1.1926946	0.00091673115	
S00111.tib_ant.L0               	0.7627507	0.76282604	9.8647941e-05	
S00111.tib_ant.KS               	0.00015652	0.00016659996	2.3017312e-05	
S11000.tib_ant.KL               	1.1996652	1.1993052	0.0005116876	
S11000.tib_ant.L0               	0.72373025	0.72371086	7.9306878e-05	
S11000.tib_ant.KS               	0.036492758	0.036585128	4.6941392e-05	
S11111.tib_ant-soleus.KF        	-0.10965778	-0.1095329	7.9885307e-05	
S00111.soleus-tib_ant.KS        	-0.82542839	-0.82727224	0.00098906798	
S11000.soleus-tib_ant.KS        	-3.2188303	-3.2179421	0.0012041336	
S00111.gastroc-tib_ant.KS       	-0.32171493	-0.32198254	0.00060469636	
S11000.gastroc-tib_ant.KS       	-1.6880892	-1.6873001	0.00099326907	
S00111.tib_ant-gastroc.KS       	-0.00395169	-0.0037849989	0.0045139	
S11000.tib_ant-gastroc.KS       	-0.00331551	-0.0034891288	0.0044118516	
S00111.tib_ant-soleus.KS        	-0.003463628	-0.0033530741	0.0046335986	
S11000.tib_ant-soleus.KS        	-0.0034666	-0.0033217245	0.0044368119	
S00111.gastroc.KL               	0.082646821	0.082328095	0.00070088157	
S00111.gastroc.L0               	0.80681607	0.80632311	0.00040757813	
S00111.gastroc.KS               	0.17716414	0.17726491	0.00030516392	
S00111.soleus.KL                	4.1013682	4.1021462	0.00089402314	
S00111.soleus.L0                	0.9812361	0.98087739	0.00021654093	
S00111.soleus.KS                	0.15997408	0.1591828	0.00056224872	
S11000.gastroc.KL               	0.0088807218	0.0088158607	0.0004723379	
S11000.gastroc.L0               	0.53399508	0.53379325	0.00039946744	
S11000.gastroc.KF               	-1.7574056	-1.7558358	0.00099209278	
S11000.gastroc.KS               	0.26115238	0.26122108	0.0008085351	
S11000.soleus.KL                	0.83155286	0.83496782	0.0016582961	
S11000.soleus.L0                	0.92388907	0.92386959	0.00036821275	
S11000.soleus.KF                	-0.89468319	-0.89457921	0.001572303	
S11000.soleus.KS                	0.10495867	0.10428105	0.0010924266	
S00011.vasti.KF                 	0.82393472	0.82392543	0.00021084647	
S00011.vasti.C0                 	0.080025329	0.079973994	4.2404377e-05	
S00011.vasti-knee_angle.pos_max 	-0.29574895	-0.2958213	7.6639022e-05	
S00011.hamstrings-pelvis_tilt.KP	0.71070354	0.71197643	0.00082008753	
S00011.hamstrings-pelvis_tilt.KV	0.56511082	0.56511302	4.3301574e-05	
S00011.hamstrings-pelvis_tilt.C0	0.026991723	0.027044817	8.5404043e-05	
S00011.glut_max-pelvis_tilt.KP  	1.4373784	1.4372614	0.00068990178	
S00011.glut_max-pelvis_tilt.KV  	0.31659551	0.3165616	4.4998429e-05	
S00011.glut_max-pelvis_tilt.C0  	0.16613887	0.16604683	7.7588448e-05	
S00011.iliopsoas-pelvis_tilt.KP 	-3.6118354	-3.612181	0.0012447486	
S00011.iliopsoas-pelvis_tilt.KV 	-0.5457762	-0.54573052	5.4779419e-05	
S00011.iliopsoas-pelvis_tilt.C0 	0.32676831	0.32693562	0.00011520125	
S00100.iliopsoas.C0             	0.33079963	0.33081979	6.4325938e-05	
S00100.glut_max.C0              	-0.025352195	-0.025347053	4.5629498e-05	
S11000.iliopsoas.KL             	0.56307333	0.56311498	5.4062296e-05	
S11000.iliopsoas.L0             	0.38833883	0.38846407	6.2029947e-05	
S11000.iliopsoas-pelvis_tilt.P0 	-0.043211072	-0.043237903	4.7500981e-05	
S11000.iliopsoas-pelvis_tilt.KP 	0.011419506	0.011630368	0.00021790038	
S11000.iliopsoas-pelvis_tilt.KV 	0.14844366	0.14838546	5.5602318e-05	
S11000.iliopsoas-hamstrings.KL  	-8.2340056	-8.2355779	0.0020880281	
S11000.iliopsoas-hamstrings.L0  	1.1675076	1.167533	4.3879271e-05	
S11000.hamstrings.KF            	0.57323274	0.57328335	4.3787549e-05	
S11000.glut_max.KF              	0.62394295	0.62396986	5.0948015e-05	
