pelvis_tilt.offset              	0.024323532	0.024267996	2.2743781e-05	
hip_flexion_r.offset            	0.074377683	0.074353326	2.2428963e-05	
knee_angle_r.offset             	0.00037371984	0.00038021913	2.6270199e-05	
ankle_angle_r.offset            	-0.061510789	-0.061544988	3.1940773e-05	
hip_flexion_l.offset            	-0.001963443	-0.0018873212	4.6308458e-05	
knee_angle_l.offset             	0.062589418	0.062599453	3.4521312e-05	
ankle_angle_l.offset            	0.18715214	0.18715169	3.4016e-05	
stance_load_threshold           	0.15267231	0.15270036	3.6510515e-05	
S00111.tib_ant.KL               	1.1931198	1.193806	0.0006135266	
S00111.tib_ant.L0               	0.76253246	0.76260929	6.5891874e-05	
S00111.tib_ant.KS               	0.00016381858	0.0001646933	1.3852347e-05	
S11000.tib_ant.KL               	1.1989464	1.1990957	0.00034183971	
S11000.tib_ant.L0               	0.7235512	0.72356904	5.3677799e-05	
S11000.tib_ant.KS               	0.036573896	0.036560379	3.1653151e-05	
S11111.tib_ant-soleus.KF        	-0.1094838	-0.10941111	5.3954418e-05	
S00111.soleus-tib_ant.KS        	-0.82551268	-0.82670651	0.00066284291	
S11000.soleus-tib_ant.KS        	-3.2168331	-3.2161027	0.00080202105	
S00111.gastroc-tib_ant.KS       	-0.32171493	-0.32190942	0.00038520724	
S11000.gastroc-tib_ant.KS       	-1.682768	-1.6831243	0.00068859039	
S00111.tib_ant-gastroc.KS       	-0.00357534	-0.0037910855	0.0026489792	
S11000.tib_ant-gastroc.KS       	-0.00366451	-0.0034856957	0.002588972	
S00111.tib_ant-soleus.KS        	-0.00313515	-0.0033586343	0.0027188728	
S11000.tib_ant-soleus.KS        	-0.00313645	-0.0032514571	0.0026034383	
S00111.gastroc.KL               	0.082039027	0.081686304	0.00046544845	
S00111.gastroc.L0               	0.80651609	0.80648585	0.00027177746	
S00111.gastroc.KS               	0.17739288	0.17729433	0.00019284385	
S00111.soleus.KL                	4.0999013	4.10177	0.00060146362	
S00111.soleus.L0                	0.98025039	0.98040992	0.00014843255	
S00111.soleus.KS                	0.16157996	0.1616443	0.00038921685	
S11000.gastroc.KL               	0.00925153	0.0088824521	0.00030260781	
S11000.gastroc.L0               	0.53382593	0.53357075	0.00027202614	
S11000.gastroc.KF               	-1.7551517	-1.7545806	0.00067454373	
S11000.gastroc.KS               	0.26205	0.26157387	0.00053501284	
S11000.soleus.KL                	0.83647446	0.83613899	0.0011207954	
S11000.soleus.L0                	0.92319932	0.92323353	0.00024829865	
S11000.soleus.KF                	-0.89544265	-0.89509263	0.0010586933	
S11000.soleus.KS                	0.10425797	0.10428916	0.00072612767	
S00011.vasti.KF                 	0.82333109	0.82359514	0.0001449579	
S00011.vasti.C0                 	0.079991047	0.079957663	2.8095655e-05	
S00011.vasti-knee_angle.pos_max 	-0.29561666	-0.29553794	5.3341815e-05	
S00011.hamstrings-pelvis_tilt.KP	0.71146897	0.71047414	0.00055470405	
S00011.hamstrings-pelvis_tilt.KV	0.56527778	0.56527556	2.9614824e-05	
S00011.hamstrings-pelvis_tilt.C0	0.026996961	0.02698643	5.6817608e-05	
S00011.glut_max-pelvis_tilt.KP  	1.4378498	1.437482	0.00046288653	
S00011.glut_max-pelvis_tilt.KV  	0.31661008	0.31662305	3.0770643e-05	
S00011.glut_max-pelvis_tilt.C0  	0.16621563	0.16615222	5.2521838e-05	
S00011.iliopsoas-pelvis_tilt.KP 	-3.6134836	-3.6139019	0.00083944993	
S00011.iliopsoas-pelvis_tilt.KV 	-0.54568011	-0.54567449	3.7266717e-05	
S00011.iliopsoas-pelvis_tilt.C0 	0.32664372	0.32670764	7.8385445e-05	
S00100.iliopsoas.C0             	0.33081371	0.33084715	4.3811323e-05	
S00100.glut_max.C0              	-0.025388615	-0.025435657	3.072056e-05	
S11000.iliopsoas.KL             	0.56310125	0.56309311	3.6504492e-05	
S11000.iliopsoas.L0             	0.38831488	0.38836379	4.1825719e-05	
S11000.iliopsoas-pelvis_tilt.P0 	-0.04330819	-0.043234551	3.2019403e-05	
S11000.iliopsoas-pelvis_tilt.KP 	0.011225321	0.011373056	0.00014642581	
S11000.iliopsoas-pelvis_tilt.KV 	0.14839288	0.14828699	3.8425659e-05	
S11000.iliopsoas-hamstrings.KL  	-8.236484	-8.2370462	0.0014300534	
S11000.iliopsoas-hamstrings.L0  	1.1676721	1.1676886	3.0130312e-05	
S11000.hamstrings.KF            	0.57332121	0.57327406	2.9236337e-05	
S11000.glut_max.KF              	0.62401071	0.62404928	3.445664e-05	
