pelvis_tilt.offset              	0.024246099	0.024258626	2.1957639e-05	
hip_flexion_r.offset            	0.074350893	0.074352478	2.173069e-05	
knee_angle_r.offset             	0.00034305394	0.00039372508	2.5431149e-05	
ankle_angle_r.offset            	-0.061621131	-0.061618727	3.1136939e-05	
hip_flexion_l.offset            	-0.001855829	-0.001843981	4.4845143e-05	
knee_angle_l.offset             	0.062527171	0.062543339	3.3266633e-05	
ankle_angle_l.offset            	0.18712597	0.18714567	3.2629131e-05	
stance_load_threshold           	0.15276309	0.15273975	3.5474156e-05	
S00111.tib_ant.KL               	1.1937033	1.1936935	0.00059457255	
S00111.tib_ant.L0               	0.76262917	0.76257133	6.4459012e-05	
S00111.tib_ant.KS               	0.00015652	0.00016416161	1.2977361e-05	
S11000.tib_ant.KL               	1.199946	1.1996364	0.00032830926	
S11000.tib_ant.L0               	0.72356777	0.72364489	5.1552662e-05	
S11000.tib_ant.KS               	0.036640828	0.036568098	3.0534792e-05	
S11111.tib_ant-soleus.KF        	-0.1093728	-0.10945828	5.2232051e-05	
S00111.soleus-tib_ant.KS        	-0.82690471	-0.82680392	0.00063714118	
S11000.soleus-tib_ant.KS        	-3.2182023	-3.2169832	0.00077677657	
S00111.gastroc-tib_ant.KS       	-0.32171493	-0.32193643	0.00036236714	
S11000.gastroc-tib_ant.KS       	-1.6821501	-1.6827886	0.00066483054	
S00111.tib_ant-gastroc.KS       	-0.00357534	-0.0036915029	0.0024552172	
S11000.tib_ant-gastroc.KS       	-0.00366451	-0.0036086345	0.0023995556	
S00111.tib_ant-soleus.KS        	-0.003324247	-0.0032430221	0.0025198665	
S11000.tib_ant-soleus.KS        	-0.0034666	-0.0032460957	0.0024129471	
S00111.gastroc.KL               	0.08315732	0.082844388	0.000446292	
S00111.gastroc.L0               	0.80679677	0.80666151	0.00026239288	
S00111.gastroc.KS               	0.17700349	0.17725634	0.00018130151	
S00111.soleus.KL                	4.1039354	4.1026571	0.00058472477	
S00111.soleus.L0                	0.98007122	0.98033417	0.00014298427	
S00111.soleus.KS                	0.1624051	0.1621123	0.00037916221	
S11000.gastroc.KL               	0.0087732378	0.0090156007	0.00028992731	
S11000.gastroc.L0               	0.53390072	0.53391961	0.00026483128	
S11000.gastroc.KF               	-1.7545484	-1.7547315	0.00064981309	
S11000.gastroc.KS               	0.26144608	0.26028269	0.00051599759	
S11000.soleus.KL                	0.83405899	0.83464492	0.0010830856	
S11000.soleus.L0                	0.92292224	0.92317359	0.00023958961	
S11000.soleus.KF                	-0.89675917	-0.8977622	0.001032255	
S11000.soleus.KS                	0.1046756	0.10386882	0.00069834122	
S00011.vasti.KF                 	0.82353911	0.8235392	0.00014079666	
S00011.vasti.C0                 	0.079935497	0.079956384	2.6930309e-05	
S00011.vasti-knee_angle.pos_max 	-0.2955527	-0.29555582	5.1369488e-05	
S00011.hamstrings-pelvis_tilt.KP	0.70999497	0.7106051	0.00053682407	
S00011.hamstrings-pelvis_tilt.KV	0.56532109	0.56529013	2.8942775e-05	
S00011.hamstrings-pelvis_tilt.C0	0.027125541	0.027083759	5.4970997e-05	
S00011.glut_max-pelvis_tilt.KP  	1.4375589	1.4376174	0.00044764583	
S00011.glut_max-pelvis_tilt.KV  	0.31661633	0.31656839	2.9738133e-05	
S00011.glut_max-pelvis_tilt.C0  	0.16614112	0.16619709	5.0864048e-05	
S00011.iliopsoas-pelvis_tilt.KP 	-3.6142924	-3.6142089	0.00080608084	
S00011.iliopsoas-pelvis_tilt.KV 	-0.54563407	-0.5456621	3.6039915e-05	
S00011.iliopsoas-pelvis_tilt.C0 	0.32643116	0.32650256	7.5925142e-05	
S00100.iliopsoas.C0             	0.33082063	0.33083679	4.2257109e-05	
S00100.glut_max.C0              	-0.025389166	-0.025414412	2.967292e-05	
S11000.iliopsoas.KL             	0.56316793	0.56314578	3.5313794e-05	
S11000.iliopsoas.L0             	0.38825758	0.3883259	4.0349011e-05	
S11000.iliopsoas-pelvis_tilt.P0 	-0.043328716	-0.043320226	3.1030497e-05	
S11000.iliopsoas-pelvis_tilt.KP 	0.011156091	0.011351506	0.00014134752	
S11000.iliopsoas-pelvis_tilt.KV 	0.14829205	0.14833063	3.7175924e-05	
S11000.iliopsoas-hamstrings.KL  	-8.2371103	-8.2373046	0.0013678709	
S11000.iliopsoas-hamstrings.L0  	1.1677264	1.1677098	2.9118807e-05	
S11000.hamstrings.KF            	0.57334598	0.57331484	2.8483748e-05	
S11000.glut_max.KF              	0.62419038	0.62411629	3.3424085e-05	
