pelvis_tilt.offset              	0.024280565	0.024285399	2.1712479e-05	
hip_flexion_r.offset            	0.074364747	0.07433957	2.1537814e-05	
knee_angle_r.offset             	0.00039139682	0.00036955112	2.4943409e-05	
ankle_angle_r.offset            	-0.061623448	-0.06164489	3.0959216e-05	
hip_flexion_l.offset            	-0.0017748652	-0.0017520995	4.4072648e-05	
knee_angle_l.offset             	0.062615025	0.062622362	3.2750204e-05	
ankle_angle_l.offset            	0.18704916	0.18708154	3.2472008e-05	
stance_load_threshold           	0.1528034	0.15283032	3.5051996e-05	
S00111.tib_ant.KL               	1.193409	1.1937546	0.00057938861	
S00111.tib_ant.L0               	0.76251506	0.76255724	6.3327298e-05	
S00111.tib_ant.KS               	0.00015652	0.00016125147	1.2302734e-05	
S11000.tib_ant.KL               	1.1996549	1.199499	0.00032457556	
S11000.tib_ant.L0               	0.72357663	0.72353201	5.0541326e-05	
S11000.tib_ant.KS               	0.036593362	0.03658201	2.993698e-05	
S11111.tib_ant-soleus.KF        	-0.10936654	-0.10945602	5.1113264e-05	
S00111.soleus-tib_ant.KS        	-0.82658082	-0.82576207	0.00063434031	
S11000.soleus-tib_ant.KS        	-3.2164334	-3.2171287	0.0007594195	
S00111.gastroc-tib_ant.KS       	-0.32184582	-0.32190317	0.00034610497	
S11000.gastroc-tib_ant.KS       	-1.6823393	-1.681928	0.0006603734	
S00111.tib_ant-gastroc.KS       	-0.00395169	-0.003680826	0.0022963847	
S11000.tib_ant-gastroc.KS       	-0.00366451	-0.0034292104	0.0022442681	
S00111.tib_ant-soleus.KS        	-0.00346517	-0.0032734797	0.0023566707	
S11000.tib_ant-soleus.KS        	-0.0034666	-0.0032647862	0.0022567603	
S00111.gastroc.KL               	0.082420446	0.082333112	0.00043560098	
S00111.gastroc.L0               	0.80716585	0.80653455	0.00025801136	
S00111.gastroc.KS               	0.17718699	0.17728593	0.00017422291	
S00111.soleus.KL                	4.1022737	4.1026922	0.00057441613	
S00111.soleus.L0                	0.9805164	0.98043882	0.00013967621	
S00111.soleus.KS                	0.16407929	0.16358215	0.00038549184	
S11000.gastroc.KL               	0.0088866707	0.0088091352	0.00027975892	
S11000.gastroc.L0               	0.53405876	0.53416039	0.00026044425	
S11000.gastroc.KF               	-1.7557038	-1.7547755	0.0006362441	
S11000.gastroc.KS               	0.26000587	0.26055976	0.00050515708	
S11000.soleus.KL                	0.83167933	0.835064	0.0010607578	
S11000.soleus.L0                	0.92299031	0.9229367	0.0002337675	
S11000.soleus.KF                	-0.89369171	-0.8948179	0.0010199872	
S11000.soleus.KS                	0.10342972	0.10304468	0.00068004732	
S00011.vasti.KF                 	0.8235259	0.8236349	0.00013816166	
S00011.vasti.C0                 	0.079991858	0.07996859	2.6153634e-05	
S00011.vasti-knee_angle.pos_max 	-0.29537017	-0.29535556	5.1411139e-05	
S00011.hamstrings-pelvis_tilt.KP	0.7111526	0.71113139	0.0005314191	
S00011.hamstrings-pelvis_tilt.KV	0.56535529	0.56528885	2.8379549e-05	
S00011.hamstrings-pelvis_tilt.C0	0.026938945	0.027014342	5.3729076e-05	
S00011.glut_max-pelvis_tilt.KP  	1.4374345	1.4383512	0.00043899416	
S00011.glut_max-pelvis_tilt.KV  	0.31658668	0.31657773	2.907495e-05	
S00011.glut_max-pelvis_tilt.C0  	0.16622833	0.16621994	5.006882e-05	
S00011.iliopsoas-pelvis_tilt.KP 	-3.6143041	-3.6138518	0.00078849879	
S00011.iliopsoas-pelvis_tilt.KV 	-0.54564037	-0.54559311	3.5611607e-05	
S00011.iliopsoas-pelvis_tilt.C0 	0.32647298	0.32644407	7.5101845e-05	
S00100.iliopsoas.C0             	0.33080146	0.33075084	4.1469151e-05	
S00100.glut_max.C0              	-0.025404672	-0.025376352	2.918947e-05	
S11000.iliopsoas.KL             	0.56315007	0.56313399	3.461193e-05	
S11000.iliopsoas.L0             	0.38831068	0.38830636	3.9493382e-05	
S11000.iliopsoas-pelvis_tilt.P0 	-0.04335798	-0.043382996	3.0869173e-05	
S11000.iliopsoas-pelvis_tilt.KP 	0.010940114	0.011077418	0.00013848616	
S11000.iliopsoas-pelvis_tilt.KV 	0.14833923	0.14835905	3.6607869e-05	
S11000.iliopsoas-hamstrings.KL  	-8.2369171	-8.2367607	0.0013435583	
S11000.iliopsoas-hamstrings.L0  	1.1676521	1.1676578	2.8497234e-05	
S11000.hamstrings.KF            	0.57334788	0.57329796	2.8014007e-05	
S11000.glut_max.KF              	0.62408756	0.62414419	3.325285e-05	
