pelvis_tilt.offset              	0.021077472	0.021936609	0.0012745462	
hip_flexion_r.offset            	0.07110465	0.069259096	0.0012011388	
knee_angle_r.offset             	0.0015925243	0.0011993052	0.0013123317	
ankle_angle_r.offset            	-0.059552494	-0.056861073	0.0017168227	
hip_flexion_l.offset            	-0.0049543283	-0.0024848423	0.0024364125	
knee_angle_l.offset             	0.060497494	0.059363352	0.0018783872	
ankle_angle_l.offset            	0.18721414	0.18570893	0.0018015056	
stance_load_threshold           	0.15380421	0.15314691	0.0019745007	
S00111.tib_ant.KL               	1.243127	1.2460782	0.032764988	
S00111.tib_ant.L0               	0.75745435	0.76164548	0.0035316216	
S00111.tib_ant.KS               	0.000173	0.00016357271	0.0014199314	
S11000.tib_ant.KL               	1.2169374	1.2192708	0.018686268	
S11000.tib_ant.L0               	0.73843022	0.73686759	0.0027175387	
S11000.tib_ant.KS               	0.03489764	0.035624326	0.0017369861	
S11111.tib_ant-soleus.KF        	-0.11524225	-0.11152888	0.0029595558	
S00111.soleus-tib_ant.KS        	-0.85492738	-0.84219909	0.037720255	
S11000.soleus-tib_ant.KS        	-3.2594726	-3.246671	0.043606682	
S00111.gastroc-tib_ant.KS       	-0.32171493	-0.32821491	0.032846082	
S11000.gastroc-tib_ant.KS       	-1.6942679	-1.6784534	0.036304009	
S00111.tib_ant-gastroc.KS       	-0.00357534	-0.0037478389	0.28097836	
S11000.tib_ant-gastroc.KS       	-0.00331551	-0.0033825406	0.27462877	
S00111.tib_ant-soleus.KS        	-0.00313515	-0.0033387737	0.28843881	
S11000.tib_ant-soleus.KS        	-0.0034666	-0.0033165014	0.27618598	
S00111.gastroc.KL               	0.075561396	0.077197829	0.035119745	
S00111.gastroc.L0               	0.85970105	0.83751976	0.014387092	
S00111.gastroc.KF               	1.4129316	1.4118497	0.0018331713	
S00111.gastroc.KS               	0.17400221	0.16680858	0.016236325	
S00111.soleus.KL                	4.1206581	4.0563039	0.032105331	
S00111.soleus.L0                	0.96487509	0.9728836	0.00827272	
S00111.soleus.KF                	0.21698856	0.22659286	0.0026521961	
S00111.soleus.KS                	0.16520068	0.15751331	0.023716461	
S11000.gastroc.KL               	0.00925153	0.0088976173	0.028024622	
S11000.gastroc.L0               	0.52878187	0.53096382	0.01516181	
S11000.gastroc.KF               	-1.8123294	-1.8434334	0.035744672	
S11000.gastroc.KS               	0.27887874	0.26320999	0.033183617	
S11000.soleus.KL                	0.76235452	0.7986492	0.063666528	
S11000.soleus.L0                	0.88066222	0.89834399	0.01392166	
S11000.soleus.KF                	-0.86753488	-0.92191097	0.059169469	
S11000.soleus.KS                	0.1022613	0.10554729	0.05203632	
S00011.vasti.KF                 	0.80392776	0.81642877	0.0077737189	
S00011.vasti.C0                 	0.081016464	0.082618488	0.0017624164	
S00011.vasti-knee_angle.pos_max 	-0.30666638	-0.3060791	0.0026916195	
S00011.hamstrings-pelvis_tilt.KP	0.70635414	0.70592048	0.031064502	
S00011.hamstrings-pelvis_tilt.KV	0.5648986	0.56778971	0.0015716272	
S00011.hamstrings-pelvis_tilt.C0	0.025910985	0.026049172	0.0034453854	
S00011.glut_max-pelvis_tilt.KP  	1.4934922	1.4903979	0.025544785	
S00011.glut_max-pelvis_tilt.KV  	0.31742535	0.31495164	0.0015918937	
S00011.glut_max-pelvis_tilt.C0  	0.16423799	0.16045506	0.0026783048	
S00011.iliopsoas-pelvis_tilt.KP 	-3.4297023	-3.4601942	0.042865364	
S00011.iliopsoas-pelvis_tilt.KV 	-0.54234331	-0.54366934	0.0019540755	
S00011.iliopsoas-pelvis_tilt.C0 	0.333255	0.33150399	0.0042071253	
S00100.iliopsoas.C0             	0.33347806	0.33780924	0.002316241	
S00100.glut_max.C0              	-0.023905784	-0.024543083	0.0017858817	
S11000.iliopsoas.KL             	0.55821119	0.56075967	0.0019706878	
S11000.iliopsoas.L0             	0.39310473	0.39025827	0.002199687	
S11000.iliopsoas-pelvis_tilt.P0 	-0.04199752	-0.044074594	0.0017689627	
S11000.iliopsoas-pelvis_tilt.KP 	0.01082572	0.011544262	0.011281374	
S11000.iliopsoas-pelvis_tilt.KV 	0.14160709	0.14538636	0.002033931	
S11000.iliopsoas-hamstrings.KL  	-8.2881732	-8.2803398	0.072066417	
S11000.iliopsoas-hamstrings.L0  	1.1641469	1.1657965	0.0016475813	
S11000.hamstrings.KF            	0.57469429	0.57628899	0.0015826389	
S11000.glut_max.KF              	0.61969028	0.62280558	0.0017929283	
