pelvis_tilt.offset              	0.02405276	0.023804719	0.0011603776	
hip_flexion_r.offset            	0.068991333	0.069288934	0.0010881714	
knee_angle_r.offset             	0.00020447296	0.0008056113	0.0011904182	
ankle_angle_r.offset            	-0.054255554	-0.055900804	0.0015621815	
hip_flexion_l.offset            	0.00093647488	0.0013872795	0.0022259227	
knee_angle_l.offset             	0.058674424	0.058910417	0.0017082788	
ankle_angle_l.offset            	0.18233556	0.18573011	0.0016357933	
stance_load_threshold           	0.15574301	0.15433785	0.0018002555	
S00111.tib_ant.KL               	1.2735531	1.2589243	0.02966262	
S00111.tib_ant.L0               	0.75556167	0.7565426	0.0032212583	
S00111.tib_ant.KS               	0.000173	0.00016301802	0.0012692297	
S11000.tib_ant.KL               	1.1789593	1.1993277	0.016948192	
S11000.tib_ant.L0               	0.73832815	0.7341352	0.002467173	
S11000.tib_ant.KS               	0.034624925	0.035915779	0.0015659675	
S11111.tib_ant-soleus.KF        	-0.11261368	-0.10927759	0.002682065	
S00111.soleus-tib_ant.KS        	-0.85368383	-0.84118001	0.033950177	
S11000.soleus-tib_ant.KS        	-3.1453164	-3.2000429	0.039570388	
S00111.gastroc-tib_ant.KS       	-0.33074807	-0.33213045	0.029436257	
S11000.gastroc-tib_ant.KS       	-1.6809582	-1.6840526	0.032945739	
S00111.tib_ant-gastroc.KS       	-0.00357534	-0.003802704	0.25115711	
S11000.tib_ant-gastroc.KS       	-0.00366451	-0.0034145332	0.24548143	
S00111.tib_ant-soleus.KS        	-0.00346517	-0.003315812	0.25782575	
S11000.tib_ant-soleus.KS        	-0.00313645	-0.0032601428	0.24687336	
S00111.gastroc.KL               	0.079199235	0.079410697	0.031398359	
S00111.gastroc.L0               	0.84895908	0.85339092	0.013052955	
S00111.gastroc.KF               	1.4130238	1.413404	0.0016670751	
S00111.gastroc.KS               	0.17739288	0.1681589	0.014558179	
S00111.soleus.KL                	4.049836	4.0599253	0.029092526	
S00111.soleus.L0                	0.95106533	0.9632839	0.0074860568	
S00111.soleus.KF                	0.22372748	0.22647957	0.0024090158	
S00111.soleus.KS                	0.16520068	0.15875871	0.021228549	
S11000.gastroc.KL               	0.00925153	0.0090467393	0.025050381	
S11000.gastroc.L0               	0.54989184	0.53647491	0.01370655	
S11000.gastroc.KF               	-1.8454537	-1.8221746	0.032320866	
S11000.gastroc.KS               	0.25350928	0.26320063	0.029717977	
S11000.soleus.KL                	0.79863513	0.80698875	0.057121278	
S11000.soleus.L0                	0.87422202	0.89336498	0.012642578	
S11000.soleus.KF                	-0.94183075	-0.91420041	0.053198119	
S11000.soleus.KS                	0.11302564	0.107242	0.046520876	
S00011.vasti.KF                 	0.82057262	0.8101241	0.0070406191	
S00011.vasti.C0                 	0.07992329	0.081127824	0.0015928244	
S00011.vasti-knee_angle.pos_max 	-0.30935707	-0.30742757	0.0024375225	
S00011.hamstrings-pelvis_tilt.KP	0.73307106	0.71743925	0.027992495	
S00011.hamstrings-pelvis_tilt.KV	0.5656531	0.56727249	0.0014225917	
S00011.hamstrings-pelvis_tilt.C0	0.026428709	0.026707074	0.0030851738	
S00011.glut_max-pelvis_tilt.KP  	1.4810762	1.4875228	0.023204361	
S00011.glut_max-pelvis_tilt.KV  	0.31708635	0.31579797	0.0014425394	
S00011.glut_max-pelvis_tilt.C0  	0.16294172	0.16316456	0.0024337338	
S00011.iliopsoas-pelvis_tilt.KP 	-3.5201547	-3.5065171	0.038884956	
S00011.iliopsoas-pelvis_tilt.KV 	-0.54589695	-0.54288941	0.0017675961	
S00011.iliopsoas-pelvis_tilt.C0 	0.33195109	0.33398818	0.0038126731	
S00100.iliopsoas.C0             	0.33806882	0.33623676	0.0021027423	
S00100.glut_max.C0              	-0.02342065	-0.024504238	0.0016041294	
S11000.iliopsoas.KL             	0.56120898	0.5628613	0.0017819767	
S11000.iliopsoas.L0             	0.39193015	0.38974455	0.0019962097	
S11000.iliopsoas-pelvis_tilt.P0 	-0.045917178	-0.044116591	0.0015952066	
S11000.iliopsoas-pelvis_tilt.KP 	0.01196527	0.011179804	0.010084412	
S11000.iliopsoas-pelvis_tilt.KV 	0.14792746	0.14520307	0.0018400081	
S11000.iliopsoas-hamstrings.KL  	-8.274322	-8.3187635	0.06529265	
S11000.iliopsoas-hamstrings.L0  	1.1658771	1.1659729	0.001493725	
S11000.hamstrings.KF            	0.5780661	0.57617859	0.0014318788	
S11000.glut_max.KF              	0.62205974	0.62200673	0.0016287251	
