pelvis_tilt.offset              	0.024182866	0.023598624	0.0010309078	
hip_flexion_r.offset            	0.068360133	0.068857166	0.00096348006	
knee_angle_r.offset             	0.00092866727	0.0020813852	0.0010549679	
ankle_angle_r.offset            	-0.057074419	-0.05592624	0.0013869691	
hip_flexion_l.offset            	0.0051321368	0.0033604662	0.001989149	
knee_angle_l.offset             	0.063756366	0.059139927	0.0015123641	
ankle_angle_l.offset            	0.18580437	0.18762929	0.0014518746	
stance_load_threshold           	0.15493654	0.15538447	0.0015956699	
S00111.tib_ant.KL               	1.2123033	1.2361115	0.026197384	
S00111.tib_ant.L0               	0.75626464	0.75732991	0.0028481597	
S00111.tib_ant.KS               	0.000173	0.00016940487	0.0011118559	
S11000.tib_ant.KL               	1.1697842	1.1999829	0.01501081	
S11000.tib_ant.L0               	0.73592729	0.73378648	0.0021999995	
S11000.tib_ant.KS               	0.03509925	0.035083806	0.0013817178	
S11111.tib_ant-soleus.KF        	-0.108475	-0.10966399	0.0023696749	
S00111.soleus-tib_ant.KS        	-0.83048141	-0.84475336	0.029939695	
S11000.soleus-tib_ant.KS        	-3.1429385	-3.1881139	0.035110758	
S00111.gastroc-tib_ant.KS       	-0.32171493	-0.33094587	0.025834503	
S11000.gastroc-tib_ant.KS       	-1.6886981	-1.698551	0.029269859	
S00111.tib_ant-gastroc.KS       	-0.00395169	-0.003691245	0.2200156	
S11000.tib_ant-gastroc.KS       	-0.00331551	-0.0035304264	0.21504366	
S00111.tib_ant-soleus.KS        	-0.00313515	-0.0032871788	0.22585738	
S11000.tib_ant-soleus.KS        	-0.0034666	-0.003241778	0.216263	
S00111.gastroc.KL               	0.07523758	0.078452864	0.027510453	
S00111.gastroc.L0               	0.84279984	0.8483802	0.011541366	
S00111.gastroc.KF               	1.4115885	1.4135275	0.0014784136	
S00111.gastroc.KS               	0.17739288	0.17405166	0.012783611	
S00111.soleus.KL                	4.0498703	4.0444872	0.025776754	
S00111.soleus.L0                	0.95134428	0.95688881	0.006633871	
S00111.soleus.KF                	0.22888537	0.225192	0.0021370595	
S00111.soleus.KS                	0.15377732	0.15825153	0.018621194	
S11000.gastroc.KL               	0.00925153	0.0090231106	0.021944423	
S11000.gastroc.L0               	0.52588165	0.52428979	0.012119103	
S11000.gastroc.KF               	-1.8183828	-1.8021988	0.028690931	
S11000.gastroc.KS               	0.25231886	0.26881318	0.026089191	
S11000.soleus.KL                	0.78854729	0.78270425	0.050235306	
S11000.soleus.L0                	0.8959456	0.89928272	0.011176485	
S11000.soleus.KF                	-0.86753488	-0.89813437	0.04679636	
S11000.soleus.KS                	0.1022613	0.10941651	0.040759057	
S00011.vasti.KF                 	0.81058296	0.81387837	0.0062128784	
S00011.vasti.C0                 	0.080100066	0.08050848	0.0014051218	
S00011.vasti-knee_angle.pos_max 	-0.30145473	-0.30593584	0.0021568395	
S00011.hamstrings-pelvis_tilt.KP	0.74162866	0.73090867	0.024662233	
S00011.hamstrings-pelvis_tilt.KV	0.56547524	0.56723973	0.001262679	
S00011.hamstrings-pelvis_tilt.C0	0.02514159	0.026617691	0.0027074278	
S00011.glut_max-pelvis_tilt.KP  	1.461658	1.4771441	0.020492903	
S00011.glut_max-pelvis_tilt.KV  	0.31271324	0.31560029	0.0012829136	
S00011.glut_max-pelvis_tilt.C0  	0.16625772	0.1610491	0.0021555156	
S00011.iliopsoas-pelvis_tilt.KP 	-3.4893281	-3.5053555	0.034397646	
S00011.iliopsoas-pelvis_tilt.KV 	-0.54341518	-0.54423798	0.0015656525	
S00011.iliopsoas-pelvis_tilt.C0 	0.33738158	0.33600943	0.0033779831	
S00100.iliopsoas.C0             	0.3361859	0.33582377	0.0018584907	
S00100.glut_max.C0              	-0.02588599	-0.024945136	0.0014109655	
S11000.iliopsoas.KL             	0.561366	0.56116976	0.0015769224	
S11000.iliopsoas.L0             	0.38903897	0.3890722	0.0017723654	
S11000.iliopsoas-pelvis_tilt.P0 	-0.04199752	-0.042964309	0.0014082166	
S11000.iliopsoas-pelvis_tilt.KP 	0.01082572	0.0109809	0.0088345113	
S11000.iliopsoas-pelvis_tilt.KV 	0.14538955	0.14597424	0.0016282029	
S11000.iliopsoas-hamstrings.KL  	-8.3869969	-8.360709	0.058021401	
S11000.iliopsoas-hamstrings.L0  	1.1693128	1.1680547	0.0013260666	
S11000.hamstrings.KF            	0.57545457	0.57453388	0.0012754216	
S11000.glut_max.KF              	0.62045066	0.62268798	0.0014408253	
