pelvis_tilt.offset              	0.024516196	0.024441552	0.0002568966	
hip_flexion_r.offset            	0.070528807	0.070407121	0.00023993014	
knee_angle_r.offset             	0.0011912756	0.0012236499	0.00026163315	
ankle_angle_r.offset            	-0.056277918	-0.055969832	0.00034457362	
hip_flexion_l.offset            	0.004742003	0.0048614588	0.00050524949	
knee_angle_l.offset             	0.057105851	0.05771881	0.0003834376	
ankle_angle_l.offset            	0.18973847	0.18977595	0.0003662745	
stance_load_threshold           	0.1558506	0.155639	0.00040038147	
S00111.tib_ant.KL               	1.2159677	1.2226597	0.0065506961	
S00111.tib_ant.L0               	0.75104259	0.75100553	0.00072727077	
S00111.tib_ant.KS               	0.00015652	0.00016335786	0.00023919242	
S11000.tib_ant.KL               	1.2162205	1.2161539	0.0037114582	
S11000.tib_ant.L0               	0.72926953	0.7288506	0.00055951816	
S11000.tib_ant.KS               	0.035211905	0.034811613	0.00033829521	
S11111.tib_ant-soleus.KF        	-0.11172681	-0.11134509	0.00058727674	
S00111.soleus-tib_ant.KS        	-0.81682292	-0.83156817	0.0071952497	
S11000.soleus-tib_ant.KS        	-3.2199524	-3.2109381	0.0087913522	
S00111.gastroc-tib_ant.KS       	-0.32171493	-0.32295669	0.0058101521	
S11000.gastroc-tib_ant.KS       	-1.6784583	-1.6829571	0.0073099092	
S00111.tib_ant-gastroc.KS       	-0.00357534	-0.003680811	0.047328881	
S11000.tib_ant-gastroc.KS       	-0.00331551	-0.0035052581	0.046259331	
S00111.tib_ant-soleus.KS        	-0.00346517	-0.003345945	0.048585531	
S11000.tib_ant-soleus.KS        	-0.00313645	-0.0032769552	0.04652163	
S00111.gastroc.KL               	0.07523758	0.078410366	0.0060204028	
S00111.gastroc.L0               	0.85615164	0.85560884	0.0028917076	
S00111.gastroc.KF               	1.4168783	1.416881	0.00037310722	
S00111.gastroc.KS               	0.17739288	0.17441179	0.002888467	
S00111.soleus.KL                	4.0629982	4.0684819	0.0064058319	
S00111.soleus.L0                	0.94962795	0.95124276	0.0016155025	
S00111.soleus.KF                	0.2264821	0.22665918	0.00053706242	
S00111.soleus.KS                	0.15509673	0.15695313	0.0043102357	
S11000.gastroc.KL               	0.0085013342	0.0087284594	0.0047226898	
S11000.gastroc.L0               	0.52268039	0.51607651	0.0030257501	
S11000.gastroc.KF               	-1.798339	-1.7964094	0.0071674476	
S11000.gastroc.KS               	0.269415	0.26919953	0.0061128225	
S11000.soleus.KL                	0.78361839	0.77695145	0.011899139	
S11000.soleus.L0                	0.91359997	0.9140954	0.0028252748	
S11000.soleus.KF                	-0.88322726	-0.89009629	0.01136219	
S11000.soleus.KS                	0.1022613	0.10568486	0.0088974231	
S00011.vasti.KF                 	0.80600354	0.80544223	0.0015558451	
S00011.vasti.C0                 	0.07999184	0.080245785	0.00032982782	
S00011.vasti-knee_angle.pos_max 	-0.30406346	-0.30461822	0.00054857539	
S00011.hamstrings-pelvis_tilt.KP	0.73026252	0.72744596	0.005899488	
S00011.hamstrings-pelvis_tilt.KV	0.56548807	0.5659384	0.00031821036	
S00011.hamstrings-pelvis_tilt.C0	0.026696475	0.02729955	0.000625829	
S00011.glut_max-pelvis_tilt.KP  	1.4439611	1.4457596	0.005126123	
S00011.glut_max-pelvis_tilt.KV  	0.31569658	0.31566965	0.00032491381	
S00011.glut_max-pelvis_tilt.C0  	0.15973579	0.15964504	0.00054757079	
S00011.iliopsoas-pelvis_tilt.KP 	-3.5688696	-3.5753005	0.0086870677	
S00011.iliopsoas-pelvis_tilt.KV 	-0.54075514	-0.54039073	0.00040238561	
S00011.iliopsoas-pelvis_tilt.C0 	0.33639106	0.33664382	0.00085599044	
S00100.iliopsoas.C0             	0.33922093	0.33908667	0.00046379705	
S00100.glut_max.C0              	-0.024764979	-0.025395806	0.00034305096	
S11000.iliopsoas.KL             	0.56179923	0.56182802	0.00039906883	
S11000.iliopsoas.L0             	0.38867086	0.38813132	0.00044419193	
S11000.iliopsoas-pelvis_tilt.P0 	-0.045507722	-0.045666814	0.00034487369	
S11000.iliopsoas-pelvis_tilt.KP 	0.01196527	0.011614564	0.0019085191	
S11000.iliopsoas-pelvis_tilt.KV 	0.1468128	0.14699636	0.00041060978	
S11000.iliopsoas-hamstrings.KL  	-8.2979713	-8.3213281	0.014438122	
S11000.iliopsoas-hamstrings.L0  	1.1696641	1.1693205	0.00033126979	
S11000.hamstrings.KF            	0.57523483	0.57490857	0.0003202491	
S11000.glut_max.KF              	0.623468	0.62346125	0.00035605849	
