pelvis_tilt.offset              	0.028635206	0.027915135	0.00060857698	
hip_flexion_r.offset            	0.073261936	0.07307595	0.00055254466	
knee_angle_r.offset             	0.00014490272	0.00041326921	0.00060166742	
ankle_angle_r.offset            	-0.05512475	-0.055043102	0.00077807941	
hip_flexion_l.offset            	-0.0018323357	-0.00050828825	0.0011268519	
knee_angle_l.offset             	0.055752431	0.056455438	0.00085469885	
ankle_angle_l.offset            	0.19040234	0.19173672	0.00084024884	
stance_load_threshold           	0.15221616	0.15150827	0.0008949738	
S00111.tib_ant.KL               	1.2692235	1.2654317	0.014890209	
S00111.tib_ant.L0               	0.77580291	0.77420099	0.0016109081	
S00111.tib_ant.KS               	0.00015652	0.00016121172	0.00058660523	
S11000.tib_ant.KL               	1.2582831	1.2468919	0.0085283583	
S11000.tib_ant.L0               	0.72934602	0.72879328	0.0012851902	
S11000.tib_ant.KS               	0.035574852	0.035661577	0.00076468171	
S11111.tib_ant-soleus.KF        	-0.1113291	-0.11407796	0.0013397573	
S00111.soleus-tib_ant.KS        	-0.85200179	-0.83433112	0.016745373	
S11000.soleus-tib_ant.KS        	-3.3032084	-3.2965558	0.019995795	
S00111.gastroc-tib_ant.KS       	-0.32171493	-0.33100708	0.013889687	
S11000.gastroc-tib_ant.KS       	-1.7159816	-1.6805613	0.016558022	
S00111.tib_ant-gastroc.KS       	-0.00395169	-0.0037215464	0.1160773	
S11000.tib_ant-gastroc.KS       	-0.00331551	-0.003410516	0.11345417	
S00111.tib_ant-soleus.KS        	-0.00313515	-0.0033173845	0.11915935	
S11000.tib_ant-soleus.KS        	-0.0034666	-0.0032773537	0.11409748	
S00111.gastroc.L0               	0.79820583	0.80654792	0.0065633375	
S00111.gastroc.KS               	0.17378324	0.17414606	0.006899918	
S00111.soleus.L0                	0.98845954	0.99125221	0.0038951611	
S00111.soleus.KS                	0.16520068	0.15882294	0.010000792	
S11000.gastroc.KL               	0.00925153	0.0089487422	0.011578258	
S11000.gastroc.L0               	0.52159853	0.52215736	0.006865174	
S11000.gastroc.KF               	-1.8010456	-1.7763676	0.016495184	
S11000.gastroc.KS               	0.2709925	0.26737689	0.01408459	
S11000.soleus.KL                	0.83727036	0.80888904	0.027474759	
S11000.soleus.L0                	0.91185591	0.91491619	0.0064470228	
S11000.soleus.KF                	-0.95885434	-0.94278767	0.025683124	
S11000.soleus.KS                	0.11231173	0.10875176	0.021552326	
S00011.vasti.KF                 	0.80372887	0.80688429	0.0035438398	
S00011.vasti.C0                 	0.082716086	0.082853557	0.0007776643	
S00011.vasti-knee_angle.pos_max 	-0.30579518	-0.30595242	0.0012301802	
S00011.hamstrings-pelvis_tilt.KP	0.71055749	0.71393153	0.013778261	
S00011.hamstrings-pelvis_tilt.KV	0.56028594	0.56202712	0.00072368747	
S00011.hamstrings-pelvis_tilt.C0	0.02778807	0.027106412	0.0014593808	
S00011.glut_max-pelvis_tilt.KP  	1.4742464	1.4640636	0.011618415	
S00011.glut_max-pelvis_tilt.KV  	0.31101794	0.311304	0.00073127779	
S00011.glut_max-pelvis_tilt.C0  	0.15754595	0.15672286	0.0012310661	
S00011.iliopsoas-pelvis_tilt.KP 	-3.5706639	-3.5724497	0.019742558	
S00011.iliopsoas-pelvis_tilt.KV 	-0.53882242	-0.54108296	0.00088594004	
S00011.iliopsoas-pelvis_tilt.C0 	0.33034317	0.33175758	0.0019020982	
S00100.iliopsoas.C0             	0.33174659	0.33294475	0.0010806529	
S00100.glut_max.C0              	-0.02586281	-0.024923862	0.00077382463	
S11000.iliopsoas.KL             	0.56179783	0.56069401	0.00091025193	
S11000.iliopsoas.L0             	0.39035286	0.38848099	0.0010123744	
S11000.iliopsoas-pelvis_tilt.P0 	-0.04577418	-0.044361136	0.00079398004	
S11000.iliopsoas-pelvis_tilt.KP 	0.01082572	0.011387173	0.0046635055	
S11000.iliopsoas-pelvis_tilt.KV 	0.14476023	0.1432548	0.0009319892	
S11000.iliopsoas-hamstrings.KL  	-8.2713414	-8.2728318	0.033143969	
S11000.iliopsoas-hamstrings.L0  	1.1648592	1.1659248	0.00073844638	
S11000.hamstrings.KF            	0.57201085	0.57235938	0.00072564212	
S11000.glut_max.KF              	0.62131268	0.62107567	0.0008136799	
