pelvis_tilt.offset              	0.023511299	0.022355934	0.0010084266	
hip_flexion_r.offset            	0.073209705	0.072626676	0.00094855345	
knee_angle_r.offset             	0.0026900635	0.0019146309	0.0010481786	
ankle_angle_r.offset            	-0.056584175	-0.056591329	0.0013521682	
hip_flexion_l.offset            	-0.0094955656	-0.0076605044	0.0019147952	
knee_angle_l.offset             	0.055398393	0.055307998	0.0014872958	
ankle_angle_l.offset            	0.18729256	0.18736727	0.0014318603	
stance_load_threshold           	0.15230774	0.15189496	0.001555806	
S00111.tib_ant.KL               	1.278253	1.2586027	0.025673817	
S00111.tib_ant.L0               	0.76533502	0.7670435	0.0027911213	
S00111.tib_ant.KS               	0.000173	0.00016675457	0.0010848504	
S11000.tib_ant.KL               	1.1948359	1.1968386	0.014750832	
S11000.tib_ant.L0               	0.73206859	0.73209144	0.002175184	
S11000.tib_ant.KS               	0.035965348	0.036193257	0.0013531695	
S11111.tib_ant-soleus.KF        	-0.11409392	-0.11010654	0.0023331224	
S00111.soleus-tib_ant.KS        	-0.82799021	-0.86705627	0.029463663	
S11000.soleus-tib_ant.KS        	-3.2144518	-3.2641852	0.034069899	
S00111.gastroc-tib_ant.KS       	-0.32171493	-0.33112977	0.025262061	
S11000.gastroc-tib_ant.KS       	-1.638577	-1.6410553	0.028637003	
S00111.tib_ant-gastroc.KS       	-0.00357534	-0.0038758323	0.21467163	
S11000.tib_ant-gastroc.KS       	-0.00331551	-0.003492873	0.20982045	
S00111.tib_ant-soleus.KS        	-0.00313515	-0.0033067813	0.22037152	
S11000.tib_ant-soleus.KS        	-0.0034666	-0.0034031105	0.21101018	
S00111.gastroc.KL               	0.07523758	0.079147588	0.026847318	
S00111.gastroc.L0               	0.81557603	0.82156551	0.011352242	
S00111.gastroc.KS               	0.17739288	0.17271773	0.01248095	
S00111.soleus.KL                	4.0498117	3.9874586	0.025435173	
S00111.soleus.L0                	0.97741536	0.98972053	0.0065363829	
S00111.soleus.KS                	0.16520068	0.15554512	0.018189436	
S11000.gastroc.KL               	0.00925153	0.0087228663	0.021411458	
S11000.gastroc.L0               	0.5011606	0.50970719	0.011908136	
S11000.gastroc.KF               	-1.83787	-1.8194845	0.028271233	
S11000.gastroc.KS               	0.25231886	0.25900148	0.025497707	
S11000.soleus.KL                	0.77576172	0.79411128	0.049157712	
S11000.soleus.L0                	0.8983701	0.89829369	0.011029878	
S11000.soleus.KF                	-0.94064745	-0.91196613	0.045922764	
S11000.soleus.KS                	0.10306844	0.10878207	0.039773789	
S00011.vasti.KF                 	0.81591765	0.8183123	0.0061442408	
S00011.vasti.C0                 	0.08234287	0.083024148	0.0013769236	
S00011.vasti-knee_angle.pos_max 	-0.31038935	-0.31148537	0.0021567263	
S00011.hamstrings-pelvis_tilt.KP	0.6967764	0.71092138	0.024271034	
S00011.hamstrings-pelvis_tilt.KV	0.56570592	0.56625054	0.0012370971	
S00011.hamstrings-pelvis_tilt.C0	0.026885048	0.026429958	0.0026471776	
S00011.glut_max-pelvis_tilt.KP  	1.482715	1.4753747	0.020119371	
S00011.glut_max-pelvis_tilt.KV  	0.31384982	0.314523	0.0012500721	
S00011.glut_max-pelvis_tilt.C0  	0.15924822	0.15578139	0.0021190431	
S00011.iliopsoas-pelvis_tilt.KP 	-3.4544362	-3.4726552	0.033969992	
S00011.iliopsoas-pelvis_tilt.KV 	-0.54366911	-0.54129835	0.00154624	
S00011.iliopsoas-pelvis_tilt.C0 	0.34079056	0.3379717	0.0033654042	
S00100.iliopsoas.C0             	0.33252592	0.33354467	0.0018273767	
S00100.glut_max.C0              	-0.025414129	-0.024674606	0.0013807836	
S11000.iliopsoas.KL             	0.55886243	0.55909444	0.001563261	
S11000.iliopsoas.L0             	0.38257483	0.38507904	0.0017582191	
S11000.iliopsoas-pelvis_tilt.P0 	-0.044972587	-0.045589043	0.0013819011	
S11000.iliopsoas-pelvis_tilt.KP 	0.01196527	0.011415141	0.0086200922	
S11000.iliopsoas-pelvis_tilt.KV 	0.1417517	0.14111502	0.0016197837	
S11000.iliopsoas-hamstrings.KL  	-8.3143726	-8.3336507	0.056868722	
S11000.iliopsoas-hamstrings.L0  	1.1674853	1.1682926	0.0013019424	
S11000.hamstrings.KF            	0.57756107	0.57502017	0.0012513314	
S11000.glut_max.KF              	0.61829285	0.61783067	0.0014313791	
