pelvis_tilt.offset              	0.025598848	0.025632939	0.00017905399	
hip_flexion_r.offset            	0.075340209	0.075489852	0.00017206359	
knee_angle_r.offset             	-0.00020555128	-0.00032798747	0.00018775421	
ankle_angle_r.offset            	-0.056425763	-0.056597305	0.00023701922	
hip_flexion_l.offset            	-0.0070831587	-0.0072413554	0.00033191603	
knee_angle_l.offset             	0.061034819	0.060796683	0.00025589778	
ankle_angle_l.offset            	0.18264287	0.18233517	0.00025101151	
stance_load_threshold           	0.14882441	0.14876269	0.00027375574	
S00111.tib_ant.KL               	1.25381	1.255005	0.0044317137	
S00111.tib_ant.L0               	0.76577841	0.76612231	0.00048080574	
S00111.tib_ant.KS               	0.000173	0.00016438786	0.00014085905	
S11000.tib_ant.KL               	1.2576856	1.2555208	0.002606789	
S11000.tib_ant.L0               	0.72465359	0.72506841	0.00039506279	
S11000.tib_ant.KS               	0.03445492	0.034897196	0.00022859698	
S11111.tib_ant-soleus.KF        	-0.10804493	-0.10746174	0.00040673908	
S00111.soleus-tib_ant.KS        	-0.83997767	-0.84014646	0.0051382978	
S11000.soleus-tib_ant.KS        	-3.2111042	-3.2127877	0.006097311	
S00111.gastroc-tib_ant.KS       	-0.32255824	-0.3242515	0.0037075113	
S11000.gastroc-tib_ant.KS       	-1.6474632	-1.6516305	0.0049034398	
S00111.tib_ant-gastroc.KS       	-0.00395169	-0.0038554551	0.027863578	
S11000.tib_ant-gastroc.KS       	-0.00331551	-0.0035171888	0.027233892	
S00111.tib_ant-soleus.KS        	-0.00313515	-0.0033638077	0.028603358	
S11000.tib_ant-soleus.KS        	-0.00313645	-0.0034032218	0.027388303	
S00111.gastroc.KL               	0.08315732	0.078433866	0.0037404114	
S00111.gastroc.L0               	0.83249992	0.82948841	0.0020042826	
S00111.gastroc.KS               	0.17739288	0.17509869	0.001821727	
S00111.soleus.KL                	3.9576597	3.9579573	0.0044389141	
S00111.soleus.L0                	1.0122662	1.0136842	0.0011571502	
S00111.soleus.KS                	0.1578737	0.15611543	0.002820729	
S11000.gastroc.KL               	0.00925153	0.0087253183	0.0027859534	
S11000.gastroc.L0               	0.49792518	0.49958426	0.0020161182	
S11000.gastroc.KF               	-1.8367762	-1.8377587	0.0049322534	
S11000.gastroc.KS               	0.27466812	0.27356973	0.0040470292	
S11000.soleus.KL                	0.81752788	0.81854989	0.008002974	
S11000.soleus.L0                	0.88555437	0.88467574	0.0019362209	
S11000.soleus.KF                	-0.89368436	-0.89206714	0.0075859941	
S11000.soleus.KS                	0.10911595	0.10844118	0.0054760262	
S00011.vasti.KF                 	0.81795128	0.81925467	0.0010420741	
S00011.vasti.C0                 	0.081178733	0.080791437	0.00022215602	
S00011.vasti-knee_angle.pos_max 	-0.3080959	-0.30779626	0.000375425	
S00011.hamstrings-pelvis_tilt.KP	0.69261223	0.68824773	0.0041359613	
S00011.hamstrings-pelvis_tilt.KV	0.56446508	0.56403744	0.00021732046	
S00011.hamstrings-pelvis_tilt.C0	0.025754035	0.026175604	0.00042204912	
S00011.glut_max-pelvis_tilt.KP  	1.4809745	1.4779148	0.0035058343	
S00011.glut_max-pelvis_tilt.KV  	0.31592218	0.31594351	0.00021394084	
S00011.glut_max-pelvis_tilt.C0  	0.16121255	0.16142912	0.00037329613	
S00011.iliopsoas-pelvis_tilt.KP 	-3.4337741	-3.4346733	0.00590172	
S00011.iliopsoas-pelvis_tilt.KV 	-0.53889484	-0.53826792	0.00027356784	
S00011.iliopsoas-pelvis_tilt.C0 	0.33508208	0.33420316	0.00057542483	
S00100.iliopsoas.C0             	0.32780496	0.32773984	0.00032415285	
S00100.glut_max.C0              	-0.025603097	-0.025511608	0.00022917876	
S11000.iliopsoas.KL             	0.55749003	0.55714966	0.00027129037	
S11000.iliopsoas.L0             	0.38701367	0.3867812	0.00030564762	
S11000.iliopsoas-pelvis_tilt.P0 	-0.045705865	-0.045861892	0.00023154112	
S11000.iliopsoas-pelvis_tilt.KP 	0.01082572	0.011356353	0.0011428625	
S11000.iliopsoas-pelvis_tilt.KV 	0.14675249	0.14710859	0.00028677418	
S11000.iliopsoas-hamstrings.KL  	-8.3040017	-8.2870846	0.0099358374	
S11000.iliopsoas-hamstrings.L0  	1.1639059	1.1637637	0.000230126	
S11000.hamstrings.KF            	0.57513281	0.57485075	0.00021579942	
S11000.glut_max.KF              	0.61743083	0.61756325	0.00025350267	
