pelvis_tilt.offset              	0.026231539	0.026319544	0.00011580336	
hip_flexion_r.offset            	0.075324067	0.075292697	0.00010697239	
knee_angle_r.offset             	0.00010834674	0.00018549776	0.00011741575	
ankle_angle_r.offset            	-0.056906475	-0.056692861	0.00014623297	
hip_flexion_l.offset            	-0.0061143032	-0.0057685491	0.00021180286	
knee_angle_l.offset             	0.059669148	0.059749765	0.00016028234	
ankle_angle_l.offset            	0.18254054	0.18251718	0.00015819252	
stance_load_threshold           	0.14904839	0.14916916	0.00016645277	
S00111.tib_ant.KL               	1.254135	1.2558229	0.0028121831	
S00111.tib_ant.L0               	0.76697693	0.76666108	0.00031058687	
S00111.tib_ant.KS               	0.000173	0.00016365029	7.0255236e-05	
S11000.tib_ant.KL               	1.2477054	1.2446041	0.0016282472	
S11000.tib_ant.L0               	0.72438259	0.72405039	0.00025267109	
S11000.tib_ant.KS               	0.03413633	0.034033498	0.00014460827	
S11111.tib_ant-soleus.KF        	-0.10796459	-0.10818547	0.00025746371	
S00111.soleus-tib_ant.KS        	-0.84990014	-0.8549167	0.0032131912	
S11000.soleus-tib_ant.KS        	-3.1888389	-3.1881264	0.0039578332	
S00111.gastroc-tib_ant.KS       	-0.32171493	-0.32340543	0.002184154	
S11000.gastroc-tib_ant.KS       	-1.6595756	-1.6611382	0.0031262417	
S00111.tib_ant-gastroc.KS       	-0.00395169	-0.0038215017	0.013873453	
S11000.tib_ant-gastroc.KS       	-0.00331551	-0.0034242975	0.013559889	
S00111.tib_ant-soleus.KS        	-0.00346517	-0.0033402584	0.014241703	
S11000.tib_ant-soleus.KS        	-0.0034666	-0.0032828584	0.013636746	
S00111.gastroc.KL               	0.07728415	0.078095102	0.0021588168	
S00111.gastroc.L0               	0.82374574	0.82432286	0.0012557477	
S00111.gastroc.KS               	0.17464937	0.17579814	0.0010574346	
S00111.soleus.KL                	3.9582062	3.9584113	0.0027437086	
S00111.soleus.L0                	1.0115837	1.011905	0.00072178924	
S00111.soleus.KS                	0.15745851	0.15805515	0.0017389523	
S11000.gastroc.KL               	0.0087061469	0.0088066832	0.0014025695	
S11000.gastroc.L0               	0.50269407	0.50208443	0.0012180258	
S11000.gastroc.KF               	-1.8420618	-1.8405958	0.003069682	
S11000.gastroc.KS               	0.27529797	0.27477319	0.0024464888	
S11000.soleus.KL                	0.8127224	0.80628967	0.0051770187	
S11000.soleus.L0                	0.88500542	0.88498551	0.0012135869	
S11000.soleus.KF                	-0.89889934	-0.8938956	0.0047617689	
S11000.soleus.KS                	0.10988952	0.10776105	0.0031598022	
S00011.vasti.KF                 	0.81898134	0.81960729	0.00065203775	
S00011.vasti.C0                 	0.081309168	0.081053847	0.00013292946	
S00011.vasti-knee_angle.pos_max 	-0.309098	-0.30894133	0.00023733614	
S00011.hamstrings-pelvis_tilt.KP	0.69470502	0.69129899	0.0025883508	
S00011.hamstrings-pelvis_tilt.KV	0.56401766	0.56426864	0.00013663834	
S00011.hamstrings-pelvis_tilt.C0	0.02778807	0.027564571	0.00026078021	
S00011.glut_max-pelvis_tilt.KP  	1.4764973	1.4746659	0.0021855798	
S00011.glut_max-pelvis_tilt.KV  	0.31659161	0.31667477	0.00013430684	
S00011.glut_max-pelvis_tilt.C0  	0.16129238	0.16126348	0.00023605254	
S00011.iliopsoas-pelvis_tilt.KP 	-3.4434129	-3.4433478	0.0038693784	
S00011.iliopsoas-pelvis_tilt.KV 	-0.53890307	-0.53879006	0.00017068263	
S00011.iliopsoas-pelvis_tilt.C0 	0.33449832	0.33455479	0.0003589874	
S00100.iliopsoas.C0             	0.32813126	0.32783789	0.00020186226	
S00100.glut_max.C0              	-0.025240929	-0.025102525	0.00014172237	
S11000.iliopsoas.KL             	0.55709491	0.55699731	0.00016868041	
S11000.iliopsoas.L0             	0.38673508	0.38682109	0.00019236003	
S11000.iliopsoas-pelvis_tilt.P0 	-0.045950224	-0.045824519	0.00014722837	
S11000.iliopsoas-pelvis_tilt.KP 	0.01082572	0.011250814	0.00060952114	
S11000.iliopsoas-pelvis_tilt.KV 	0.14658031	0.14655738	0.00017824679	
S11000.iliopsoas-hamstrings.KL  	-8.2780748	-8.2795642	0.0061513372	
S11000.iliopsoas-hamstrings.L0  	1.1641853	1.1642912	0.00014343421	
S11000.hamstrings.KF            	0.57503543	0.57516175	0.00013494692	
S11000.glut_max.KF              	0.61766046	0.61766887	0.00016402107	
