pelvis_tilt.offset              	0.018317552	0.019392013	0.0013209822	
hip_flexion_r.offset            	0.071606253	0.070060473	0.0012381701	
knee_angle_r.offset             	0.0024979358	0.00098285237	0.0013599758	
ankle_angle_r.offset            	-0.059046788	-0.05744631	0.0017757265	
hip_flexion_l.offset            	-0.0092536661	-0.0073950796	0.002517921	
knee_angle_l.offset             	0.056054614	0.055212973	0.0019429469	
ankle_angle_l.offset            	0.18673008	0.18805582	0.001859689	
stance_load_threshold           	0.15398576	0.15392813	0.0020446741	
S00111.tib_ant.KL               	1.3119505	1.2982688	0.033883981	
S00111.tib_ant.L0               	0.75479039	0.75808787	0.0036428997	
S00111.tib_ant.KS               	0.000173	0.00016683569	0.0014644794	
S11000.tib_ant.KL               	1.1942267	1.1901572	0.019248911	
S11000.tib_ant.L0               	0.74053245	0.7407306	0.0028049436	
S11000.tib_ant.KS               	0.03415941	0.036628448	0.0017929107	
S11111.tib_ant-soleus.KF        	-0.10533343	-0.10719533	0.0030532299	
S00111.soleus-tib_ant.KS        	-0.89402901	-0.87693076	0.038895775	
S11000.soleus-tib_ant.KS        	-3.3768759	-3.2727734	0.045024942	
S00111.gastroc-tib_ant.KS       	-0.35557966	-0.33818077	0.033911369	
S11000.gastroc-tib_ant.KS       	-1.7315981	-1.6977083	0.037568502	
S00111.tib_ant-gastroc.KS       	-0.00357534	-0.0038135001	0.28979355	
S11000.tib_ant-gastroc.KS       	-0.00366451	-0.0034125559	0.28324476	
S00111.tib_ant-soleus.KS        	-0.00346517	-0.0033402584	0.29748806	
S11000.tib_ant-soleus.KS        	-0.0034666	-0.00332696	0.28485082	
S00111.gastroc.KL               	0.07523758	0.080962525	0.036222764	
S00111.gastroc.L0               	0.84900391	0.84918322	0.014946327	
S00111.gastroc.KF               	1.4104579	1.4101207	0.0018973582	
S00111.soleus.KL                	4.0952328	4.0473798	0.033232105	
S00111.soleus.L0                	0.9743105	0.97405421	0.0085610228	
S00111.soleus.KF                	0.22703128	0.22554251	0.0027576245	
S11000.gastroc.KL               	0.00925153	0.0087370292	0.028903862	
S11000.gastroc.L0               	0.51814714	0.53305809	0.015657897	
S11000.gastroc.KF               	-1.8180817	-1.8472318	0.036967627	
S11000.gastroc.KS               	0.25231886	0.26914868	0.034244136	
S11000.soleus.KL                	0.84260236	0.80616062	0.065702222	
S11000.soleus.L0                	0.90142126	0.90131907	0.014378181	
S11000.soleus.KF                	-0.91928977	-0.9348492	0.061066917	
S11000.soleus.KS                	0.1022613	0.10885094	0.053670408	
S00011.vasti.KF                 	0.8279191	0.82611339	0.008090966	
S00011.vasti.C0                 	0.08392688	0.084731199	0.0018176909	
S00011.vasti-knee_angle.pos_max 	-0.30625486	-0.30638194	0.0027893255	
S00011.hamstrings-pelvis_tilt.KP	0.68057836	0.72201607	0.032058769	
S00011.hamstrings-pelvis_tilt.KV	0.56607042	0.56697636	0.0016213	
S00011.hamstrings-pelvis_tilt.C0	0.02514159	0.026427466	0.0035553238	
S00011.glut_max-pelvis_tilt.KP  	1.5004819	1.4883767	0.026310407	
S00011.glut_max-pelvis_tilt.KV  	0.31531852	0.31398191	0.0016450666	
S00011.glut_max-pelvis_tilt.C0  	0.16162687	0.16338854	0.0027808036	
S00011.iliopsoas-pelvis_tilt.KP 	-3.5039302	-3.4859119	0.044346695	
S00011.iliopsoas-pelvis_tilt.KV 	-0.54260065	-0.54309451	0.0020221536	
S00011.iliopsoas-pelvis_tilt.C0 	0.33481361	0.33223956	0.0043664901	
S00100.iliopsoas.C0             	0.34522921	0.3382376	0.0023870522	
S00100.glut_max.C0              	-0.02342065	-0.025009929	0.0018421055	
S11000.iliopsoas.KL             	0.56046245	0.55895354	0.0020535083	
S11000.iliopsoas.L0             	0.39533168	0.39248958	0.0022747036	
S11000.iliopsoas-pelvis_tilt.P0 	-0.045574238	-0.044310147	0.0018283624	
S11000.iliopsoas-pelvis_tilt.KP 	0.01196527	0.011452224	0.011635318	
S11000.iliopsoas-pelvis_tilt.KV 	0.14529035	0.14446107	0.0021064212	
S11000.iliopsoas-hamstrings.KL  	-8.3396076	-8.2734487	0.074367257	
S11000.iliopsoas-hamstrings.L0  	1.1659334	1.1627916	0.0017083378	
S11000.hamstrings.KF            	0.57848947	0.57758758	0.001641212	
S11000.glut_max.KF              	0.62536639	0.62275491	0.0018646316	
