pelvis_tilt.offset              	0.018262723	0.019007493	0.0012997061	
hip_flexion_r.offset            	0.069036232	0.070315011	0.0012183119	
knee_angle_r.offset             	0.00060995681	0.001314174	0.0013366801	
ankle_angle_r.offset            	-0.060214929	-0.056664063	0.0017474521	
hip_flexion_l.offset            	-0.0097471186	-0.0072309474	0.0024746839	
knee_angle_l.offset             	0.054443821	0.055237634	0.0019089202	
ankle_angle_l.offset            	0.19050826	0.18710982	0.0018283088	
stance_load_threshold           	0.15357189	0.15461536	0.0020119402	
S00111.tib_ant.KL               	1.3119505	1.2961424	0.033288413	
S00111.tib_ant.L0               	0.75810934	0.75671078	0.0035821061	
S00111.tib_ant.KS               	0.000173	0.00016665419	0.0014366804	
S11000.tib_ant.KL               	1.1852	1.1903635	0.018905964	
S11000.tib_ant.L0               	0.74250132	0.73936652	0.0027569629	
S11000.tib_ant.KS               	0.036133218	0.035897074	0.0017620478	
S11111.tib_ant-soleus.KF        	-0.10533343	-0.10670354	0.0029990914	
S00111.soleus-tib_ant.KS        	-0.86935396	-0.87909397	0.038176824	
S11000.soleus-tib_ant.KS        	-3.1721289	-3.2789947	0.044342599	
S00111.gastroc-tib_ant.KS       	-0.32713007	-0.34945047	0.033285764	
S11000.gastroc-tib_ant.KS       	-1.6512526	-1.6872616	0.036951878	
S00111.tib_ant-gastroc.KS       	-0.00395169	-0.0037564812	0.28429263	
S11000.tib_ant-gastroc.KS       	-0.00366451	-0.0035390587	0.27786815	
S00111.tib_ant-soleus.KS        	-0.00313515	-0.0033724432	0.29184108	
S11000.tib_ant-soleus.KS        	-0.0034666	-0.0033578271	0.27944373	
S00111.gastroc.KL               	0.08315732	0.079634977	0.035536263	
S00111.gastroc.L0               	0.84158184	0.84748483	0.014675382	
S00111.gastroc.KF               	1.4103106	1.4094131	0.0018637252	
S00111.soleus.KL                	4.0640924	4.0561235	0.032706462	
S00111.soleus.L0                	0.98367957	0.97363538	0.00841408	
S00111.soleus.KF                	0.22168363	0.22640408	0.0027128698	
S11000.gastroc.KL               	0.00925153	0.0088061877	0.028355219	
S11000.gastroc.L0               	0.53402648	0.52815569	0.015384309	
S11000.gastroc.KF               	-1.87708	-1.8445194	0.036365859	
S11000.gastroc.KS               	0.27887874	0.2628415	0.033607623	
S11000.soleus.KL                	0.76235452	0.81037732	0.064493487	
S11000.soleus.L0                	0.87137329	0.89834172	0.014137172	
S11000.soleus.KF                	-0.93963319	-0.92701822	0.059948901	
S11000.soleus.KS                	0.11302564	0.10807878	0.052652794	
S00011.vasti.KF                 	0.82586353	0.82439411	0.0079482207	
S00011.vasti.C0                 	0.083693649	0.085517276	0.0017864456	
S00011.vasti-knee_angle.pos_max 	-0.30442287	-0.30615795	0.0027427398	
S00011.hamstrings-pelvis_tilt.KP	0.7253719	0.71401011	0.031499494	
S00011.hamstrings-pelvis_tilt.KV	0.56530546	0.5671401	0.0015947	
S00011.hamstrings-pelvis_tilt.C0	0.025635735	0.026554985	0.0034889565	
S00011.glut_max-pelvis_tilt.KP  	1.4828585	1.4910847	0.025847502	
S00011.glut_max-pelvis_tilt.KV  	0.31682414	0.31350171	0.0016186132	
S00011.glut_max-pelvis_tilt.C0  	0.16035175	0.1624934	0.0027354216	
S00011.iliopsoas-pelvis_tilt.KP 	-3.4799226	-3.4907818	0.043541158	
S00011.iliopsoas-pelvis_tilt.KV 	-0.53938482	-0.54293103	0.0019890587	
S00011.iliopsoas-pelvis_tilt.C0 	0.32971735	0.33330928	0.0042885209	
S00100.iliopsoas.C0             	0.33964484	0.33889061	0.0023541138	
S00100.glut_max.C0              	-0.02588599	-0.025069623	0.0018084959	
S11000.iliopsoas.KL             	0.55644656	0.55931878	0.0020185066	
S11000.iliopsoas.L0             	0.39671174	0.3935782	0.0022386156	
S11000.iliopsoas-pelvis_tilt.P0 	-0.044747315	-0.04466349	0.0017964994	
S11000.iliopsoas-pelvis_tilt.KP 	0.01082572	0.011276908	0.011414525	
S11000.iliopsoas-pelvis_tilt.KV 	0.1473529	0.14446473	0.0020699635	
S11000.iliopsoas-hamstrings.KL  	-8.2458509	-8.3205358	0.07315967	
S11000.iliopsoas-hamstrings.L0  	1.1654274	1.163651	0.0016826245	
S11000.hamstrings.KF            	0.57640063	0.57692001	0.0016137744	
S11000.glut_max.KF              	0.62273732	0.6233668	0.0018344952	
