pelvis_tilt.offset              	0.014931992	0.01536111	0.00028752847	
hip_flexion_r.offset            	0.072144951	0.071699914	0.00026661338	
knee_angle_r.offset             	0.0017020712	0.001641338	0.00029801677	
ankle_angle_r.offset            	-0.060697546	-0.060488032	0.00038192806	
hip_flexion_l.offset            	-0.0040666863	-0.0043313527	0.00053084806	
knee_angle_l.offset             	0.049929371	0.049172518	0.00041962375	
ankle_angle_l.offset            	0.18913361	0.18941328	0.00039078327	
stance_load_threshold           	0.15570254	0.15565124	0.00043427971	
S00111.tib_ant.KL               	1.2070552	1.2126864	0.00708042	
S00111.tib_ant.L0               	0.75912292	0.7584236	0.00077377189	
S00111.tib_ant.KS               	0.000173	0.00016429201	0.00025016877	
S11000.tib_ant.KL               	1.1587101	1.1549381	0.0040558281	
S11000.tib_ant.L0               	0.74527193	0.74513648	0.00060690315	
S11000.tib_ant.KS               	0.033784676	0.033831911	0.00035817421	
S11111.tib_ant-soleus.KF        	-0.10627808	-0.10675131	0.00063549374	
S00111.soleus-tib_ant.KS        	-0.85994756	-0.86198286	0.0077072126	
S11000.soleus-tib_ant.KS        	-3.3294475	-3.3317362	0.0096608224	
S00111.gastroc-tib_ant.KS       	-0.32748089	-0.33253316	0.0065496205	
S11000.gastroc-tib_ant.KS       	-1.7122875	-1.7004019	0.0079368515	
S00111.tib_ant-gastroc.KS       	-0.00395169	-0.0037423843	0.049500549	
S11000.tib_ant-gastroc.KS       	-0.00366451	-0.0034952272	0.048381925	
S00111.tib_ant-soleus.KS        	-0.00313515	-0.0033852593	0.050814858	
S11000.tib_ant-soleus.KS        	-0.00313645	-0.0032818774	0.048656257	
S00111.gastroc.KL               	0.08315732	0.07891031	0.0063033209	
S00111.gastroc.L0               	0.83902959	0.83629863	0.0031081157	
S00111.gastroc.KF               	1.4146725	1.4147075	0.00040235679	
S00111.soleus.KL                	4.0689405	4.069926	0.0069255721	
S00111.soleus.L0                	0.96658079	0.96758177	0.0017737553	
S00111.soleus.KF                	0.22693307	0.22601781	0.00057916311	
S11000.gastroc.KL               	0.00925153	0.0088475946	0.004939736	
S11000.gastroc.L0               	0.52318602	0.52702371	0.0031977593	
S11000.gastroc.KF               	-1.7894136	-1.8092794	0.0076983545	
S11000.gastroc.KS               	0.26743526	0.26774307	0.0064955941	
S11000.soleus.KL                	0.80502913	0.81750249	0.012826465	
S11000.soleus.L0                	0.89961646	0.89709482	0.0029569579	
S11000.soleus.KF                	-0.94071868	-0.94382695	0.011923716	
S11000.soleus.KS                	0.11302564	0.10931908	0.0093235579	
S00011.vasti.KF                 	0.83953631	0.84001009	0.0017034556	
S00011.vasti.C0                 	0.080907456	0.080525979	0.00036977353	
S00011.vasti-knee_angle.pos_max 	-0.30478461	-0.30516818	0.00059098853	
S00011.hamstrings-pelvis_tilt.KP	0.68687585	0.6979856	0.0065013209	
S00011.hamstrings-pelvis_tilt.KV	0.56755372	0.56769319	0.00033772701	
S00011.hamstrings-pelvis_tilt.C0	0.026123511	0.02604315	0.00066618783	
S00011.glut_max-pelvis_tilt.KP  	1.5062149	1.4972449	0.0055303521	
S00011.glut_max-pelvis_tilt.KV  	0.31760885	0.31752162	0.00034156786	
S00011.glut_max-pelvis_tilt.C0  	0.16279542	0.1617334	0.00058086914	
S00011.iliopsoas-pelvis_tilt.KP 	-3.4166044	-3.4226299	0.0094152219	
S00011.iliopsoas-pelvis_tilt.KV 	-0.53752353	-0.53804703	0.00042926447	
S00011.iliopsoas-pelvis_tilt.C0 	0.33312583	0.33300848	0.00089757473	
S00100.iliopsoas.C0             	0.33637023	0.3367527	0.00049972807	
S00100.glut_max.C0              	-0.025171975	-0.024519157	0.0003579778	
S11000.iliopsoas.KL             	0.56110686	0.56166617	0.00043173269	
S11000.iliopsoas.L0             	0.39215889	0.39230021	0.0004803736	
S11000.iliopsoas-pelvis_tilt.P0 	-0.045279303	-0.045306769	0.00037082172	
S11000.iliopsoas-pelvis_tilt.KP 	0.01082572	0.01170612	0.0019966783	
S11000.iliopsoas-pelvis_tilt.KV 	0.13997764	0.14027103	0.00044532945	
S11000.iliopsoas-hamstrings.KL  	-8.2661289	-8.2582021	0.015829051	
S11000.iliopsoas-hamstrings.L0  	1.1644083	1.1646784	0.00035503428	
S11000.hamstrings.KF            	0.57477561	0.57469595	0.00034382823	
S11000.glut_max.KF              	0.6219591	0.6219255	0.00039093897	
