pelvis_tilt.offset              	0.015773692	0.015758227	0.00012491264	
hip_flexion_r.offset            	0.072273941	0.072511145	0.00011715539	
knee_angle_r.offset             	0.0010799471	0.00094411141	0.00013253073	
ankle_angle_r.offset            	-0.060779829	-0.060510921	0.0001699264	
hip_flexion_l.offset            	-0.0056801206	-0.0053860815	0.00023495293	
knee_angle_l.offset             	0.04798017	0.047864872	0.00018952098	
ankle_angle_l.offset            	0.19064894	0.1909762	0.00017812644	
stance_load_threshold           	0.15513384	0.15517462	0.00019264003	
S00111.tib_ant.KL               	1.2005442	1.2025782	0.0030978478	
S00111.tib_ant.L0               	0.75893253	0.75905506	0.00033643323	
S00111.tib_ant.KS               	0.000173	0.00016379864	9.2831745e-05	
S11000.tib_ant.KL               	1.1475644	1.1485144	0.0018047144	
S11000.tib_ant.L0               	0.74542274	0.74553905	0.00026348127	
S11000.tib_ant.KS               	0.03400346	0.03410123	0.00015130916	
S11111.tib_ant-soleus.KF        	-0.10702878	-0.1075522	0.00027982471	
S00111.soleus-tib_ant.KS        	-0.88169318	-0.88120245	0.0033668262	
S11000.soleus-tib_ant.KS        	-3.32822	-3.3326267	0.004246026	
S00111.gastroc-tib_ant.KS       	-0.33133563	-0.3285239	0.0027873828	
S11000.gastroc-tib_ant.KS       	-1.7154007	-1.7132963	0.0035420836	
S00111.tib_ant-gastroc.KS       	-0.00395169	-0.0037090482	0.01835877	
S11000.tib_ant-gastroc.KS       	-0.00331551	-0.0034471169	0.017943882	
S00111.tib_ant-soleus.KS        	-0.00313515	-0.0033622528	0.018846186	
S11000.tib_ant-soleus.KS        	-0.00313645	-0.0032980456	0.018045614	
S00111.gastroc.KL               	0.078921414	0.08070968	0.0025254441	
S00111.gastroc.L0               	0.83934693	0.8396886	0.0013436287	
S00111.gastroc.KF               	1.4155529	1.41545	0.00018003352	
S00111.soleus.KL                	4.0514685	4.0565345	0.0031230514	
S00111.soleus.L0                	0.96856044	0.96801188	0.00076431327	
S00111.soleus.KF                	0.2251705	0.22547088	0.00025759914	
S11000.gastroc.KL               	0.00925153	0.0090520332	0.0018382566	
S11000.gastroc.L0               	0.52462611	0.52594003	0.001412404	
S11000.gastroc.KF               	-1.7975269	-1.7999349	0.0035639749	
S11000.gastroc.KS               	0.26093635	0.25959339	0.002838187	
S11000.soleus.KL                	0.79684486	0.79609436	0.0056683301	
S11000.soleus.L0                	0.90952822	0.90971088	0.001339669	
S11000.soleus.KF                	-0.91887179	-0.92124613	0.0052268789	
S11000.soleus.KS                	0.10466779	0.1052419	0.0037060177	
S00011.vasti.KF                 	0.84182733	0.84262666	0.00075618844	
S00011.vasti.C0                 	0.080254447	0.080312432	0.00015578944	
S00011.vasti-knee_angle.pos_max 	-0.30470846	-0.30479687	0.0002595926	
S00011.hamstrings-pelvis_tilt.KP	0.69869532	0.69772716	0.0028662037	
S00011.hamstrings-pelvis_tilt.KV	0.56798582	0.56776059	0.00015093709	
S00011.hamstrings-pelvis_tilt.C0	0.027364832	0.027280933	0.00028726941	
S00011.glut_max-pelvis_tilt.KP  	1.5067968	1.5092066	0.0024169862	
S00011.glut_max-pelvis_tilt.KV  	0.31791972	0.31803701	0.00015079975	
S00011.glut_max-pelvis_tilt.C0  	0.16300938	0.16307629	0.00025885976	
S00011.iliopsoas-pelvis_tilt.KP 	-3.4196445	-3.4216918	0.0041567453	
S00011.iliopsoas-pelvis_tilt.KV 	-0.53903194	-0.53926502	0.00019463987	
S00011.iliopsoas-pelvis_tilt.C0 	0.33136829	0.33186008	0.00038808248	
S00100.iliopsoas.C0             	0.33760712	0.33797936	0.00021669571	
S00100.glut_max.C0              	-0.024235065	-0.024417938	0.00015662008	
S11000.iliopsoas.KL             	0.56191982	0.56197652	0.00019018313	
S11000.iliopsoas.L0             	0.39078358	0.39115504	0.00021396862	
S11000.iliopsoas-pelvis_tilt.P0 	-0.045532244	-0.045363302	0.00016480416	
S11000.iliopsoas-pelvis_tilt.KP 	0.011864946	0.011363157	0.00076091345	
S11000.iliopsoas-pelvis_tilt.KV 	0.13801728	0.13796882	0.00019992072	
S11000.iliopsoas-hamstrings.KL  	-8.2419363	-8.2503517	0.0069992118	
S11000.iliopsoas-hamstrings.L0  	1.1649608	1.1648096	0.00015348964	
S11000.hamstrings.KF            	0.57326696	0.57306103	0.00015642534	
S11000.glut_max.KF              	0.62202234	0.62202861	0.00017309356	
