pelvis_tilt.offset              	0.020390421	0.020351732	0.0011975486	
hip_flexion_r.offset            	0.068356461	0.069033324	0.0011276759	
knee_angle_r.offset             	0.0027902685	0.0016006364	0.0012363891	
ankle_angle_r.offset            	-0.057216784	-0.05545696	0.0016151268	
hip_flexion_l.offset            	-0.0059449375	-0.0077666524	0.002297004	
knee_angle_l.offset             	0.055244177	0.056790896	0.0017681537	
ankle_angle_l.offset            	0.18624786	0.18663172	0.0016914174	
stance_load_threshold           	0.1532565	0.15242958	0.0018687004	
S00111.tib_ant.KL               	1.2431174	1.2494707	0.030772721	
S00111.tib_ant.L0               	0.75759006	0.7609207	0.0033178041	
S00111.tib_ant.KS               	0.000173	0.00016198779	0.0013325777	
S11000.tib_ant.KL               	1.1913679	1.2000921	0.017485553	
S11000.tib_ant.L0               	0.73668891	0.73797453	0.0025627821	
S11000.tib_ant.KS               	0.034251382	0.036193581	0.0016309112	
S11111.tib_ant-soleus.KF        	-0.10980097	-0.11078798	0.0027806991	
S00111.soleus-tib_ant.KS        	-0.80888339	-0.83741391	0.035513188	
S11000.soleus-tib_ant.KS        	-3.3279829	-3.3055115	0.040908581	
S00111.gastroc-tib_ant.KS       	-0.35557966	-0.34105752	0.030851981	
S11000.gastroc-tib_ant.KS       	-1.747567	-1.692122	0.034189492	
S00111.tib_ant-gastroc.KS       	-0.00357534	-0.0036817643	0.26369264	
S11000.tib_ant-gastroc.KS       	-0.00331551	-0.0034288304	0.25773368	
S00111.tib_ant-soleus.KS        	-0.00346517	-0.0033042257	0.27069412	
S11000.tib_ant-soleus.KS        	-0.00313645	-0.0032438794	0.25919508	
S00111.gastroc.KL               	0.083001542	0.077399348	0.032960885	
S00111.gastroc.L0               	0.8408018	0.83211678	0.013541263	
S00111.gastroc.KF               	1.4100669	1.4108349	0.0017305228	
S00111.soleus.KL                	4.0699612	4.0255241	0.030186839	
S00111.soleus.L0                	0.94623125	0.95728399	0.0077773951	
S00111.soleus.KF                	0.22823261	0.22900739	0.0025082493	
S11000.gastroc.KL               	0.00925153	0.0090108672	0.026300566	
S11000.gastroc.L0               	0.52901144	0.52367132	0.014250953	
S11000.gastroc.KF               	-1.8387296	-1.8351995	0.033549858	
S11000.gastroc.KS               	0.27887874	0.2593469	0.03116214	
S11000.soleus.KL                	0.82481602	0.81375711	0.059826579	
S11000.soleus.L0                	0.87470406	0.90056276	0.013076954	
S11000.soleus.KF                	-0.89667554	-0.90400119	0.055640771	
S11000.soleus.KS                	0.1022613	0.10598589	0.048836618	
S00011.vasti.KF                 	0.80887725	0.81491083	0.0073464722	
S00011.vasti.C0                 	0.083647914	0.083136998	0.0016570109	
S00011.vasti-knee_angle.pos_max 	-0.30399503	-0.30719475	0.0025449548	
S00011.hamstrings-pelvis_tilt.KP	0.70175721	0.71209858	0.029190406	
S00011.hamstrings-pelvis_tilt.KV	0.56404643	0.56742613	0.0014764431	
S00011.hamstrings-pelvis_tilt.C0	0.02514159	0.026808268	0.0032350896	
S00011.glut_max-pelvis_tilt.KP  	1.4979344	1.5054016	0.024081344	
S00011.glut_max-pelvis_tilt.KV  	0.31450882	0.31575171	0.0015017192	
S00011.glut_max-pelvis_tilt.C0  	0.165326	0.16073338	0.002526198	
S00011.iliopsoas-pelvis_tilt.KP 	-3.4938079	-3.4958874	0.040327233	
S00011.iliopsoas-pelvis_tilt.KV 	-0.54432147	-0.54415046	0.0018380327	
S00011.iliopsoas-pelvis_tilt.C0 	0.33577489	0.33357019	0.0039737311	
S00100.iliopsoas.C0             	0.33731462	0.33760555	0.0021742218	
S00100.glut_max.C0              	-0.02342065	-0.024273923	0.0016774011	
S11000.iliopsoas.KL             	0.56460115	0.5631766	0.00186683	
S11000.iliopsoas.L0             	0.38940392	0.3894302	0.00206944	
S11000.iliopsoas-pelvis_tilt.P0 	-0.045790004	-0.045344455	0.0016650475	
S11000.iliopsoas-pelvis_tilt.KP 	0.01196527	0.011535195	0.010587392	
S11000.iliopsoas-pelvis_tilt.KV 	0.14535042	0.14506558	0.0019174878	
S11000.iliopsoas-hamstrings.KL  	-8.3843807	-8.345381	0.06785257	
S11000.iliopsoas-hamstrings.L0  	1.1673196	1.1667957	0.0015521	
S11000.hamstrings.KF            	0.57617547	0.57614738	0.0014884224	
S11000.glut_max.KF              	0.62188048	0.62033203	0.0016911998	
