pelvis_tilt.offset              	0.017817242	0.016640089	0.00063194998	
hip_flexion_r.offset            	0.067635766	0.067972674	0.00058190777	
knee_angle_r.offset             	0.002756686	0.0026625374	0.0006405499	
ankle_angle_r.offset            	-0.053350348	-0.052170386	0.00084448222	
hip_flexion_l.offset            	-0.0019309498	-0.0025071008	0.0012036759	
knee_angle_l.offset             	0.058071743	0.056962726	0.00091386161	
ankle_angle_l.offset            	0.18467022	0.1847666	0.00088507877	
stance_load_threshold           	0.15280777	0.15284559	0.00097380874	
S00111.tib_ant.KL               	1.3091237	1.2889808	0.015517464	
S00111.tib_ant.L0               	0.73354672	0.73582521	0.0018987495	
S00111.tib_ant.KS               	0.000173	0.00016975997	0.00062214456	
S11000.tib_ant.KL               	1.2423743	1.2402614	0.0091898931	
S11000.tib_ant.L0               	0.74401649	0.74468101	0.0013583897	
S11000.tib_ant.KS               	0.035914566	0.035262219	0.00081676944	
S11111.tib_ant-soleus.KF        	-0.10965488	-0.11143776	0.0014256034	
S00111.soleus-tib_ant.KS        	-0.88583641	-0.87604824	0.017634212	
S11000.soleus-tib_ant.KS        	-3.3660217	-3.3709439	0.021387066	
S00111.gastroc-tib_ant.KS       	-0.34725977	-0.35236289	0.01454679	
S11000.gastroc-tib_ant.KS       	-1.6732356	-1.6822323	0.017805802	
S00111.tib_ant-gastroc.KS       	-0.00395169	-0.0038171981	0.12310998	
S11000.tib_ant-gastroc.KS       	-0.00366451	-0.0034517098	0.12032792	
S00111.tib_ant-soleus.KS        	-0.00346517	-0.0032856369	0.12637875	
S11000.tib_ant-soleus.KS        	-0.00313645	-0.0032734237	0.12101021	
S00111.gastroc.KL               	0.08315732	0.079443299	0.015431346	
S00111.gastroc.L0               	0.86458579	0.8703435	0.0070945295	
S00111.gastroc.KF               	1.4094127	1.4101359	0.00089866817	
S00111.soleus.KL                	4.0585435	4.0464083	0.015732913	
S00111.soleus.L0                	0.93604432	0.9363932	0.0041657394	
S00111.soleus.KF                	0.22131556	0.22164523	0.0013351225	
S11000.gastroc.KL               	0.00925153	0.0087543265	0.012279636	
S11000.gastroc.L0               	0.52298549	0.52807752	0.0073354941	
S11000.gastroc.KF               	-1.8105613	-1.8078744	0.017418813	
S11000.gastroc.KS               	0.27406612	0.26027752	0.014927598	
S11000.soleus.KL                	0.82154789	0.81131955	0.029266065	
S11000.soleus.L0                	0.85363246	0.8612083	0.0067005143	
S11000.soleus.KF                	-0.86753488	-0.91156934	0.027495393	
S11000.soleus.KS                	0.11302564	0.11053748	0.022852247	
S00011.vasti.KF                 	0.81260061	0.81155732	0.0038502627	
S00011.vasti.C0                 	0.083726293	0.084589077	0.00084903934	
S00011.vasti-knee_angle.pos_max 	-0.312622	-0.31390671	0.0013479723	
S00011.hamstrings-pelvis_tilt.KP	0.73237674	0.72941549	0.014546191	
S00011.hamstrings-pelvis_tilt.KV	0.56594127	0.56662298	0.00076640148	
S00011.hamstrings-pelvis_tilt.C0	0.02514159	0.026609086	0.0015472791	
S00011.glut_max-pelvis_tilt.KP  	1.5258345	1.5196211	0.012540427	
S00011.glut_max-pelvis_tilt.KV  	0.31780048	0.31746	0.00079369267	
S00011.glut_max-pelvis_tilt.C0  	0.16181669	0.16033708	0.0013133729	
S00011.iliopsoas-pelvis_tilt.KP 	-3.4878271	-3.4848695	0.0211034	
S00011.iliopsoas-pelvis_tilt.KV 	-0.54273147	-0.54178008	0.00095455695	
S00011.iliopsoas-pelvis_tilt.C0 	0.34276911	0.33774548	0.0020738491	
S00100.iliopsoas.C0             	0.33723065	0.33835304	0.0011255489	
S00100.glut_max.C0              	-0.024225812	-0.024594806	0.00082592762	
S11000.iliopsoas.KL             	0.56345753	0.56406717	0.00096588192	
S11000.iliopsoas.L0             	0.38494728	0.384293	0.0010972827	
S11000.iliopsoas-pelvis_tilt.P0 	-0.043927804	-0.043301332	0.00084181357	
S11000.iliopsoas-pelvis_tilt.KP 	0.01196527	0.011275051	0.0049459435	
S11000.iliopsoas-pelvis_tilt.KV 	0.14182636	0.14101496	0.0010079053	
S11000.iliopsoas-hamstrings.KL  	-8.3329166	-8.3598392	0.035331939	
S11000.iliopsoas-hamstrings.L0  	1.164223	1.1626957	0.00081500582	
S11000.hamstrings.KF            	0.57653266	0.57694263	0.00076841924	
S11000.glut_max.KF              	0.61717448	0.6160156	0.00089647415	
