pelvis_tilt.offset              	0.017262584	0.016210046	0.00056026066	
hip_flexion_r.offset            	0.068243798	0.068498167	0.00051537898	
knee_angle_r.offset             	0.0034518055	0.0034456834	0.0005676164	
ankle_angle_r.offset            	-0.051576953	-0.051399274	0.0007521208	
hip_flexion_l.offset            	-0.0039599423	-0.0028631416	0.0010684848	
knee_angle_l.offset             	0.056291574	0.05633394	0.00081257604	
ankle_angle_l.offset            	0.18387063	0.18395931	0.00078535115	
stance_load_threshold           	0.15265423	0.15269018	0.00086589125	
S00111.tib_ant.KL               	1.2981328	1.2954038	0.013687995	
S00111.tib_ant.L0               	0.73510027	0.73368363	0.0016985883	
S00111.tib_ant.KS               	0.000173	0.00016190674	0.00054442795	
S11000.tib_ant.KL               	1.2318571	1.2453822	0.0081577919	
S11000.tib_ant.L0               	0.74272151	0.74376361	0.0012070175	
S11000.tib_ant.KS               	0.034615789	0.035259671	0.00072260929	
S11111.tib_ant-soleus.KF        	-0.11111428	-0.11158099	0.0012619486	
S00111.soleus-tib_ant.KS        	-0.87955956	-0.87690987	0.015565225	
S11000.soleus-tib_ant.KS        	-3.4164098	-3.3936533	0.018961295	
S00111.gastroc-tib_ant.KS       	-0.35557966	-0.35281912	0.012750128	
S11000.gastroc-tib_ant.KS       	-1.6626154	-1.6758561	0.015833187	
S00111.tib_ant-gastroc.KS       	-0.00357534	-0.00363867	0.10773116	
S11000.tib_ant-gastroc.KS       	-0.00331551	-0.0035389169	0.10529663	
S00111.tib_ant-soleus.KS        	-0.00313515	-0.0033518462	0.1105916	
S11000.tib_ant-soleus.KS        	-0.00313645	-0.0033661509	0.10589369	
S00111.gastroc.KL               	0.08315732	0.079616249	0.013515838	
S00111.gastroc.L0               	0.86953476	0.86892262	0.0062961182	
S00111.gastroc.KF               	1.4100228	1.4096066	0.00080029574	
S00111.soleus.KL                	4.0652198	4.0624023	0.013952742	
S00111.soleus.L0                	0.94362679	0.93550044	0.0036822996	
S00111.soleus.KF                	0.22215202	0.22256358	0.0011847752	
S11000.gastroc.KL               	0.00837043	0.0087838398	0.010745863	
S11000.gastroc.L0               	0.52979849	0.52597735	0.0065001681	
S11000.gastroc.KF               	-1.7897113	-1.8056821	0.015381535	
S11000.gastroc.KS               	0.27292201	0.26290316	0.013145406	
S11000.soleus.KL                	0.7990385	0.80004774	0.025860996	
S11000.soleus.L0                	0.86542189	0.86023303	0.0059133104	
S11000.soleus.KF                	-0.92898385	-0.92189031	0.024325493	
S11000.soleus.KS                	0.11037861	0.10777074	0.02001068	
S00011.vasti.KF                 	0.81303478	0.81158448	0.0034102799	
S00011.vasti.C0                 	0.083956854	0.08443858	0.00075095311	
S00011.vasti-knee_angle.pos_max 	-0.31432235	-0.31553667	0.0012023027	
S00011.hamstrings-pelvis_tilt.KP	0.71808191	0.72494277	0.012827848	
S00011.hamstrings-pelvis_tilt.KV	0.56588127	0.56621028	0.00067873791	
S00011.hamstrings-pelvis_tilt.C0	0.025423324	0.025943439	0.001361554	
S00011.glut_max-pelvis_tilt.KP  	1.5433436	1.5300867	0.011105049	
S00011.glut_max-pelvis_tilt.KV  	0.31687298	0.31801547	0.00070366535	
S00011.glut_max-pelvis_tilt.C0  	0.15876426	0.15938398	0.0011677328	
S00011.iliopsoas-pelvis_tilt.KP 	-3.5095645	-3.4977123	0.018681814	
S00011.iliopsoas-pelvis_tilt.KV 	-0.5415701	-0.54238983	0.00084533505	
S00011.iliopsoas-pelvis_tilt.C0 	0.33749451	0.33873821	0.0018406337	
S00100.iliopsoas.C0             	0.33995876	0.33922354	0.00099283123	
S00100.glut_max.C0              	-0.023643991	-0.02406347	0.00073027101	
S11000.iliopsoas.KL             	0.5660543	0.56434399	0.0008526188	
S11000.iliopsoas.L0             	0.38542801	0.38396528	0.00097605745	
S11000.iliopsoas-pelvis_tilt.P0 	-0.043511101	-0.043385919	0.00074360348	
S11000.iliopsoas-pelvis_tilt.KP 	0.01196527	0.011498586	0.0043290091	
S11000.iliopsoas-pelvis_tilt.KV 	0.14057265	0.13992177	0.00089277962	
S11000.iliopsoas-hamstrings.KL  	-8.3891881	-8.3901272	0.031451914	
S11000.iliopsoas-hamstrings.L0  	1.1631354	1.1623684	0.00072774939	
S11000.hamstrings.KF            	0.57739724	0.57719943	0.00068106146	
S11000.glut_max.KF              	0.61745719	0.61591191	0.00079239578	
