pelvis_tilt.offset              	0.017372064	0.017277952	0.00019435531	
hip_flexion_r.offset            	0.069460366	0.069350878	0.00017458823	
knee_angle_r.offset             	0.0078170185	0.0079691471	0.00021408995	
ankle_angle_r.offset            	-0.051796252	-0.051950016	0.00025888093	
hip_flexion_l.offset            	-0.003131044	-0.0034566456	0.00036276954	
knee_angle_l.offset             	0.055820545	0.055784929	0.00027344049	
ankle_angle_l.offset            	0.18640597	0.18597775	0.00027073762	
stance_load_threshold           	0.15200066	0.15137424	0.00029321757	
S00111.tib_ant.KL               	1.3011868	1.3021727	0.0043071165	
S00111.tib_ant.L0               	0.72732965	0.72651581	0.00059203866	
S00111.tib_ant.KS               	0.00015652	0.00016392504	0.00014507155	
S11000.tib_ant.KL               	1.2573106	1.2548799	0.0028154089	
S11000.tib_ant.L0               	0.74651693	0.74688658	0.00040843007	
S11000.tib_ant.KS               	0.034696378	0.035007325	0.00024163886	
S11111.tib_ant-soleus.KF        	-0.11077833	-0.11107282	0.0004486293	
S00111.soleus-tib_ant.KS        	-0.8538111	-0.85133893	0.0051630818	
S11000.soleus-tib_ant.KS        	-3.4089188	-3.4148267	0.0063940729	
S00111.gastroc-tib_ant.KS       	-0.35445223	-0.35357162	0.0036065757	
S11000.gastroc-tib_ant.KS       	-1.691692	-1.6825944	0.0053807478	
S00111.tib_ant-gastroc.KS       	-0.00357534	-0.0038414243	0.028698116	
S11000.tib_ant-gastroc.KS       	-0.00366451	-0.0034904192	0.028049577	
S00111.tib_ant-soleus.KS        	-0.00346517	-0.0033354878	0.029460062	
S11000.tib_ant-soleus.KS        	-0.00313645	-0.0033843398	0.028208612	
S00111.gastroc.KL               	0.08315732	0.081099527	0.0038354123	
S00111.gastroc.L0               	0.87241218	0.87622272	0.0020718263	
S00111.gastroc.KF               	1.4101967	1.4104487	0.00027747475	
S00111.soleus.KL                	4.0904066	4.0865787	0.004830578	
S00111.soleus.L0                	0.94598249	0.94528176	0.0012503623	
S00111.soleus.KF                	0.22555303	0.2261534	0.00042111742	
S11000.gastroc.KL               	0.00925153	0.0089245522	0.002868847	
S11000.gastroc.L0               	0.51969092	0.52130483	0.0022273649	
S11000.gastroc.KF               	-1.8086207	-1.8151481	0.0053348051	
S11000.gastroc.KS               	0.25949123	0.26222908	0.0042811499	
S11000.soleus.KL                	0.78445011	0.78687295	0.0085638139	
S11000.soleus.L0                	0.86585832	0.86417341	0.0019858996	
S11000.soleus.KF                	-0.86753488	-0.87383086	0.0078947663	
S11000.soleus.KS                	0.11302564	0.11003244	0.005643967	
S00011.vasti.KF                 	0.83678678	0.83792185	0.0012889388	
S00011.vasti.C0                 	0.082033018	0.081846727	0.00026209255	
S00011.vasti-knee_angle.pos_max 	-0.31513494	-0.31610928	0.00041140256	
S00011.hamstrings-pelvis_tilt.KP	0.734307	0.73662474	0.004070935	
S00011.hamstrings-pelvis_tilt.KV	0.56456137	0.56476997	0.00023697756	
S00011.hamstrings-pelvis_tilt.C0	0.025890017	0.026330191	0.00044089769	
S00011.glut_max-pelvis_tilt.KP  	1.5074612	1.5085635	0.0038070609	
S00011.glut_max-pelvis_tilt.KV  	0.3217718	0.32156923	0.00025914368	
S00011.glut_max-pelvis_tilt.C0  	0.15199144	0.15210402	0.00044062537	
S00011.iliopsoas-pelvis_tilt.KP 	-3.4578321	-3.4571759	0.0063850591	
S00011.iliopsoas-pelvis_tilt.KV 	-0.54779956	-0.54782673	0.00030849215	
S00011.iliopsoas-pelvis_tilt.C0 	0.33596825	0.33520842	0.00062316678	
S00100.iliopsoas.C0             	0.34071623	0.34070393	0.00034190212	
S00100.glut_max.C0              	-0.024760895	-0.024962274	0.00024307334	
S11000.iliopsoas.KL             	0.56243118	0.56201199	0.00028709233	
S11000.iliopsoas.L0             	0.38487747	0.38476155	0.00034291952	
S11000.iliopsoas-pelvis_tilt.P0 	-0.044772748	-0.044653798	0.00025093355	
S11000.iliopsoas-pelvis_tilt.KP 	0.01082572	0.011187873	0.0011749878	
S11000.iliopsoas-pelvis_tilt.KV 	0.14231075	0.14209287	0.00030253646	
S11000.iliopsoas-hamstrings.KL  	-8.4062082	-8.3907402	0.010738546	
S11000.iliopsoas-hamstrings.L0  	1.1599059	1.159616	0.00026005205	
S11000.hamstrings.KF            	0.57439211	0.57450804	0.00023648151	
S11000.glut_max.KF              	0.61624194	0.61559281	0.00027797018	
