pelvis_tilt.offset              	0.023306474	0.022613064	0.00054130302	
hip_flexion_r.offset            	0.067288891	0.066313033	0.00051267336	
knee_angle_r.offset             	-0.0012327794	-0.0013456108	0.00055708408	
ankle_angle_r.offset            	-0.057048652	-0.058142433	0.00072750213	
hip_flexion_l.offset            	-0.0035653365	-0.004954691	0.0010346468	
knee_angle_l.offset             	0.053179009	0.052818748	0.00080830927	
ankle_angle_l.offset            	0.18609733	0.18578565	0.00076495639	
stance_load_threshold           	0.14915355	0.14814361	0.00084629654	
S00111.tib_ant.KL               	1.3083561	1.2878461	0.013723146	
S00111.tib_ant.L0               	0.75494082	0.75625568	0.0014950533	
S00111.tib_ant.KS               	0.000173	0.00016081116	0.00055694182	
S11000.tib_ant.KL               	1.2298522	1.2236549	0.0079556102	
S11000.tib_ant.L0               	0.73498224	0.73607436	0.0011541756	
S11000.tib_ant.KS               	0.036940841	0.035939971	0.0007219283	
S11111.tib_ant-soleus.KF        	-0.10872332	-0.1075135	0.0012470087	
S00111.soleus-tib_ant.KS        	-0.8888197	-0.87788617	0.015572273	
S11000.soleus-tib_ant.KS        	-3.2843758	-3.2640709	0.018530965	
S00111.gastroc-tib_ant.KS       	-0.35457956	-0.34821243	0.013229613	
S11000.gastroc-tib_ant.KS       	-1.6064832	-1.6154307	0.015468233	
S00111.tib_ant-gastroc.KS       	-0.00357534	-0.0038593874	0.11020776	
S11000.tib_ant-gastroc.KS       	-0.00366451	-0.0034661106	0.10771727	
S00111.tib_ant-soleus.KS        	-0.00346517	-0.0033486582	0.11313396	
S11000.tib_ant-soleus.KS        	-0.00313645	-0.0033616346	0.10832805	
S00111.gastroc.KL               	0.08315732	0.080453252	0.013811306	
S00111.gastroc.L0               	0.85082499	0.86331804	0.0061482523	
S00111.gastroc.KF               	1.4109799	1.4125005	0.00078437809	
S00111.soleus.KL                	4.0592933	4.0621074	0.013548848	
S00111.soleus.L0                	0.98067521	0.9801668	0.0034481144	
S00111.soleus.KF                	0.22812058	0.22721717	0.0011265116	
S11000.gastroc.KL               	0.00837043	0.0086089769	0.010992627	
S11000.gastroc.L0               	0.52309558	0.52151912	0.00639936	
S11000.gastroc.KF               	-1.7405501	-1.7636536	0.015234813	
S11000.gastroc.KS               	0.25231886	0.26055131	0.013305924	
S11000.soleus.KL                	0.802536	0.79216971	0.025899757	
S11000.soleus.L0                	0.92280489	0.91563201	0.0059733153	
S11000.soleus.KF                	-0.92611541	-0.92143746	0.024353616	
S11000.soleus.KS                	0.1022613	0.10924566	0.020451918	
S00011.vasti.KF                 	0.82362495	0.8170413	0.0032995158	
S00011.vasti.C0                 	0.080571117	0.081294647	0.00073491299	
S00011.vasti-knee_angle.pos_max 	-0.31273621	-0.31311064	0.0011645533	
S00011.hamstrings-pelvis_tilt.KP	0.74012231	0.72130208	0.013015179	
S00011.hamstrings-pelvis_tilt.KV	0.56872172	0.56869425	0.00066791599	
S00011.hamstrings-pelvis_tilt.C0	0.027107008	0.026660193	0.0013767917	
S00011.glut_max-pelvis_tilt.KP  	1.4909811	1.4905919	0.010745602	
S00011.glut_max-pelvis_tilt.KV  	0.31705549	0.31622371	0.00067623652	
S00011.glut_max-pelvis_tilt.C0  	0.16520575	0.16572881	0.0011479546	
S00011.iliopsoas-pelvis_tilt.KP 	-3.5748243	-3.5755314	0.018331579	
S00011.iliopsoas-pelvis_tilt.KV 	-0.54627283	-0.54522692	0.00083268885	
S00011.iliopsoas-pelvis_tilt.C0 	0.33485565	0.3327157	0.0017919329	
S00100.iliopsoas.C0             	0.33528081	0.33605744	0.00097503062	
S00100.glut_max.C0              	-0.024989777	-0.024153225	0.00073208812	
S11000.iliopsoas.KL             	0.55879076	0.55792855	0.00084160875	
S11000.iliopsoas.L0             	0.39332779	0.39199777	0.00093563058	
S11000.iliopsoas-pelvis_tilt.P0 	-0.043643291	-0.044155026	0.00074734554	
S11000.iliopsoas-pelvis_tilt.KP 	0.01196527	0.011408739	0.004427368	
S11000.iliopsoas-pelvis_tilt.KV 	0.14682566	0.14708869	0.0008657616	
S11000.iliopsoas-hamstrings.KL  	-8.5126654	-8.4891584	0.031295388	
S11000.iliopsoas-hamstrings.L0  	1.1678596	1.1663378	0.00070407856	
S11000.hamstrings.KF            	0.57312524	0.57266581	0.0006827259	
S11000.glut_max.KF              	0.62283768	0.62191699	0.00077027943	
