pelvis_tilt.offset              	-0.022174756	-0.013659959	0.0039220729	
hip_flexion_r.offset            	0.043936535	0.047227655	0.0032344109	
knee_angle_r.offset             	-0.063029936	-0.057892902	0.0044007406	
ankle_angle_r.offset            	-0.066205861	-0.064539663	0.0042499985	
hip_flexion_l.offset            	-0.080423069	-0.076870252	0.0069555161	
knee_angle_l.offset             	0.046998914	0.047624578	0.0046879627	
ankle_angle_l.offset            	0.2127598	0.2121123	0.0045609627	
stance_load_threshold           	0.14970539	0.15559702	0.0047373056	
S00111.tib_ant.KL               	1.2424206	1.2657199	0.075092168	
S00111.tib_ant.L0               	0.80170677	0.7911079	0.0087703042	
S00111.tib_ant.KS               	0.00015652	0.00016665523	0.0029907792	
S11000.tib_ant.KL               	1.1972305	1.1609788	0.043661017	
S11000.tib_ant.L0               	0.77542558	0.77371214	0.0072460319	
S11000.tib_ant.KS               	0.03726336	0.034466287	0.0037917829	
S11111.tib_ant-soleus.KF        	-0.11198212	-0.11297991	0.0067174247	
S00111.soleus-tib_ant.KS        	-0.80888339	-0.84172089	0.0830385	
S11000.soleus-tib_ant.KS        	-3.2726525	-3.1828179	0.103762	
S00111.gastroc-tib_ant.KS       	-0.32171493	-0.32807472	0.070068842	
S11000.gastroc-tib_ant.KS       	-1.7690597	-1.7383582	0.081232078	
S00111.tib_ant-gastroc.KS       	-0.00395169	-0.0036590647	0.59181892	
S11000.tib_ant-gastroc.KS       	-0.00366451	-0.0034402281	0.57844492	
S00111.tib_ant-soleus.KS        	-0.00313515	-0.0033454947	0.6075327	
S11000.tib_ant-soleus.KS        	-0.00313645	-0.0032274979	0.58172483	
S00111.gastroc.KL               	0.07523758	0.079284076	0.07403401	
S00111.gastroc.L0               	0.8404558	0.85133346	0.034048364	
S00111.gastroc.KF               	1.4168156	1.4115593	0.0044697565	
S00111.gastroc.KS               	0.17739288	0.16857305	0.034670436	
S00111.soleus.KL                	4.1526281	3.9844836	0.077821998	
S00111.soleus.L0                	0.97031967	1.0060136	0.019721302	
S00111.soleus.KF                	0.2231982	0.23184558	0.0064077432	
S00111.soleus.KS                	0.14946728	0.15367124	0.050272799	
S11000.gastroc.KL               	0.00925153	0.0088988231	0.05902874	
S11000.gastroc.L0               	0.51279472	0.52390703	0.034393024	
S11000.gastroc.KF               	-1.7255042	-1.8377478	0.083798495	
S11000.soleus.KL                	0.76235452	0.80096004	0.13673335	
S11000.soleus.L0                	0.94152588	0.89942169	0.032777531	
S11000.soleus.KF                	-0.88340934	-0.92375789	0.12803866	
S00011.vasti.KF                 	0.85627786	0.85474371	0.018133643	
S00011.vasti.C0                 	0.084408606	0.085866462	0.0040746158	
S00011.vasti-knee_angle.pos_max 	-0.29438119	-0.29745974	0.0064542565	
S00011.hamstrings-pelvis_tilt.KP	0.73635576	0.70086808	0.068430935	
S00011.hamstrings-pelvis_tilt.KV	0.58476976	0.58728616	0.0039152741	
S00011.hamstrings-pelvis_tilt.C0	0.02778807	0.027026736	0.0073174068	
S00011.glut_max-pelvis_tilt.KP  	1.4759422	1.4608732	0.058568274	
S00011.glut_max-pelvis_tilt.KV  	0.32467197	0.32436288	0.0039214985	
S00011.glut_max-pelvis_tilt.C0  	0.1649077	0.16211122	0.0063638887	
S00011.iliopsoas-pelvis_tilt.KP 	-3.6676839	-3.5350613	0.10308246	
S00011.iliopsoas-pelvis_tilt.KV 	-0.52961362	-0.52954031	0.0049040323	
S00011.iliopsoas-pelvis_tilt.C0 	0.31521858	0.32683522	0.009985238	
S00100.iliopsoas.C0             	0.35290877	0.34123821	0.0056788768	
S00100.glut_max.C0              	-0.02588599	-0.024504802	0.0038422615	
S11000.iliopsoas.KL             	0.58218711	0.57450724	0.0049290613	
S11000.iliopsoas.L0             	0.37135776	0.37436951	0.005315865	
S11000.iliopsoas-pelvis_tilt.P0 	-0.043927653	-0.045205678	0.0039302475	
S11000.iliopsoas-pelvis_tilt.KP 	0.011602218	0.010962904	0.023765788	
S11000.iliopsoas-pelvis_tilt.KV 	0.14211353	0.14464079	0.00482959	
S11000.iliopsoas-hamstrings.KL  	-8.5777825	-8.3434974	0.17453626	
S11000.iliopsoas-hamstrings.L0  	1.1165481	1.1177233	0.004683118	
S11000.hamstrings.KF            	0.54634485	0.54804913	0.0042347403	
S11000.glut_max.KF              	0.5902016	0.59613867	0.0045927137	
