pelvis_tilt.offset              	-0.021477955	-0.020218217	0.0011345305	
hip_flexion_r.offset            	0.038788633	0.039030532	0.00095342786	
knee_angle_r.offset             	-0.074558115	-0.074661177	0.0014101794	
ankle_angle_r.offset            	-0.058079186	-0.061024218	0.0012071599	
hip_flexion_l.offset            	-0.088083189	-0.085416616	0.0020636105	
knee_angle_l.offset             	0.045933874	0.044575144	0.0013225029	
ankle_angle_l.offset            	0.21748572	0.21789881	0.001319689	
stance_load_threshold           	0.1467017	0.14693471	0.0013469949	
S00111.tib_ant.KL               	1.2904172	1.2644579	0.020811993	
S00111.tib_ant.L0               	0.79372191	0.79511207	0.0024887779	
S00111.tib_ant.KS               	0.00015652	0.00015987361	0.00075893381	
S11000.tib_ant.KL               	1.1675484	1.1569289	0.011987361	
S11000.tib_ant.L0               	0.77279544	0.77039129	0.0019656421	
S11000.tib_ant.KS               	0.036737179	0.03584807	0.0010168995	
S11111.tib_ant-soleus.KF        	-0.11537807	-0.11381515	0.0018451357	
S00111.soleus-tib_ant.KS        	-0.81480431	-0.84223855	0.022307388	
S11000.soleus-tib_ant.KS        	-3.336204	-3.3948146	0.029119586	
S00111.gastroc-tib_ant.KS       	-0.33933155	-0.33519475	0.018147815	
S11000.gastroc-tib_ant.KS       	-1.7647995	-1.7554024	0.021268428	
S00111.tib_ant-gastroc.KS       	-0.00357534	-0.0037578974	0.15017794	
S11000.tib_ant-gastroc.KS       	-0.00331551	-0.0034749022	0.1467842	
S00111.tib_ant-soleus.KS        	-0.00346517	-0.0033011721	0.15416541	
S11000.tib_ant-soleus.KS        	-0.0034666	-0.0033919199	0.14761649	
S00111.gastroc.KL               	0.07523758	0.080552757	0.0188198	
S00111.gastroc.L0               	0.81927109	0.80881687	0.0095005467	
S00111.gastroc.KF               	1.4132339	1.4134079	0.0012803418	
S00111.gastroc.KS               	0.17739288	0.17425236	0.0089407518	
S00111.soleus.KL                	4.2227629	4.1785779	0.022377082	
S00111.soleus.L0                	0.95027097	0.95287782	0.0056879512	
S00111.soleus.KF                	0.23786829	0.2370731	0.0017981842	
S00111.soleus.KS                	0.14946728	0.15631886	0.012910419	
S11000.gastroc.KL               	0.00925153	0.008872228	0.014979503	
S11000.gastroc.L0               	0.51163894	0.51831665	0.0095281001	
S11000.gastroc.KF               	-1.7550419	-1.7504261	0.023337599	
S11000.soleus.KL                	0.84260236	0.8014981	0.035815594	
S11000.soleus.L0                	0.88898804	0.90606896	0.0092477986	
S11000.soleus.KF                	-0.88569787	-0.91884228	0.033819084	
S00011.vasti.KF                 	0.85263019	0.85107758	0.0048959117	
S00011.vasti.C0                 	0.0842651	0.085089681	0.001121789	
S00011.vasti-knee_angle.pos_max 	-0.30690428	-0.30842597	0.0018451863	
S00011.hamstrings-pelvis_tilt.KP	0.69886309	0.69860324	0.018502314	
S00011.hamstrings-pelvis_tilt.KV	0.59396473	0.59439139	0.0011143146	
S00011.hamstrings-pelvis_tilt.C0	0.026977802	0.026850809	0.0018857105	
S00011.glut_max-pelvis_tilt.KP  	1.498539	1.4834247	0.016434877	
S00011.glut_max-pelvis_tilt.KV  	0.32245068	0.32213585	0.0011085893	
S00011.glut_max-pelvis_tilt.C0  	0.16418608	0.16551219	0.0017725587	
S00011.iliopsoas-pelvis_tilt.KP 	-3.6535528	-3.6291022	0.029262258	
S00011.iliopsoas-pelvis_tilt.KV 	-0.52007886	-0.51842709	0.001402641	
S00011.iliopsoas-pelvis_tilt.C0 	0.32511356	0.32190109	0.0027654377	
S00100.iliopsoas.C0             	0.34966307	0.34702821	0.0016236558	
S00100.glut_max.C0              	-0.02342065	-0.024080818	0.0010081979	
S11000.iliopsoas.KL             	0.5889152	0.5863386	0.0014142619	
S11000.iliopsoas.L0             	0.37135776	0.37444395	0.0014390254	
S11000.iliopsoas-pelvis_tilt.P0 	-0.044928581	-0.043567762	0.0010642522	
S11000.iliopsoas-pelvis_tilt.KP 	0.01082572	0.011463755	0.0060331515	
S11000.iliopsoas-pelvis_tilt.KV 	0.146865	0.14863887	0.001342774	
S11000.iliopsoas-hamstrings.KL  	-8.2149922	-8.3002122	0.049785158	
S11000.iliopsoas-hamstrings.L0  	1.1080055	1.1085279	0.0013896707	
S11000.hamstrings.KF            	0.54654261	0.54769514	0.0011391239	
S11000.glut_max.KF              	0.59199024	0.59209239	0.0012940982	
