pelvis_tilt.offset              	0.020871551	0.021430374	0.0013912484	
hip_flexion_r.offset            	0.06813489	0.068202734	0.0013149149	
knee_angle_r.offset             	0.0029916109	0.00065459193	0.0014365932	
ankle_angle_r.offset            	-0.058496652	-0.05719663	0.0018800882	
hip_flexion_l.offset            	-0.0064214168	-0.0060161521	0.0026606075	
knee_angle_l.offset             	0.056506371	0.05725005	0.0020536177	
ankle_angle_l.offset            	0.18861554	0.18730051	0.001965058	
stance_load_threshold           	0.15247756	0.15240688	0.0021592606	
S00111.tib_ant.KL               	1.2675576	1.2464483	0.035841801	
S00111.tib_ant.L0               	0.76253509	0.7646081	0.0038438895	
S00111.tib_ant.KS               	0.00015652	0.00016780524	0.0015593156	
S11000.tib_ant.KL               	1.2172387	1.2022553	0.020419493	
S11000.tib_ant.L0               	0.73604128	0.73809595	0.002975729	
S11000.tib_ant.KS               	0.03726336	0.035727183	0.0019034868	
S11111.tib_ant-soleus.KF        	-0.11442106	-0.11070715	0.0032376362	
S00111.soleus-tib_ant.KS        	-0.81588101	-0.85595951	0.041343614	
S11000.soleus-tib_ant.KS        	-3.3157353	-3.292251	0.047530814	
S00111.gastroc-tib_ant.KS       	-0.35198298	-0.33892248	0.036056196	
S11000.gastroc-tib_ant.KS       	-1.6326402	-1.6859884	0.03966525	
S00111.tib_ant-gastroc.KS       	-0.00395169	-0.0036905256	0.30855998	
S11000.tib_ant-gastroc.KS       	-0.00366451	-0.0035069592	0.3015871	
S00111.tib_ant-soleus.KS        	-0.00346517	-0.0033277737	0.31675276	
S11000.tib_ant-soleus.KS        	-0.0034666	-0.0033717841	0.30329716	
S00111.gastroc.KL               	0.077644363	0.078315955	0.038565464	
S00111.gastroc.L0               	0.81705633	0.83510855	0.015754081	
S00111.gastroc.KF               	1.4109564	1.4110648	0.0020083184	
S00111.soleus.KL                	4.0368216	4.0435543	0.035098528	
S00111.soleus.L0                	0.9690233	0.96863839	0.0090399608	
S00111.soleus.KF                	0.22773713	0.22894987	0.0029118022	
S11000.gastroc.KL               	0.00925153	0.0086431411	0.030775566	
S11000.gastroc.L0               	0.53413971	0.52162798	0.016585809	
S11000.gastroc.KF               	-1.8818862	-1.8371032	0.039035801	
S11000.soleus.KL                	0.82492142	0.79545979	0.069831036	
S11000.soleus.L0                	0.86279743	0.89458541	0.015243227	
S11000.soleus.KF                	-0.91475841	-0.90881155	0.064859148	
S00011.vasti.KF                 	0.80530924	0.81689321	0.0085202612	
S00011.vasti.C0                 	0.083383942	0.082746248	0.0019301797	
S00011.vasti-knee_angle.pos_max 	-0.30599656	-0.30528701	0.0029470076	
S00011.hamstrings-pelvis_tilt.KP	0.71480004	0.70852135	0.034007959	
S00011.hamstrings-pelvis_tilt.KV	0.56888855	0.56694017	0.0017157895	
S00011.hamstrings-pelvis_tilt.C0	0.02514159	0.026242147	0.0037823988	
S00011.glut_max-pelvis_tilt.KP  	1.4606429	1.494126	0.027840366	
S00011.glut_max-pelvis_tilt.KV  	0.31253244	0.3141551	0.0017427544	
S00011.glut_max-pelvis_tilt.C0  	0.16048283	0.15883813	0.0029336479	
S00011.iliopsoas-pelvis_tilt.KP 	-3.5776239	-3.4915176	0.046943928	
S00011.iliopsoas-pelvis_tilt.KV 	-0.54210684	-0.54301891	0.0021390127	
S00011.iliopsoas-pelvis_tilt.C0 	0.33780325	0.33110343	0.0046115478	
S00100.iliopsoas.C0             	0.33747446	0.33828821	0.0025281253	
S00100.glut_max.C0              	-0.023952897	-0.024692982	0.0019587426	
S11000.iliopsoas.KL             	0.56582819	0.56116578	0.0021657756	
S11000.iliopsoas.L0             	0.38965738	0.39017566	0.002400933	
S11000.iliopsoas-pelvis_tilt.P0 	-0.04445661	-0.042810991	0.0019400093	
S11000.iliopsoas-pelvis_tilt.KP 	0.01196527	0.011417387	0.01238861	
S11000.iliopsoas-pelvis_tilt.KV 	0.14861808	0.14489501	0.0022257375	
S11000.iliopsoas-hamstrings.KL  	-8.3146995	-8.2798558	0.079078658	
S11000.iliopsoas-hamstrings.L0  	1.1660007	1.1659281	0.0017989727	
S11000.hamstrings.KF            	0.5739545	0.57533543	0.0017316969	
S11000.glut_max.KF              	0.61876387	0.62097336	0.0019627841	
