pelvis_tilt.offset              	0.022712489	0.022074885	0.0012659617	
hip_flexion_r.offset            	0.069362926	0.068216396	0.0011958341	
knee_angle_r.offset             	0.0016161358	0.0017515006	0.0013069917	
ankle_angle_r.offset            	-0.059093654	-0.056748983	0.0017175081	
hip_flexion_l.offset            	-0.0050043669	-0.0052855081	0.0024216245	
knee_angle_l.offset             	0.05624328	0.059286455	0.0018706387	
ankle_angle_l.offset            	0.19029886	0.18873585	0.001784623	
stance_load_threshold           	0.15691978	0.15301912	0.0019678138	
S00111.tib_ant.KL               	1.3017637	1.2908572	0.032545061	
S00111.tib_ant.L0               	0.76559297	0.76463319	0.0034982102	
S00111.tib_ant.KS               	0.000173	0.00016384015	0.0014082723	
S11000.tib_ant.KL               	1.1913062	1.2168305	0.018551057	
S11000.tib_ant.L0               	0.74307372	0.74012948	0.002699343	
S11000.tib_ant.KS               	0.03371447	0.035430818	0.0017252667	
S11111.tib_ant-soleus.KF        	-0.11053014	-0.11163852	0.0029401567	
S00111.soleus-tib_ant.KS        	-0.82531395	-0.84447247	0.037422838	
S11000.soleus-tib_ant.KS        	-3.1655587	-3.2708406	0.043285615	
S00111.gastroc-tib_ant.KS       	-0.35557966	-0.33941117	0.032603408	
S11000.gastroc-tib_ant.KS       	-1.6984539	-1.7035157	0.036054215	
S00111.tib_ant-gastroc.KS       	-0.00357534	-0.0037844382	0.27867122	
S11000.tib_ant-gastroc.KS       	-0.00366451	-0.0034552854	0.27237377	
S00111.tib_ant-soleus.KS        	-0.00313515	-0.0033220261	0.28607041	
S11000.tib_ant-soleus.KS        	-0.0034666	-0.0033340877	0.27391819	
S00111.gastroc.KL               	0.07523758	0.077146582	0.034832659	
S00111.gastroc.L0               	0.855273	0.84439178	0.014308452	
S00111.gastroc.KF               	1.4111615	1.4106022	0.0018270754	
S00111.gastroc.KS               	0.17739288	0.17004338	0.016106892	
S00111.soleus.KL                	4.031378	4.0310773	0.0319407	
S00111.soleus.L0                	0.93868939	0.95398698	0.0081979144	
S00111.soleus.KF                	0.22968552	0.23028893	0.0026396937	
S00111.soleus.KS                	0.14946728	0.16014589	0.023530948	
S11000.gastroc.KL               	0.00925153	0.0089893163	0.027794527	
S11000.gastroc.L0               	0.51698065	0.52230289	0.015033813	
S11000.gastroc.KF               	-1.7715299	-1.8024125	0.035390048	
S11000.gastroc.KS               	0.25231886	0.26280045	0.032920357	
S11000.soleus.KL                	0.81904677	0.81295047	0.063177855	
S11000.soleus.L0                	0.8938152	0.89855786	0.013850656	
S11000.soleus.KF                	-0.95885434	-0.93132527	0.058670395	
S11000.soleus.KS                	0.11302564	0.10921042	0.051610513	
S00011.vasti.KF                 	0.79928858	0.80785343	0.0077618949	
S00011.vasti.C0                 	0.07992329	0.081043211	0.0017516316	
S00011.vasti-knee_angle.pos_max 	-0.30554187	-0.30521792	0.0026759257	
S00011.hamstrings-pelvis_tilt.KP	0.71561503	0.72571231	0.030818448	
S00011.hamstrings-pelvis_tilt.KV	0.56898609	0.56832008	0.0015631466	
S00011.hamstrings-pelvis_tilt.C0	0.02778807	0.02629259	0.003418167	
S00011.glut_max-pelvis_tilt.KP  	1.4566925	1.475335	0.025347197	
S00011.glut_max-pelvis_tilt.KV  	0.31507111	0.31337662	0.0015859706	
S00011.glut_max-pelvis_tilt.C0  	0.15927112	0.16060085	0.002658607	
S00011.iliopsoas-pelvis_tilt.KP 	-3.4768663	-3.4699987	0.042579638	
S00011.iliopsoas-pelvis_tilt.KV 	-0.54093165	-0.54290554	0.0019399506	
S00011.iliopsoas-pelvis_tilt.C0 	0.33514379	0.33264938	0.0042084061	
S00100.iliopsoas.C0             	0.33658374	0.33665727	0.0023030807	
S00100.glut_max.C0              	-0.024730421	-0.024533475	0.0017721059	
S11000.iliopsoas.KL             	0.56094301	0.56016975	0.0019624265	
S11000.iliopsoas.L0             	0.39151593	0.3914067	0.0021854711	
S11000.iliopsoas-pelvis_tilt.P0 	-0.043385665	-0.043912503	0.0017564168	
S11000.iliopsoas-pelvis_tilt.KP 	0.01082572	0.011463083	0.011188744	
S11000.iliopsoas-pelvis_tilt.KV 	0.14438564	0.14435063	0.0020290212	
S11000.iliopsoas-hamstrings.KL  	-8.3579161	-8.2247297	0.071681432	
S11000.iliopsoas-hamstrings.L0  	1.1692595	1.1679885	0.001639826	
S11000.hamstrings.KF            	0.57693585	0.57611825	0.0015732849	
S11000.glut_max.KF              	0.62293473	0.62189488	0.0017863896	
