pelvis_tilt.offset              	0.024598741	0.024596152	0.00010347064	
hip_flexion_r.offset            	0.074799971	0.074806387	0.000107657	
knee_angle_r.offset             	0.0017335382	0.0016966523	0.00011313618	
ankle_angle_r.offset            	-0.054117223	-0.054053973	0.00014715964	
hip_flexion_l.offset            	0.0020331555	0.0019200374	0.00020675805	
knee_angle_l.offset             	0.062110155	0.062069044	0.00015813228	
ankle_angle_l.offset            	0.1899575	0.19016857	0.00015630984	
stance_load_threshold           	0.15773515	0.15770308	0.00017013706	
S00111.tib_ant.KL               	1.2126948	1.2129253	0.0027469255	
S00111.tib_ant.L0               	0.76798808	0.76821125	0.00029633352	
S00111.tib_ant.KS               	0.00015652	0.0001699288	7.3748248e-05	
S11000.tib_ant.KL               	1.2226993	1.2224385	0.0015477463	
S11000.tib_ant.L0               	0.73527755	0.73529805	0.00022832851	
S11000.tib_ant.KS               	0.03469248	0.034958245	0.0001393184	
S11111.tib_ant-soleus.KF        	-0.10979066	-0.10964928	0.00024024815	
S00111.soleus-tib_ant.KS        	-0.87080323	-0.86558376	0.002969841	
S11000.soleus-tib_ant.KS        	-3.2374	-3.2413034	0.0036128607	
S00111.gastroc-tib_ant.KS       	-0.32893652	-0.32903073	0.0022723803	
S11000.gastroc-tib_ant.KS       	-1.7388997	-1.7383075	0.0030664942	
S00111.tib_ant-gastroc.KS       	-0.00395169	-0.0038660019	0.014575464	
S11000.tib_ant-gastroc.KS       	-0.00331551	-0.0035017281	0.01424606	
S00111.tib_ant-soleus.KS        	-0.00346517	-0.0032999449	0.014962394	
S11000.tib_ant-soleus.KS        	-0.00313645	-0.0033229089	0.014326815	
S00111.gastroc.KL               	0.076795936	0.077055487	0.0021395336	
S00111.gastroc.L0               	0.83027113	0.83068184	0.001216923	
S00111.gastroc.KF               	1.4086106	1.4088022	0.00015397202	
S00111.gastroc.KS               	0.17533685	0.17553028	0.0011814163	
S00111.soleus.KL                	4.0764337	4.076073	0.0026395682	
S00111.soleus.L0                	0.94699272	0.94697323	0.00068825462	
S00111.soleus.KF                	0.22903044	0.22902076	0.0002172507	
S00111.soleus.KS                	0.1618713	0.15896326	0.0017281687	
S11000.gastroc.KL               	0.00837043	0.0087630613	0.0014662576	
S11000.gastroc.L0               	0.53098319	0.53079344	0.0012327641	
S11000.gastroc.KF               	-1.7611886	-1.7597544	0.0030481446	
S11000.gastroc.KS               	0.26363808	0.26411554	0.0023949371	
S11000.soleus.KL                	0.7970639	0.79839653	0.0048556589	
S11000.soleus.L0                	0.87524866	0.87443206	0.0011393687	
S11000.soleus.KF                	-0.94522079	-0.94362539	0.0045416282	
S11000.soleus.KS                	0.11031778	0.10936696	0.003110108	
S00011.vasti.KF                 	0.78576752	0.78475298	0.00063906958	
S00011.vasti.C0                 	0.080196571	0.080293479	0.0001339426	
S00011.vasti-knee_angle.pos_max 	-0.31134795	-0.31084762	0.00023213693	
S00011.hamstrings-pelvis_tilt.KP	0.72818816	0.72489138	0.0025090298	
S00011.hamstrings-pelvis_tilt.KV	0.57019427	0.57008347	0.00012870262	
S00011.hamstrings-pelvis_tilt.C0	0.026354564	0.026119164	0.00024975528	
S00011.glut_max-pelvis_tilt.KP  	1.4860661	1.4847913	0.0020662384	
S00011.glut_max-pelvis_tilt.KV  	0.3111966	0.31122757	0.00013200411	
S00011.glut_max-pelvis_tilt.C0  	0.15611016	0.15607735	0.00023053219	
S00011.iliopsoas-pelvis_tilt.KP 	-3.458625	-3.459111	0.0037050228	
S00011.iliopsoas-pelvis_tilt.KV 	-0.53995515	-0.53990587	0.00017103343	
S00011.iliopsoas-pelvis_tilt.C0 	0.3425096	0.3422527	0.00037248473	
S00100.iliopsoas.C0             	0.33167393	0.33155016	0.00019254152	
S00100.glut_max.C0              	-0.023984948	-0.023970001	0.00013591491	
S11000.iliopsoas.KL             	0.56374358	0.56384511	0.00016589476	
S11000.iliopsoas.L0             	0.38709214	0.38758523	0.0001862779	
S11000.iliopsoas-pelvis_tilt.P0 	-0.043191634	-0.043148881	0.00014236049	
S11000.iliopsoas-pelvis_tilt.KP 	0.01082572	0.011329313	0.00062098432	
S11000.iliopsoas-pelvis_tilt.KV 	0.14919702	0.14901628	0.00017097826	
S11000.iliopsoas-hamstrings.KL  	-8.4616348	-8.4525458	0.006112164	
S11000.iliopsoas-hamstrings.L0  	1.1665053	1.1665006	0.00013234671	
S11000.hamstrings.KF            	0.57610679	0.57627043	0.00013650444	
S11000.glut_max.KF              	0.61917315	0.61934047	0.00014811631	
