pelvis_tilt.offset              	0.024351698	0.022158552	0.001353157	
hip_flexion_r.offset            	0.068587023	0.068925877	0.0012743679	
knee_angle_r.offset             	-0.0001748775	0.00089915382	0.0013958374	
ankle_angle_r.offset            	-0.053793216	-0.056597598	0.0018277373	
hip_flexion_l.offset            	-0.002635722	-0.0041021469	0.0025853183	
knee_angle_l.offset             	0.057230926	0.056936985	0.0019967638	
ankle_angle_l.offset            	0.19248843	0.18996208	0.0019138089	
stance_load_threshold           	0.1536699	0.15155259	0.002092711	
S00111.tib_ant.KL               	1.1870029	1.2264989	0.034755254	
S00111.tib_ant.L0               	0.75750844	0.76190939	0.0037334947	
S00111.tib_ant.KS               	0.00015652	0.00016724109	0.0015093004	
S11000.tib_ant.KL               	1.1914858	1.2096178	0.01976163	
S11000.tib_ant.L0               	0.74108256	0.73766151	0.0028954476	
S11000.tib_ant.KS               	0.036583241	0.035394662	0.0018443847	
S11111.tib_ant-soleus.KF        	-0.10639413	-0.11034196	0.0031405239	
S00111.soleus-tib_ant.KS        	-0.80888339	-0.84369119	0.04008079	
S11000.soleus-tib_ant.KS        	-3.2835958	-3.2644081	0.04609201	
S00111.gastroc-tib_ant.KS       	-0.35557966	-0.33995119	0.034914642	
S11000.gastroc-tib_ant.KS       	-1.7332656	-1.7142624	0.038550031	
S00111.tib_ant-gastroc.KS       	-0.00357534	-0.0038179652	0.29866285	
S11000.tib_ant-gastroc.KS       	-0.00366451	-0.0035102387	0.29191363	
S00111.tib_ant-soleus.KS        	-0.00346517	-0.0033670622	0.30659285	
S11000.tib_ant-soleus.KS        	-0.0034666	-0.0033501841	0.29356884	
S00111.gastroc.KL               	0.08315732	0.081086159	0.03732943	
S00111.gastroc.L0               	0.84226752	0.83137977	0.015264817	
S00111.gastroc.KF               	1.4071317	1.4090512	0.0019485585	
S00111.gastroc.KS               	0.17739288	0.16796166	0.017251701	
S00111.soleus.KL                	4.057796	4.0503613	0.034094049	
S00111.soleus.L0                	0.97194943	0.96533603	0.008739561	
S00111.soleus.KF                	0.2344954	0.22521144	0.0028203896	
S00111.soleus.KS                	0.14946728	0.15641247	0.025205889	
S11000.gastroc.KL               	0.00925153	0.008863572	0.029788448	
S11000.gastroc.L0               	0.52776508	0.52610389	0.016093613	
S11000.gastroc.KF               	-1.7746976	-1.8123813	0.037929134	
S11000.soleus.KL                	0.76235452	0.78669993	0.067621503	
S11000.soleus.L0                	0.89274175	0.90209217	0.014764415	
S11000.soleus.KF                	-0.95885434	-0.92101328	0.062842312	
S00011.vasti.KF                 	0.82311543	0.81852942	0.0082606997	
S00011.vasti.C0                 	0.083586635	0.085037395	0.0018709365	
S00011.vasti-knee_angle.pos_max 	-0.30423106	-0.30631104	0.0028551555	
S00011.hamstrings-pelvis_tilt.KP	0.68870187	0.70408178	0.032959125	
S00011.hamstrings-pelvis_tilt.KV	0.56902068	0.56610596	0.0016674974	
S00011.hamstrings-pelvis_tilt.C0	0.02778807	0.026001199	0.0036617834	
S00011.glut_max-pelvis_tilt.KP  	1.4979202	1.4909604	0.027073481	
S00011.glut_max-pelvis_tilt.KV  	0.31308818	0.31381266	0.0016913811	
S00011.glut_max-pelvis_tilt.C0  	0.1627436	0.15989222	0.0028461817	
S00011.iliopsoas-pelvis_tilt.KP 	-3.4547016	-3.4837624	0.045579014	
S00011.iliopsoas-pelvis_tilt.KV 	-0.54371649	-0.5425301	0.00207627	
S00011.iliopsoas-pelvis_tilt.C0 	0.33488875	0.33557818	0.0044739146	
S00100.iliopsoas.C0             	0.33540476	0.33586903	0.0024490444	
S00100.glut_max.C0              	-0.024960463	-0.02437076	0.0018968968	
S11000.iliopsoas.KL             	0.56130021	0.56141314	0.0020971798	
S11000.iliopsoas.L0             	0.39123569	0.3901515	0.0023289638	
S11000.iliopsoas-pelvis_tilt.P0 	-0.045633989	-0.044145686	0.0018790799	
S11000.iliopsoas-pelvis_tilt.KP 	0.01082572	0.011327404	0.011991299	
S11000.iliopsoas-pelvis_tilt.KV 	0.14720163	0.14504457	0.0021589131	
S11000.iliopsoas-hamstrings.KL  	-8.1013712	-8.1765167	0.076523032	
S11000.iliopsoas-hamstrings.L0  	1.1647409	1.1661093	0.0017459792	
S11000.hamstrings.KF            	0.57460723	0.57536556	0.0016735774	
S11000.glut_max.KF              	0.62315345	0.62189539	0.0019036177	
