pelvis_tilt.offset              	0.023540774	0.022449425	0.0010966245	
hip_flexion_r.offset            	0.067830389	0.0684131	0.0010299898	
knee_angle_r.offset             	-0.0019295586	-0.00048449154	0.0011262423	
ankle_angle_r.offset            	-0.05979775	-0.055927964	0.0014819636	
hip_flexion_l.offset            	0.0031698276	-0.0017011963	0.0020967943	
knee_angle_l.offset             	0.054350316	0.056100132	0.0016058619	
ankle_angle_l.offset            	0.18986667	0.18954004	0.0015549008	
stance_load_threshold           	0.15293564	0.15314474	0.0016954128	
S00111.tib_ant.KL               	1.2316834	1.2308343	0.02793579	
S00111.tib_ant.L0               	0.76038671	0.76092822	0.00302299	
S00111.tib_ant.KS               	0.000173	0.00016283646	0.0011887689	
S11000.tib_ant.KL               	1.2197646	1.1897849	0.0159383	
S11000.tib_ant.L0               	0.74229442	0.74195864	0.002348915	
S11000.tib_ant.KS               	0.033982318	0.035072623	0.001470462	
S11111.tib_ant-soleus.KF        	-0.10882875	-0.1098647	0.0025267621	
S00111.soleus-tib_ant.KS        	-0.84897098	-0.84241962	0.032032589	
S11000.soleus-tib_ant.KS        	-3.3238431	-3.2710333	0.0369357	
S00111.gastroc-tib_ant.KS       	-0.35497045	-0.33766375	0.027651243	
S11000.gastroc-tib_ant.KS       	-1.7690597	-1.7594773	0.03088773	
S00111.tib_ant-gastroc.KS       	-0.00357534	-0.0038402518	0.23523527	
S11000.tib_ant-gastroc.KS       	-0.00331551	-0.0035390557	0.22991939	
S00111.tib_ant-soleus.KS        	-0.00313515	-0.0033578856	0.24148116	
S11000.tib_ant-soleus.KS        	-0.0034666	-0.0033432337	0.23122309	
S00111.gastroc.KL               	0.07523758	0.078149603	0.029413078	
S00111.gastroc.L0               	0.81760341	0.81424202	0.012280369	
S00111.gastroc.KF               	1.4038704	1.4058406	0.0015973638	
S00111.gastroc.KS               	0.17739288	0.17505687	0.013645353	
S00111.soleus.KL                	4.1425148	4.1024512	0.027763662	
S00111.soleus.L0                	0.978317	0.96992409	0.0071001475	
S00111.soleus.KF                	0.22506638	0.22632689	0.0022937164	
S00111.soleus.KS                	0.16520068	0.16113272	0.019901411	
S11000.gastroc.KL               	0.00837043	0.0088580258	0.023462372	
S11000.gastroc.L0               	0.50713046	0.51681223	0.012950056	
S11000.gastroc.KF               	-1.7255042	-1.7611484	0.030816803	
S11000.soleus.KL                	0.81313343	0.79865304	0.053665095	
S11000.soleus.L0                	0.91038373	0.90566673	0.011904252	
S11000.soleus.KF                	-0.95885434	-0.93619627	0.049953015	
S00011.vasti.KF                 	0.82656624	0.82439529	0.0066766007	
S00011.vasti.C0                 	0.081841309	0.082427276	0.0015022564	
S00011.vasti-knee_angle.pos_max 	-0.30476574	-0.30798012	0.0022984916	
S00011.hamstrings-pelvis_tilt.KP	0.72922552	0.71353218	0.02637518	
S00011.hamstrings-pelvis_tilt.KV	0.56824302	0.56629215	0.001345114	
S00011.hamstrings-pelvis_tilt.C0	0.025910772	0.026598881	0.0028941661	
S00011.glut_max-pelvis_tilt.KP  	1.4669942	1.494106	0.021799326	
S00011.glut_max-pelvis_tilt.KV  	0.31608692	0.31504903	0.0013673706	
S00011.glut_max-pelvis_tilt.C0  	0.15879211	0.15785362	0.002304502	
S00011.iliopsoas-pelvis_tilt.KP 	-3.4045385	-3.4287812	0.036844607	
S00011.iliopsoas-pelvis_tilt.KV 	-0.54266941	-0.54251439	0.0016793171	
S00011.iliopsoas-pelvis_tilt.C0 	0.33720126	0.33777895	0.003624389	
S00100.iliopsoas.C0             	0.33714509	0.33617538	0.0019711199	
S00100.glut_max.C0              	-0.02342065	-0.024459247	0.0015058352	
S11000.iliopsoas.KL             	0.56147049	0.56173439	0.0016890702	
S11000.iliopsoas.L0             	0.3905611	0.3907074	0.0018843063	
S11000.iliopsoas-pelvis_tilt.P0 	-0.044173388	-0.043678692	0.0015034378	
S11000.iliopsoas-pelvis_tilt.KP 	0.01082572	0.011354346	0.0094453969	
S11000.iliopsoas-pelvis_tilt.KV 	0.15107994	0.14843376	0.0017480815	
S11000.iliopsoas-hamstrings.KL  	-8.2116298	-8.202735	0.061794438	
S11000.iliopsoas-hamstrings.L0  	1.1659642	1.1660366	0.0014012037	
S11000.hamstrings.KF            	0.57452906	0.57260628	0.0013519107	
S11000.glut_max.KF              	0.62171278	0.61852495	0.0015462045	
