pelvis_tilt.offset              	0.023803814	0.023383157	0.00088951378	
hip_flexion_r.offset            	0.069540204	0.069510734	0.00083669125	
knee_angle_r.offset             	-0.0012466241	-0.0022107168	0.00091965816	
ankle_angle_r.offset            	-0.056629615	-0.057209164	0.0012081638	
hip_flexion_l.offset            	-0.0010705377	-0.0010627451	0.0017252804	
knee_angle_l.offset             	0.053676481	0.055165375	0.001311732	
ankle_angle_l.offset            	0.19161831	0.1902054	0.0012673368	
stance_load_threshold           	0.15175199	0.15223563	0.0013722307	
S00111.tib_ant.KL               	1.2467841	1.2448275	0.022801078	
S00111.tib_ant.L0               	0.76070259	0.76044573	0.0024553095	
S00111.tib_ant.KS               	0.000173	0.00016361077	0.00094113935	
S11000.tib_ant.KL               	1.1909634	1.1786788	0.013007452	
S11000.tib_ant.L0               	0.74017263	0.7403721	0.0019061629	
S11000.tib_ant.KS               	0.034120498	0.035152047	0.0011878516	
S11111.tib_ant-soleus.KF        	-0.11061638	-0.11022216	0.0020470702	
S00111.soleus-tib_ant.KS        	-0.86915149	-0.87161209	0.025899998	
S11000.soleus-tib_ant.KS        	-3.2708846	-3.2974088	0.029974225	
S00111.gastroc-tib_ant.KS       	-0.32171493	-0.3348185	0.02206207	
S11000.gastroc-tib_ant.KS       	-1.7219289	-1.7545248	0.02468896	
S00111.tib_ant-gastroc.KS       	-0.00357534	-0.0037606177	0.18623369	
S11000.tib_ant-gastroc.KS       	-0.00331551	-0.003443465	0.18202515	
S00111.tib_ant-soleus.KS        	-0.00313515	-0.0032956336	0.1911785	
S11000.tib_ant-soleus.KS        	-0.00313645	-0.003213843	0.18305728	
S00111.gastroc.KL               	0.07523758	0.078735368	0.023299876	
S00111.gastroc.L0               	0.81050603	0.81530844	0.010001111	
S00111.gastroc.KF               	1.4060512	1.4081328	0.0012965872	
S00111.gastroc.KS               	0.16049832	0.17252193	0.010886611	
S00111.soleus.KL                	4.0741382	4.0583354	0.022553774	
S00111.soleus.L0                	0.96732523	0.96702962	0.0057840703	
S00111.soleus.KF                	0.22861359	0.22917023	0.0018631858	
S00111.soleus.KS                	0.14946728	0.15256283	0.015818529	
S11000.gastroc.KL               	0.00925153	0.0086554445	0.018575197	
S11000.gastroc.L0               	0.52986256	0.53773225	0.010507343	
S11000.gastroc.KF               	-1.8501603	-1.7885446	0.025175425	
S11000.soleus.KL                	0.84260236	0.81738997	0.042875919	
S11000.soleus.L0                	0.91628587	0.91093749	0.0096908659	
S11000.soleus.KF                	-0.95499323	-0.90267714	0.040177855	
S00011.vasti.KF                 	0.84305651	0.83797147	0.0054344501	
S00011.vasti.C0                 	0.07992329	0.080503026	0.0012160436	
S00011.vasti-knee_angle.pos_max 	-0.30739014	-0.30753733	0.0018660052	
S00011.hamstrings-pelvis_tilt.KP	0.74162866	0.71361694	0.021364988	
S00011.hamstrings-pelvis_tilt.KV	0.56578083	0.5657669	0.0010953625	
S00011.hamstrings-pelvis_tilt.C0	0.025338648	0.026652227	0.0023028233	
S00011.glut_max-pelvis_tilt.KP  	1.4647675	1.4751004	0.01785806	
S00011.glut_max-pelvis_tilt.KV  	0.31555884	0.31398966	0.0011145751	
S00011.glut_max-pelvis_tilt.C0  	0.16195081	0.15963419	0.0018751227	
S00011.iliopsoas-pelvis_tilt.KP 	-3.3758758	-3.4053525	0.030148514	
S00011.iliopsoas-pelvis_tilt.KV 	-0.54546512	-0.54358533	0.0013636034	
S00011.iliopsoas-pelvis_tilt.C0 	0.34186263	0.33767249	0.002951717	
S00100.iliopsoas.C0             	0.33773018	0.33759651	0.0016021824	
S00100.glut_max.C0              	-0.024583618	-0.024335801	0.0012062589	
S11000.iliopsoas.KL             	0.55902263	0.55990345	0.0013783998	
S11000.iliopsoas.L0             	0.39220534	0.39278093	0.0015327586	
S11000.iliopsoas-pelvis_tilt.P0 	-0.04199752	-0.043065704	0.0012102099	
S11000.iliopsoas-pelvis_tilt.KP 	0.01196527	0.01150485	0.0074789149	
S11000.iliopsoas-pelvis_tilt.KV 	0.14974283	0.1511011	0.0014362828	
S11000.iliopsoas-hamstrings.KL  	-8.2380029	-8.2453286	0.05044535	
S11000.iliopsoas-hamstrings.L0  	1.1664535	1.166428	0.0011337863	
S11000.hamstrings.KF            	0.57180199	0.57221996	0.0011050723	
S11000.glut_max.KF              	0.61924626	0.61931812	0.0012628728	
