pelvis_tilt.offset              	0.022960742	0.023122238	0.00021376567	
hip_flexion_r.offset            	0.073303466	0.072941538	0.00021390383	
knee_angle_r.offset             	-0.0017346177	-0.0017627252	0.00022523359	
ankle_angle_r.offset            	-0.057970353	-0.058330903	0.00029323826	
hip_flexion_l.offset            	-0.0020201866	-0.0021685595	0.00042158466	
knee_angle_l.offset             	0.056334237	0.055713567	0.00031963404	
ankle_angle_l.offset            	0.19300759	0.19241954	0.00030888946	
stance_load_threshold           	0.15309502	0.15278629	0.00033150923	
S00111.tib_ant.KL               	1.2248704	1.2286116	0.0054911581	
S00111.tib_ant.L0               	0.7645403	0.76477057	0.0005971856	
S00111.tib_ant.KS               	0.000173	0.00016085687	0.0001917267	
S11000.tib_ant.KL               	1.2033112	1.2067923	0.0031956942	
S11000.tib_ant.L0               	0.73855739	0.73849136	0.00045660893	
S11000.tib_ant.KS               	0.034987911	0.035254731	0.00027818484	
S11111.tib_ant-soleus.KF        	-0.11234376	-0.11257376	0.00049504388	
S00111.soleus-tib_ant.KS        	-0.85801396	-0.85540788	0.0061547069	
S11000.soleus-tib_ant.KS        	-3.3292312	-3.3328708	0.0074399648	
S00111.gastroc-tib_ant.KS       	-0.32975036	-0.33054646	0.004871937	
S11000.gastroc-tib_ant.KS       	-1.7570215	-1.7558902	0.0054826868	
S00111.tib_ant-gastroc.KS       	-0.00395169	-0.0036555825	0.037935897	
S11000.tib_ant-gastroc.KS       	-0.00331551	-0.0034874968	0.03707861	
S00111.tib_ant-soleus.KS        	-0.00313515	-0.003346719	0.038943143	
S11000.tib_ant-soleus.KS        	-0.0034666	-0.0033513249	0.037288849	
S00111.gastroc.KL               	0.07523758	0.081186343	0.004848651	
S00111.gastroc.L0               	0.80978782	0.80927197	0.0023868465	
S00111.gastroc.KF               	1.4119974	1.4119361	0.00032492281	
S00111.gastroc.KS               	0.16049832	0.16209383	0.0024016945	
S00111.soleus.KL                	4.0091486	4.0120981	0.0055032489	
S00111.soleus.L0                	0.97148637	0.97235139	0.0013475704	
S00111.soleus.KF                	0.22966348	0.22898586	0.00045344747	
S00111.soleus.KS                	0.15984298	0.15695499	0.0034794115	
S11000.gastroc.KL               	0.0086859989	0.008702949	0.0037860541	
S11000.gastroc.L0               	0.54271501	0.54171241	0.0025057251	
S11000.gastroc.KF               	-1.8334068	-1.8234789	0.0061182933	
S11000.soleus.KL                	0.83391907	0.83681759	0.0097877348	
S11000.soleus.L0                	0.90655679	0.90983179	0.0023697152	
S11000.soleus.KF                	-0.88658367	-0.88679097	0.0093259126	
S00011.vasti.KF                 	0.83650024	0.83818421	0.0013189494	
S00011.vasti.C0                 	0.081374607	0.081058899	0.00028288215	
S00011.vasti-knee_angle.pos_max 	-0.30629976	-0.30509033	0.0004565048	
S00011.hamstrings-pelvis_tilt.KP	0.70865918	0.70343206	0.0051077925	
S00011.hamstrings-pelvis_tilt.KV	0.56751252	0.56717336	0.00026515446	
S00011.hamstrings-pelvis_tilt.C0	0.0264145	0.026526294	0.00051871506	
S00011.glut_max-pelvis_tilt.KP  	1.4811151	1.4860731	0.0043526125	
S00011.glut_max-pelvis_tilt.KV  	0.31529083	0.31527431	0.0002695908	
S00011.glut_max-pelvis_tilt.C0  	0.15544441	0.15548263	0.00045433959	
S00011.iliopsoas-pelvis_tilt.KP 	-3.467308	-3.4603713	0.0073046473	
S00011.iliopsoas-pelvis_tilt.KV 	-0.54717428	-0.5471804	0.00033443137	
S00011.iliopsoas-pelvis_tilt.C0 	0.33682819	0.3374888	0.00071536099	
S00100.iliopsoas.C0             	0.337421	0.33743425	0.0003956912	
S00100.glut_max.C0              	-0.025384813	-0.025060622	0.00028340504	
S11000.iliopsoas.KL             	0.55889516	0.55873871	0.00033788754	
S11000.iliopsoas.L0             	0.38779999	0.38798342	0.00038775816	
S11000.iliopsoas-pelvis_tilt.P0 	-0.044940635	-0.044846116	0.00028638124	
S11000.iliopsoas-pelvis_tilt.KP 	0.01082572	0.011482894	0.0015317606	
S11000.iliopsoas-pelvis_tilt.KV 	0.14967176	0.14999533	0.00033990215	
S11000.iliopsoas-hamstrings.KL  	-8.2456423	-8.2638575	0.012358552	
S11000.iliopsoas-hamstrings.L0  	1.1677412	1.1680147	0.00027255336	
S11000.hamstrings.KF            	0.57164991	0.57145768	0.00027046438	
S11000.glut_max.KF              	0.61945916	0.61951981	0.00030991867	
