pelvis_tilt.offset              	0.026507694	0.024764916	0.0011040245	
hip_flexion_r.offset            	0.069991939	0.069545099	0.001034159	
knee_angle_r.offset             	-0.00066014577	0.0013285286	0.0011299828	
ankle_angle_r.offset            	-0.056759274	-0.058328492	0.0014810696	
hip_flexion_l.offset            	-0.0055395207	-0.00809218	0.002097444	
knee_angle_l.offset             	0.05749114	0.054910776	0.0016226045	
ankle_angle_l.offset            	0.1891808	0.18736117	0.0015423482	
stance_load_threshold           	0.14938696	0.1498127	0.0016975856	
S00111.tib_ant.KL               	1.2540478	1.2254618	0.028150531	
S00111.tib_ant.L0               	0.75911587	0.75913111	0.0030229547	
S00111.tib_ant.KS               	0.000173	0.00016549276	0.0012046239	
S11000.tib_ant.KL               	1.2166426	1.2314	0.016118352	
S11000.tib_ant.L0               	0.73827569	0.73992221	0.0023396932	
S11000.tib_ant.KS               	0.034084095	0.035197613	0.0014860564	
S11111.tib_ant-soleus.KF        	-0.11045469	-0.10719317	0.0025491718	
S00111.soleus-tib_ant.KS        	-0.82303877	-0.84569818	0.032246526	
S00111.gastroc-tib_ant.KS       	-0.34871359	-0.34607128	0.027920697	
S11000.soleus-tib_ant.KS        	-3.2791117	-3.30379	0.037372597	
S11000.gastroc-tib_ant.KS       	-1.7080336	-1.6898884	0.031147912	
S00111.tib_ant-soleus.KS        	-0.00346517	-0.0033368997	0.24470202	
S00111.tib_ant-gastroc.KS       	-0.00357534	-0.0037397679	0.23837282	
S11000.tib_ant-soleus.KS        	-0.00313645	-0.0032727911	0.23430712	
S11000.tib_ant-gastroc.KS       	-0.00366451	-0.0035500216	0.23298604	
S00111.soleus.KL                	4.0450291	4.0479781	0.027657171	
S00111.soleus.L0                	0.98819957	0.97611162	0.0070989008	
S00111.soleus.KF                	0.22592787	0.22841578	0.0022841029	
S00111.soleus.KS                	0.16520068	0.15613889	0.020148421	
S00111.gastroc.KL               	0.08315732	0.078451404	0.029800369	
S00111.gastroc.L0               	0.82678831	0.84207944	0.012383022	
S00111.gastroc.KF               	1.4074832	1.4089962	0.0015763058	
S00111.gastroc.KS               	0.1639945	0.16947405	0.013809839	
S11000.soleus.KL                	0.76235452	0.77341129	0.054187608	
S11000.soleus.L0                	0.91222184	0.90790871	0.011999183	
S11000.soleus.KF                	-0.86753488	-0.9178239	0.050467777	
S11000.soleus.KS                	0.11302564	0.1065564	0.044152884	
S11000.gastroc.KL               	0.00837043	0.0087775951	0.023775265	
S11000.gastroc.L0               	0.54989184	0.54107099	0.012991127	
S11000.gastroc.KF               	-1.8279026	-1.8275766	0.030574219	
S11000.gastroc.KS               	0.25231886	0.26528806	0.02821102	
S00011.vasti.KF                 	0.79300598	0.80658427	0.0067001241	
S00011.vasti.C0                 	0.081110704	0.080379927	0.0015092015	
S00011.vasti-knee_angle.pos_max 	-0.30188277	-0.30581066	0.0023181707	
S00011.hamstrings-pelvis_tilt.KP	0.7303074	0.70676644	0.026513213	
S00011.hamstrings-pelvis_tilt.KV	0.56560159	0.56552322	0.001350612	
S00011.hamstrings-pelvis_tilt.C0	0.02514159	0.026144752	0.0029281454	
S00011.glut_max-pelvis_tilt.KP  	1.5181784	1.5049665	0.021952748	
S00011.glut_max-pelvis_tilt.KV  	0.31444996	0.31486744	0.0013710126	
S00011.glut_max-pelvis_tilt.C0  	0.16518431	0.16004433	0.0023075665	
S00011.iliopsoas-pelvis_tilt.KP 	-3.5605058	-3.5188528	0.036760641	
S00011.iliopsoas-pelvis_tilt.KV 	-0.54351699	-0.5429313	0.00168303	
S00011.iliopsoas-pelvis_tilt.C0 	0.33109469	0.33022465	0.0036488569	
S00100.iliopsoas.C0             	0.34120633	0.33909272	0.0019904375	
S00100.glut_max.C0              	-0.023905343	-0.025126108	0.0015232534	
S11000.iliopsoas.KL             	0.56493405	0.56349466	0.0017105936	
S11000.iliopsoas.L0             	0.39064814	0.38985132	0.0018914272	
S11000.iliopsoas-pelvis_tilt.P0 	-0.044482616	-0.044145474	0.0015156388	
S11000.iliopsoas-pelvis_tilt.KP 	0.01196527	0.01131539	0.009571125	
S11000.iliopsoas-pelvis_tilt.KV 	0.14089294	0.14380021	0.0017593945	
S11000.iliopsoas-hamstrings.KL  	-8.3282061	-8.2663945	0.061875632	
S11000.iliopsoas-hamstrings.L0  	1.1676122	1.1666921	0.0014140135	
S11000.hamstrings.KF            	0.57270974	0.57571395	0.0013514475	
S11000.glut_max.KF              	0.62491841	0.62149612	0.0015488332	
