pelvis_tilt.offset              	0.10345323	0.094481351	0.0062559359	
hip_flexion_r.offset            	0.08748729	0.085231558	0.0044778503	
knee_angle_r.offset             	0.00073217928	-0.0032281154	0.0047692013	
ankle_angle_r.offset            	-0.043536163	-0.035746021	0.0065116641	
hip_flexion_l.offset            	-0.0055574286	-0.020392576	0.0089697179	
knee_angle_l.offset             	0.054640576	0.054867199	0.0067776861	
ankle_angle_l.offset            	0.19764096	0.18925159	0.0065881518	
stance_load_threshold           	0.14465057	0.15258537	0.0069861298	
S00111.tib_ant.KL               	1.1870029	1.2548553	0.11346098	
S00111.tib_ant.L0               	0.75532505	0.74573789	0.0128636	
S00111.tib_ant.KS               	0.000173	0.00016455229	0.0047344329	
S11000.tib_ant.KL               	1.2582832	1.1762278	0.066041444	
S11000.tib_ant.L0               	0.70157552	0.70947066	0.0099286872	
S11000.tib_ant.KS               	0.03726336	0.035355649	0.0059002868	
S11111.tib_ant-soleus.KF        	-0.10564558	-0.10849526	0.010237719	
S00111.soleus-tib_ant.KS        	-0.89402901	-0.83901824	0.12804401	
S00111.gastroc-tib_ant.KS       	-0.32171493	-0.33340353	0.11012815	
S11000.soleus-tib_ant.KS        	-3.1358959	-3.2402684	0.15479785	
S11000.gastroc-tib_ant.KS       	-1.7307881	-1.7167474	0.12681673	
S00111.tib_ant-soleus.KS        	-0.00313515	-0.0033242369	0.96173158	
S00111.tib_ant-gastroc.KS       	-0.00395169	-0.0037744493	0.93685647	
S11000.tib_ant-soleus.KS        	-0.00313645	-0.0033238751	0.9208774	
S11000.tib_ant-gastroc.KS       	-0.00366451	-0.0034822781	0.91568526	
S00111.soleus.KL                	3.8855861	4.0327744	0.11728411	
S00111.soleus.L0                	1.0026344	0.98239837	0.029570067	
S00111.soleus.KF                	0.23977092	0.23339993	0.0095935451	
S00111.soleus.KS                	0.15406792	0.16253253	0.079300301	
S00111.gastroc.KL               	0.08315732	0.078923247	0.11713968	
S00111.gastroc.L0               	0.82104098	0.8466107	0.051028001	
S00111.gastroc.KF               	1.4108886	1.4094542	0.0066746752	
S00111.gastroc.KS               	0.16049832	0.17258704	0.054426354	
S11000.soleus.KL                	0.76235452	0.79007344	0.21412326	
S11000.soleus.L0                	0.85363246	0.90166136	0.049185644	
S11000.soleus.KF                	-0.95885434	-0.90341345	0.19973039	
S11000.soleus.KS                	0.1022613	0.10581591	0.17355594	
S11000.gastroc.KL               	0.00925153	0.0089970058	0.093442219	
S11000.gastroc.L0               	0.54989184	0.52090253	0.052233331	
S11000.gastroc.KF               	-1.7255042	-1.8098149	0.12497617	
S11000.gastroc.KS               	0.27887874	0.26516554	0.11111925	
S00011.vasti.KF                 	0.86097617	0.8415816	0.027781055	
S00011.vasti.C0                 	0.08833627	0.087196422	0.006072029	
S00011.vasti-knee_angle.pos_max 	-0.3179842	-0.30459472	0.0096699595	
S00011.hamstrings-pelvis_tilt.KP	0.67099736	0.71078454	0.10570371	
S00011.hamstrings-pelvis_tilt.KV	0.56866598	0.56949598	0.0056779943	
S00011.hamstrings-pelvis_tilt.C0	0.02514159	0.025920365	0.011532239	
S00011.glut_max-pelvis_tilt.KP  	1.5133599	1.5235855	0.089612175	
S00011.glut_max-pelvis_tilt.KV  	0.29873221	0.31393121	0.0057727545	
S00011.glut_max-pelvis_tilt.C0  	0.15838031	0.16186725	0.0094675052	
S00011.iliopsoas-pelvis_tilt.KP 	-3.4329354	-3.5677277	0.15284225	
S00011.iliopsoas-pelvis_tilt.KV 	-0.55946705	-0.55849398	0.0070951183	
S00011.iliopsoas-pelvis_tilt.C0 	0.32220184	0.33593123	0.01492673	
S00100.iliopsoas.C0             	0.33800817	0.33875049	0.0083511511	
S00100.glut_max.C0              	-0.02342065	-0.024999343	0.0060121294	
S11000.iliopsoas.KL             	0.55488771	0.55167886	0.0072247112	
S11000.iliopsoas.L0             	0.39765189	0.40169254	0.007903337	
S11000.iliopsoas-pelvis_tilt.P0 	-0.04199752	-0.044444088	0.0060336711	
S11000.iliopsoas-pelvis_tilt.KP 	0.01082572	0.01140226	0.037618084	
S11000.iliopsoas-pelvis_tilt.KV 	0.14251113	0.14502882	0.0072086701	
S11000.iliopsoas-hamstrings.KL  	-8.1433564	-8.1188679	0.26052911	
S11000.iliopsoas-hamstrings.L0  	1.1734407	1.1768254	0.0060974458	
S11000.hamstrings.KF            	0.56243729	0.56286742	0.0057380687	
S11000.glut_max.KF              	0.60958667	0.613967	0.0065660291	
