pelvis_tilt.offset              	0.099223976	0.096233842	0.0041811985	
hip_flexion_r.offset            	0.083042863	0.084821008	0.0029534703	
knee_angle_r.offset             	0.0019817792	-0.0050599869	0.0031718785	
ankle_angle_r.offset            	-0.03379855	-0.037584158	0.0043318248	
hip_flexion_l.offset            	-0.015562576	-0.024530717	0.0059724891	
knee_angle_l.offset             	0.054614356	0.056882754	0.0044689616	
ankle_angle_l.offset            	0.18620713	0.1861437	0.0043518385	
stance_load_threshold           	0.1533656	0.15407847	0.0046182403	
S00111.tib_ant.KL               	1.218852	1.2644166	0.074507197	
S00111.tib_ant.L0               	0.7430396	0.73567341	0.0084865578	
S00111.tib_ant.KS               	0.000173	0.00016426399	0.0030959256	
S11000.tib_ant.KL               	1.1930889	1.1821738	0.043596447	
S11000.tib_ant.L0               	0.70938405	0.70761238	0.0065568633	
S11000.tib_ant.KS               	0.035627286	0.035433411	0.0038641741	
S11111.tib_ant-soleus.KF        	-0.10952545	-0.10978244	0.0067224943	
S00111.soleus-tib_ant.KS        	-0.80888339	-0.85852733	0.083886387	
S00111.gastroc-tib_ant.KS       	-0.32171493	-0.34272016	0.072044435	
S11000.soleus-tib_ant.KS        	-3.4371084	-3.3001994	0.10224615	
S11000.gastroc-tib_ant.KS       	-1.6915315	-1.6960518	0.083418284	
S00111.tib_ant-soleus.KS        	-0.00313515	-0.0033379164	0.62889246	
S00111.tib_ant-gastroc.KS       	-0.00395169	-0.0036878053	0.61262621	
S11000.tib_ant-soleus.KS        	-0.00313645	-0.0033343996	0.60217723	
S11000.tib_ant-gastroc.KS       	-0.00331551	-0.0034155058	0.598782	
S00111.soleus.KL                	3.9765411	3.9974583	0.077678335	
S00111.soleus.L0                	0.99510735	0.99886556	0.019474917	
S00111.soleus.KF                	0.22149541	0.22869284	0.0063417284	
S00111.soleus.KS                	0.16520068	0.15760904	0.051866957	
S00111.gastroc.KL               	0.08315732	0.078674019	0.076601432	
S00111.gastroc.L0               	0.7968718	0.81866067	0.033561712	
S00111.gastroc.KF               	1.4060812	1.4051876	0.004423001	
S00111.gastroc.KS               	0.17739288	0.16857684	0.035609105	
S11000.soleus.KL                	0.76876193	0.82058457	0.14012304	
S11000.soleus.L0                	0.85363246	0.88764711	0.032383271	
S11000.soleus.KF                	-0.86753488	-0.92633005	0.130727	
S11000.soleus.KS                	0.1022613	0.10755112	0.11349341	
S11000.gastroc.KL               	0.00925153	0.0088830198	0.061103469	
S11000.gastroc.L0               	0.51941442	0.52228505	0.034271296	
S11000.gastroc.KF               	-1.84573	-1.8364404	0.082279506	
S11000.gastroc.KS               	0.25231886	0.26712223	0.072686459	
S00011.vasti.KF                 	0.8606461	0.85126232	0.018315238	
S00011.vasti.C0                 	0.087998524	0.084476073	0.0039943244	
S00011.vasti-knee_angle.pos_max 	-0.30638584	-0.30065188	0.006396378	
S00011.hamstrings-pelvis_tilt.KP	0.74162866	0.70837978	0.06924184	
S00011.hamstrings-pelvis_tilt.KV	0.57200804	0.5712822	0.0037574187	
S00011.hamstrings-pelvis_tilt.C0	0.02778807	0.026207539	0.0075431267	
S00011.glut_max-pelvis_tilt.KP  	1.4193487	1.5141364	0.058887641	
S00011.glut_max-pelvis_tilt.KV  	0.31208053	0.31150297	0.0038494536	
S00011.glut_max-pelvis_tilt.C0  	0.15521193	0.158221	0.0062426177	
S00011.iliopsoas-pelvis_tilt.KP 	-3.6599864	-3.42907	0.10101088	
S00011.iliopsoas-pelvis_tilt.KV 	-0.55969205	-0.55533668	0.0047046497	
S00011.iliopsoas-pelvis_tilt.C0 	0.32788792	0.34063252	0.009838918	
S00100.iliopsoas.C0             	0.33494816	0.33924051	0.005533842	
S00100.glut_max.C0              	-0.02588599	-0.023927035	0.0039347479	
S11000.iliopsoas.KL             	0.54656153	0.54732766	0.0047960927	
S11000.iliopsoas.L0             	0.40097669	0.40247005	0.0052276852	
S11000.iliopsoas-pelvis_tilt.P0 	-0.0460453	-0.044435891	0.0039535505	
S11000.iliopsoas-pelvis_tilt.KP 	0.01196527	0.01124951	0.024599212	
S11000.iliopsoas-pelvis_tilt.KV 	0.15228619	0.14603191	0.0047503434	
S11000.iliopsoas-hamstrings.KL  	-8.311691	-8.3487277	0.17234884	
S11000.iliopsoas-hamstrings.L0  	1.1747696	1.1802893	0.0040491657	
S11000.hamstrings.KF            	0.55937964	0.56212826	0.003816649	
S11000.glut_max.KF              	0.61102337	0.61504173	0.0043438739	
