pelvis_tilt.offset              	0.034023252	0.033967039	0.00010419023	
hip_flexion_r.offset            	0.074005767	0.074013804	8.5808976e-05	
knee_angle_r.offset             	0.0034632531	0.0035185754	9.3342312e-05	
ankle_angle_r.offset            	-0.060832333	-0.060713886	0.00012091008	
hip_flexion_l.offset            	-0.0021068687	-0.0022256991	0.00016810121	
knee_angle_l.offset             	0.058653251	0.058558465	0.00014539989	
ankle_angle_l.offset            	0.18529066	0.18523206	0.00012223813	
stance_load_threshold           	0.14597163	0.14600916	0.00013842137	
S00111.tib_ant.KL               	1.2998793	1.2975865	0.0022204728	
S00111.tib_ant.L0               	0.75122367	0.75077077	0.00024672377	
S00111.tib_ant.KS               	0.000173	0.00017021125	5.3678139e-05	
S11000.tib_ant.KL               	1.2293341	1.2295047	0.0012768384	
S11000.tib_ant.L0               	0.73499356	0.73491116	0.00019113433	
S11000.tib_ant.KS               	0.03608596	0.035950174	0.00011455861	
S11111.tib_ant-soleus.KF        	-0.10834473	-0.1083454	0.00019777099	
S00111.soleus-tib_ant.KS        	-0.82948946	-0.83250721	0.0024713693	
S00111.gastroc-tib_ant.KS       	-0.32530133	-0.32594262	0.0017332098	
S11000.soleus-tib_ant.KS        	-3.4302007	-3.4318106	0.0029643205	
S11000.gastroc-tib_ant.KS       	-1.7529156	-1.7537028	0.0024278289	
S00111.tib_ant-soleus.KS        	-0.00346517	-0.0032882877	0.010877463	
S00111.tib_ant-gastroc.KS       	-0.00395169	-0.0037409272	0.010596221	
S11000.tib_ant-soleus.KS        	-0.0034666	-0.0033401266	0.010415409	
S11000.tib_ant-gastroc.KS       	-0.00331551	-0.0035363215	0.010356721	
S00111.soleus.KL                	4.042809	4.0449789	0.0021976037	
S00111.soleus.L0                	0.94310126	0.94303535	0.00056912853	
S00111.soleus.KF                	0.21860552	0.21852708	0.00019774106	
S00111.soleus.KS                	0.15011141	0.15174876	0.0013570067	
S00111.gastroc.KL               	0.0779125	0.078389552	0.0016853203	
S00111.gastroc.L0               	0.84624137	0.84776589	0.0009728911	
S00111.gastroc.KF               	1.4158371	1.4159505	0.00012895573	
S00111.gastroc.KS               	0.17458731	0.17470218	0.00084347959	
S11000.soleus.KL                	0.78222245	0.78963244	0.0040086627	
S11000.soleus.L0                	0.89875481	0.89977293	0.00095652714	
S11000.soleus.KF                	-0.95688434	-0.95495197	0.0037155404	
S11000.soleus.KS                	0.10976232	0.10791987	0.0024556754	
S11000.gastroc.KL               	0.0086540128	0.00872049	0.0010740946	
S11000.gastroc.L0               	0.54326052	0.54323579	0.00099086572	
S11000.gastroc.KF               	-1.8043239	-1.8021869	0.0025599597	
S11000.gastroc.KS               	0.26844587	0.2683037	0.0019701626	
S00011.vasti.KF                 	0.78309998	0.78213788	0.0005214797	
S00011.vasti.C0                 	0.080256363	0.080301778	0.0001010886	
S00011.vasti-knee_angle.pos_max 	-0.31404888	-0.31373903	0.00020272889	
S00011.hamstrings-pelvis_tilt.KP	0.73296586	0.7308126	0.0021103154	
S00011.hamstrings-pelvis_tilt.KV	0.56636723	0.56645179	0.00011408776	
S00011.hamstrings-pelvis_tilt.C0	0.026811728	0.026972308	0.00019910186	
S00011.glut_max-pelvis_tilt.KP  	1.5599041	1.563143	0.0017795576	
S00011.glut_max-pelvis_tilt.KV  	0.31026575	0.31039323	0.00011239427	
S00011.glut_max-pelvis_tilt.C0  	0.15782005	0.15768288	0.00019100744	
S00011.iliopsoas-pelvis_tilt.KP 	-3.5034149	-3.4941805	0.0029906614	
S00011.iliopsoas-pelvis_tilt.KV 	-0.54446282	-0.5444522	0.00013744012	
S00011.iliopsoas-pelvis_tilt.C0 	0.33013745	0.33005163	0.00031012503	
S00100.iliopsoas.C0             	0.33471586	0.33475402	0.00015565133	
S00100.glut_max.C0              	-0.025297569	-0.02526287	0.00011455793	
S11000.iliopsoas.KL             	0.57620351	0.57611736	0.00014866037	
S11000.iliopsoas.L0             	0.38593815	0.38571412	0.00015904223	
S11000.iliopsoas-pelvis_tilt.P0 	-0.046353422	-0.046128687	0.00011596362	
S11000.iliopsoas-pelvis_tilt.KP 	0.011656	0.011693012	0.00047151472	
S11000.iliopsoas-pelvis_tilt.KV 	0.14256915	0.14244722	0.0001403677	
S11000.iliopsoas-hamstrings.KL  	-8.4892624	-8.4841014	0.0054726975	
S11000.iliopsoas-hamstrings.L0  	1.1693857	1.1695906	0.00011617718	
S11000.hamstrings.KF            	0.58050204	0.58042606	0.00011411936	
S11000.glut_max.KF              	0.61894498	0.61882917	0.00012205244	
