pelvis_tilt.offset              	0.034010964	0.034034397	0.00010263032	
hip_flexion_r.offset            	0.074040705	0.073912343	8.4268142e-05	
knee_angle_r.offset             	0.0033684427	0.0035601637	9.1719586e-05	
ankle_angle_r.offset            	-0.060591719	-0.060595102	0.00011860763	
hip_flexion_l.offset            	-0.0021485515	-0.0022389271	0.00016474252	
knee_angle_l.offset             	0.058563408	0.058620059	0.00014239069	
ankle_angle_l.offset            	0.18502618	0.18516507	0.00011934602	
stance_load_threshold           	0.14589794	0.1459506	0.00013551136	
S00111.tib_ant.KL               	1.3003223	1.2970342	0.0021752652	
S00111.tib_ant.L0               	0.75093731	0.75091761	0.00024122504	
S00111.tib_ant.KS               	0.000173	0.00016536478	5.1416754e-05	
S11000.tib_ant.KL               	1.2299231	1.2296122	0.0012387786	
S11000.tib_ant.L0               	0.73510115	0.73511058	0.00018705281	
S11000.tib_ant.KS               	0.035985851	0.036004259	0.00011188298	
S11111.tib_ant-soleus.KF        	-0.10846909	-0.10844297	0.00019348712	
S00111.soleus-tib_ant.KS        	-0.83617359	-0.83457968	0.0024245277	
S00111.gastroc-tib_ant.KS       	-0.32657719	-0.32690114	0.0016877317	
S11000.soleus-tib_ant.KS        	-3.4288095	-3.4314374	0.0028884025	
S11000.gastroc-tib_ant.KS       	-1.7597656	-1.75567	0.0023684	
S00111.tib_ant-soleus.KS        	-0.00346517	-0.0032952266	0.010413948	
S00111.tib_ant-gastroc.KS       	-0.00395169	-0.003876725	0.010144708	
S11000.tib_ant-soleus.KS        	-0.0034666	-0.0033943882	0.0099715901	
S11000.tib_ant-gastroc.KS       	-0.00331551	-0.0034459688	0.009915412	
S00111.soleus.KL                	4.0446729	4.046641	0.0021634344	
S00111.soleus.L0                	0.94362969	0.94308087	0.00055648225	
S00111.soleus.KF                	0.21931214	0.21883342	0.00019388689	
S00111.soleus.KS                	0.1527996	0.15174663	0.0013277746	
S00111.gastroc.KL               	0.080804641	0.077499412	0.0016471194	
S00111.gastroc.L0               	0.84610187	0.84653961	0.00096047189	
S00111.gastroc.KF               	1.4159214	1.4159613	0.00012553455	
S00111.gastroc.KS               	0.17397445	0.17432679	0.00082427835	
S11000.soleus.KL                	0.79280814	0.78686971	0.0039376031	
S11000.soleus.L0                	0.89943602	0.90098024	0.00093487481	
S11000.soleus.KF                	-0.95472703	-0.95392468	0.0036143985	
S11000.soleus.KS                	0.11007661	0.10725139	0.0023970897	
S11000.gastroc.KL               	0.00837043	0.0090823027	0.0010314813	
S11000.gastroc.L0               	0.54325771	0.54352192	0.00096770723	
S11000.gastroc.KF               	-1.8041934	-1.8027895	0.0025059447	
S11000.gastroc.KS               	0.26794396	0.26733857	0.0019357598	
S00011.vasti.KF                 	0.78275221	0.78167522	0.00051103575	
S00011.vasti.C0                 	0.080468581	0.080214696	9.8631152e-05	
S00011.vasti-knee_angle.pos_max 	-0.31379571	-0.31401011	0.00020026302	
S00011.hamstrings-pelvis_tilt.KP	0.73260513	0.72911378	0.0020561077	
S00011.hamstrings-pelvis_tilt.KV	0.56630164	0.56630897	0.00011283411	
S00011.hamstrings-pelvis_tilt.C0	0.027152437	0.026976795	0.00019448047	
S00011.glut_max-pelvis_tilt.KP  	1.5632219	1.5614719	0.0017372421	
S00011.glut_max-pelvis_tilt.KV  	0.31038206	0.3104477	0.00011054243	
S00011.glut_max-pelvis_tilt.C0  	0.15775713	0.1576818	0.00018714466	
S00011.iliopsoas-pelvis_tilt.KP 	-3.4970148	-3.4977397	0.0029608242	
S00011.iliopsoas-pelvis_tilt.KV 	-0.54428397	-0.54433481	0.0001355669	
S00011.iliopsoas-pelvis_tilt.C0 	0.32965301	0.33008525	0.00030387417	
S00100.iliopsoas.C0             	0.3350895	0.33484692	0.00015139035	
S00100.glut_max.C0              	-0.025048508	-0.025059235	0.00011196763	
S11000.iliopsoas.KL             	0.5763016	0.57608932	0.00014504192	
S11000.iliopsoas.L0             	0.38584972	0.38556475	0.00015579767	
S11000.iliopsoas-pelvis_tilt.P0 	-0.046360162	-0.046261315	0.00011378128	
S11000.iliopsoas-pelvis_tilt.KP 	0.011449656	0.011224935	0.00045641682	
S11000.iliopsoas-pelvis_tilt.KV 	0.14271946	0.14267126	0.00013754671	
S11000.iliopsoas-hamstrings.KL  	-8.4841358	-8.4863039	0.0053923427	
S11000.iliopsoas-hamstrings.L0  	1.1694198	1.1693768	0.00011392378	
S11000.hamstrings.KF            	0.58045121	0.58048638	0.00011129847	
S11000.glut_max.KF              	0.61868405	0.61880343	0.00011883401	
