pelvis_tilt.offset              	0.033936414	0.034008663	7.3945935e-05	
hip_flexion_r.offset            	0.074174077	0.074127069	6.0317996e-05	
knee_angle_r.offset             	0.0034219397	0.0034918736	6.4339731e-05	
ankle_angle_r.offset            	-0.060393306	-0.060509141	8.5194594e-05	
hip_flexion_l.offset            	-0.0020205114	-0.0019256667	0.00011595236	
knee_angle_l.offset             	0.058529121	0.058600568	0.00010126844	
ankle_angle_l.offset            	0.18493676	0.18493134	8.5048876e-05	
stance_load_threshold           	0.14578354	0.14581497	9.6278263e-05	
S00111.tib_ant.KL               	1.3001479	1.300803	0.0015490653	
S00111.tib_ant.L0               	0.75090124	0.75084622	0.00017047665	
S00111.tib_ant.KS               	0.000173	0.00016749449	3.2430328e-05	
S11000.tib_ant.KL               	1.2296279	1.2301859	0.00088743967	
S11000.tib_ant.L0               	0.7353799	0.7351974	0.00013231227	
S11000.tib_ant.KS               	0.03571441	0.035843193	8.0277003e-05	
S11111.tib_ant-soleus.KF        	-0.10832248	-0.1084061	0.00014007798	
S00111.soleus-tib_ant.KS        	-0.84194524	-0.83832114	0.0017259199	
S00111.gastroc-tib_ant.KS       	-0.33097574	-0.33017361	0.0011717893	
S11000.soleus-tib_ant.KS        	-3.424636	-3.426793	0.0020412635	
S11000.gastroc-tib_ant.KS       	-1.7567335	-1.7548895	0.0016883562	
S00111.tib_ant-soleus.KS        	-0.00346517	-0.0033624939	0.0065353269	
S00111.tib_ant-gastroc.KS       	-0.00395169	-0.0037387832	0.0063665052	
S11000.tib_ant-soleus.KS        	-0.0034666	-0.0033880014	0.0062577481	
S11000.tib_ant-gastroc.KS       	-0.00366451	-0.0035444118	0.0062225215	
S00111.soleus.KL                	4.0463435	4.0438826	0.001517966	
S00111.soleus.L0                	0.94373865	0.94326057	0.00039198365	
S00111.soleus.KF                	0.21877497	0.21878378	0.00013871633	
S00111.soleus.KS                	0.15454588	0.15286558	0.0009292438	
S00111.gastroc.KL               	0.082917056	0.081758434	0.0011484481	
S00111.gastroc.L0               	0.84657292	0.84680569	0.0006889134	
S00111.gastroc.KF               	1.4160103	1.4160066	8.8730945e-05	
S00111.gastroc.KS               	0.17478361	0.17479656	0.00057473193	
S11000.soleus.KL                	0.78392284	0.78362678	0.0027938956	
S11000.soleus.L0                	0.8996363	0.89856382	0.00066066666	
S11000.soleus.KF                	-0.95767075	-0.95287736	0.0025508373	
S11000.soleus.KS                	0.11041539	0.10994152	0.0016655821	
S11000.gastroc.KL               	0.0085494173	0.0086859486	0.00066446518	
S11000.gastroc.L0               	0.54424606	0.54407941	0.00069191347	
S11000.gastroc.KF               	-1.8018847	-1.8023336	0.0017528733	
S11000.gastroc.KS               	0.2742452	0.27241756	0.0013878487	
S00011.vasti.KF                 	0.78230203	0.78226868	0.00036110171	
S00011.vasti.C0                 	0.080507118	0.08037855	6.8981302e-05	
S00011.vasti-knee_angle.pos_max 	-0.31450766	-0.31470542	0.00014600611	
S00011.hamstrings-pelvis_tilt.KP	0.73098296	0.73130276	0.0014588747	
S00011.hamstrings-pelvis_tilt.KV	0.56603019	0.56611505	8.1323272e-05	
S00011.hamstrings-pelvis_tilt.C0	0.027058522	0.027157032	0.00013571451	
S00011.glut_max-pelvis_tilt.KP  	1.562482	1.5625586	0.0012233162	
S00011.glut_max-pelvis_tilt.KV  	0.31046851	0.31053704	7.8488957e-05	
S00011.glut_max-pelvis_tilt.C0  	0.15764687	0.15767498	0.00013188615	
S00011.iliopsoas-pelvis_tilt.KP 	-3.5133877	-3.5159653	0.002231425	
S00011.iliopsoas-pelvis_tilt.KV 	-0.54445778	-0.54442647	9.5840309e-05	
S00011.iliopsoas-pelvis_tilt.C0 	0.33034604	0.33055828	0.00021706547	
S00100.iliopsoas.C0             	0.33472491	0.33477329	0.0001069485	
S00100.glut_max.C0              	-0.025078448	-0.025099349	7.9494008e-05	
S11000.iliopsoas.KL             	0.57595358	0.57605676	0.00010327995	
S11000.iliopsoas.L0             	0.38571479	0.38568746	0.00010967696	
S11000.iliopsoas-pelvis_tilt.P0 	-0.046140516	-0.04619589	7.9973669e-05	
S11000.iliopsoas-pelvis_tilt.KP 	0.01082572	0.011444217	0.00031359203	
S11000.iliopsoas-pelvis_tilt.KV 	0.14242518	0.14232079	9.7301197e-05	
S11000.iliopsoas-hamstrings.KL  	-8.4854998	-8.4888803	0.0038083484	
S11000.iliopsoas-hamstrings.L0  	1.1694184	1.1693851	8.1632775e-05	
S11000.hamstrings.KF            	0.58032564	0.5803058	7.9125347e-05	
S11000.glut_max.KF              	0.61919498	0.61914265	8.4267096e-05	
