pelvis_tilt.offset              	0.034215215	0.034213663	3.0437545e-05	
hip_flexion_r.offset            	0.074174656	0.074155513	2.4231864e-05	
knee_angle_r.offset             	0.0034247777	0.0034317981	2.6458918e-05	
ankle_angle_r.offset            	-0.060589785	-0.060606015	3.5508769e-05	
hip_flexion_l.offset            	-0.0015724935	-0.0014817349	4.8672478e-05	
knee_angle_l.offset             	0.058579694	0.058532259	4.004004e-05	
ankle_angle_l.offset            	0.18468646	0.18467178	3.5098392e-05	
stance_load_threshold           	0.14557282	0.14548604	3.9867442e-05	
S00111.tib_ant.KL               	1.3055447	1.3052156	0.00064691771	
S00111.tib_ant.L0               	0.75136306	0.75133408	6.8518903e-05	
S00111.tib_ant.KS               	0.00015652	0.00016075984	9.9433596e-06	
S11000.tib_ant.KL               	1.2298804	1.2299441	0.00035926341	
S11000.tib_ant.L0               	0.7352962	0.73530505	5.4412353e-05	
S11000.tib_ant.KS               	0.03606498	0.036039864	3.2569283e-05	
S11111.tib_ant-soleus.KF        	-0.10895855	-0.10905642	5.6765771e-05	
S00111.soleus-tib_ant.KS        	-0.83319495	-0.8335791	0.00072010214	
S00111.gastroc-tib_ant.KS       	-0.32581399	-0.32659406	0.00045944666	
S11000.soleus-tib_ant.KS        	-3.4226183	-3.421902	0.00083226992	
S11000.gastroc-tib_ant.KS       	-1.7534518	-1.7539476	0.00070299052	
S00111.tib_ant-soleus.KS        	-0.0033094634	-0.0033469893	0.0018918118	
S00111.tib_ant-gastroc.KS       	-0.00395169	-0.0037628815	0.0018435632	
S11000.tib_ant-soleus.KS        	-0.00313645	-0.0032601428	0.0018115379	
S11000.tib_ant-gastroc.KS       	-0.003620625	-0.0034061299	0.0018016366	
S00111.soleus.KL                	4.0448725	4.0456291	0.00060417837	
S00111.soleus.L0                	0.94368866	0.94371239	0.0001582945	
S00111.soleus.KF                	0.21898607	0.21895688	5.591466e-05	
S00111.soleus.KS                	0.15220811	0.15179471	0.00038117112	
S00111.gastroc.KL               	0.075403392	0.076199447	0.00046890815	
S00111.gastroc.L0               	0.8452938	0.84539405	0.00027335228	
S00111.gastroc.KF               	1.4161833	1.416174	3.7071151e-05	
S00111.gastroc.KS               	0.17251689	0.17271403	0.00023349574	
S11000.soleus.KL                	0.79630949	0.79609492	0.0011603662	
S11000.soleus.L0                	0.89563229	0.89561748	0.00026919427	
S11000.soleus.KF                	-0.95163275	-0.95218971	0.0010577907	
S11000.soleus.KS                	0.1029477	0.10350208	0.00066834067	
S11000.gastroc.KL               	0.0091674057	0.0088606981	0.00022907911	
S11000.gastroc.L0               	0.54471446	0.54441493	0.0002855221	
S11000.gastroc.KF               	-1.8027876	-1.8017703	0.00070515708	
S11000.gastroc.KS               	0.27396659	0.27477538	0.00056113296	
S00011.vasti.KF                 	0.78185045	0.78158956	0.0001441318	
S00011.vasti.C0                 	0.080403438	0.080420087	2.7720709e-05	
S00011.vasti-knee_angle.pos_max 	-0.31556304	-0.31560011	6.2637035e-05	
S00011.hamstrings-pelvis_tilt.KP	0.73078421	0.73191189	0.00057975465	
S00011.hamstrings-pelvis_tilt.KV	0.56619455	0.56618264	3.2738375e-05	
S00011.hamstrings-pelvis_tilt.C0	0.027252628	0.027285283	5.4210778e-05	
S00011.glut_max-pelvis_tilt.KP  	1.5572285	1.5574648	0.00050161122	
S00011.glut_max-pelvis_tilt.KV  	0.31034623	0.31043092	3.1382116e-05	
S00011.glut_max-pelvis_tilt.C0  	0.15666216	0.15655475	5.6263615e-05	
S00011.iliopsoas-pelvis_tilt.KP 	-3.518956	-3.5195343	0.00090026963	
S00011.iliopsoas-pelvis_tilt.KV 	-0.54450838	-0.54457302	4.0383061e-05	
S00011.iliopsoas-pelvis_tilt.C0 	0.33001092	0.33005854	8.6969178e-05	
S00100.iliopsoas.C0             	0.33487497	0.33493307	4.414502e-05	
S00100.glut_max.C0              	-0.024475002	-0.024448965	3.3980923e-05	
S11000.iliopsoas.KL             	0.5764616	0.57647265	4.3906534e-05	
S11000.iliopsoas.L0             	0.38549025	0.38555113	4.4164209e-05	
S11000.iliopsoas-pelvis_tilt.P0 	-0.046220834	-0.046158579	3.1938488e-05	
S11000.iliopsoas-pelvis_tilt.KP 	0.011430707	0.01159283	0.00012009524	
S11000.iliopsoas-pelvis_tilt.KV 	0.14206372	0.14210892	3.9817484e-05	
S11000.iliopsoas-hamstrings.KL  	-8.4965873	-8.4948903	0.0015170516	
S11000.iliopsoas-hamstrings.L0  	1.1690703	1.1690701	3.3023018e-05	
S11000.hamstrings.KF            	0.58017046	0.58022205	3.2077287e-05	
S11000.glut_max.KF              	0.61926375	0.61924421	3.4223301e-05	
