pelvis_tilt.offset              	0.02626886	0.02504211	0.0010862288	
hip_flexion_r.offset            	0.068854826	0.0704714	0.0010172977	
knee_angle_r.offset             	0.0018409077	0.00081642241	0.00111215	
ankle_angle_r.offset            	-0.053872838	-0.056964008	0.0014493133	
hip_flexion_l.offset            	0.00079379084	-0.0020190571	0.0020646068	
knee_angle_l.offset             	0.055972176	0.057603495	0.0015882963	
ankle_angle_l.offset            	0.18867709	0.18740636	0.0015136785	
stance_load_threshold           	0.15153505	0.15322005	0.0016760033	
S00111.tib_ant.KL               	1.2802589	1.2729001	0.02769994	
S00111.tib_ant.L0               	0.77146432	0.7689986	0.0029912185	
S00111.tib_ant.KS               	0.00017177097	0.00016357652	0.0011855741	
S11000.tib_ant.KL               	1.1861796	1.1904467	0.015755448	
S11000.tib_ant.L0               	0.73106684	0.7345111	0.0023093462	
S11000.tib_ant.KS               	0.034805551	0.035386043	0.0014628498	
S11111.tib_ant-soleus.KF        	-0.10619937	-0.10791934	0.0024906719	
S00111.soleus-tib_ant.KS        	-0.89402901	-0.86981343	0.031755035	
S11000.soleus-tib_ant.KS        	-3.2976761	-3.2544863	0.036653774	
S00111.gastroc-tib_ant.KS       	-0.32171493	-0.32707152	0.027504788	
S11000.gastroc-tib_ant.KS       	-1.6357718	-1.6837748	0.030635067	
S00111.tib_ant-gastroc.KS       	-0.00357534	-0.0037477059	0.23460318	
S11000.tib_ant-gastroc.KS       	-0.00331551	-0.0035215925	0.22930159	
S00111.tib_ant-soleus.KS        	-0.00313515	-0.0032770668	0.24083229	
S11000.tib_ant-soleus.KS        	-0.0034666	-0.0033337385	0.23060178	
S00111.gastroc.L0               	0.80379384	0.83586451	0.012112383	
S00111.gastroc.KS               	0.16049832	0.16890723	0.01358993	
S00111.soleus.L0                	0.96967695	0.97212167	0.0070015142	
S00111.soleus.KS                	0.16520068	0.15606539	0.019838832	
S11000.gastroc.KL               	0.00925153	0.0086231805	0.023399304	
S11000.gastroc.L0               	0.54989184	0.52796306	0.012781936	
S11000.gastroc.KF               	-1.8388061	-1.8696273	0.030113812	
S11000.gastroc.KS               	0.25624844	0.26898975	0.027763147	
S11000.soleus.KL                	0.77253957	0.81961841	0.0533721	
S11000.soleus.L0                	0.8959389	0.88644873	0.011896269	
S11000.soleus.KF                	-0.9081401	-0.89961958	0.049699288	
S11000.soleus.KS                	0.1022613	0.10531551	0.043455208	
S00011.vasti.KF                 	0.81350088	0.81032691	0.0065953071	
S00011.vasti.C0                 	0.081427687	0.083356612	0.001483315	
S00011.vasti-knee_angle.pos_max 	-0.30628122	-0.30410097	0.0022775251	
S00011.hamstrings-pelvis_tilt.KP	0.69139933	0.73245716	0.02604948	
S00011.hamstrings-pelvis_tilt.KV	0.5693128	0.56881315	0.0013350171	
S00011.hamstrings-pelvis_tilt.C0	0.025934	0.026120651	0.0028822227	
S00011.glut_max-pelvis_tilt.KP  	1.4793898	1.4896197	0.02151517	
S00011.glut_max-pelvis_tilt.KV  	0.31692087	0.31463366	0.0013438315	
S00011.glut_max-pelvis_tilt.C0  	0.15621925	0.15678002	0.0022865065	
S00011.iliopsoas-pelvis_tilt.KP 	-3.4896654	-3.5407693	0.03617322	
S00011.iliopsoas-pelvis_tilt.KV 	-0.54394425	-0.5411795	0.0016520202	
S00011.iliopsoas-pelvis_tilt.C0 	0.33641743	0.33299701	0.0035554137	
S00100.iliopsoas.C0             	0.33947738	0.33809249	0.0019648715	
S00100.glut_max.C0              	-0.025615477	-0.024258665	0.0014969635	
S11000.iliopsoas.KL             	0.55842507	0.55947631	0.0016692469	
S11000.iliopsoas.L0             	0.39008144	0.3904293	0.0018584856	
S11000.iliopsoas-pelvis_tilt.P0 	-0.042167487	-0.043672195	0.0014904647	
S11000.iliopsoas-pelvis_tilt.KP 	0.01196527	0.011449804	0.0094197716	
S11000.iliopsoas-pelvis_tilt.KV 	0.14296416	0.14398599	0.0017146882	
S11000.iliopsoas-hamstrings.KL  	-8.3875783	-8.303321	0.061228998	
S11000.iliopsoas-hamstrings.L0  	1.1658677	1.1657217	0.0013891843	
S11000.hamstrings.KF            	0.57634452	0.57584882	0.001338825	
S11000.glut_max.KF              	0.62214555	0.62047377	0.0015168821	
