pelvis_tilt.offset              	0.027357208	0.025703911	0.00091804524	
hip_flexion_r.offset            	0.072106065	0.071153208	0.00085477892	
knee_angle_r.offset             	0.00033325737	0.00090872703	0.00093099119	
ankle_angle_r.offset            	-0.058792649	-0.058477656	0.001216329	
hip_flexion_l.offset            	0.00039853988	-0.001333308	0.0017413046	
knee_angle_l.offset             	0.058048739	0.058029846	0.001329602	
ankle_angle_l.offset            	0.18825366	0.1868852	0.0012646334	
stance_load_threshold           	0.15635147	0.15319044	0.0014015209	
S00111.tib_ant.KL               	1.275954	1.2721298	0.023139324	
S00111.tib_ant.L0               	0.76808112	0.76974638	0.0024973503	
S00111.tib_ant.KS               	0.000173	0.00016049781	0.00097721693	
S11000.tib_ant.KL               	1.2166992	1.196278	0.013226138	
S11000.tib_ant.L0               	0.73348284	0.73370895	0.0019417874	
S11000.tib_ant.KS               	0.03591274	0.034740594	0.0012175339	
S11111.tib_ant-soleus.KF        	-0.10911586	-0.10702469	0.0020738642	
S00111.soleus-tib_ant.KS        	-0.82222998	-0.86985418	0.026425254	
S11000.soleus-tib_ant.KS        	-3.275991	-3.2474692	0.030759743	
S00111.gastroc-tib_ant.KS       	-0.3317666	-0.33124046	0.02274557	
S11000.gastroc-tib_ant.KS       	-1.6687129	-1.6941717	0.025631701	
S00111.tib_ant-gastroc.KS       	-0.00357534	-0.0037072932	0.19337298	
S11000.tib_ant-gastroc.KS       	-0.00366451	-0.0035239053	0.18900311	
S00111.tib_ant-soleus.KS        	-0.00346517	-0.0033685188	0.19850735	
S11000.tib_ant-soleus.KS        	-0.0034666	-0.0032398929	0.1900748	
S00111.gastroc.L0               	0.8181067	0.82162458	0.010173916	
S00111.gastroc.KS               	0.17739288	0.17185965	0.011251652	
S00111.soleus.L0                	0.98267701	0.98253499	0.005881416	
S00111.soleus.KS                	0.15369476	0.15672493	0.016389333	
S11000.gastroc.KL               	0.00837043	0.0086026275	0.019287139	
S11000.gastroc.L0               	0.54208397	0.53648044	0.010685443	
S11000.gastroc.KF               	-1.8661858	-1.8730791	0.025180649	
S11000.gastroc.KS               	0.27887874	0.26707639	0.022970487	
S11000.soleus.KL                	0.76687623	0.82243477	0.044209819	
S11000.soleus.L0                	0.85941672	0.87916677	0.0099601034	
S11000.soleus.KF                	-0.91180266	-0.93274226	0.041247122	
S11000.soleus.KS                	0.11302564	0.10792634	0.035826868	
S00011.vasti.KF                 	0.80664804	0.81146484	0.0055301156	
S00011.vasti.C0                 	0.082407417	0.08312959	0.0012339533	
S00011.vasti-knee_angle.pos_max 	-0.30362506	-0.30403016	0.0019063672	
S00011.hamstrings-pelvis_tilt.KP	0.71744443	0.71445728	0.021704245	
S00011.hamstrings-pelvis_tilt.KV	0.56736162	0.56868781	0.0011170039	
S00011.hamstrings-pelvis_tilt.C0	0.025515722	0.026472158	0.0023818182	
S00011.glut_max-pelvis_tilt.KP  	1.4706542	1.4828064	0.017912897	
S00011.glut_max-pelvis_tilt.KV  	0.31423885	0.31455075	0.0011263227	
S00011.glut_max-pelvis_tilt.C0  	0.15615285	0.15634716	0.0019171705	
S00011.iliopsoas-pelvis_tilt.KP 	-3.5396093	-3.5281702	0.030203217	
S00011.iliopsoas-pelvis_tilt.KV 	-0.54371966	-0.54259716	0.0013883567	
S00011.iliopsoas-pelvis_tilt.C0 	0.3401793	0.33802833	0.0029933117	
S00100.iliopsoas.C0             	0.33794159	0.33808188	0.0016554347	
S00100.glut_max.C0              	-0.024498241	-0.024689347	0.0012425282	
S11000.iliopsoas.KL             	0.55791418	0.56028662	0.0014005059	
S11000.iliopsoas.L0             	0.39301709	0.39209887	0.0015518476	
S11000.iliopsoas-pelvis_tilt.P0 	-0.044941955	-0.044336833	0.0012439255	
S11000.iliopsoas-pelvis_tilt.KP 	0.01196527	0.011550948	0.0077648079	
S11000.iliopsoas-pelvis_tilt.KV 	0.1442178	0.14377508	0.0014390433	
S11000.iliopsoas-hamstrings.KL  	-8.3349129	-8.2829908	0.051303288	
S11000.iliopsoas-hamstrings.L0  	1.1660422	1.1664837	0.0011595706	
S11000.hamstrings.KF            	0.57388935	0.57547003	0.0011202673	
S11000.glut_max.KF              	0.61897795	0.62087375	0.0012708341	
