pelvis_tilt.offset              	0.025896408	0.025962907	0.00019956741	
hip_flexion_r.offset            	0.072282268	0.072196365	0.00018779726	
knee_angle_r.offset             	0.00071045634	0.0010081994	0.00020319252	
ankle_angle_r.offset            	-0.058383944	-0.058325965	0.00025958063	
hip_flexion_l.offset            	-0.0019274453	-0.0016999928	0.00037256557	
knee_angle_l.offset             	0.057953334	0.058290681	0.00028864039	
ankle_angle_l.offset            	0.18695512	0.18656709	0.00027187043	
stance_load_threshold           	0.15249118	0.15253818	0.00030160938	
S00111.tib_ant.KL               	1.2878795	1.2844075	0.0049832442	
S00111.tib_ant.L0               	0.7713444	0.77129606	0.00053560163	
S00111.tib_ant.KS               	0.00015652	0.00016161101	0.00018068438	
S11000.tib_ant.KL               	1.2199146	1.2201425	0.0028691568	
S11000.tib_ant.L0               	0.73630332	0.73664776	0.00041710037	
S11000.tib_ant.KS               	0.035185091	0.03499179	0.00026072282	
S11111.tib_ant-soleus.KF        	-0.10834882	-0.10889879	0.00044168174	
S00111.soleus-tib_ant.KS        	-0.86105926	-0.85769066	0.0055949821	
S11000.soleus-tib_ant.KS        	-3.2331604	-3.2243953	0.0067384286	
S00111.gastroc-tib_ant.KS       	-0.32171493	-0.32384676	0.0044819573	
S11000.gastroc-tib_ant.KS       	-1.7053907	-1.7038002	0.005554529	
S00111.tib_ant-gastroc.KS       	-0.00395169	-0.0037006099	0.035750163	
S11000.tib_ant-gastroc.KS       	-0.00366451	-0.0034351971	0.034942272	
S00111.tib_ant-soleus.KS        	-0.00346517	-0.0033114374	0.036699379	
S11000.tib_ant-soleus.KS        	-0.0034666	-0.0033196441	0.035140397	
S00111.gastroc.L0               	0.80699421	0.80735218	0.0021903558	
S00111.gastroc.KS               	0.17278086	0.17582441	0.0022133812	
S00111.soleus.L0                	0.9819476	0.98084291	0.0012692031	
S00111.soleus.KS                	0.15501013	0.15334169	0.0032876908	
S11000.gastroc.KL               	0.00925153	0.0090087893	0.0035682956	
S11000.gastroc.L0               	0.51673106	0.51768445	0.0023452838	
S11000.gastroc.KF               	-1.8803893	-1.8831457	0.0054728029	
S11000.gastroc.KS               	0.2669883	0.26924746	0.0046885995	
S11000.soleus.KL                	0.76235452	0.77024522	0.0092744399	
S11000.soleus.L0                	0.87686078	0.87686407	0.0021666386	
S11000.soleus.KF                	-0.93062902	-0.93222569	0.0087571883	
S11000.soleus.KS                	0.1022613	0.10385171	0.0067668314	
S00011.vasti.KF                 	0.81152836	0.81306429	0.0011733965	
S00011.vasti.C0                 	0.081965546	0.081628788	0.00025360546	
S00011.vasti-knee_angle.pos_max 	-0.30773693	-0.30734711	0.00041054247	
S00011.hamstrings-pelvis_tilt.KP	0.71838462	0.72188384	0.0047260203	
S00011.hamstrings-pelvis_tilt.KV	0.56963173	0.56950948	0.00023944207	
S00011.hamstrings-pelvis_tilt.C0	0.025943168	0.025871075	0.00048545363	
S00011.glut_max-pelvis_tilt.KP  	1.4866812	1.483076	0.0038934445	
S00011.glut_max-pelvis_tilt.KV  	0.31162216	0.31177	0.00024563269	
S00011.glut_max-pelvis_tilt.C0  	0.15936133	0.15944469	0.00042638169	
S00011.iliopsoas-pelvis_tilt.KP 	-3.5805347	-3.5794072	0.006604124	
S00011.iliopsoas-pelvis_tilt.KV 	-0.54400867	-0.54406501	0.00029777726	
S00011.iliopsoas-pelvis_tilt.C0 	0.34286026	0.3423712	0.00066048216	
S00100.iliopsoas.C0             	0.33515091	0.33474753	0.00036112569	
S00100.glut_max.C0              	-0.025215849	-0.025281597	0.00025993849	
S11000.iliopsoas.KL             	0.56094472	0.56084788	0.00030365297	
S11000.iliopsoas.L0             	0.39072591	0.39091731	0.00033076833	
S11000.iliopsoas-pelvis_tilt.P0 	-0.046116491	-0.046106158	0.0002626959	
S11000.iliopsoas-pelvis_tilt.KP 	0.010942254	0.011196274	0.001444769	
S11000.iliopsoas-pelvis_tilt.KV 	0.14223574	0.14251026	0.00030596534	
S11000.iliopsoas-hamstrings.KL  	-8.2493395	-8.275369	0.011008198	
S11000.iliopsoas-hamstrings.L0  	1.1661437	1.1658343	0.00024890144	
S11000.hamstrings.KF            	0.57516288	0.57526713	0.00024030925	
S11000.glut_max.KF              	0.62201678	0.62191875	0.00027396464	
