pelvis_tilt.offset              	0.021822421	0.02224352	0.0013219916	
hip_flexion_r.offset            	0.068459136	0.069360641	0.0012476952	
knee_angle_r.offset             	0.00074926077	5.8310473e-05	0.0013614394	
ankle_angle_r.offset            	-0.055470626	-0.056003675	0.001781404	
hip_flexion_l.offset            	-0.0089616992	-0.008481995	0.0025295774	
knee_angle_l.offset             	0.058234988	0.058075377	0.0019523001	
ankle_angle_l.offset            	0.188773	0.18771323	0.001861803	
stance_load_threshold           	0.15180419	0.15403601	0.0020614864	
S00111.tib_ant.KL               	1.281856	1.267454	0.033966351	
S00111.tib_ant.L0               	0.75734366	0.76143043	0.0036506332	
S00111.tib_ant.KS               	0.00015652	0.00016072228	0.001471515	
S11000.tib_ant.KL               	1.21875	1.1924685	0.019303523	
S11000.tib_ant.L0               	0.73873756	0.73815877	0.0028180098	
S11000.tib_ant.KS               	0.037014135	0.035777194	0.0017997351	
S11111.tib_ant-soleus.KF        	-0.10947649	-0.11056899	0.0030654484	
S00111.soleus-tib_ant.KS        	-0.83409277	-0.8656786	0.039084395	
S11000.soleus-tib_ant.KS        	-3.2287836	-3.2676375	0.044992659	
S00111.gastroc-tib_ant.KS       	-0.35557966	-0.33147663	0.034052696	
S11000.gastroc-tib_ant.KS       	-1.6323714	-1.6277524	0.037688413	
S00111.tib_ant-gastroc.KS       	-0.00395169	-0.0037856963	0.29118581	
S11000.tib_ant-gastroc.KS       	-0.00331551	-0.0034758183	0.28460555	
S00111.tib_ant-soleus.KS        	-0.00313515	-0.003252765	0.29891728	
S11000.tib_ant-soleus.KS        	-0.00313645	-0.0032736592	0.28621933	
S00111.gastroc.KL               	0.07523758	0.078357999	0.036395705	
S00111.gastroc.L0               	0.8392998	0.84873516	0.014948272	
S00111.gastroc.KF               	1.4093364	1.4102928	0.0019015651	
S00111.gastroc.KS               	0.17739288	0.16823461	0.016826071	
S00111.soleus.KL                	3.9807144	4.0351402	0.033297725	
S00111.soleus.L0                	0.97161879	0.97043227	0.0085627802	
S00111.soleus.KF                	0.21824949	0.22468659	0.0027649252	
S00111.soleus.KS                	0.14946728	0.15471373	0.02457976	
S11000.gastroc.KL               	0.00837043	0.008589965	0.029042707	
S11000.gastroc.L0               	0.54989184	0.52174564	0.015715294	
S11000.gastroc.KF               	-1.7601804	-1.7951345	0.036928804	
S11000.soleus.KL                	0.84260236	0.78968198	0.065987912	
S11000.soleus.L0                	0.89661919	0.90261158	0.014403002	
S11000.soleus.KF                	-0.86753488	-0.90101192	0.061322151	
S00011.vasti.KF                 	0.82060458	0.81623778	0.0080740732	
S00011.vasti.C0                 	0.083927568	0.083169863	0.0018258895	
S00011.vasti-knee_angle.pos_max 	-0.31124136	-0.30512961	0.0027868456	
S00011.hamstrings-pelvis_tilt.KP	0.72893159	0.71586277	0.032159283	
S00011.hamstrings-pelvis_tilt.KV	0.56773217	0.56639812	0.0016262711	
S00011.hamstrings-pelvis_tilt.C0	0.02514159	0.02701057	0.0035712671	
S00011.glut_max-pelvis_tilt.KP  	1.5430558	1.5233049	0.026412829	
S00011.glut_max-pelvis_tilt.KV  	0.31110156	0.31316852	0.0016549281	
S00011.glut_max-pelvis_tilt.C0  	0.15916853	0.15917029	0.0027852182	
S00011.iliopsoas-pelvis_tilt.KP 	-3.4730276	-3.5189188	0.0445168	
S00011.iliopsoas-pelvis_tilt.KV 	-0.54298838	-0.54179838	0.0020288412	
S00011.iliopsoas-pelvis_tilt.C0 	0.33418495	0.33647798	0.0043870481	
S00100.iliopsoas.C0             	0.33518458	0.33735816	0.0023916121	
S00100.glut_max.C0              	-0.023936174	-0.024460534	0.001850229	
S11000.iliopsoas.KL             	0.56340078	0.56150083	0.0020553027	
S11000.iliopsoas.L0             	0.3912959	0.39370175	0.0022803859	
S11000.iliopsoas-pelvis_tilt.P0 	-0.044178694	-0.044773944	0.0018344225	
S11000.iliopsoas-pelvis_tilt.KP 	0.01082572	0.011552787	0.011691163	
S11000.iliopsoas-pelvis_tilt.KV 	0.14212618	0.14373728	0.0021141852	
S11000.iliopsoas-hamstrings.KL  	-8.4340709	-8.3230904	0.074565258	
S11000.iliopsoas-hamstrings.L0  	1.1664376	1.1658336	0.0017047	
S11000.hamstrings.KF            	0.57559132	0.57368094	0.0016404979	
S11000.glut_max.KF              	0.622153	0.62118745	0.0018642411	
