pelvis_tilt.offset              	0.023830191	0.023287088	0.00053170384	
hip_flexion_r.offset            	0.068920025	0.068736163	0.00050147895	
knee_angle_r.offset             	0.00027691673	0.00055539462	0.00055538574	
ankle_angle_r.offset            	-0.055281592	-0.054458322	0.00071776508	
hip_flexion_l.offset            	-0.0049388551	-0.0068769889	0.0010220112	
knee_angle_l.offset             	0.059511972	0.059390444	0.00078696982	
ankle_angle_l.offset            	0.1859478	0.1857677	0.00074941799	
stance_load_threshold           	0.15037966	0.15186405	0.00083462108	
S00111.tib_ant.KL               	1.3053885	1.2964615	0.013708036	
S00111.tib_ant.L0               	0.76195809	0.75872917	0.0014755573	
S00111.tib_ant.KS               	0.00015652	0.00016494471	0.00055798297	
S11000.tib_ant.KL               	1.2216043	1.2219001	0.0078458812	
S11000.tib_ant.L0               	0.73776447	0.73701026	0.001135735	
S11000.tib_ant.KS               	0.036257832	0.036548323	0.00071117356	
S11111.tib_ant-soleus.KF        	-0.10771967	-0.10875569	0.0012282969	
S00111.soleus-tib_ant.KS        	-0.82205712	-0.83838248	0.015430951	
S11000.soleus-tib_ant.KS        	-3.2468313	-3.2499937	0.018143904	
S00111.gastroc-tib_ant.KS       	-0.3454179	-0.33005005	0.013220663	
S11000.gastroc-tib_ant.KS       	-1.6632726	-1.6638071	0.015247984	
S00111.tib_ant-gastroc.KS       	-0.00395169	-0.003718056	0.11041392	
S11000.tib_ant-gastroc.KS       	-0.00366451	-0.0034742321	0.10791877	
S00111.tib_ant-soleus.KS        	-0.00346517	-0.0033451396	0.11334559	
S11000.tib_ant-soleus.KS        	-0.0034666	-0.0032681631	0.10853069	
S00111.gastroc.KL               	0.07523758	0.078363646	0.013829489	
S00111.gastroc.L0               	0.84229677	0.84424343	0.0060112269	
S00111.gastroc.KF               	1.4108395	1.4110715	0.00077205159	
S00111.gastroc.KS               	0.17120126	0.16778594	0.00652453	
S00111.soleus.KL                	4.0146526	4.0333041	0.013451295	
S00111.soleus.L0                	0.96938343	0.97003361	0.0034221193	
S00111.soleus.KF                	0.22328195	0.22330286	0.0011282677	
S00111.soleus.KS                	0.15741487	0.15615517	0.0094405606	
S11000.gastroc.KL               	0.00925153	0.0089283897	0.011013139	
S11000.gastroc.L0               	0.53676143	0.54166573	0.0063210913	
S11000.gastroc.KF               	-1.7665448	-1.7882134	0.014951309	
S11000.soleus.KL                	0.80018639	0.79875603	0.025792288	
S11000.soleus.L0                	0.92126522	0.92570677	0.0058327269	
S11000.soleus.KF                	-0.90312735	-0.91488843	0.024188438	
S00011.vasti.KF                 	0.83548058	0.83160107	0.0032587024	
S00011.vasti.C0                 	0.080136018	0.081067241	0.00072222183	
S00011.vasti-knee_angle.pos_max 	-0.3071877	-0.30645373	0.001124346	
S00011.hamstrings-pelvis_tilt.KP	0.72179146	0.70773761	0.012836644	
S00011.hamstrings-pelvis_tilt.KV	0.56566313	0.56546939	0.00066212159	
S00011.hamstrings-pelvis_tilt.C0	0.025854697	0.026262011	0.0013773386	
S00011.glut_max-pelvis_tilt.KP  	1.4973328	1.4831738	0.010649746	
S00011.glut_max-pelvis_tilt.KV  	0.3133113	0.31322723	0.00067039446	
S00011.glut_max-pelvis_tilt.C0  	0.16223465	0.16285018	0.0011249263	
S00011.iliopsoas-pelvis_tilt.KP 	-3.521116	-3.5131591	0.01802663	
S00011.iliopsoas-pelvis_tilt.KV 	-0.54141156	-0.54122504	0.00081928351	
S00011.iliopsoas-pelvis_tilt.C0 	0.33539501	0.33521403	0.001762379	
S00100.iliopsoas.C0             	0.33319982	0.33356541	0.00096763009	
S00100.glut_max.C0              	-0.025740469	-0.025224892	0.00072514203	
S11000.iliopsoas.KL             	0.56111999	0.56095143	0.00082677134	
S11000.iliopsoas.L0             	0.39510878	0.39435622	0.00092630351	
S11000.iliopsoas-pelvis_tilt.P0 	-0.044709238	-0.045032399	0.00073232323	
S11000.iliopsoas-pelvis_tilt.KP 	0.01196527	0.011504207	0.0044350983	
S11000.iliopsoas-pelvis_tilt.KV 	0.14519904	0.143093	0.00086246351	
S11000.iliopsoas-hamstrings.KL  	-8.2431324	-8.2334046	0.030151254	
S11000.iliopsoas-hamstrings.L0  	1.1646533	1.1642229	0.00068687854	
S11000.hamstrings.KF            	0.57377789	0.57416435	0.00065839819	
S11000.glut_max.KF              	0.61843847	0.61808555	0.00076375311	
