pelvis_tilt.offset              	0.023742738	0.023172379	0.00035090089	
hip_flexion_r.offset            	0.068595374	0.068548087	0.00033380562	
knee_angle_r.offset             	7.4788655e-05	-0.00015090979	0.00036418779	
ankle_angle_r.offset            	-0.056436036	-0.056745024	0.00048271345	
hip_flexion_l.offset            	-0.0077272746	-0.0072756517	0.0006758293	
knee_angle_l.offset             	0.059123862	0.059831908	0.0005203633	
ankle_angle_l.offset            	0.18580022	0.18563124	0.00049967328	
stance_load_threshold           	0.15036215	0.15108263	0.00055511548	
S00111.tib_ant.KL               	1.2984988	1.3024809	0.0089715018	
S00111.tib_ant.L0               	0.75752606	0.75756214	0.00098183584	
S00111.tib_ant.KS               	0.000173	0.00016655443	0.00033336064	
S11000.tib_ant.KL               	1.2134435	1.213073	0.0051468954	
S11000.tib_ant.L0               	0.73751236	0.73706825	0.00075405671	
S11000.tib_ant.KS               	0.035401518	0.035338798	0.00046681765	
S11111.tib_ant-soleus.KF        	-0.10971561	-0.10920835	0.00080570704	
S00111.soleus-tib_ant.KS        	-0.85176181	-0.85836371	0.010029808	
S11000.soleus-tib_ant.KS        	-3.3158731	-3.2995717	0.012249783	
S00111.gastroc-tib_ant.KS       	-0.34495439	-0.34982756	0.0083710924	
S11000.gastroc-tib_ant.KS       	-1.6564624	-1.649158	0.010013436	
S00111.tib_ant-gastroc.KS       	-0.00395169	-0.0037854786	0.065962464	
S11000.tib_ant-gastroc.KS       	-0.00331551	-0.0034760596	0.06447183	
S00111.tib_ant-soleus.KS        	-0.00346517	-0.00340591	0.067713866	
S11000.tib_ant-soleus.KS        	-0.0034666	-0.003292339	0.064837398	
S00111.gastroc.KL               	0.07523758	0.078253586	0.0083675843	
S00111.gastroc.L0               	0.83729445	0.8438357	0.0039933416	
S00111.gastroc.KF               	1.4101445	1.4101483	0.00050613348	
S00111.gastroc.KS               	0.16862471	0.17184363	0.0041316156	
S00111.soleus.KL                	4.0189066	4.0083446	0.0089516782	
S00111.soleus.L0                	0.96980736	0.96943357	0.0022085067	
S00111.soleus.KF                	0.2235969	0.22317113	0.00074613733	
S00111.soleus.KS                	0.15669031	0.15849973	0.0059641369	
S11000.gastroc.KL               	0.00925153	0.008760977	0.0065815016	
S11000.gastroc.L0               	0.53397993	0.53574048	0.0041557553	
S11000.gastroc.KF               	-1.7740155	-1.7721633	0.010006992	
S11000.soleus.KL                	0.79206445	0.79366945	0.016654283	
S11000.soleus.L0                	0.92642653	0.92638779	0.0037902902	
S11000.soleus.KF                	-0.89790038	-0.88920135	0.015628967	
S00011.vasti.KF                 	0.83484296	0.83462822	0.002153226	
S00011.vasti.C0                 	0.081445972	0.08102258	0.00046760535	
S00011.vasti-knee_angle.pos_max 	-0.30175933	-0.30346401	0.00075475911	
S00011.hamstrings-pelvis_tilt.KP	0.70973768	0.70760259	0.0084481694	
S00011.hamstrings-pelvis_tilt.KV	0.56687166	0.56633433	0.00043387222	
S00011.hamstrings-pelvis_tilt.C0	0.027248572	0.026582821	0.00087738856	
S00011.glut_max-pelvis_tilt.KP  	1.4758474	1.4876955	0.0070191991	
S00011.glut_max-pelvis_tilt.KV  	0.31290294	0.31328942	0.00044048885	
S00011.glut_max-pelvis_tilt.C0  	0.16275686	0.16320111	0.00074324846	
S00011.iliopsoas-pelvis_tilt.KP 	-3.5295156	-3.5284841	0.011902011	
S00011.iliopsoas-pelvis_tilt.KV 	-0.54031362	-0.54066891	0.00053549655	
S00011.iliopsoas-pelvis_tilt.C0 	0.3292795	0.33144892	0.0011822012	
S00100.iliopsoas.C0             	0.33233384	0.33286003	0.00063522125	
S00100.glut_max.C0              	-0.023725317	-0.02405012	0.00047085324	
S11000.iliopsoas.KL             	0.56023425	0.56002396	0.00053953887	
S11000.iliopsoas.L0             	0.39112163	0.39116734	0.00063158178	
S11000.iliopsoas-pelvis_tilt.P0 	-0.044465158	-0.044693342	0.00047752713	
S11000.iliopsoas-pelvis_tilt.KP 	0.01082572	0.011512173	0.0026579207	
S11000.iliopsoas-pelvis_tilt.KV 	0.14592783	0.14597161	0.00057516155	
S11000.iliopsoas-hamstrings.KL  	-8.2620016	-8.2448062	0.019784164	
S11000.iliopsoas-hamstrings.L0  	1.1667152	1.1660431	0.0004632371	
S11000.hamstrings.KF            	0.57433886	0.57457946	0.00042865954	
S11000.glut_max.KF              	0.61870821	0.61835482	0.00050453879	
