pelvis_tilt.offset              	0.023156463	0.022975972	0.0001466822	
hip_flexion_r.offset            	0.068008317	0.068199378	0.00013964213	
knee_angle_r.offset             	0.0010563092	0.0010865037	0.00015233156	
ankle_angle_r.offset            	-0.056714282	-0.056618171	0.00020234541	
hip_flexion_l.offset            	-0.0047049342	-0.0047575742	0.00029243028	
knee_angle_l.offset             	0.060108411	0.06003182	0.00021940949	
ankle_angle_l.offset            	0.18539003	0.18556909	0.00020831949	
stance_load_threshold           	0.15149174	0.1516773	0.00023305787	
S00111.tib_ant.KL               	1.2922992	1.2932931	0.0036813208	
S00111.tib_ant.L0               	0.75823925	0.75855565	0.00040217699	
S00111.tib_ant.KS               	0.000173	0.00016566764	0.0001190885	
S11000.tib_ant.KL               	1.203903	1.2051765	0.0021826064	
S11000.tib_ant.L0               	0.73458246	0.73485293	0.00031886145	
S11000.tib_ant.KS               	0.035481157	0.035448994	0.00019316794	
S11111.tib_ant-soleus.KF        	-0.10972422	-0.10955199	0.00033306106	
S00111.soleus-tib_ant.KS        	-0.86579825	-0.86853523	0.0041485943	
S11000.soleus-tib_ant.KS        	-3.2705769	-3.277473	0.0051002659	
S00111.gastroc-tib_ant.KS       	-0.34947534	-0.35317573	0.0032420303	
S11000.gastroc-tib_ant.KS       	-1.662619	-1.6653783	0.0041883943	
S00111.tib_ant-gastroc.KS       	-0.00395169	-0.0037211926	0.023556373	
S11000.tib_ant-gastroc.KS       	-0.00331551	-0.0034287769	0.023024027	
S00111.tib_ant-soleus.KS        	-0.00346517	-0.0033728905	0.024181795	
S11000.tib_ant-soleus.KS        	-0.0034066876	-0.0033065219	0.023154565	
S00111.gastroc.KL               	0.076220162	0.078759626	0.0031628806	
S00111.gastroc.L0               	0.84239438	0.84013328	0.001647464	
S00111.gastroc.KF               	1.4101291	1.4099198	0.0002106647	
S00111.gastroc.KS               	0.17395721	0.17466077	0.0016447507	
S00111.soleus.KL                	4.0292907	4.0237989	0.0037488906	
S00111.soleus.L0                	0.96973483	0.96887335	0.00090475163	
S00111.soleus.KF                	0.22409801	0.22384185	0.00030777955	
S00111.soleus.KS                	0.16424209	0.1592923	0.0023815718	
S11000.gastroc.KL               	0.00837043	0.0088167467	0.0023558352	
S11000.gastroc.L0               	0.53530493	0.53688821	0.0017270918	
S11000.gastroc.KF               	-1.7680841	-1.7658439	0.0041893392	
S11000.soleus.KL                	0.78923552	0.77792759	0.0069802331	
S11000.soleus.L0                	0.93468565	0.93340777	0.0015756329	
S11000.soleus.KF                	-0.89789349	-0.89906422	0.0064332194	
S00011.vasti.KF                 	0.84011952	0.8386507	0.00088786909	
S00011.vasti.C0                 	0.081664465	0.0816936	0.00019010317	
S00011.vasti-knee_angle.pos_max 	-0.30171134	-0.3023642	0.00032601973	
S00011.hamstrings-pelvis_tilt.KP	0.72546928	0.72039448	0.0034926148	
S00011.hamstrings-pelvis_tilt.KV	0.56704566	0.56724326	0.00018326843	
S00011.hamstrings-pelvis_tilt.C0	0.025440187	0.026552632	0.00036127865	
S00011.glut_max-pelvis_tilt.KP  	1.4801547	1.4826081	0.0029484757	
S00011.glut_max-pelvis_tilt.KV  	0.31291257	0.31291884	0.00018057905	
S00011.glut_max-pelvis_tilt.C0  	0.16176929	0.16128073	0.00030944249	
S00011.iliopsoas-pelvis_tilt.KP 	-3.5173123	-3.5139505	0.0048977801	
S00011.iliopsoas-pelvis_tilt.KV 	-0.54077477	-0.54039369	0.0002174026	
S00011.iliopsoas-pelvis_tilt.C0 	0.33011647	0.33034839	0.0004804675	
S00100.iliopsoas.C0             	0.33185728	0.33190491	0.00026014025	
S00100.glut_max.C0              	-0.024415394	-0.024340861	0.00019611787	
S11000.iliopsoas.KL             	0.56032986	0.56062349	0.00022434395	
S11000.iliopsoas.L0             	0.38898538	0.3889545	0.00027504795	
S11000.iliopsoas-pelvis_tilt.P0 	-0.045321306	-0.0448693	0.00019808649	
S11000.iliopsoas-pelvis_tilt.KP 	0.01196527	0.011251229	0.00096607977	
S11000.iliopsoas-pelvis_tilt.KV 	0.14502157	0.14483751	0.00023941275	
S11000.iliopsoas-hamstrings.KL  	-8.2312261	-8.2483893	0.0080752362	
S11000.iliopsoas-hamstrings.L0  	1.1670476	1.1669943	0.00019561141	
S11000.hamstrings.KF            	0.57395631	0.5740282	0.00017840222	
S11000.glut_max.KF              	0.61847362	0.61854437	0.00020835234	
