pelvis_tilt.offset              	0.022940708	0.022917608	1.2316477e-05	
hip_flexion_r.offset            	0.068336406	0.068341669	1.1920409e-05	
knee_angle_r.offset             	0.0013445817	0.0013518924	1.258323e-05	
ankle_angle_r.offset            	-0.056815105	-0.056791202	1.7333419e-05	
hip_flexion_l.offset            	-0.0041100276	-0.0041179093	2.4440964e-05	
knee_angle_l.offset             	0.060062654	0.060102306	1.8438571e-05	
ankle_angle_l.offset            	0.18552643	0.18551269	1.6530831e-05	
stance_load_threshold           	0.15122862	0.15121359	1.921107e-05	
S00111.tib_ant.KL               	1.2897669	1.2902163	0.00030250706	
S00111.tib_ant.L0               	0.75757199	0.75754629	3.2923147e-05	
S00111.tib_ant.KS               	0.00016207757	0.00016815147	6.2873857e-06	
S11000.tib_ant.KL               	1.2090423	1.2088878	0.00018143615	
S11000.tib_ant.L0               	0.73469476	0.7347148	2.6444317e-05	
S11000.tib_ant.KS               	0.03527885	0.035298348	1.6285233e-05	
S11111.tib_ant-soleus.KF        	-0.10892337	-0.10896048	2.7492089e-05	
S00111.soleus-tib_ant.KS        	-0.866255	-0.86669544	0.00033271637	
S11000.soleus-tib_ant.KS        	-3.2605889	-3.2603196	0.00043327637	
S00111.gastroc-tib_ant.KS       	-0.35347622	-0.35350908	0.00024182407	
S11000.gastroc-tib_ant.KS       	-1.6736666	-1.6732587	0.00036324415	
S00111.tib_ant-gastroc.KS       	-0.00395169	-0.0038154259	0.0010921781	
S11000.tib_ant-gastroc.KS       	-0.00366451	-0.0034392846	0.0010672081	
S00111.tib_ant-soleus.KS        	-0.00346517	-0.0033525116	0.00111999	
S11000.tib_ant-soleus.KS        	-0.00313645	-0.0033492757	0.0010727867	
S00111.gastroc.KL               	0.078907817	0.078739133	0.00025105274	
S00111.gastroc.L0               	0.84151389	0.84165109	0.00013529595	
S00111.gastroc.KF               	1.4104299	1.4104474	1.759732e-05	
S00111.gastroc.KS               	0.17544998	0.17548962	0.0001275077	
S00111.soleus.KL                	4.0279439	4.0281852	0.00030804207	
S00111.soleus.L0                	0.96840244	0.96826749	7.2964617e-05	
S00111.soleus.KF                	0.22384811	0.22383268	2.559062e-05	
S00111.soleus.KS                	0.15831307	0.15827422	0.00020671771	
S11000.gastroc.KL               	0.0087535597	0.008704314	0.0001460432	
S11000.gastroc.L0               	0.53947947	0.53948325	0.00014100304	
S11000.gastroc.KF               	-1.7590014	-1.7590683	0.00035924169	
S11000.soleus.KL                	0.76641093	0.76752747	0.00056899792	
S11000.soleus.L0                	0.93594942	0.93594825	0.00013003731	
S11000.soleus.KF                	-0.8684579	-0.86792898	0.00052923314	
S00011.vasti.KF                 	0.83906028	0.83894439	7.582636e-05	
S00011.vasti.C0                 	0.082049481	0.082029663	1.5285023e-05	
S00011.vasti-knee_angle.pos_max 	-0.30382436	-0.30381884	2.7610097e-05	
S00011.hamstrings-pelvis_tilt.KP	0.7287465	0.72845865	0.00029771301	
S00011.hamstrings-pelvis_tilt.KV	0.56721856	0.56723411	1.491323e-05	
S00011.hamstrings-pelvis_tilt.C0	0.026681938	0.026677439	2.9671869e-05	
S00011.glut_max-pelvis_tilt.KP  	1.4747291	1.4744296	0.00025834957	
S00011.glut_max-pelvis_tilt.KV  	0.31306017	0.31304588	1.5486044e-05	
S00011.glut_max-pelvis_tilt.C0  	0.16053013	0.16051517	2.5533088e-05	
S00011.iliopsoas-pelvis_tilt.KP 	-3.5177109	-3.5179037	0.00039584373	
S00011.iliopsoas-pelvis_tilt.KV 	-0.5401912	-0.5401996	1.765445e-05	
S00011.iliopsoas-pelvis_tilt.C0 	0.33194048	0.33195281	3.9009867e-05	
S00100.iliopsoas.C0             	0.33118603	0.33120878	2.1720042e-05	
S00100.glut_max.C0              	-0.024339439	-0.024358252	1.6190628e-05	
S11000.iliopsoas.KL             	0.56083123	0.5608433	1.9076502e-05	
S11000.iliopsoas.L0             	0.38918992	0.38921951	2.2640677e-05	
S11000.iliopsoas-pelvis_tilt.P0 	-0.045220423	-0.045206401	1.5867898e-05	
S11000.iliopsoas-pelvis_tilt.KP 	0.011758739	0.011691954	7.1028399e-05	
S11000.iliopsoas-pelvis_tilt.KV 	0.14520689	0.14520277	2.0150248e-05	
S11000.iliopsoas-hamstrings.KL  	-8.2541639	-8.2543836	0.00067034552	
S11000.iliopsoas-hamstrings.L0  	1.1667945	1.1667631	1.5704576e-05	
S11000.hamstrings.KF            	0.57392702	0.573927	1.4766087e-05	
S11000.glut_max.KF              	0.61814313	0.61814461	1.7503864e-05	
