pelvis_tilt.offset              	0.022148653	0.022692094	0.0012901653	
hip_flexion_r.offset            	0.068622495	0.068461866	0.0012132648	
knee_angle_r.offset             	-0.0011340276	0.00088148418	0.0013314424	
ankle_angle_r.offset            	-0.054886661	-0.056150127	0.001740839	
hip_flexion_l.offset            	-0.0035399315	-0.0058423073	0.0024590517	
knee_angle_l.offset             	0.05435045	0.055943905	0.0018949736	
ankle_angle_l.offset            	0.18857024	0.18691982	0.0018167732	
stance_load_threshold           	0.14910281	0.15225057	0.0019997543	
S00111.tib_ant.KL               	1.2586528	1.2423979	0.033099075	
S00111.tib_ant.L0               	0.7661355	0.76735431	0.0035634191	
S00111.tib_ant.KS               	0.00015652	0.00016722991	0.0014337954	
S11000.tib_ant.KL               	1.1771427	1.1913569	0.018838914	
S11000.tib_ant.L0               	0.73519929	0.73750329	0.0027444212	
S11000.tib_ant.KS               	0.036961427	0.036065752	0.0017546801	
S11111.tib_ant-soleus.KF        	-0.11131239	-0.10951249	0.0029909078	
S00111.soleus-tib_ant.KS        	-0.89402901	-0.86259301	0.038073253	
S11000.soleus-tib_ant.KS        	-3.3047098	-3.2691956	0.04396851	
S00111.gastroc-tib_ant.KS       	-0.32641785	-0.3362104	0.033183699	
S11000.gastroc-tib_ant.KS       	-1.6466152	-1.6821765	0.036721439	
S00111.tib_ant-gastroc.KS       	-0.00395169	-0.003887799	0.28372177	
S11000.tib_ant-gastroc.KS       	-0.00331551	-0.0034716212	0.27731019	
S00111.tib_ant-soleus.KS        	-0.00346517	-0.0033337297	0.29125506	
S11000.tib_ant-soleus.KS        	-0.0034666	-0.0033540055	0.2788826	
S00111.gastroc.KL               	0.07523758	0.078086229	0.035462794	
S00111.gastroc.L0               	0.8365862	0.83869367	0.014514841	
S00111.gastroc.KF               	1.4122466	1.411094	0.0018551326	
S00111.soleus.KL                	4.0643537	4.0784787	0.032550595	
S00111.soleus.L0                	0.9621336	0.96409517	0.0083758018	
S00111.soleus.KF                	0.22909176	0.22916605	0.0026927684	
S11000.gastroc.KL               	0.00925153	0.0084869336	0.028298255	
S11000.gastroc.L0               	0.5099219	0.52193531	0.015316821	
S11000.gastroc.KF               	-1.8533329	-1.8420951	0.036090013	
S11000.soleus.KL                	0.84260236	0.81198721	0.064314899	
S11000.soleus.L0                	0.91939887	0.9008956	0.014048178	
S11000.soleus.KF                	-0.86753488	-0.91459452	0.059768076	
S00011.vasti.KF                 	0.82398687	0.81343131	0.0078914658	
S00011.vasti.C0                 	0.082764882	0.082676364	0.0017840925	
S00011.vasti-knee_angle.pos_max 	-0.30510215	-0.30387753	0.002726022	
S00011.hamstrings-pelvis_tilt.KP	0.71444056	0.72026184	0.031334507	
S00011.hamstrings-pelvis_tilt.KV	0.56711949	0.56634433	0.0015866211	
S00011.hamstrings-pelvis_tilt.C0	0.026655759	0.026167142	0.0034802798	
S00011.glut_max-pelvis_tilt.KP  	1.5515082	1.5024364	0.025817921	
S00011.glut_max-pelvis_tilt.KV  	0.31452121	0.31381161	0.0016127492	
S00011.glut_max-pelvis_tilt.C0  	0.16185646	0.15832263	0.00271148	
S00011.iliopsoas-pelvis_tilt.KP 	-3.4323606	-3.4857806	0.04333086	
S00011.iliopsoas-pelvis_tilt.KV 	-0.54288245	-0.54324873	0.0019757388	
S00011.iliopsoas-pelvis_tilt.C0 	0.33086389	0.32633756	0.0042603089	
S00100.iliopsoas.C0             	0.33555418	0.33749673	0.0023462513	
S00100.glut_max.C0              	-0.02342065	-0.024423393	0.0018036743	
S11000.iliopsoas.KL             	0.56740736	0.56245178	0.002000576	
S11000.iliopsoas.L0             	0.39189104	0.39186365	0.0022279272	
S11000.iliopsoas-pelvis_tilt.P0 	-0.042731015	-0.043224111	0.00178621	
S11000.iliopsoas-pelvis_tilt.KP 	0.01082572	0.011480754	0.011391495	
S11000.iliopsoas-pelvis_tilt.KV 	0.14692784	0.14618201	0.0020527823	
S11000.iliopsoas-hamstrings.KL  	-8.1601815	-8.3017247	0.073030157	
S11000.iliopsoas-hamstrings.L0  	1.1678549	1.1675525	0.0016649547	
S11000.hamstrings.KF            	0.57551863	0.57639674	0.0015970545	
S11000.glut_max.KF              	0.62061003	0.62136107	0.0018126782	
