pelvis_tilt.offset              	0.023976086	0.02259053	0.0012316834	
hip_flexion_r.offset            	0.067930507	0.068407097	0.0011587456	
knee_angle_r.offset             	0.00038860524	-0.00016145702	0.0012738264	
ankle_angle_r.offset            	-0.055917423	-0.055944823	0.0016617868	
hip_flexion_l.offset            	-0.0079361641	-0.0063549344	0.0023470203	
knee_angle_l.offset             	0.052495781	0.054721421	0.0018076241	
ankle_angle_l.offset            	0.18447706	0.18727103	0.0017334168	
stance_load_threshold           	0.15213959	0.15323399	0.0019168524	
S00111.tib_ant.KL               	1.2543295	1.2344885	0.031565005	
S00111.tib_ant.L0               	0.76728554	0.76440651	0.0034009935	
S00111.tib_ant.KS               	0.00015652	0.00016678746	0.0013618837	
S11000.tib_ant.KL               	1.1913721	1.1754521	0.018008708	
S11000.tib_ant.L0               	0.73129311	0.73655339	0.0026198066	
S11000.tib_ant.KS               	0.036580529	0.036092127	0.0016706975	
S11111.tib_ant-soleus.KF        	-0.11492025	-0.11044813	0.0028500043	
S00111.soleus-tib_ant.KS        	-0.88741828	-0.88577587	0.036234561	
S11000.soleus-tib_ant.KS        	-3.246371	-3.2742119	0.041875889	
S00111.gastroc-tib_ant.KS       	-0.32410526	-0.3375041	0.031551385	
S11000.gastroc-tib_ant.KS       	-1.6322522	-1.648217	0.035096934	
S00111.tib_ant-gastroc.KS       	-0.00395169	-0.0037695508	0.26949172	
S11000.tib_ant-gastroc.KS       	-0.00366451	-0.0034275939	0.26340171	
S00111.tib_ant-soleus.KS        	-0.00313515	-0.0033287264	0.27664718	
S11000.tib_ant-soleus.KS        	-0.00313645	-0.0032986927	0.26489526	
S00111.gastroc.KL               	0.07523758	0.080132405	0.033686544	
S00111.gastroc.L0               	0.82515398	0.83615117	0.013840063	
S00111.gastroc.KF               	1.4095588	1.411137	0.0017674193	
S00111.soleus.KL                	4.0522211	4.0657081	0.031029054	
S00111.soleus.L0                	0.96683152	0.96495528	0.0080186706	
S00111.soleus.KF                	0.22855766	0.23028658	0.0025706162	
S11000.gastroc.KL               	0.00925153	0.0088881698	0.026879006	
S11000.gastroc.L0               	0.50279864	0.51933876	0.01460817	
S11000.gastroc.KF               	-1.8108302	-1.8424393	0.034402316	
S11000.soleus.KL                	0.76235452	0.79797253	0.061171964	
S11000.soleus.L0                	0.9120695	0.91291587	0.013435187	
S11000.soleus.KF                	-0.95885434	-0.9155179	0.056861975	
S00011.vasti.KF                 	0.80633424	0.81257686	0.0075410226	
S00011.vasti.C0                 	0.08288759	0.081654961	0.001702814	
S00011.vasti-knee_angle.pos_max 	-0.30416574	-0.30492923	0.0026076382	
S00011.hamstrings-pelvis_tilt.KP	0.6944299	0.70701757	0.029872393	
S00011.hamstrings-pelvis_tilt.KV	0.56494917	0.56662926	0.0015156551	
S00011.hamstrings-pelvis_tilt.C0	0.02778807	0.026931928	0.0033076948	
S00011.glut_max-pelvis_tilt.KP  	1.5687539	1.518751	0.024698166	
S00011.glut_max-pelvis_tilt.KV  	0.31359112	0.31263292	0.0015385441	
S00011.glut_max-pelvis_tilt.C0  	0.15217148	0.15814099	0.0025930584	
S00011.iliopsoas-pelvis_tilt.KP 	-3.5846517	-3.5052591	0.041321999	
S00011.iliopsoas-pelvis_tilt.KV 	-0.54271334	-0.54250264	0.0018862923	
S00011.iliopsoas-pelvis_tilt.C0 	0.33675743	0.32824313	0.0040718799	
S00100.iliopsoas.C0             	0.33883692	0.33706639	0.0022349116	
S00100.glut_max.C0              	-0.02342065	-0.024297278	0.0017156509	
S11000.iliopsoas.KL             	0.56461543	0.56395619	0.0019137577	
S11000.iliopsoas.L0             	0.39271276	0.39098954	0.0021300895	
S11000.iliopsoas-pelvis_tilt.P0 	-0.04475641	-0.043439293	0.001702364	
S11000.iliopsoas-pelvis_tilt.KP 	0.01196527	0.011607582	0.010820307	
S11000.iliopsoas-pelvis_tilt.KV 	0.14763867	0.14778913	0.0019631588	
S11000.iliopsoas-hamstrings.KL  	-8.3860943	-8.2823181	0.069712577	
S11000.iliopsoas-hamstrings.L0  	1.1659268	1.1680162	0.0015938846	
S11000.hamstrings.KF            	0.57480902	0.57661138	0.0015250806	
S11000.glut_max.KF              	0.61955995	0.62184249	0.0017305869	
