pelvis_tilt.offset              	0.02304188	0.023372494	0.00083499027	
hip_flexion_r.offset            	0.069992252	0.069591469	0.00077974489	
knee_angle_r.offset             	-0.0023725224	-0.0004158514	0.00086212506	
ankle_angle_r.offset            	-0.056831322	-0.057197247	0.001107642	
hip_flexion_l.offset            	-0.0070582404	-0.0051350031	0.0015797318	
knee_angle_l.offset             	0.05597032	0.052276049	0.0012514057	
ankle_angle_l.offset            	0.18264149	0.18305281	0.0011859209	
stance_load_threshold           	0.15540476	0.15571938	0.0012960867	
S00111.tib_ant.KL               	1.2368275	1.2109872	0.021008334	
S00111.tib_ant.L0               	0.77519441	0.77297986	0.002332035	
S00111.tib_ant.KS               	0.00015652	0.00016911778	0.00085221863	
S11000.tib_ant.KL               	1.1728806	1.1898493	0.012100183	
S11000.tib_ant.L0               	0.73101605	0.73117621	0.0017889872	
S11000.tib_ant.KS               	0.036913289	0.036177832	0.001093987	
S11111.tib_ant-soleus.KF        	-0.11165001	-0.10905972	0.0019131562	
S00111.soleus-tib_ant.KS        	-0.89402901	-0.85213037	0.023816242	
S11000.soleus-tib_ant.KS        	-3.2823199	-3.2706038	0.0281356	
S00111.gastroc-tib_ant.KS       	-0.32171493	-0.32432359	0.020127317	
S11000.gastroc-tib_ant.KS       	-1.7449247	-1.7356395	0.023682191	
S00111.tib_ant-gastroc.KS       	-0.00357534	-0.0037993372	0.16863755	
S11000.tib_ant-gastroc.KS       	-0.00366451	-0.0034203064	0.16482666	
S00111.tib_ant-soleus.KS        	-0.00346517	-0.0032867731	0.17311516	
S11000.tib_ant-soleus.KS        	-0.00313645	-0.0033766095	0.16576126	
S00111.gastroc.KL               	0.079574604	0.078686325	0.02111639	
S00111.gastroc.L0               	0.838641	0.83820813	0.00923689	
S00111.gastroc.KF               	1.4090322	1.4088342	0.0011858342	
S00111.soleus.KL                	4.0737232	4.0858167	0.021023249	
S00111.soleus.L0                	0.96322025	0.95302422	0.0053760719	
S00111.soleus.KF                	0.23091257	0.23409654	0.0017689354	
S11000.gastroc.KL               	0.00837043	0.0087962462	0.01682046	
S11000.gastroc.L0               	0.54467423	0.53095812	0.0097526488	
S11000.gastroc.KF               	-1.815727	-1.8187046	0.023212267	
S11000.soleus.KL                	0.78957445	0.82251187	0.039375325	
S11000.soleus.L0                	0.89330309	0.88594144	0.0090685466	
S11000.soleus.KF                	-0.91407934	-0.91052758	0.036915316	
S00011.vasti.KF                 	0.8273745	0.82961613	0.0051591237	
S00011.vasti.C0                 	0.087493945	0.085435229	0.0011458151	
S00011.vasti-knee_angle.pos_max 	-0.30848472	-0.30940092	0.0017607262	
S00011.hamstrings-pelvis_tilt.KP	0.70723685	0.70346628	0.019826968	
S00011.hamstrings-pelvis_tilt.KV	0.56536179	0.56593247	0.001012268	
S00011.hamstrings-pelvis_tilt.C0	0.02514159	0.026243747	0.0021018555	
S00011.glut_max-pelvis_tilt.KP  	1.5366814	1.5220046	0.016569934	
S00011.glut_max-pelvis_tilt.KV  	0.3131652	0.31412317	0.0010358318	
S00011.glut_max-pelvis_tilt.C0  	0.15437424	0.15482507	0.0017432891	
S00011.iliopsoas-pelvis_tilt.KP 	-3.5068281	-3.5264975	0.027999168	
S00011.iliopsoas-pelvis_tilt.KV 	-0.53925421	-0.54164175	0.00126225	
S00011.iliopsoas-pelvis_tilt.C0 	0.33513109	0.33662107	0.0027766606	
S00100.iliopsoas.C0             	0.33587466	0.33547323	0.001523348	
S00100.glut_max.C0              	-0.02342065	-0.024652885	0.0011096783	
S11000.iliopsoas.KL             	0.56384734	0.5639596	0.0012909737	
S11000.iliopsoas.L0             	0.38986128	0.38799561	0.0014464172	
S11000.iliopsoas-pelvis_tilt.P0 	-0.043885513	-0.043548135	0.0011223968	
S11000.iliopsoas-pelvis_tilt.KP 	0.01196527	0.011283215	0.0067733077	
S11000.iliopsoas-pelvis_tilt.KV 	0.14441501	0.14533116	0.0013088887	
S11000.iliopsoas-hamstrings.KL  	-8.264279	-8.2520892	0.046905509	
S11000.iliopsoas-hamstrings.L0  	1.1707479	1.1709964	0.0010939902	
S11000.hamstrings.KF            	0.57714176	0.57700034	0.0010401364	
S11000.glut_max.KF              	0.62032462	0.61978591	0.0011544064	
