pelvis_tilt.offset              	0.026691658	0.027267029	0.00084456886	
hip_flexion_r.offset            	0.073363692	0.072605586	0.00078059856	
knee_angle_r.offset             	0.00045255434	0.00095042381	0.00084045969	
ankle_angle_r.offset            	-0.057364388	-0.057507376	0.0010979803	
hip_flexion_l.offset            	-0.0051513886	-0.0029059669	0.0015632428	
knee_angle_l.offset             	0.055290118	0.053897173	0.0012085933	
ankle_angle_l.offset            	0.18658737	0.18646123	0.0011475766	
stance_load_threshold           	0.14810245	0.14670351	0.0012713902	
S00111.tib_ant.KL               	1.277381	1.2493175	0.020792363	
S00111.tib_ant.L0               	0.75581585	0.75653315	0.00224481	
S00111.tib_ant.KS               	0.00015652	0.00016743185	0.00084559017	
S11000.tib_ant.KL               	1.2041147	1.2119175	0.011955601	
S11000.tib_ant.L0               	0.73523031	0.73605685	0.0017373813	
S11000.tib_ant.KS               	0.035560469	0.034786866	0.0010803982	
S11111.tib_ant-soleus.KF        	-0.11299031	-0.11229289	0.001874837	
S00111.soleus-tib_ant.KS        	-0.80888339	-0.8280782	0.02337352	
S00111.gastroc-tib_ant.KS       	-0.32171493	-0.33061701	0.019899492	
S11000.soleus-tib_ant.KS        	-3.3570028	-3.3484532	0.02807284	
S11000.gastroc-tib_ant.KS       	-1.7335291	-1.7279213	0.023259671	
S00111.tib_ant-soleus.KS        	-0.00346517	-0.003287866	0.17176882	
S00111.tib_ant-gastroc.KS       	-0.00395169	-0.0037203712	0.16732603	
S11000.tib_ant-soleus.KS        	-0.00313645	-0.0033455561	0.16447211	
S11000.tib_ant-gastroc.KS       	-0.00331551	-0.0034188265	0.16354478	
S00111.soleus.KL                	4.0627573	4.0701496	0.020493482	
S00111.soleus.L0                	0.98384613	0.9732716	0.0052355552	
S00111.soleus.KF                	0.22702123	0.2257396	0.00169993	
S00111.soleus.KS                	0.16520068	0.15753725	0.014274235	
S00111.gastroc.KL               	0.08315732	0.078233095	0.020947191	
S00111.gastroc.L0               	0.83406001	0.83205593	0.0091662925	
S00111.gastroc.KF               	1.4135174	1.412768	0.0011747606	
S00111.gastroc.KS               	0.16049832	0.16827552	0.0098465009	
S11000.soleus.KL                	0.80697841	0.80585503	0.039013088	
S11000.soleus.L0                	0.90213223	0.88704756	0.0088942203	
S11000.soleus.KF                	-0.91564647	-0.93550974	0.036411471	
S11000.soleus.KS                	0.11302564	0.10733129	0.031030339	
S11000.gastroc.KL               	0.00925153	0.0088065936	0.01668954	
S11000.gastroc.L0               	0.52919186	0.52413788	0.0095159479	
S11000.gastroc.KF               	-1.8816933	-1.8859215	0.022647858	
S11000.gastroc.KS               	0.27483204	0.26779885	0.020060076	
S00011.vasti.KF                 	0.7956752	0.79534843	0.0049939122	
S00011.vasti.C0                 	0.081498145	0.080932386	0.0010828548	
S00011.vasti-knee_angle.pos_max 	-0.30592207	-0.3091752	0.0017377809	
S00011.hamstrings-pelvis_tilt.KP	0.69920503	0.7003113	0.019423871	
S00011.hamstrings-pelvis_tilt.KV	0.56714073	0.56727847	0.00099560289	
S00011.hamstrings-pelvis_tilt.C0	0.026092701	0.02660523	0.0020801635	
S00011.glut_max-pelvis_tilt.KP  	1.5021281	1.5417212	0.016251581	
S00011.glut_max-pelvis_tilt.KV  	0.31235851	0.31319583	0.001013562	
S00011.glut_max-pelvis_tilt.C0  	0.15540584	0.15479301	0.0017346695	
S00011.iliopsoas-pelvis_tilt.KP 	-3.4879196	-3.5117684	0.027300239	
S00011.iliopsoas-pelvis_tilt.KV 	-0.5413728	-0.54387702	0.001243871	
S00011.iliopsoas-pelvis_tilt.C0 	0.33925475	0.3374922	0.0027277266	
S00100.iliopsoas.C0             	0.33654808	0.33507231	0.0014845311	
S00100.glut_max.C0              	-0.02342065	-0.024398369	0.001095751	
S11000.iliopsoas.KL             	0.56881312	0.56813655	0.0012815171	
S11000.iliopsoas.L0             	0.38668678	0.38735374	0.0014299249	
S11000.iliopsoas-pelvis_tilt.P0 	-0.04637422	-0.044276481	0.001114545	
S11000.iliopsoas-pelvis_tilt.KP 	0.01196527	0.011299363	0.0067204227	
S11000.iliopsoas-pelvis_tilt.KV 	0.14226307	0.14342237	0.0013100599	
S11000.iliopsoas-hamstrings.KL  	-8.3522592	-8.3485634	0.045842081	
S11000.iliopsoas-hamstrings.L0  	1.1648942	1.1651497	0.001040023	
S11000.hamstrings.KF            	0.57811617	0.57800448	0.0010024862	
S11000.glut_max.KF              	0.61902062	0.62043446	0.0011553154	
