pelvis_tilt.offset              	0.024505485	0.023777976	0.00062750353	
hip_flexion_r.offset            	0.068445141	0.067749978	0.00059291424	
knee_angle_r.offset             	0.0018311816	0.001633375	0.0006441756	
ankle_angle_r.offset            	-0.053049538	-0.05275931	0.00086007535	
hip_flexion_l.offset            	-0.0026493427	-0.0011472794	0.0012105877	
knee_angle_l.offset             	0.056911138	0.057879833	0.00092845201	
ankle_angle_l.offset            	0.18744045	0.18589171	0.00088978042	
stance_load_threshold           	0.15455605	0.15531351	0.00099243127	
S00111.tib_ant.KL               	1.2359585	1.2425133	0.016045865	
S00111.tib_ant.L0               	0.76049167	0.76136479	0.0017338476	
S00111.tib_ant.KS               	0.00015652	0.00017025655	0.00064666165	
S11000.tib_ant.KL               	1.1930104	1.2016801	0.0092459667	
S11000.tib_ant.L0               	0.73581473	0.73708045	0.0013493987	
S11000.tib_ant.KS               	0.035607803	0.035902928	0.00083369144	
S11111.tib_ant-soleus.KF        	-0.11625278	-0.11467129	0.0014364659	
S00111.soleus-tib_ant.KS        	-0.83469423	-0.85492	0.018148425	
S00111.gastroc-tib_ant.KS       	-0.35557966	-0.35219891	0.015319206	
S11000.soleus-tib_ant.KS        	-3.2512561	-3.2486749	0.021444705	
S11000.gastroc-tib_ant.KS       	-1.6422136	-1.65001	0.017952864	
S00111.tib_ant-soleus.KS        	-0.00313515	-0.003280204	0.13135928	
S00111.tib_ant-gastroc.KS       	-0.00395169	-0.0037014121	0.12796168	
S11000.tib_ant-soleus.KS        	-0.00313645	-0.003291627	0.12577916	
S11000.tib_ant-gastroc.KS       	-0.00331551	-0.0034000243	0.12506999	
S00111.soleus.KL                	3.9453173	3.9487968	0.015955682	
S00111.soleus.L0                	0.96708825	0.96563377	0.0040500709	
S00111.soleus.KF                	0.23047308	0.23089743	0.0013188524	
S00111.soleus.KS                	0.15747934	0.15712385	0.010966481	
S00111.gastroc.KL               	0.079093299	0.07969737	0.016025332	
S00111.gastroc.L0               	0.84543319	0.85416451	0.007066956	
S00111.gastroc.KF               	1.4075637	1.4074385	0.00090372612	
S00111.gastroc.KS               	0.17152393	0.17511329	0.0075851291	
S11000.soleus.KL                	0.79296066	0.77094734	0.030006212	
S11000.soleus.L0                	0.91006934	0.90755952	0.006853839	
S11000.soleus.KF                	-0.88409953	-0.89785614	0.02809352	
S11000.soleus.KS                	0.11302564	0.10924879	0.023741202	
S11000.gastroc.KL               	0.00925153	0.0086105304	0.012763448	
S11000.gastroc.L0               	0.53637	0.53636633	0.0073687282	
S11000.gastroc.KF               	-1.8024416	-1.7942812	0.017325894	
S11000.gastroc.KS               	0.25811351	0.26999781	0.015414277	
S00011.vasti.KF                 	0.85200107	0.85116641	0.0038857942	
S00011.vasti.C0                 	0.084859334	0.085336399	0.00085807852	
S00011.vasti-knee_angle.pos_max 	-0.3152544	-0.31509513	0.0013452271	
S00011.hamstrings-pelvis_tilt.KP	0.68746802	0.70658811	0.014994872	
S00011.hamstrings-pelvis_tilt.KV	0.56757902	0.56755286	0.00077389357	
S00011.hamstrings-pelvis_tilt.C0	0.02778807	0.026121116	0.0015969387	
S00011.glut_max-pelvis_tilt.KP  	1.527039	1.5218956	0.012360386	
S00011.glut_max-pelvis_tilt.KV  	0.31287273	0.31313313	0.00078498949	
S00011.glut_max-pelvis_tilt.C0  	0.16097886	0.15965821	0.0013295922	
S00011.iliopsoas-pelvis_tilt.KP 	-3.4462344	-3.4531118	0.02121911	
S00011.iliopsoas-pelvis_tilt.KV 	-0.54420051	-0.54293284	0.00096217856	
S00011.iliopsoas-pelvis_tilt.C0 	0.33150803	0.33204439	0.0020830693	
S00100.iliopsoas.C0             	0.33941115	0.33927872	0.001139529	
S00100.glut_max.C0              	-0.02342065	-0.02456199	0.00084580472	
S11000.iliopsoas.KL             	0.5595637	0.56011051	0.00097482266	
S11000.iliopsoas.L0             	0.38990847	0.38923586	0.0010857823	
S11000.iliopsoas-pelvis_tilt.P0 	-0.045152566	-0.045482198	0.00085475505	
S11000.iliopsoas-pelvis_tilt.KP 	0.01196527	0.011316176	0.0051400447	
S11000.iliopsoas-pelvis_tilt.KV 	0.14984404	0.1498755	0.0010204517	
S11000.iliopsoas-hamstrings.KL  	-8.3376132	-8.3837008	0.035627812	
S11000.iliopsoas-hamstrings.L0  	1.1636409	1.1635303	0.00082186928	
S11000.hamstrings.KF            	0.57217326	0.57236951	0.00077954325	
S11000.glut_max.KF              	0.61960244	0.6202777	0.00088428621	
