pelvis_tilt.offset              	0.030627802	0.030746697	0.00052480901	
hip_flexion_r.offset            	0.07343245	0.073008351	0.0004641533	
knee_angle_r.offset             	0.001633371	0.0018254624	0.0004975014	
ankle_angle_r.offset            	-0.05972393	-0.059416152	0.00064672345	
hip_flexion_l.offset            	-0.0033043407	-0.0020654189	0.00093478793	
knee_angle_l.offset             	0.055005129	0.05525673	0.00071786249	
ankle_angle_l.offset            	0.18679741	0.18684849	0.0006761068	
stance_load_threshold           	0.14474736	0.14602894	0.00074934592	
S00111.tib_ant.KL               	1.2553521	1.2625203	0.012178391	
S00111.tib_ant.L0               	0.75362325	0.75438154	0.001335656	
S00111.tib_ant.KS               	0.000173	0.00016477074	0.00045977224	
S11000.tib_ant.KL               	1.2235663	1.2254402	0.0070146268	
S11000.tib_ant.L0               	0.73280423	0.73190777	0.0010394519	
S11000.tib_ant.KS               	0.036876499	0.035884092	0.000631088	
S11111.tib_ant-soleus.KF        	-0.1104985	-0.10959364	0.0011105483	
S00111.soleus-tib_ant.KS        	-0.85976764	-0.84820831	0.013622875	
S00111.gastroc-tib_ant.KS       	-0.32171493	-0.33824116	0.011310682	
S11000.soleus-tib_ant.KS        	-3.3937884	-3.3832362	0.016653523	
S11000.gastroc-tib_ant.KS       	-1.7535167	-1.7429871	0.013743425	
S00111.tib_ant-soleus.KS        	-0.00346517	-0.0032940457	0.093394212	
S00111.tib_ant-gastroc.KS       	-0.00395169	-0.003678852	0.090978585	
S11000.tib_ant-soleus.KS        	-0.0034666	-0.0032828394	0.089426845	
S11000.tib_ant-gastroc.KS       	-0.00331551	-0.0035308554	0.088922636	
S00111.soleus.KL                	4.0639102	4.0605759	0.012017672	
S00111.soleus.L0                	0.9543607	0.96043368	0.0030733087	
S00111.soleus.KF                	0.22614518	0.22537088	0.0010092293	
S00111.soleus.KS                	0.16502601	0.15677715	0.0079669014	
S00111.gastroc.KL               	0.07523758	0.08005279	0.011445239	
S00111.gastroc.L0               	0.83266005	0.83778967	0.0053592514	
S00111.gastroc.KF               	1.4131556	1.4136188	0.00069013903	
S00111.gastroc.KS               	0.16842452	0.16977942	0.0055903201	
S11000.soleus.KL                	0.79415302	0.80520716	0.02247354	
S11000.soleus.L0                	0.89900063	0.89948464	0.0052513297	
S11000.soleus.KF                	-0.92492249	-0.90457677	0.021105257	
S11000.soleus.KS                	0.11302564	0.10662208	0.016946231	
S11000.gastroc.KL               	0.00837043	0.008965115	0.0090755281	
S11000.gastroc.L0               	0.54989184	0.53609845	0.0055773551	
S11000.gastroc.KF               	-1.8581625	-1.8450954	0.013457163	
S11000.gastroc.KS               	0.27887874	0.27069664	0.011322292	
S00011.vasti.KF                 	0.78546763	0.78323581	0.0029613257	
S00011.vasti.C0                 	0.080961745	0.081706208	0.00062245675	
S00011.vasti-knee_angle.pos_max 	-0.31092081	-0.31001342	0.0010265895	
S00011.hamstrings-pelvis_tilt.KP	0.67319956	0.69656063	0.011420212	
S00011.hamstrings-pelvis_tilt.KV	0.57000073	0.56956934	0.00059856366	
S00011.hamstrings-pelvis_tilt.C0	0.027595824	0.026649779	0.0011694741	
S00011.glut_max-pelvis_tilt.KP  	1.5250936	1.5385275	0.0096226669	
S00011.glut_max-pelvis_tilt.KV  	0.31088449	0.31060165	0.00060102818	
S00011.glut_max-pelvis_tilt.C0  	0.15482573	0.15463926	0.0010321562	
S00011.iliopsoas-pelvis_tilt.KP 	-3.4861096	-3.4837007	0.016083579	
S00011.iliopsoas-pelvis_tilt.KV 	-0.54347824	-0.54403662	0.00073168822	
S00011.iliopsoas-pelvis_tilt.C0 	0.33664909	0.33952472	0.0016256904	
S00100.iliopsoas.C0             	0.33537592	0.33455872	0.00087774079	
S00100.glut_max.C0              	-0.025325076	-0.024693101	0.00063491795	
S11000.iliopsoas.KL             	0.57318916	0.57354699	0.00079317681	
S11000.iliopsoas.L0             	0.38493097	0.38414622	0.00084607387	
S11000.iliopsoas-pelvis_tilt.P0 	-0.045551474	-0.044995603	0.0006599864	
S11000.iliopsoas-pelvis_tilt.KP 	0.0112519	0.011037829	0.0036583478	
S11000.iliopsoas-pelvis_tilt.KV 	0.14239576	0.14324221	0.00077419173	
S11000.iliopsoas-hamstrings.KL  	-8.3046594	-8.3187206	0.027257645	
S11000.iliopsoas-hamstrings.L0  	1.1658275	1.1669506	0.00061180668	
S11000.hamstrings.KF            	0.57794592	0.57867811	0.00060292925	
S11000.glut_max.KF              	0.6195924	0.61920079	0.00067766979	
