pelvis_tilt.offset              	0.020703671	0.021058542	0.00028041286	
hip_flexion_r.offset            	0.066034443	0.065669238	0.00027138339	
knee_angle_r.offset             	0.0037820999	0.0035272925	0.00029557404	
ankle_angle_r.offset            	-0.058418955	-0.058703603	0.00038853587	
hip_flexion_l.offset            	-0.0098138451	-0.0095038571	0.00055306313	
knee_angle_l.offset             	0.054641495	0.054059573	0.00042377387	
ankle_angle_l.offset            	0.18630183	0.18559975	0.00040470932	
stance_load_threshold           	0.15112116	0.15142805	0.00044541328	
S00111.tib_ant.KL               	1.2948735	1.2952424	0.0071874427	
S00111.tib_ant.L0               	0.74402086	0.74426511	0.00086091798	
S00111.tib_ant.KS               	0.00015652	0.00016915779	0.00025454705	
S11000.tib_ant.KL               	1.1769599	1.1770709	0.0042288734	
S11000.tib_ant.L0               	0.74086718	0.74159681	0.00060775375	
S11000.tib_ant.KS               	0.035753369	0.035754641	0.00037915607	
S11111.tib_ant-soleus.KF        	-0.10667497	-0.10651315	0.0006551226	
S00111.soleus-tib_ant.KS        	-0.83725122	-0.83826221	0.0081294976	
S00111.gastroc-tib_ant.KS       	-0.33429457	-0.33990184	0.0067237298	
S11000.soleus-tib_ant.KS        	-3.1779983	-3.1647276	0.009936092	
S11000.gastroc-tib_ant.KS       	-1.6293042	-1.6459893	0.0083014877	
S00111.tib_ant-soleus.KS        	-0.00346517	-0.0033318803	0.051702998	
S00111.tib_ant-gastroc.KS       	-0.00395169	-0.0037787353	0.050365716	
S11000.tib_ant-soleus.KS        	-0.00313645	-0.0033342697	0.049506666	
S11000.tib_ant-gastroc.KS       	-0.00331551	-0.0034735906	0.049227541	
S00111.soleus.KL                	4.0870737	4.0808495	0.0072667244	
S00111.soleus.L0                	0.97542348	0.97386552	0.0018797612	
S00111.soleus.KF                	0.23090403	0.23099383	0.00059999508	
S00111.soleus.KS                	0.14946728	0.1525318	0.004670307	
S00111.gastroc.KL               	0.08315732	0.079647565	0.0064494041	
S00111.gastroc.L0               	0.81761641	0.82326339	0.0032134229	
S00111.gastroc.KF               	1.4133861	1.4138375	0.0004177798	
S00111.gastroc.KS               	0.17250736	0.17461229	0.0032762674	
S11000.soleus.KL                	0.7847013	0.78952888	0.013395752	
S11000.soleus.L0                	0.86003364	0.85834121	0.0031312634	
S11000.soleus.KF                	-0.91627407	-0.9155947	0.012467393	
S11000.soleus.KS                	0.11302564	0.10882748	0.0095170626	
S11000.gastroc.KL               	0.00837043	0.0088390503	0.0050266045	
S11000.gastroc.L0               	0.53625996	0.53494464	0.0033217755	
S11000.gastroc.KF               	-1.7727701	-1.7702913	0.0079897294	
S11000.gastroc.KS               	0.27729957	0.26826756	0.0066734913	
S00011.vasti.KF                 	0.8228467	0.82147565	0.0017048605	
S00011.vasti.C0                 	0.080692792	0.08046258	0.00035403364	
S00011.vasti-knee_angle.pos_max 	-0.31629743	-0.31668688	0.00062062001	
S00011.hamstrings-pelvis_tilt.KP	0.71482758	0.72522158	0.0065504808	
S00011.hamstrings-pelvis_tilt.KV	0.56375473	0.56410631	0.00035326127	
S00011.hamstrings-pelvis_tilt.C0	0.026228841	0.026519081	0.00068626278	
S00011.glut_max-pelvis_tilt.KP  	1.4325086	1.4316925	0.0058236215	
S00011.glut_max-pelvis_tilt.KV  	0.31748454	0.31730899	0.0003592809	
S00011.glut_max-pelvis_tilt.C0  	0.15785397	0.15916028	0.00059700311	
S00011.iliopsoas-pelvis_tilt.KP 	-3.3514886	-3.3492015	0.0095199631	
S00011.iliopsoas-pelvis_tilt.KV 	-0.5449629	-0.54581129	0.00044598504	
S00011.iliopsoas-pelvis_tilt.C0 	0.32068859	0.32041842	0.00095175078	
S00100.iliopsoas.C0             	0.33653844	0.33704233	0.00052860158	
S00100.glut_max.C0              	-0.024551813	-0.024284146	0.00037185416	
S11000.iliopsoas.KL             	0.56202561	0.56240843	0.00044322734	
S11000.iliopsoas.L0             	0.39498057	0.39572183	0.00049379204	
S11000.iliopsoas-pelvis_tilt.P0 	-0.043912777	-0.044883905	0.00038671693	
S11000.iliopsoas-pelvis_tilt.KP 	0.011514431	0.01121688	0.0020345358	
S11000.iliopsoas-pelvis_tilt.KV 	0.15023281	0.14997523	0.00046482724	
S11000.iliopsoas-hamstrings.KL  	-8.277744	-8.2702392	0.016401882	
S11000.iliopsoas-hamstrings.L0  	1.1596923	1.1596802	0.00036681486	
S11000.hamstrings.KF            	0.57231661	0.5721317	0.00035844765	
S11000.glut_max.KF              	0.62441133	0.62499957	0.00041216166	
