pelvis_tilt.offset              	0.020316811	0.020534751	0.00023901595	
hip_flexion_r.offset            	0.065695819	0.065611609	0.0002303549	
knee_angle_r.offset             	0.0033919698	0.0036349582	0.00025194337	
ankle_angle_r.offset            	-0.058272234	-0.058378064	0.00033134229	
hip_flexion_l.offset            	-0.0087385031	-0.0093279973	0.00047110508	
knee_angle_l.offset             	0.05315271	0.053445812	0.00036153246	
ankle_angle_l.offset            	0.1866892	0.18641893	0.0003439705	
stance_load_threshold           	0.15085177	0.15097958	0.0003846382	
S00111.tib_ant.KL               	1.2876819	1.2921201	0.0061197447	
S00111.tib_ant.L0               	0.74397372	0.74296803	0.00074087128	
S00111.tib_ant.KS               	0.000173	0.00016774259	0.00021005301	
S11000.tib_ant.KL               	1.1818409	1.1828901	0.0036008112	
S11000.tib_ant.L0               	0.74096215	0.74117036	0.0005179001	
S11000.tib_ant.KS               	0.035729296	0.035928443	0.00032102573	
S11111.tib_ant-soleus.KF        	-0.10836625	-0.1072107	0.00055788802	
S00111.soleus-tib_ant.KS        	-0.82919871	-0.83285495	0.0069413106	
S00111.gastroc-tib_ant.KS       	-0.33816203	-0.33432554	0.0057164728	
S11000.soleus-tib_ant.KS        	-3.1490353	-3.1654003	0.0084954501	
S11000.gastroc-tib_ant.KS       	-1.6363522	-1.6397322	0.0070876787	
S00111.tib_ant-soleus.KS        	-0.00313515	-0.0033459854	0.04266379	
S00111.tib_ant-gastroc.KS       	-0.00395169	-0.0037084768	0.04156031	
S11000.tib_ant-soleus.KS        	-0.00313645	-0.0032421206	0.040851443	
S11000.tib_ant-gastroc.KS       	-0.00366451	-0.0034656344	0.04062112	
S00111.soleus.KL                	4.0883955	4.0823915	0.0062170252	
S00111.soleus.L0                	0.97521095	0.97331534	0.0015923701	
S00111.soleus.KF                	0.22956544	0.23017487	0.00051048999	
S00111.soleus.KS                	0.15995148	0.15762557	0.0039218355	
S00111.gastroc.KL               	0.08315732	0.079374519	0.0053743939	
S00111.gastroc.L0               	0.8206165	0.82110511	0.0027789132	
S00111.gastroc.KF               	1.4135861	1.4138668	0.00035587152	
S00111.gastroc.KS               	0.16627234	0.16872238	0.0027710455	
S11000.soleus.KL                	0.76235452	0.78346577	0.011350972	
S11000.soleus.L0                	0.85761591	0.85898581	0.0026662619	
S11000.soleus.KF                	-0.88074746	-0.88617012	0.010657357	
S11000.soleus.KS                	0.11302564	0.10881291	0.0079181921	
S11000.gastroc.KL               	0.00925153	0.0089236327	0.0041490323	
S11000.gastroc.L0               	0.52845774	0.53036368	0.0028202688	
S11000.gastroc.KF               	-1.7762587	-1.7717513	0.0067881347	
S11000.gastroc.KS               	0.26966135	0.26655231	0.0056922572	
S00011.vasti.KF                 	0.82098178	0.82174946	0.0014496985	
S00011.vasti.C0                 	0.080331746	0.080216615	0.00029790445	
S00011.vasti-knee_angle.pos_max 	-0.3171176	-0.31699307	0.00053326015	
S00011.hamstrings-pelvis_tilt.KP	0.72425176	0.71684228	0.0055920308	
S00011.hamstrings-pelvis_tilt.KV	0.56379215	0.56371413	0.00030066398	
S00011.hamstrings-pelvis_tilt.C0	0.025769779	0.026414034	0.00058212386	
S00011.glut_max-pelvis_tilt.KP  	1.4352112	1.4293645	0.0049328677	
S00011.glut_max-pelvis_tilt.KV  	0.31786747	0.3173023	0.00030430355	
S00011.glut_max-pelvis_tilt.C0  	0.15896717	0.15947683	0.00050846605	
S00011.iliopsoas-pelvis_tilt.KP 	-3.3544898	-3.3579543	0.008057281	
S00011.iliopsoas-pelvis_tilt.KV 	-0.54597294	-0.54578331	0.00037863761	
S00011.iliopsoas-pelvis_tilt.C0 	0.31920151	0.31946476	0.00080716935	
S00100.iliopsoas.C0             	0.33588339	0.33668597	0.00044797323	
S00100.glut_max.C0              	-0.024658473	-0.024722743	0.00031630434	
S11000.iliopsoas.KL             	0.56336498	0.56281772	0.00037763434	
S11000.iliopsoas.L0             	0.39511294	0.39534893	0.00042380173	
S11000.iliopsoas-pelvis_tilt.P0 	-0.044427448	-0.044962549	0.00033015289	
S11000.iliopsoas-pelvis_tilt.KP 	0.011394971	0.011624003	0.0016829359	
S11000.iliopsoas-pelvis_tilt.KV 	0.14959916	0.1498859	0.00039820109	
S11000.iliopsoas-hamstrings.KL  	-8.2798607	-8.2953488	0.013924972	
S11000.iliopsoas-hamstrings.L0  	1.1602173	1.1595818	0.00031082756	
S11000.hamstrings.KF            	0.57244305	0.57236912	0.00030494218	
S11000.glut_max.KF              	0.62544309	0.62504729	0.00035191791	
