pelvis_tilt.offset              	0.024876764	0.024876112	3.3495955e-05	
hip_flexion_r.offset            	0.068808039	0.068772031	3.2109029e-05	
knee_angle_r.offset             	0.001067951	0.0010560454	3.4032259e-05	
ankle_angle_r.offset            	-0.054114816	-0.054128895	4.4088983e-05	
hip_flexion_l.offset            	-0.0028490056	-0.0028287893	6.567963e-05	
knee_angle_l.offset             	0.059913602	0.05989234	5.0115036e-05	
ankle_angle_l.offset            	0.18538608	0.18537354	4.8053786e-05	
stance_load_threshold           	0.15452694	0.15455325	5.3469318e-05	
S00111.tib_ant.KL               	1.234132	1.2344707	0.00084839566	
S00111.tib_ant.L0               	0.75958617	0.75941037	9.2909005e-05	
S00111.tib_ant.KS               	0.000173	0.00016707571	2.062929e-05	
S11000.tib_ant.KL               	1.1929148	1.192764	0.00049656548	
S11000.tib_ant.L0               	0.73564368	0.73555076	7.0488266e-05	
S11000.tib_ant.KS               	0.035552968	0.03553262	4.3444537e-05	
S11111.tib_ant-soleus.KF        	-0.11397139	-0.11400097	7.4805794e-05	
S00111.soleus-tib_ant.KS        	-0.85028795	-0.84973158	0.00095046801	
S00111.gastroc-tib_ant.KS       	-0.34993838	-0.34949608	0.00071937588	
S11000.soleus-tib_ant.KS        	-3.2601171	-3.2580396	0.0011308504	
S11000.gastroc-tib_ant.KS       	-1.6020547	-1.6022437	0.00096207227	
S00111.tib_ant-soleus.KS        	-0.00346517	-0.00326715	0.004091128	
S00111.tib_ant-gastroc.KS       	-0.00357534	-0.0036700648	0.0039857937	
S11000.tib_ant-soleus.KS        	-0.0034666	-0.0032723567	0.0039174803	
S11000.tib_ant-gastroc.KS       	-0.00331551	-0.003510999	0.0038955172	
S00111.soleus.KL                	3.9304844	3.9290648	0.00085957026	
S00111.soleus.L0                	0.963271	0.96380664	0.00021084932	
S00111.soleus.KF                	0.23282227	0.23280641	6.9856365e-05	
S00111.soleus.KS                	0.15198947	0.15253765	0.00053353182	
S00111.gastroc.KL               	0.079392354	0.079997144	0.0007119613	
S00111.gastroc.L0               	0.85857234	0.85870108	0.00036652341	
S00111.gastroc.KF               	1.4080263	1.4080386	4.8040838e-05	
S00111.gastroc.KS               	0.17429776	0.17438508	0.00036362961	
S11000.soleus.KL                	0.80373202	0.80574466	0.0015937233	
S11000.soleus.L0                	0.9065236	0.90662614	0.00037587211	
S11000.soleus.KF                	-0.89927405	-0.90018299	0.001448125	
S11000.soleus.KS                	0.10640414	0.10585958	0.0010813727	
S11000.gastroc.KL               	0.0089402321	0.0086480056	0.0004421619	
S11000.gastroc.L0               	0.53113586	0.53132984	0.00039401809	
S11000.gastroc.KF               	-1.8164556	-1.8164279	0.00093572245	
S11000.gastroc.KS               	0.27006083	0.26974179	0.0007717198	
S00011.vasti.KF                 	0.85636775	0.85667598	0.00020223724	
S00011.vasti.C0                 	0.082762284	0.082835258	4.5408279e-05	
S00011.vasti-knee_angle.pos_max 	-0.31246668	-0.31248386	7.0045334e-05	
S00011.hamstrings-pelvis_tilt.KP	0.71065415	0.71032438	0.00077739325	
S00011.hamstrings-pelvis_tilt.KV	0.56720825	0.56720411	4.1071165e-05	
S00011.hamstrings-pelvis_tilt.C0	0.02646701	0.026465716	8.2112207e-05	
S00011.glut_max-pelvis_tilt.KP  	1.5118789	1.5123074	0.00064645337	
S00011.glut_max-pelvis_tilt.KV  	0.31286973	0.31290142	4.0789389e-05	
S00011.glut_max-pelvis_tilt.C0  	0.1609497	0.16078241	7.2182527e-05	
S00011.iliopsoas-pelvis_tilt.KP 	-3.4562232	-3.4567249	0.0011078463	
S00011.iliopsoas-pelvis_tilt.KV 	-0.54271137	-0.54272875	5.354537e-05	
S00011.iliopsoas-pelvis_tilt.C0 	0.33285411	0.33273427	0.00011060758	
S00100.iliopsoas.C0             	0.33869304	0.33868349	5.9062808e-05	
S00100.glut_max.C0              	-0.024288331	-0.024317879	4.3723915e-05	
S11000.iliopsoas.KL             	0.55790831	0.55799322	5.2234549e-05	
S11000.iliopsoas.L0             	0.38957437	0.38959621	5.6633647e-05	
S11000.iliopsoas-pelvis_tilt.P0 	-0.045273775	-0.045227016	4.5833877e-05	
S11000.iliopsoas-pelvis_tilt.KP 	0.011174235	0.011159851	0.00021039976	
S11000.iliopsoas-pelvis_tilt.KV 	0.15079844	0.1508256	5.5817368e-05	
S11000.iliopsoas-hamstrings.KL  	-8.1942595	-8.1975501	0.0019854221	
S11000.iliopsoas-hamstrings.L0  	1.1618032	1.1618404	4.4694934e-05	
S11000.hamstrings.KF            	0.57268206	0.57274185	4.2960983e-05	
S11000.glut_max.KF              	0.62154007	0.62148675	4.6541115e-05	
