pelvis_tilt.offset              	0.033738292	0.033796084	8.3815223e-05	
hip_flexion_r.offset            	0.074003465	0.073993026	6.8430101e-05	
knee_angle_r.offset             	0.003600255	0.0036086511	7.3794387e-05	
ankle_angle_r.offset            	-0.060609014	-0.060720632	9.6470684e-05	
hip_flexion_l.offset            	-0.0018809927	-0.0019938911	0.00013256196	
knee_angle_l.offset             	0.058718733	0.05872996	0.00011519225	
ankle_angle_l.offset            	0.18529714	0.1851552	9.696413e-05	
stance_load_threshold           	0.14618399	0.14606567	0.0001095731	
S00111.tib_ant.KL               	1.2996292	1.3004331	0.0017638819	
S00111.tib_ant.L0               	0.75052976	0.75085127	0.00019508211	
S00111.tib_ant.KS               	0.00015652	0.00016376334	3.950029e-05	
S11000.tib_ant.KL               	1.2283354	1.2281835	0.00099947142	
S11000.tib_ant.L0               	0.73528226	0.73522854	0.00015194771	
S11000.tib_ant.KS               	0.035961551	0.035803532	9.1496876e-05	
S11111.tib_ant-soleus.KF        	-0.10871981	-0.10872328	0.00015877634	
S00111.soleus-tib_ant.KS        	-0.83034405	-0.83160883	0.0019583747	
S00111.gastroc-tib_ant.KS       	-0.32738938	-0.32682459	0.0013548206	
S11000.soleus-tib_ant.KS        	-3.4268964	-3.4303056	0.0023290894	
S11000.gastroc-tib_ant.KS       	-1.7576864	-1.7559664	0.0019218575	
S00111.tib_ant-soleus.KS        	-0.00346517	-0.0034396007	0.0079847744	
S00111.tib_ant-gastroc.KS       	-0.00357534	-0.0038162915	0.0077784024	
S11000.tib_ant-soleus.KS        	-0.00313645	-0.00333116	0.0076456181	
S11000.tib_ant-gastroc.KS       	-0.00366451	-0.0034971509	0.0076025545	
S00111.soleus.KL                	4.0479662	4.044956	0.0017534626	
S00111.soleus.L0                	0.94359977	0.94371259	0.00044881425	
S00111.soleus.KF                	0.21893317	0.21883061	0.00015852201	
S00111.soleus.KS                	0.15313709	0.15184254	0.0010639062	
S00111.gastroc.KL               	0.080893499	0.080782948	0.0013209496	
S00111.gastroc.L0               	0.84409824	0.84457175	0.00078529167	
S00111.gastroc.KF               	1.4159194	1.4158991	0.00010212379	
S00111.gastroc.KS               	0.17367528	0.17350555	0.00066346127	
S11000.soleus.KL                	0.78452575	0.78106112	0.0032004888	
S11000.soleus.L0                	0.89999622	0.89957987	0.0007552083	
S11000.soleus.KF                	-0.95567194	-0.95306823	0.0029177311	
S11000.soleus.KS                	0.1130221	0.11012731	0.0019279725	
S11000.gastroc.KL               	0.0088650133	0.008939412	0.00079946947	
S11000.gastroc.L0               	0.54666203	0.54521568	0.00078770812	
S11000.gastroc.KF               	-1.8008312	-1.8023506	0.0020141276	
S11000.gastroc.KS               	0.26725914	0.26654445	0.0015531125	
S00011.vasti.KF                 	0.78223401	0.78192269	0.00041160843	
S00011.vasti.C0                 	0.08027896	0.080351952	7.9482486e-05	
S00011.vasti-knee_angle.pos_max 	-0.31457776	-0.31434689	0.00016523324	
S00011.hamstrings-pelvis_tilt.KP	0.73112997	0.73283879	0.0016609634	
S00011.hamstrings-pelvis_tilt.KV	0.56607979	0.56620171	9.1927939e-05	
S00011.hamstrings-pelvis_tilt.C0	0.027211728	0.027196933	0.00015827832	
S00011.glut_max-pelvis_tilt.KP  	1.5640866	1.564315	0.0014028052	
S00011.glut_max-pelvis_tilt.KV  	0.31068707	0.31060702	9.0202284e-05	
S00011.glut_max-pelvis_tilt.C0  	0.15751219	0.15755964	0.00015139259	
S00011.iliopsoas-pelvis_tilt.KP 	-3.5077366	-3.5072108	0.0024782349	
S00011.iliopsoas-pelvis_tilt.KV 	-0.54428188	-0.54436279	0.00010964383	
S00011.iliopsoas-pelvis_tilt.C0 	0.33102945	0.33066791	0.00024782204	
S00100.iliopsoas.C0             	0.3349062	0.33482946	0.00012324879	
S00100.glut_max.C0              	-0.025085199	-0.025100766	9.1356796e-05	
S11000.iliopsoas.KL             	0.57606357	0.57609953	0.00011734358	
S11000.iliopsoas.L0             	0.3859151	0.38576082	0.00012557382	
S11000.iliopsoas-pelvis_tilt.P0 	-0.046253835	-0.046209407	9.2020513e-05	
S11000.iliopsoas-pelvis_tilt.KP 	0.011708539	0.011479468	0.0003629963	
S11000.iliopsoas-pelvis_tilt.KV 	0.14258012	0.14248685	0.00011095149	
S11000.iliopsoas-hamstrings.KL  	-8.492247	-8.4917235	0.0043671305	
S11000.iliopsoas-hamstrings.L0  	1.1691879	1.1692627	9.3689165e-05	
S11000.hamstrings.KF            	0.58013378	0.58023218	9.0009084e-05	
S11000.glut_max.KF              	0.61892934	0.61881113	9.5206906e-05	
