pelvis_tilt.offset              	0.02163566	0.022194717	0.0010631315	
hip_flexion_r.offset            	0.072127813	0.070812038	0.0010078904	
knee_angle_r.offset             	8.6452211e-05	-0.002285171	0.0011093106	
ankle_angle_r.offset            	-0.057279228	-0.057498156	0.0014368161	
hip_flexion_l.offset            	-0.00041923322	-0.0044294714	0.0020386684	
knee_angle_l.offset             	0.057592016	0.058428249	0.0015660853	
ankle_angle_l.offset            	0.18868897	0.18956476	0.001509626	
stance_load_threshold           	0.15108297	0.15041682	0.0016631134	
S00111.tib_ant.KL               	1.2238904	1.237501	0.027415269	
S00111.tib_ant.L0               	0.76001941	0.76647442	0.0029563023	
S00111.tib_ant.KS               	0.00015652	0.00015939763	0.0011671882	
S11000.tib_ant.KL               	1.2171042	1.1965284	0.015570582	
S11000.tib_ant.L0               	0.73961272	0.73817867	0.0022810073	
S11000.tib_ant.KS               	0.03371447	0.035974681	0.0014418177	
S11111.tib_ant-soleus.KF        	-0.11265427	-0.11123035	0.0024790887	
S00111.soleus-tib_ant.KS        	-0.8471086	-0.87522701	0.03122424	
S11000.soleus-tib_ant.KS        	-3.3242063	-3.2904275	0.036221858	
S00111.gastroc-tib_ant.KS       	-0.35557966	-0.33255108	0.027099266	
S11000.gastroc-tib_ant.KS       	-1.6848513	-1.6425455	0.030418057	
S00111.tib_ant-gastroc.KS       	-0.00357534	-0.0037573142	0.23096492	
S11000.tib_ant-gastroc.KS       	-0.00366451	-0.0034471401	0.22574554	
S00111.tib_ant-soleus.KS        	-0.00346517	-0.0033065384	0.23709743	
S11000.tib_ant-soleus.KS        	-0.0034666	-0.0032980109	0.22702557	
S00111.gastroc.KL               	0.07523758	0.07849975	0.028875996	
S00111.gastroc.L0               	0.84961789	0.85910865	0.012092774	
S00111.gastroc.KF               	1.4119364	1.4134632	0.0015378927	
S00111.gastroc.KS               	0.17377404	0.17055499	0.013396758	
S00111.soleus.KL                	4.0657665	4.066552	0.026840656	
S00111.soleus.L0                	0.97780902	0.9705967	0.0068984144	
S00111.soleus.KF                	0.22731369	0.22485505	0.0022338159	
S00111.soleus.KS                	0.16505025	0.15523724	0.019532383	
S11000.gastroc.KL               	0.00925153	0.008703697	0.023036428	
S11000.gastroc.L0               	0.50406479	0.51789008	0.012630512	
S11000.gastroc.KF               	-1.7376073	-1.7820652	0.029854345	
S11000.soleus.KL                	0.84260236	0.80626912	0.052707746	
S11000.soleus.L0                	0.90284703	0.89430822	0.011594573	
S11000.soleus.KF                	-0.93050994	-0.91487766	0.049021003	
S00011.vasti.KF                 	0.82585881	0.82746787	0.0064825973	
S00011.vasti.C0                 	0.083547181	0.082534342	0.0014610909	
S00011.vasti-knee_angle.pos_max 	-0.30730735	-0.30327961	0.0022660586	
S00011.hamstrings-pelvis_tilt.KP	0.73770714	0.70573049	0.025778081	
S00011.hamstrings-pelvis_tilt.KV	0.56668313	0.56593175	0.001316171	
S00011.hamstrings-pelvis_tilt.C0	0.02514159	0.027288504	0.0028391553	
S00011.glut_max-pelvis_tilt.KP  	1.5072812	1.5029761	0.021289419	
S00011.glut_max-pelvis_tilt.KV  	0.31148424	0.31105718	0.0013399285	
S00011.glut_max-pelvis_tilt.C0  	0.15581962	0.15794948	0.002250119	
S00011.iliopsoas-pelvis_tilt.KP 	-3.5121785	-3.4731341	0.035829233	
S00011.iliopsoas-pelvis_tilt.KV 	-0.54376032	-0.54380154	0.0016398991	
S00011.iliopsoas-pelvis_tilt.C0 	0.333947	0.33188306	0.0035239041	
S00100.iliopsoas.C0             	0.33700034	0.33571025	0.0019333739	
S00100.glut_max.C0              	-0.024293256	-0.025047451	0.0014762129	
S11000.iliopsoas.KL             	0.55994807	0.55828594	0.0016603896	
S11000.iliopsoas.L0             	0.38899007	0.39005134	0.0018384823	
S11000.iliopsoas-pelvis_tilt.P0 	-0.043114787	-0.044143278	0.0014746387	
S11000.iliopsoas-pelvis_tilt.KP 	0.01196527	0.011467249	0.0092738054	
S11000.iliopsoas-pelvis_tilt.KV 	0.14547982	0.14333873	0.0017222473	
S11000.iliopsoas-hamstrings.KL  	-8.2562325	-8.285782	0.060268224	
S11000.iliopsoas-hamstrings.L0  	1.1689356	1.1674367	0.001369482	
S11000.hamstrings.KF            	0.57522581	0.57674599	0.0013204921	
S11000.glut_max.KF              	0.6213678	0.62129742	0.0015027279	
