pelvis_tilt.offset              	0.02586601	0.025890146	2.2994441e-05	
hip_flexion_r.offset            	0.065964658	0.065945556	2.1104304e-05	
knee_angle_r.offset             	0.00054901653	0.00053538222	2.2205193e-05	
ankle_angle_r.offset            	-0.057748736	-0.057715615	3.0793842e-05	
hip_flexion_l.offset            	-0.0068956862	-0.0068905709	4.1589839e-05	
knee_angle_l.offset             	0.0539339	0.053960212	3.4012379e-05	
ankle_angle_l.offset            	0.18265909	0.18266899	3.1626476e-05	
stance_load_threshold           	0.14978198	0.14980149	3.4467039e-05	
S00111.tib_ant.KL               	1.2560969	1.2562085	0.0005646688	
S00111.tib_ant.L0               	0.76043758	0.7605078	6.262982e-05	
S00111.tib_ant.KS               	0.00016968377	0.00016866748	1.2391579e-05	
S11000.tib_ant.KL               	1.2301419	1.2297543	0.00032501776	
S11000.tib_ant.L0               	0.72892566	0.72901517	4.9000625e-05	
S11000.tib_ant.KS               	0.03462098	0.034636629	2.8643014e-05	
S11111.tib_ant-soleus.KF        	-0.10660541	-0.10658905	5.1444931e-05	
S00111.soleus-tib_ant.KS        	-0.88800411	-0.88753041	0.00058823063	
S00111.gastroc-tib_ant.KS       	-0.32564714	-0.32481582	0.00043605902	
S11000.soleus-tib_ant.KS        	-3.3045668	-3.30495	0.00077200218	
S11000.gastroc-tib_ant.KS       	-1.6641163	-1.663464	0.00063344474	
S00111.tib_ant-soleus.KS        	-0.00313515	-0.0033139134	0.00242294	
S00111.tib_ant-gastroc.KS       	-0.00357534	-0.0038148328	0.0023607601	
S11000.tib_ant-soleus.KS        	-0.00313645	-0.0033488537	0.0023201658	
S11000.tib_ant-gastroc.KS       	-0.00331551	-0.0035037177	0.0023073252	
S00111.soleus.KL                	4.0992579	4.0988858	0.00056854389	
S00111.soleus.L0                	1.0093445	1.0094077	0.00013617195	
S00111.soleus.KF                	0.22236778	0.22236567	4.5303795e-05	
S00111.soleus.KS                	0.16032896	0.16031102	0.00033937262	
S00111.gastroc.KL               	0.079848885	0.080517632	0.00043696067	
S00111.gastroc.L0               	0.82359826	0.82399774	0.00025618791	
S00111.gastroc.KF               	1.4169174	1.4169328	3.0900168e-05	
S00111.gastroc.KS               	0.17474256	0.17458306	0.00023597419	
S11000.soleus.KL                	0.81660241	0.81665148	0.0010345202	
S11000.soleus.L0                	0.86956462	0.86974678	0.00023929158	
S11000.soleus.KF                	-0.87782971	-0.87704604	0.00096058172	
S11000.soleus.KS                	0.10661607	0.10730948	0.00066623086	
S11000.gastroc.KL               	0.0088712408	0.0088286592	0.00027004773	
S11000.gastroc.L0               	0.52613174	0.5265198	0.00026606104	
S11000.gastroc.KF               	-1.7922071	-1.7916605	0.00062048769	
S11000.gastroc.KS               	0.26722186	0.26737611	0.00049156705	
S00011.vasti.KF                 	0.83456187	0.83467881	0.00013376291	
S00011.vasti.C0                 	0.08055244	0.080538931	2.8499685e-05	
S00011.vasti-knee_angle.pos_max 	-0.30651425	-0.30655111	4.6566483e-05	
S00011.hamstrings-pelvis_tilt.KP	0.69044586	0.69047007	0.00052170295	
S00011.hamstrings-pelvis_tilt.KV	0.57174857	0.57174819	2.7515482e-05	
S00011.hamstrings-pelvis_tilt.C0	0.026974492	0.026950557	5.3635958e-05	
S00011.glut_max-pelvis_tilt.KP  	1.4664647	1.4652954	0.00043134819	
S00011.glut_max-pelvis_tilt.KV  	0.31409091	0.31408854	2.6966371e-05	
S00011.glut_max-pelvis_tilt.C0  	0.16594512	0.16596691	4.7038758e-05	
S00011.iliopsoas-pelvis_tilt.KP 	-3.4443629	-3.4449282	0.00069506993	
S00011.iliopsoas-pelvis_tilt.KV 	-0.54188809	-0.54193211	3.4181624e-05	
S00011.iliopsoas-pelvis_tilt.C0 	0.33093715	0.33092666	7.2105236e-05	
S00100.iliopsoas.C0             	0.33339208	0.33340575	3.9286601e-05	
S00100.glut_max.C0              	-0.023985536	-0.023991413	2.862738e-05	
S11000.iliopsoas.KL             	0.563119	0.56307316	3.5453918e-05	
S11000.iliopsoas.L0             	0.38330744	0.38327831	4.182575e-05	
S11000.iliopsoas-pelvis_tilt.P0 	-0.04237827	-0.042415594	2.9834654e-05	
S11000.iliopsoas-pelvis_tilt.KP 	0.011433613	0.011490106	0.00012744936	
S11000.iliopsoas-pelvis_tilt.KV 	0.14293273	0.14285962	3.5795353e-05	
S11000.iliopsoas-hamstrings.KL  	-8.4786593	-8.4786832	0.0012725343	
S11000.iliopsoas-hamstrings.L0  	1.1640966	1.1640703	2.9090059e-05	
S11000.hamstrings.KF            	0.57107081	0.57105272	2.8977527e-05	
S11000.glut_max.KF              	0.61802199	0.61805132	3.2235999e-05	
