pelvis_tilt.offset              	0.022396939	0.022921238	0.00094785645	
hip_flexion_r.offset            	0.074106195	0.073229565	0.00090530745	
knee_angle_r.offset             	0.0019661954	0.0029373851	0.00098438992	
ankle_angle_r.offset            	-0.057219133	-0.058454598	0.0012767183	
hip_flexion_l.offset            	-0.0082938075	-0.0082926438	0.0018112164	
knee_angle_l.offset             	0.054378351	0.054331326	0.0013999275	
ankle_angle_l.offset            	0.18962686	0.18944756	0.001346706	
stance_load_threshold           	0.15693221	0.15538481	0.0014750168	
S00111.tib_ant.KL               	1.2768792	1.25345	0.024140071	
S00111.tib_ant.L0               	0.76071751	0.75779049	0.0026175946	
S00111.tib_ant.KS               	0.00015652	0.00016424924	0.0010194229	
S11000.tib_ant.KL               	1.2029554	1.2028802	0.013880508	
S11000.tib_ant.L0               	0.73272062	0.73253116	0.0020351325	
S11000.tib_ant.KS               	0.03726336	0.035750164	0.0012729573	
S11111.tib_ant-soleus.KF        	-0.11353877	-0.11189181	0.0021929963	
S00111.soleus-tib_ant.KS        	-0.83064716	-0.83204495	0.027731263	
S11000.soleus-tib_ant.KS        	-3.317679	-3.3455178	0.032475781	
S00111.gastroc-tib_ant.KS       	-0.32171493	-0.33629756	0.023750629	
S11000.gastroc-tib_ant.KS       	-1.6347028	-1.6401025	0.027146658	
S00111.tib_ant-gastroc.KS       	-0.00357534	-0.0037261436	0.20172478	
S11000.tib_ant-gastroc.KS       	-0.00331551	-0.0034368221	0.19716618	
S00111.tib_ant-soleus.KS        	-0.00346517	-0.0033360943	0.20708091	
S11000.tib_ant-soleus.KS        	-0.00313645	-0.0032349391	0.19828415	
S00111.gastroc.KL               	0.08315732	0.081474818	0.025228966	
S00111.gastroc.L0               	0.84369749	0.83333557	0.010689298	
S00111.gastroc.KS               	0.17279415	0.16819502	0.011740686	
S00111.soleus.KL                	3.996964	4.0105637	0.023772727	
S00111.soleus.L0                	0.96795866	0.98571539	0.0061878442	
S00111.soleus.KS                	0.15638553	0.15822334	0.017093857	
S11000.gastroc.KL               	0.00837043	0.008652064	0.020120159	
S11000.gastroc.L0               	0.51179937	0.52347785	0.011207331	
S11000.gastroc.KF               	-1.7898084	-1.7776612	0.026508035	
S11000.gastroc.KS               	0.26091397	0.26508089	0.023959788	
S11000.soleus.KL                	0.82250368	0.81152125	0.046217314	
S11000.soleus.L0                	0.92200452	0.91463759	0.010328964	
S11000.soleus.KF                	-0.92226308	-0.90247391	0.043099458	
S11000.soleus.KS                	0.11302564	0.10606412	0.03737575	
S00011.vasti.KF                 	0.83215912	0.82967416	0.0057575239	
S00011.vasti.C0                 	0.080979815	0.081626362	0.001290955	
S00011.vasti-knee_angle.pos_max 	-0.30707834	-0.3060318	0.0020094863	
S00011.hamstrings-pelvis_tilt.KP	0.74162866	0.71901672	0.022816745	
S00011.hamstrings-pelvis_tilt.KV	0.56552297	0.56591618	0.0011753703	
S00011.hamstrings-pelvis_tilt.C0	0.02778807	0.026371842	0.0024893433	
S00011.glut_max-pelvis_tilt.KP  	1.4377687	1.4868658	0.018968236	
S00011.glut_max-pelvis_tilt.KV  	0.3132693	0.31220317	0.0011891438	
S00011.glut_max-pelvis_tilt.C0  	0.16330096	0.15846153	0.0020084117	
S00011.iliopsoas-pelvis_tilt.KP 	-3.5742566	-3.5500951	0.031819896	
S00011.iliopsoas-pelvis_tilt.KV 	-0.53939065	-0.54281361	0.0014603332	
S00011.iliopsoas-pelvis_tilt.C0 	0.33353136	0.33136951	0.003159808	
S00100.iliopsoas.C0             	0.33510287	0.33744514	0.0017218478	
S00100.glut_max.C0              	-0.02588599	-0.024750821	0.0012980181	
S11000.iliopsoas.KL             	0.56414059	0.56463571	0.0014777455	
S11000.iliopsoas.L0             	0.38526868	0.38879525	0.0016376421	
S11000.iliopsoas-pelvis_tilt.P0 	-0.045252868	-0.044712666	0.0012976607	
S11000.iliopsoas-pelvis_tilt.KP 	0.01196527	0.011327144	0.0081002032	
S11000.iliopsoas-pelvis_tilt.KV 	0.14377663	0.14504814	0.0015104399	
S11000.iliopsoas-hamstrings.KL  	-8.4117344	-8.4141423	0.053801403	
S11000.iliopsoas-hamstrings.L0  	1.1673566	1.1670765	0.0012176956	
S11000.hamstrings.KF            	0.5733923	0.57424427	0.0011702897	
S11000.glut_max.KF              	0.62055332	0.62046238	0.0013324089	
