pelvis_tilt.offset              	0.022361849	0.02352354	0.00085411561	
hip_flexion_r.offset            	0.074623791	0.073769827	0.00081691354	
knee_angle_r.offset             	0.0038931933	0.0028152115	0.00088542139	
ankle_angle_r.offset            	-0.057037364	-0.057452044	0.0011487258	
hip_flexion_l.offset            	-0.0094125936	-0.0079069426	0.0016308922	
knee_angle_l.offset             	0.056956085	0.054396628	0.0012590296	
ankle_angle_l.offset            	0.1891638	0.19003363	0.0012144462	
stance_load_threshold           	0.15448329	0.15551202	0.0013291325	
S00111.tib_ant.KL               	1.254559	1.2501302	0.021726848	
S00111.tib_ant.L0               	0.75510381	0.75744094	0.002362261	
S00111.tib_ant.KS               	0.00015652	0.00016228865	0.000911832	
S11000.tib_ant.KL               	1.2108132	1.1961665	0.012483395	
S11000.tib_ant.L0               	0.73328213	0.73204464	0.0018334385	
S11000.tib_ant.KS               	0.034807106	0.035244936	0.0011462252	
S11111.tib_ant-soleus.KF        	-0.11318392	-0.11128043	0.001980669	
S00111.soleus-tib_ant.KS        	-0.82178883	-0.82859875	0.024909094	
S11000.soleus-tib_ant.KS        	-3.3128809	-3.3378247	0.029183134	
S00111.gastroc-tib_ant.KS       	-0.32286578	-0.33146539	0.021286724	
S11000.gastroc-tib_ant.KS       	-1.6639877	-1.6513182	0.024432406	
S00111.tib_ant-gastroc.KS       	-0.00357534	-0.0038484892	0.18043447	
S11000.tib_ant-gastroc.KS       	-0.00366451	-0.0034329391	0.17635699	
S00111.tib_ant-soleus.KS        	-0.00313515	-0.0032123708	0.18522531	
S11000.tib_ant-soleus.KS        	-0.00313645	-0.0031894261	0.17735697	
S00111.gastroc.KL               	0.07523758	0.080645749	0.02257004	
S00111.gastroc.L0               	0.83310398	0.83434561	0.009631042	
S00111.gastroc.KS               	0.17056346	0.16837971	0.010525799	
S00111.soleus.KL                	4.0146776	4.0158787	0.021376536	
S00111.soleus.L0                	0.97421911	0.98233745	0.0055785743	
S00111.soleus.KS                	0.16520068	0.15351431	0.015306425	
S11000.gastroc.KL               	0.00837043	0.0089389963	0.01799673	
S11000.gastroc.L0               	0.51812776	0.51642534	0.0100922	
S11000.gastroc.KF               	-1.8215903	-1.7816525	0.023847675	
S11000.gastroc.KS               	0.25231886	0.26493787	0.021466258	
S11000.soleus.KL                	0.81964216	0.80651183	0.041450629	
S11000.soleus.L0                	0.92991666	0.91875397	0.0093354182	
S11000.soleus.KF                	-0.95885434	-0.90645947	0.03871552	
S11000.soleus.KS                	0.1022613	0.10805386	0.033436471	
S00011.vasti.KF                 	0.8347462	0.83126754	0.0051784925	
S00011.vasti.C0                 	0.08153664	0.081536564	0.0011603037	
S00011.vasti-knee_angle.pos_max 	-0.30706946	-0.30605739	0.0018088988	
S00011.hamstrings-pelvis_tilt.KP	0.74162866	0.7170804	0.020552175	
S00011.hamstrings-pelvis_tilt.KV	0.56385335	0.56564814	0.001056305	
S00011.hamstrings-pelvis_tilt.C0	0.025977024	0.026295309	0.0022299851	
S00011.glut_max-pelvis_tilt.KP  	1.5040092	1.4926453	0.017120356	
S00011.glut_max-pelvis_tilt.KV  	0.31251366	0.31301594	0.0010692526	
S00011.glut_max-pelvis_tilt.C0  	0.15963747	0.15923055	0.0018137724	
S00011.iliopsoas-pelvis_tilt.KP 	-3.4778637	-3.5270343	0.028646494	
S00011.iliopsoas-pelvis_tilt.KV 	-0.54212102	-0.54276328	0.0013192049	
S00011.iliopsoas-pelvis_tilt.C0 	0.33072805	0.33270569	0.0028426498	
S00100.iliopsoas.C0             	0.33704495	0.33515524	0.001555133	
S00100.glut_max.C0              	-0.02342065	-0.024506145	0.0011654655	
S11000.iliopsoas.KL             	0.56502323	0.56524658	0.0013317992	
S11000.iliopsoas.L0             	0.38788778	0.38912217	0.0014773497	
S11000.iliopsoas-pelvis_tilt.P0 	-0.046342904	-0.045316042	0.0011660823	
S11000.iliopsoas-pelvis_tilt.KP 	0.01196527	0.01130737	0.0072455706	
S11000.iliopsoas-pelvis_tilt.KV 	0.14307052	0.14309133	0.0013649997	
S11000.iliopsoas-hamstrings.KL  	-8.3098993	-8.3627835	0.048760001	
S11000.iliopsoas-hamstrings.L0  	1.1664901	1.167311	0.0011006681	
S11000.hamstrings.KF            	0.57584627	0.57436927	0.0010522972	
S11000.glut_max.KF              	0.62000439	0.62032397	0.0012014689	
