pelvis_tilt.offset              	0.023703024	0.023750469	0.00059304421	
hip_flexion_r.offset            	0.072999062	0.072842732	0.000567649	
knee_angle_r.offset             	0.0054590906	0.0047381014	0.00062423388	
ankle_angle_r.offset            	-0.055233111	-0.057424311	0.00079919395	
hip_flexion_l.offset            	-0.0045671809	-0.0044917671	0.0011439615	
knee_angle_l.offset             	0.053298206	0.053649797	0.00087764261	
ankle_angle_l.offset            	0.19404254	0.19207408	0.00085997969	
stance_load_threshold           	0.15253169	0.15294562	0.00094195504	
S00111.tib_ant.KL               	1.2167374	1.2328147	0.015145716	
S00111.tib_ant.L0               	0.75297438	0.7527013	0.0016586627	
S00111.tib_ant.KS               	0.000173	0.00016305116	0.00059867766	
S11000.tib_ant.KL               	1.2453048	1.237974	0.0087809566	
S11000.tib_ant.L0               	0.73197241	0.73235359	0.0012857888	
S11000.tib_ant.KS               	0.035339643	0.036225693	0.00078556488	
S11111.tib_ant-soleus.KF        	-0.11360819	-0.11125495	0.001377196	
S00111.soleus-tib_ant.KS        	-0.86407532	-0.86724899	0.017118635	
S11000.soleus-tib_ant.KS        	-3.3841301	-3.3752274	0.020579264	
S00111.gastroc-tib_ant.KS       	-0.32171493	-0.32475998	0.014121886	
S11000.gastroc-tib_ant.KS       	-1.6435324	-1.6515915	0.017033769	
S00111.tib_ant-gastroc.KS       	-0.00395169	-0.0037835133	0.11846604	
S11000.tib_ant-gastroc.KS       	-0.00331551	-0.0034714334	0.11578893	
S00111.tib_ant-soleus.KS        	-0.00313515	-0.0032803974	0.12161151	
S11000.tib_ant-soleus.KS        	-0.0034666	-0.0032339683	0.11644548	
S00111.gastroc.KL               	0.082708485	0.078081558	0.014856971	
S00111.gastroc.L0               	0.82516965	0.82058925	0.0066913135	
S00111.gastroc.KS               	0.1662847	0.1737755	0.0070110533	
S00111.soleus.KL                	3.9755585	3.99659	0.014955525	
S00111.soleus.L0                	0.96120995	0.96250929	0.0039319707	
S00111.soleus.KS                	0.1589671	0.15688169	0.010216138	
S11000.gastroc.KL               	0.00925153	0.0087604254	0.011816621	
S11000.gastroc.L0               	0.50971032	0.50922527	0.0070121483	
S11000.gastroc.KF               	-1.8102217	-1.8064072	0.016596293	
S11000.gastroc.KS               	0.25231886	0.2680248	0.014392198	
S11000.soleus.KL                	0.79829743	0.81045502	0.028091039	
S11000.soleus.L0                	0.9296156	0.92580184	0.0065586454	
S11000.soleus.KF                	-0.92815404	-0.93044432	0.026393751	
S11000.soleus.KS                	0.11302564	0.10853404	0.022001932	
S00011.vasti.KF                 	0.83770497	0.83607868	0.0035875273	
S00011.vasti.C0                 	0.080370459	0.080589916	0.00079008286	
S00011.vasti-knee_angle.pos_max 	-0.30637452	-0.30606733	0.0012611164	
S00011.hamstrings-pelvis_tilt.KP	0.70369299	0.71189082	0.014135043	
S00011.hamstrings-pelvis_tilt.KV	0.56688128	0.56583777	0.00073681852	
S00011.hamstrings-pelvis_tilt.C0	0.02720617	0.026517304	0.0014907214	
S00011.glut_max-pelvis_tilt.KP  	1.5208422	1.5078639	0.01204087	
S00011.glut_max-pelvis_tilt.KV  	0.31488029	0.31542111	0.00074654951	
S00011.glut_max-pelvis_tilt.C0  	0.16048176	0.16111477	0.0012570193	
S00011.iliopsoas-pelvis_tilt.KP 	-3.4907794	-3.5323568	0.020434324	
S00011.iliopsoas-pelvis_tilt.KV 	-0.54575556	-0.54453248	0.00092138805	
S00011.iliopsoas-pelvis_tilt.C0 	0.32809377	0.32966796	0.0019872826	
S00100.iliopsoas.C0             	0.33594943	0.33598961	0.0010836954	
S00100.glut_max.C0              	-0.024435427	-0.024628842	0.00079656079	
S11000.iliopsoas.KL             	0.56527101	0.56466154	0.0009331672	
S11000.iliopsoas.L0             	0.39079631	0.38962811	0.0010224809	
S11000.iliopsoas-pelvis_tilt.P0 	-0.045808164	-0.045386231	0.00080133884	
S11000.iliopsoas-pelvis_tilt.KP 	0.01196527	0.011705162	0.0047599335	
S11000.iliopsoas-pelvis_tilt.KV 	0.14421134	0.14410674	0.00095535827	
S11000.iliopsoas-hamstrings.KL  	-8.4151157	-8.3792575	0.033917712	
S11000.iliopsoas-hamstrings.L0  	1.1672347	1.1671395	0.00076447141	
S11000.hamstrings.KF            	0.57400171	0.57373697	0.00072824157	
S11000.glut_max.KF              	0.6193832	0.61921738	0.00083990562	
