pelvis_tilt.offset              	0.023571349	0.023672419	0.00011241488	
hip_flexion_r.offset            	0.072309234	0.072203178	0.00010930396	
knee_angle_r.offset             	0.0043815553	0.0044350422	0.00012063185	
ankle_angle_r.offset            	-0.056759118	-0.056476931	0.00015483478	
hip_flexion_l.offset            	-0.0049718968	-0.0049598558	0.00022365276	
knee_angle_l.offset             	0.054598647	0.054585157	0.00016861593	
ankle_angle_l.offset            	0.19073611	0.19095545	0.0001652801	
stance_load_threshold           	0.15174494	0.15176654	0.00019093763	
S00111.tib_ant.KL               	1.2026621	1.2078976	0.0029906461	
S00111.tib_ant.L0               	0.75105863	0.75058333	0.00032021322	
S00111.tib_ant.KS               	0.00015652	0.00016837439	9.2842713e-05	
S11000.tib_ant.KL               	1.2318049	1.2314033	0.0016806139	
S11000.tib_ant.L0               	0.73165538	0.73199922	0.00024396135	
S11000.tib_ant.KS               	0.035856332	0.035678128	0.00014947325	
S11111.tib_ant-soleus.KF        	-0.11271798	-0.11273068	0.00026433327	
S00111.soleus-tib_ant.KS        	-0.88018437	-0.88668172	0.0031636637	
S11000.soleus-tib_ant.KS        	-3.3464143	-3.3459083	0.0039599881	
S00111.gastroc-tib_ant.KS       	-0.32433578	-0.32396404	0.0024139635	
S11000.gastroc-tib_ant.KS       	-1.6585341	-1.6573817	0.0032888909	
S00111.tib_ant-gastroc.KS       	-0.00395169	-0.0036828067	0.018361879	
S11000.tib_ant-gastroc.KS       	-0.00331551	-0.0034784719	0.017946914	
S00111.tib_ant-soleus.KS        	-0.00346517	-0.0033749913	0.018849377	
S11000.tib_ant-soleus.KS        	-0.0034666	-0.0033442045	0.018048672	
S00111.gastroc.KL               	0.076225694	0.079202561	0.0024915466	
S00111.gastroc.L0               	0.83935442	0.83757233	0.0013102999	
S00111.gastroc.KS               	0.17449823	0.17389212	0.0012206753	
S00111.soleus.KL                	3.990937	3.9903257	0.0028238288	
S00111.soleus.L0                	0.96251472	0.96261809	0.0007108451	
S00111.soleus.KS                	0.15626889	0.15710301	0.0018513708	
S11000.gastroc.KL               	0.00925153	0.0087125404	0.0018380296	
S11000.gastroc.L0               	0.5132491	0.51261239	0.0013273682	
S11000.gastroc.KF               	-1.8031842	-1.8016261	0.0031889469	
S11000.gastroc.KS               	0.27877903	0.27471585	0.0026660747	
S11000.soleus.KL                	0.81170348	0.81058921	0.0053553674	
S11000.soleus.L0                	0.92590169	0.92480885	0.0012843601	
S11000.soleus.KF                	-0.92504894	-0.92614385	0.0049336865	
S11000.soleus.KS                	0.10476495	0.11126369	0.0036459151	
S00011.vasti.KF                 	0.83772477	0.83721899	0.00069024233	
S00011.vasti.C0                 	0.082210169	0.08214353	0.00014639002	
S00011.vasti-knee_angle.pos_max 	-0.30387921	-0.30403133	0.00024292365	
S00011.hamstrings-pelvis_tilt.KP	0.70507464	0.70225937	0.0027469108	
S00011.hamstrings-pelvis_tilt.KV	0.5666586	0.56675227	0.00014266335	
S00011.hamstrings-pelvis_tilt.C0	0.026496008	0.026365435	0.00027046997	
S00011.glut_max-pelvis_tilt.KP  	1.4824329	1.4847378	0.0023354082	
S00011.glut_max-pelvis_tilt.KV  	0.31521467	0.31509354	0.0001433341	
S00011.glut_max-pelvis_tilt.C0  	0.15934652	0.15906816	0.00024796923	
S00011.iliopsoas-pelvis_tilt.KP 	-3.5216299	-3.5218814	0.0039356252	
S00011.iliopsoas-pelvis_tilt.KV 	-0.54349832	-0.54368423	0.00017670699	
S00011.iliopsoas-pelvis_tilt.C0 	0.33334602	0.33288208	0.00039059312	
S00100.iliopsoas.C0             	0.33531883	0.33537301	0.00020729781	
S00100.glut_max.C0              	-0.025185238	-0.025233084	0.00015210028	
S11000.iliopsoas.KL             	0.56333544	0.56339371	0.00018071761	
S11000.iliopsoas.L0             	0.38838494	0.3884502	0.00019978565	
S11000.iliopsoas-pelvis_tilt.P0 	-0.045057123	-0.045014714	0.00015237427	
S11000.iliopsoas-pelvis_tilt.KP 	0.011259142	0.011579901	0.00075740764	
S11000.iliopsoas-pelvis_tilt.KV 	0.14440772	0.14439444	0.00018566792	
S11000.iliopsoas-hamstrings.KL  	-8.4001379	-8.4038123	0.0065931466	
S11000.iliopsoas-hamstrings.L0  	1.1696584	1.169488	0.00015065548	
S11000.hamstrings.KF            	0.5732242	0.57329061	0.00013948211	
S11000.glut_max.KF              	0.62174724	0.62145416	0.00016540433	
