pelvis_tilt.offset              	0.023630617	0.02360942	4.006687e-05	
hip_flexion_r.offset            	0.072039279	0.071992817	3.9196174e-05	
knee_angle_r.offset             	0.0041699736	0.004195826	4.2476341e-05	
ankle_angle_r.offset            	-0.056417526	-0.056326344	5.4272162e-05	
hip_flexion_l.offset            	-0.0046566741	-0.0047138222	7.9090414e-05	
knee_angle_l.offset             	0.054787114	0.054711191	5.8503584e-05	
ankle_angle_l.offset            	0.19064628	0.19062099	5.8609274e-05	
stance_load_threshold           	0.15171833	0.1517666	6.628359e-05	
S00111.tib_ant.KL               	1.199228	1.2005199	0.0010533474	
S00111.tib_ant.L0               	0.7508765	0.75074208	0.00011219915	
S00111.tib_ant.KS               	0.000173	0.00016669932	2.6610484e-05	
S11000.tib_ant.KL               	1.2294797	1.2302283	0.00060276856	
S11000.tib_ant.L0               	0.73145841	0.73141705	8.7480459e-05	
S11000.tib_ant.KS               	0.035540195	0.035553017	5.3066559e-05	
S11111.tib_ant-soleus.KF        	-0.11283257	-0.11272708	9.137976e-05	
S00111.soleus-tib_ant.KS        	-0.87844153	-0.8780745	0.0011290123	
S11000.soleus-tib_ant.KS        	-3.3404104	-3.338898	0.0014040111	
S00111.gastroc-tib_ant.KS       	-0.32525364	-0.32565929	0.00081389116	
S11000.gastroc-tib_ant.KS       	-1.6543638	-1.6537596	0.0012133111	
S00111.tib_ant-gastroc.KS       	-0.00357534	-0.0037255097	0.0052216258	
S11000.tib_ant-gastroc.KS       	-0.00331551	-0.0034382989	0.005103537	
S00111.tib_ant-soleus.KS        	-0.00313515	-0.003253601	0.0053600557	
S11000.tib_ant-soleus.KS        	-0.00313645	-0.0033097581	0.0051323969	
S00111.gastroc.KL               	0.081655975	0.08083747	0.00085895763	
S00111.gastroc.L0               	0.83935344	0.84002038	0.00046040397	
S00111.gastroc.KS               	0.17482077	0.17469435	0.00041452086	
S00111.soleus.KL                	3.9923101	3.9930712	0.00099022724	
S00111.soleus.L0                	0.96407748	0.9643642	0.00024789901	
S00111.soleus.KS                	0.15806269	0.156854	0.00064442669	
S11000.gastroc.KL               	0.00925153	0.008862065	0.00054615901	
S11000.gastroc.L0               	0.51502671	0.51417177	0.00046782509	
S11000.gastroc.KF               	-1.8114694	-1.8119627	0.0011514835	
S11000.gastroc.KS               	0.2712577	0.27006481	0.00092917187	
S11000.soleus.KL                	0.79886869	0.797263	0.001923986	
S11000.soleus.L0                	0.925131	0.92560339	0.00046453	
S11000.soleus.KF                	-0.92997093	-0.93021357	0.0017240324	
S11000.soleus.KS                	0.10867719	0.10779109	0.0012623077	
S00011.vasti.KF                 	0.83776232	0.83781971	0.00024189023	
S00011.vasti.C0                 	0.082175292	0.082085609	5.1920585e-05	
S00011.vasti-knee_angle.pos_max 	-0.30356804	-0.30352411	8.6824666e-05	
S00011.hamstrings-pelvis_tilt.KP	0.70909422	0.7072468	0.00096892829	
S00011.hamstrings-pelvis_tilt.KV	0.56658359	0.56662668	4.9739995e-05	
S00011.hamstrings-pelvis_tilt.C0	0.026300335	0.026440713	9.5070646e-05	
S00011.glut_max-pelvis_tilt.KP  	1.4819869	1.4832533	0.00081509504	
S00011.glut_max-pelvis_tilt.KV  	0.31492213	0.31483674	5.2029874e-05	
S00011.glut_max-pelvis_tilt.C0  	0.1587283	0.15840706	8.9930878e-05	
S00011.iliopsoas-pelvis_tilt.KP 	-3.5206973	-3.5215999	0.0013560529	
S00011.iliopsoas-pelvis_tilt.KV 	-0.54360583	-0.54356147	6.1096455e-05	
S00011.iliopsoas-pelvis_tilt.C0 	0.33408159	0.33405944	0.00014030732	
S00100.iliopsoas.C0             	0.33547987	0.33545562	7.1810039e-05	
S00100.glut_max.C0              	-0.025018957	-0.025174419	5.3513414e-05	
S11000.iliopsoas.KL             	0.56309364	0.563066	6.4667597e-05	
S11000.iliopsoas.L0             	0.38876549	0.38890602	7.1438302e-05	
S11000.iliopsoas-pelvis_tilt.P0 	-0.045041735	-0.045026805	5.4021727e-05	
S11000.iliopsoas-pelvis_tilt.KP 	0.011000638	0.010973861	0.0002517398	
S11000.iliopsoas-pelvis_tilt.KV 	0.14459988	0.14461433	6.4920747e-05	
S11000.iliopsoas-hamstrings.KL  	-8.4049558	-8.4063256	0.0023301768	
S11000.iliopsoas-hamstrings.L0  	1.1695971	1.1696458	5.2713676e-05	
S11000.hamstrings.KF            	0.57347916	0.57339299	5.0316058e-05	
S11000.glut_max.KF              	0.62172707	0.62168997	5.8017838e-05	
