pelvis_tilt.offset              	0.023576397	0.023561724	1.6355702e-05	
hip_flexion_r.offset            	0.071947596	0.071953897	1.598254e-05	
knee_angle_r.offset             	0.0040826668	0.004099945	1.8317253e-05	
ankle_angle_r.offset            	-0.056386004	-0.056411692	2.2626407e-05	
hip_flexion_l.offset            	-0.0045971883	-0.0046047671	3.2174303e-05	
knee_angle_l.offset             	0.054691503	0.054654288	2.3569086e-05	
ankle_angle_l.offset            	0.19036815	0.19034661	2.4346247e-05	
stance_load_threshold           	0.15188116	0.15187853	2.7454932e-05	
S00111.tib_ant.KL               	1.1981669	1.1984283	0.00043089993	
S00111.tib_ant.L0               	0.75075011	0.75084919	4.5112019e-05	
S00111.tib_ant.KS               	0.000173	0.00016705329	8.7626701e-06	
S11000.tib_ant.KL               	1.2285555	1.2287293	0.00025164238	
S11000.tib_ant.L0               	0.73117236	0.73112761	3.6343512e-05	
S11000.tib_ant.KS               	0.035481092	0.035481257	2.1456278e-05	
S11111.tib_ant-soleus.KF        	-0.11308491	-0.11308727	3.849774e-05	
S00111.soleus-tib_ant.KS        	-0.87738662	-0.87843386	0.00045623642	
S11000.soleus-tib_ant.KS        	-3.3441311	-3.3440118	0.00057663208	
S00111.gastroc-tib_ant.KS       	-0.32710599	-0.32695288	0.0003230077	
S11000.gastroc-tib_ant.KS       	-1.6530641	-1.6529343	0.00049115373	
S00111.tib_ant-gastroc.KS       	-0.00395169	-0.0038565419	0.0016301243	
S11000.tib_ant-gastroc.KS       	-0.0036476575	-0.0035585117	0.0015931518	
S00111.tib_ant-soleus.KS        	-0.00346517	-0.0032367924	0.0016729316	
S11000.tib_ant-soleus.KS        	-0.0034666	-0.003316816	0.0016019122	
S00111.gastroc.KL               	0.078414746	0.078600014	0.00034715149	
S00111.gastroc.L0               	0.83986374	0.8399685	0.00018855049	
S00111.gastroc.KS               	0.17619017	0.1761714	0.00016887592	
S00111.soleus.KL                	3.9915776	3.991645	0.00041243715	
S00111.soleus.L0                	0.96424072	0.9643092	9.891971e-05	
S00111.soleus.KS                	0.15622423	0.15638803	0.00025521639	
S11000.gastroc.KL               	0.0089321108	0.0087102901	0.00020070129	
S11000.gastroc.L0               	0.51486185	0.51499388	0.00018586041	
S11000.gastroc.KF               	-1.8162369	-1.8156378	0.00048453254	
S11000.gastroc.KS               	0.26749184	0.26728089	0.00039134126	
S11000.soleus.KL                	0.79258273	0.79090479	0.0007847287	
S11000.soleus.L0                	0.92697796	0.9266768	0.00019178955	
S11000.soleus.KF                	-0.93834391	-0.93824199	0.00073397038	
S11000.soleus.KS                	0.10442443	0.10493144	0.00051713156	
S00011.vasti.KF                 	0.83764291	0.83751322	9.7794442e-05	
S00011.vasti.C0                 	0.082124847	0.082094155	2.0649995e-05	
S00011.vasti-knee_angle.pos_max 	-0.30322986	-0.30324162	3.6494747e-05	
S00011.hamstrings-pelvis_tilt.KP	0.71022177	0.70995747	0.00039238788	
S00011.hamstrings-pelvis_tilt.KV	0.56658915	0.56659729	2.0509544e-05	
S00011.hamstrings-pelvis_tilt.C0	0.026175716	0.026200662	3.8772796e-05	
S00011.glut_max-pelvis_tilt.KP  	1.4820225	1.4822107	0.00034190002	
S00011.glut_max-pelvis_tilt.KV  	0.31473394	0.3147247	2.1797983e-05	
S00011.glut_max-pelvis_tilt.C0  	0.15825324	0.15824888	3.6560799e-05	
S00011.iliopsoas-pelvis_tilt.KP 	-3.5203282	-3.5202549	0.00055858835	
S00011.iliopsoas-pelvis_tilt.KV 	-0.54357732	-0.54355762	2.5167572e-05	
S00011.iliopsoas-pelvis_tilt.C0 	0.33430159	0.33429181	5.6412777e-05	
S00100.iliopsoas.C0             	0.33542009	0.33537085	2.957808e-05	
S00100.glut_max.C0              	-0.025081748	-0.025057618	2.1771473e-05	
S11000.iliopsoas.KL             	0.56298764	0.56297902	2.7088342e-05	
S11000.iliopsoas.L0             	0.38920626	0.3892486	3.0124108e-05	
S11000.iliopsoas-pelvis_tilt.P0 	-0.045281459	-0.045259728	2.2742471e-05	
S11000.iliopsoas-pelvis_tilt.KP 	0.011008199	0.011115685	9.7958693e-05	
S11000.iliopsoas-pelvis_tilt.KV 	0.14484567	0.14487392	2.7402345e-05	
S11000.iliopsoas-hamstrings.KL  	-8.3980056	-8.3983399	0.00096673252	
S11000.iliopsoas-hamstrings.L0  	1.1694854	1.1694756	2.2097162e-05	
S11000.hamstrings.KF            	0.57367689	0.57369489	2.1871831e-05	
S11000.glut_max.KF              	0.62162648	0.6216353	2.3529706e-05	
