pelvis_tilt.offset              	0.023545396	0.023545086	1.1116057e-05	
hip_flexion_r.offset            	0.071975555	0.071990538	1.1290567e-05	
knee_angle_r.offset             	0.0041032334	0.0041061577	1.3101846e-05	
ankle_angle_r.offset            	-0.056459823	-0.056490833	1.6085447e-05	
hip_flexion_l.offset            	-0.0045354256	-0.0045450622	2.3248551e-05	
knee_angle_l.offset             	0.054733603	0.054729035	1.674426e-05	
ankle_angle_l.offset            	0.1902512	0.19024703	1.7491885e-05	
stance_load_threshold           	0.1518978	0.15192547	1.9140401e-05	
S00111.tib_ant.KL               	1.1990098	1.1992863	0.00030258224	
S00111.tib_ant.L0               	0.75090823	0.75092529	3.2014717e-05	
S00111.tib_ant.KS               	0.00015652	0.00016409952	5.633326e-06	
S11000.tib_ant.KL               	1.2290746	1.2289723	0.00017380004	
S11000.tib_ant.L0               	0.73111577	0.73111413	2.5419553e-05	
S11000.tib_ant.KS               	0.035468076	0.03547686	1.4716939e-05	
S11111.tib_ant-soleus.KF        	-0.11310063	-0.11307972	2.6886876e-05	
S00111.soleus-tib_ant.KS        	-0.87774122	-0.87755788	0.00032059607	
S11000.soleus-tib_ant.KS        	-3.3469626	-3.3466464	0.0004162177	
S00111.gastroc-tib_ant.KS       	-0.32670909	-0.32657191	0.00022185297	
S11000.gastroc-tib_ant.KS       	-1.6515688	-1.6523755	0.00034363318	
S00111.tib_ant-gastroc.KS       	-0.00395169	-0.0037221696	0.00095578257	
S11000.tib_ant-gastroc.KS       	-0.00331551	-0.0034482898	0.00093368297	
S00111.tib_ant-soleus.KS        	-0.00313515	-0.0032792018	0.00097974395	
S11000.tib_ant-soleus.KS        	-0.0034666	-0.0034105061	0.00093840026	
S00111.gastroc.KL               	0.078652223	0.078575275	0.0002388909	
S00111.gastroc.L0               	0.84037124	0.84038885	0.00013483776	
S00111.gastroc.KS               	0.17617509	0.17610539	0.00011699225	
S00111.soleus.KL                	3.9906664	3.9904978	0.0002953107	
S00111.soleus.L0                	0.9643595	0.96435162	6.8549393e-05	
S00111.soleus.KS                	0.15624902	0.15612708	0.00017603846	
S11000.gastroc.KL               	0.0090504288	0.0089473882	0.0001392887	
S11000.gastroc.L0               	0.51536216	0.51531533	0.00013114193	
S11000.gastroc.KF               	-1.8165641	-1.8168563	0.00033359275	
S11000.gastroc.KS               	0.26610543	0.26659853	0.00027915427	
S11000.soleus.KL                	0.79448094	0.79294509	0.00054509091	
S11000.soleus.L0                	0.92635664	0.92630012	0.00013669447	
S11000.soleus.KF                	-0.93956251	-0.93983091	0.00052256241	
S11000.soleus.KS                	0.10518896	0.10473236	0.00036563214	
S00011.vasti.KF                 	0.83779186	0.83787924	7.0257463e-05	
S00011.vasti.C0                 	0.08206117	0.082049204	1.4348608e-05	
S00011.vasti-knee_angle.pos_max 	-0.30310851	-0.30308908	2.6409065e-05	
S00011.hamstrings-pelvis_tilt.KP	0.7095331	0.70959687	0.00026961894	
S00011.hamstrings-pelvis_tilt.KV	0.56649057	0.56650716	1.432047e-05	
S00011.hamstrings-pelvis_tilt.C0	0.026147225	0.026150724	2.6590724e-05	
S00011.glut_max-pelvis_tilt.KP  	1.4821552	1.4818972	0.0002360671	
S00011.glut_max-pelvis_tilt.KV  	0.31473911	0.31472712	1.5344845e-05	
S00011.glut_max-pelvis_tilt.C0  	0.15822188	0.15819038	2.5087179e-05	
S00011.iliopsoas-pelvis_tilt.KP 	-3.5205615	-3.5199276	0.00039608059	
S00011.iliopsoas-pelvis_tilt.KV 	-0.54356769	-0.543565	1.7517016e-05	
S00011.iliopsoas-pelvis_tilt.C0 	0.33432215	0.33428839	3.9183135e-05	
S00100.iliopsoas.C0             	0.33543086	0.33543833	2.081528e-05	
S00100.glut_max.C0              	-0.025024806	-0.025018152	1.5297004e-05	
S11000.iliopsoas.KL             	0.56297311	0.56296452	1.8645447e-05	
S11000.iliopsoas.L0             	0.38936477	0.38933691	2.1331825e-05	
S11000.iliopsoas-pelvis_tilt.P0 	-0.045268823	-0.045287644	1.5953328e-05	
S11000.iliopsoas-pelvis_tilt.KP 	0.010950095	0.010913159	6.7944422e-05	
S11000.iliopsoas-pelvis_tilt.KV 	0.14488457	0.14486331	1.9212982e-05	
S11000.iliopsoas-hamstrings.KL  	-8.3973563	-8.3966105	0.0006659284	
S11000.iliopsoas-hamstrings.L0  	1.1694587	1.1694652	1.5406474e-05	
S11000.hamstrings.KF            	0.57369865	0.57369864	1.5301277e-05	
S11000.glut_max.KF              	0.62167653	0.62166542	1.6698752e-05	
