pelvis_tilt.offset              	0.0225505	0.02089895	0.0013086009	
hip_flexion_r.offset            	0.068700272	0.070043232	0.0012367319	
knee_angle_r.offset             	0.0023865524	0.0011661492	0.00135741	
ankle_angle_r.offset            	-0.055890616	-0.057960911	0.0017709911	
hip_flexion_l.offset            	-0.0071399383	-0.0050449449	0.0025074035	
knee_angle_l.offset             	0.056807713	0.057149677	0.0019407953	
ankle_angle_l.offset            	0.1863611	0.18874224	0.0018504275	
stance_load_threshold           	0.15662155	0.15320166	0.0020345928	
S00111.tib_ant.KL               	1.2452864	1.2532329	0.033735643	
S00111.tib_ant.L0               	0.7644996	0.76570185	0.0036183946	
S00111.tib_ant.KS               	0.00015652	0.00017057913	0.0014521295	
S11000.tib_ant.KL               	1.2147671	1.2069113	0.019168626	
S11000.tib_ant.L0               	0.74064865	0.74102746	0.0028016438	
S11000.tib_ant.KS               	0.035969246	0.035680333	0.0017837437	
S11111.tib_ant-soleus.KF        	-0.11266688	-0.10831986	0.0030357079	
S00111.soleus-tib_ant.KS        	-0.89402901	-0.82412962	0.038660047	
S11000.soleus-tib_ant.KS        	-3.3643311	-3.3230197	0.04487882	
S00111.gastroc-tib_ant.KS       	-0.32746067	-0.32501545	0.033600927	
S11000.gastroc-tib_ant.KS       	-1.631276	-1.6572313	0.037386418	
S00111.tib_ant-gastroc.KS       	-0.00395169	-0.0037417011	0.28734973	
S11000.tib_ant-gastroc.KS       	-0.00366451	-0.003470204	0.28085616	
S00111.tib_ant-soleus.KS        	-0.00346517	-0.0032884439	0.29497935	
S11000.tib_ant-soleus.KS        	-0.0034666	-0.0032570434	0.28244868	
S00111.gastroc.L0               	0.81849158	0.82958393	0.014772853	
S00111.gastroc.KS               	0.16586967	0.17431906	0.016606673	
S00111.soleus.L0                	0.92168887	0.93779205	0.0085991066	
S00111.soleus.KS                	0.15105698	0.15544479	0.024272198	
S11000.gastroc.KL               	0.00925153	0.008692889	0.028660174	
S11000.gastroc.L0               	0.52209613	0.51471259	0.015624362	
S11000.gastroc.KF               	-1.8278478	-1.8462337	0.036794096	
S11000.gastroc.KS               	0.26424876	0.26518795	0.033962562	
S11000.soleus.KL                	0.84260236	0.79767153	0.065194834	
S11000.soleus.L0                	0.91453578	0.88243106	0.014369327	
S11000.soleus.KF                	-0.95885434	-0.90082072	0.060585041	
S11000.soleus.KS                	0.1022613	0.10867547	0.053219428	
S00011.vasti.KF                 	0.82306271	0.82332197	0.008019065	
S00011.vasti.C0                 	0.084761916	0.085231142	0.0018107196	
S00011.vasti-knee_angle.pos_max 	-0.30845443	-0.30742272	0.0027733404	
S00011.hamstrings-pelvis_tilt.KP	0.69832868	0.71184481	0.031836936	
S00011.hamstrings-pelvis_tilt.KV	0.56964012	0.56913815	0.0016185063	
S00011.hamstrings-pelvis_tilt.C0	0.02514159	0.026159973	0.0035254084	
S00011.glut_max-pelvis_tilt.KP  	1.5139561	1.4980204	0.026198228	
S00011.glut_max-pelvis_tilt.KV  	0.31255782	0.31338813	0.0016375031	
S00011.glut_max-pelvis_tilt.C0  	0.15768819	0.16119847	0.0027489362	
S00011.iliopsoas-pelvis_tilt.KP 	-3.4455349	-3.4784798	0.044191611	
S00011.iliopsoas-pelvis_tilt.KV 	-0.54247467	-0.54259456	0.0020068939	
S00011.iliopsoas-pelvis_tilt.C0 	0.33318901	0.33273008	0.004327291	
S00100.iliopsoas.C0             	0.33362483	0.33570462	0.0023840321	
S00100.glut_max.C0              	-0.025480714	-0.025034782	0.0018288602	
S11000.iliopsoas.KL             	0.56075415	0.56021419	0.0020282518	
S11000.iliopsoas.L0             	0.39323191	0.3925081	0.0022710226	
S11000.iliopsoas-pelvis_tilt.P0 	-0.045270346	-0.043765123	0.0018168798	
S11000.iliopsoas-pelvis_tilt.KP 	0.01196527	0.011242907	0.011537291	
S11000.iliopsoas-pelvis_tilt.KV 	0.1401665	0.14349403	0.0020919523	
S11000.iliopsoas-hamstrings.KL  	-8.3784658	-8.3221171	0.074184935	
S11000.iliopsoas-hamstrings.L0  	1.1656954	1.1654276	0.0016900844	
S11000.hamstrings.KF            	0.57456616	0.5751463	0.0016235028	
S11000.glut_max.KF              	0.6231745	0.62059689	0.001846342	
