pelvis_tilt.offset              	0.021257282	0.020843368	0.0012874057	
hip_flexion_r.offset            	0.074353493	0.072315129	0.0012284059	
knee_angle_r.offset             	0.0047183958	0.0038114449	0.0013450121	
ankle_angle_r.offset            	-0.05540893	-0.056864837	0.0017402031	
hip_flexion_l.offset            	-0.0046168881	-0.0021947692	0.0024658004	
knee_angle_l.offset             	0.05453545	0.056698615	0.0019124195	
ankle_angle_l.offset            	0.18531602	0.18790258	0.0018173719	
stance_load_threshold           	0.15337186	0.1545469	0.0020048609	
S00111.tib_ant.KL               	1.2275988	1.2687262	0.033099461	
S00111.tib_ant.L0               	0.76490746	0.76517625	0.0035734982	
S00111.tib_ant.KS               	0.00015652	0.00016232059	0.0014073098	
S11000.tib_ant.KL               	1.1971083	1.1880522	0.018882894	
S11000.tib_ant.L0               	0.73949286	0.74236976	0.0027605439	
S11000.tib_ant.KS               	0.03726336	0.036914294	0.0017409162	
S11111.tib_ant-soleus.KF        	-0.11024575	-0.10900096	0.002984154	
S00111.soleus-tib_ant.KS        	-0.82183395	-0.82194769	0.037686778	
S11000.soleus-tib_ant.KS        	-3.3406956	-3.3562124	0.04429161	
S00111.gastroc-tib_ant.KS       	-0.32171493	-0.33373739	0.032604585	
S11000.gastroc-tib_ant.KS       	-1.6291463	-1.6614101	0.036757048	
S00111.tib_ant-gastroc.KS       	-0.00357534	-0.0037509657	0.27848052	
S11000.tib_ant-gastroc.KS       	-0.00366451	-0.0035045804	0.27218738	
S00111.tib_ant-soleus.KS        	-0.00313515	-0.0033602892	0.28587465	
S11000.tib_ant-soleus.KS        	-0.0034666	-0.00327751	0.27373075	
S00111.gastroc.L0               	0.80243031	0.80937255	0.014570559	
S00111.gastroc.KS               	0.17739288	0.17437518	0.016113737	
S00111.soleus.L0                	0.92125609	0.9252199	0.0086070985	
S00111.soleus.KS                	0.14946728	0.1559891	0.02355626	
S11000.gastroc.KL               	0.00925153	0.0087483747	0.027775671	
S11000.gastroc.L0               	0.49752118	0.51501636	0.015324941	
S11000.gastroc.KF               	-1.8560928	-1.859728	0.036178971	
S11000.gastroc.KS               	0.27872106	0.2754332	0.03297838	
S11000.soleus.KL                	0.84260236	0.82188526	0.063390206	
S11000.soleus.L0                	0.87832942	0.88541973	0.014194809	
S11000.soleus.KF                	-0.8957444	-0.91267582	0.059092668	
S11000.soleus.KS                	0.11302564	0.10776873	0.051585564	
S00011.vasti.KF                 	0.8228015	0.832097	0.0078773698	
S00011.vasti.C0                 	0.082473331	0.081941752	0.0017783832	
S00011.vasti-knee_angle.pos_max 	-0.30462915	-0.30630431	0.0027402234	
S00011.hamstrings-pelvis_tilt.KP	0.72362748	0.7162238	0.031124379	
S00011.hamstrings-pelvis_tilt.KV	0.56955008	0.56837578	0.0015951021	
S00011.hamstrings-pelvis_tilt.C0	0.02514159	0.026823603	0.003422356	
S00011.glut_max-pelvis_tilt.KP  	1.5201298	1.4909834	0.025661354	
S00011.glut_max-pelvis_tilt.KV  	0.31132722	0.31139967	0.0016162581	
S00011.glut_max-pelvis_tilt.C0  	0.16122754	0.16045571	0.0027113155	
S00011.iliopsoas-pelvis_tilt.KP 	-3.4506015	-3.5049418	0.0434507	
S00011.iliopsoas-pelvis_tilt.KV 	-0.5419922	-0.5428602	0.0019800708	
S00011.iliopsoas-pelvis_tilt.C0 	0.335403	0.33265175	0.0042571052	
S00100.iliopsoas.C0             	0.32738399	0.33300147	0.0023527909	
S00100.glut_max.C0              	-0.025475317	-0.024269321	0.0017805266	
S11000.iliopsoas.KL             	0.55897325	0.55914898	0.0019977491	
S11000.iliopsoas.L0             	0.39359238	0.39224575	0.0022292359	
S11000.iliopsoas-pelvis_tilt.P0 	-0.043648051	-0.043869926	0.0017802407	
S11000.iliopsoas-pelvis_tilt.KP 	0.01196527	0.011312329	0.011181645	
S11000.iliopsoas-pelvis_tilt.KV 	0.14276933	0.1426635	0.0020648276	
S11000.iliopsoas-hamstrings.KL  	-8.3249722	-8.2697284	0.073139477	
S11000.iliopsoas-hamstrings.L0  	1.1655012	1.165427	0.0016562536	
S11000.hamstrings.KF            	0.57925685	0.57664397	0.0016029985	
S11000.glut_max.KF              	0.621316	0.6206038	0.0018203266	
