pelvis_tilt.offset              	0.025351081	0.025418809	0.00068069648	
hip_flexion_r.offset            	0.074824963	0.074862353	0.00066555455	
knee_angle_r.offset             	0.0066004059	0.0066985764	0.00072644769	
ankle_angle_r.offset            	-0.056128689	-0.055299859	0.00091072916	
hip_flexion_l.offset            	-0.0065941952	-0.0062467189	0.0012954361	
knee_angle_l.offset             	0.056689713	0.055961971	0.00099248577	
ankle_angle_l.offset            	0.18821358	0.18842884	0.00095437478	
stance_load_threshold           	0.1536623	0.15427629	0.0010479173	
S00111.tib_ant.KL               	1.2537435	1.2389106	0.017255826	
S00111.tib_ant.L0               	0.76048552	0.76068502	0.0018744847	
S00111.tib_ant.KS               	0.00015652	0.00016676237	0.00068914868	
S11000.tib_ant.KL               	1.2169855	1.2038982	0.0098535128	
S11000.tib_ant.L0               	0.74047565	0.74013509	0.0014441904	
S11000.tib_ant.KS               	0.03625826	0.035237763	0.00089160381	
S11111.tib_ant-soleus.KF        	-0.11169515	-0.11298679	0.0015531483	
S00111.soleus-tib_ant.KS        	-0.88082738	-0.8557186	0.019365703	
S11000.soleus-tib_ant.KS        	-3.3578033	-3.371076	0.023104106	
S00111.gastroc-tib_ant.KS       	-0.32171493	-0.32362259	0.016070464	
S11000.gastroc-tib_ant.KS       	-1.6638355	-1.6437738	0.019119637	
S00111.tib_ant-gastroc.KS       	-0.00395169	-0.0038619604	0.1363691	
S11000.tib_ant-gastroc.KS       	-0.00331551	-0.0034243446	0.13328741	
S00111.tib_ant-soleus.KS        	-0.00346517	-0.0032958141	0.13998992	
S11000.tib_ant-soleus.KS        	-0.00313645	-0.0032173122	0.13404318	
S00111.gastroc.L0               	0.80143975	0.80723891	0.0075327093	
S00111.gastroc.KS               	0.17685347	0.17585628	0.0079564656	
S00111.soleus.L0                	0.92471583	0.9258653	0.0044792249	
S00111.soleus.KS                	0.16107494	0.15780117	0.011671021	
S11000.gastroc.KL               	0.00925153	0.0087818117	0.013601938	
S11000.gastroc.L0               	0.50702697	0.51099353	0.0079227911	
S11000.gastroc.KF               	-1.9071362	-1.8643839	0.018886701	
S11000.gastroc.KS               	0.2557786	0.26075682	0.016372759	
S11000.soleus.KL                	0.83431867	0.80507237	0.031794098	
S11000.soleus.L0                	0.89250906	0.88583515	0.0074067213	
S11000.soleus.KF                	-0.87751021	-0.91338138	0.030000212	
S11000.soleus.KS                	0.11302564	0.10887621	0.025295921	
S00011.vasti.KF                 	0.83306522	0.83927953	0.0041125422	
S00011.vasti.C0                 	0.080677373	0.080213087	0.00090054052	
S00011.vasti-knee_angle.pos_max 	-0.30540766	-0.30749494	0.0014250437	
S00011.hamstrings-pelvis_tilt.KP	0.72821258	0.69784903	0.016044203	
S00011.hamstrings-pelvis_tilt.KV	0.56965227	0.56821159	0.00083950181	
S00011.hamstrings-pelvis_tilt.C0	0.02514159	0.026200778	0.0016988166	
S00011.glut_max-pelvis_tilt.KP  	1.4654002	1.4558642	0.013467817	
S00011.glut_max-pelvis_tilt.KV  	0.3113844	0.31175145	0.00084633629	
S00011.glut_max-pelvis_tilt.C0  	0.16316215	0.16081006	0.0014184429	
S00011.iliopsoas-pelvis_tilt.KP 	-3.45941	-3.4811658	0.022711374	
S00011.iliopsoas-pelvis_tilt.KV 	-0.53890467	-0.53857574	0.0010429395	
S00011.iliopsoas-pelvis_tilt.C0 	0.3274928	0.32917155	0.0022461072	
S00100.iliopsoas.C0             	0.33155411	0.33183812	0.0012472745	
S00100.glut_max.C0              	-0.02443563	-0.025192501	0.00090006675	
S11000.iliopsoas.KL             	0.55299808	0.55374662	0.0010679213	
S11000.iliopsoas.L0             	0.39567377	0.3955492	0.0011719272	
S11000.iliopsoas-pelvis_tilt.P0 	-0.044602159	-0.045181244	0.00091427309	
S11000.iliopsoas-pelvis_tilt.KP 	0.01082572	0.011166398	0.0054774119	
S11000.iliopsoas-pelvis_tilt.KV 	0.14203967	0.14100069	0.0010760689	
S11000.iliopsoas-hamstrings.KL  	-8.203697	-8.2363975	0.038241109	
S11000.iliopsoas-hamstrings.L0  	1.1656177	1.164882	0.00086442921	
S11000.hamstrings.KF            	0.57797261	0.57959536	0.0008521978	
S11000.glut_max.KF              	0.6210362	0.62168475	0.00094272813	
