pelvis_tilt.offset              	0.025180377	0.025481245	0.00060921184	
hip_flexion_r.offset            	0.075269827	0.075717317	0.00059029494	
knee_angle_r.offset             	0.0075806842	0.0081401654	0.00064982669	
ankle_angle_r.offset            	-0.053522141	-0.054444811	0.00080820449	
hip_flexion_l.offset            	-0.0037232172	-0.0037506031	0.001149679	
knee_angle_l.offset             	0.055825218	0.055652807	0.00087668199	
ankle_angle_l.offset            	0.1886511	0.18877014	0.00084457762	
stance_load_threshold           	0.15441882	0.15351225	0.00091988325	
S00111.tib_ant.KL               	1.225446	1.2333496	0.01525991	
S00111.tib_ant.L0               	0.75871835	0.75783808	0.0016876964	
S00111.tib_ant.KS               	0.00015652	0.00016590722	0.00058566429	
S11000.tib_ant.KL               	1.2146945	1.2077001	0.0087860243	
S11000.tib_ant.L0               	0.73861463	0.73897722	0.0012825854	
S11000.tib_ant.KS               	0.035346827	0.034691583	0.00078566446	
S11111.tib_ant-soleus.KF        	-0.10937173	-0.11021103	0.001376399	
S00111.soleus-tib_ant.KS        	-0.85353424	-0.85647247	0.01701677	
S11000.soleus-tib_ant.KS        	-3.3988216	-3.3769117	0.020494821	
S00111.gastroc-tib_ant.KS       	-0.32171493	-0.32468112	0.013716247	
S11000.gastroc-tib_ant.KS       	-1.6328228	-1.6438502	0.016913309	
S00111.tib_ant-gastroc.KS       	-0.00395169	-0.0037716714	0.11589079	
S11000.tib_ant-gastroc.KS       	-0.00366451	-0.0034776614	0.11327187	
S00111.tib_ant-soleus.KS        	-0.00346517	-0.0033622585	0.11896788	
S11000.tib_ant-soleus.KS        	-0.0034666	-0.0033224047	0.11391414	
S00111.gastroc.L0               	0.80058375	0.80160103	0.0066208245	
S00111.gastroc.KS               	0.17739288	0.17532428	0.0067968151	
S00111.soleus.L0                	0.91939494	0.92620259	0.0039318636	
S00111.soleus.KS                	0.15229744	0.15593435	0.010052196	
S11000.gastroc.KL               	0.00925153	0.0088312482	0.011559897	
S11000.gastroc.L0               	0.52508452	0.52015394	0.0070135454	
S11000.gastroc.KF               	-1.8584945	-1.8761315	0.016631561	
S11000.gastroc.KS               	0.25818795	0.25776058	0.014123185	
S11000.soleus.KL                	0.77622951	0.79453079	0.027740481	
S11000.soleus.L0                	0.88166053	0.88811248	0.0065147707	
S11000.soleus.KF                	-0.88483375	-0.90283526	0.026263677	
S11000.soleus.KS                	0.11239758	0.1110941	0.021534421	
S00011.vasti.KF                 	0.84160389	0.8375861	0.0036032131	
S00011.vasti.C0                 	0.080210434	0.080585487	0.0007790422	
S00011.vasti-knee_angle.pos_max 	-0.30817146	-0.30802159	0.0012675152	
S00011.hamstrings-pelvis_tilt.KP	0.71632631	0.72232444	0.014235254	
S00011.hamstrings-pelvis_tilt.KV	0.57015959	0.56960177	0.00074486015	
S00011.hamstrings-pelvis_tilt.C0	0.026909823	0.026552953	0.0014633881	
S00011.glut_max-pelvis_tilt.KP  	1.4292074	1.4395137	0.011969321	
S00011.glut_max-pelvis_tilt.KV  	0.31241056	0.31211399	0.00074968982	
S00011.glut_max-pelvis_tilt.C0  	0.16429419	0.16214444	0.0012611438	
S00011.iliopsoas-pelvis_tilt.KP 	-3.4592554	-3.4660576	0.020105867	
S00011.iliopsoas-pelvis_tilt.KV 	-0.5409638	-0.53986875	0.00092263256	
S00011.iliopsoas-pelvis_tilt.C0 	0.32419461	0.32315693	0.0020196287	
S00100.iliopsoas.C0             	0.32821948	0.32831267	0.0011178482	
S00100.glut_max.C0              	-0.023704919	-0.024092399	0.00078454299	
S11000.iliopsoas.KL             	0.55230343	0.55231929	0.00095538335	
S11000.iliopsoas.L0             	0.39327448	0.39277157	0.0010404509	
S11000.iliopsoas-pelvis_tilt.P0 	-0.043963567	-0.043586211	0.00080689024	
S11000.iliopsoas-pelvis_tilt.KP 	0.011212986	0.011339557	0.0046570837	
S11000.iliopsoas-pelvis_tilt.KV 	0.14278242	0.14143322	0.00094934483	
S11000.iliopsoas-hamstrings.KL  	-8.3482478	-8.3280009	0.033868788	
S11000.iliopsoas-hamstrings.L0  	1.1647961	1.1642508	0.00076552657	
S11000.hamstrings.KF            	0.5799698	0.57999779	0.00075776436	
S11000.glut_max.KF              	0.62251817	0.62198131	0.00082945951	
