pelvis_tilt.offset              	0.026181169	0.026127523	0.00028622233	
hip_flexion_r.offset            	0.075703724	0.075519361	0.00027393256	
knee_angle_r.offset             	0.0084283023	0.0084586318	0.00030563227	
ankle_angle_r.offset            	-0.055490363	-0.055729065	0.00038112492	
hip_flexion_l.offset            	-0.0039206743	-0.0043921514	0.00052971562	
knee_angle_l.offset             	0.055680884	0.055441779	0.0004052425	
ankle_angle_l.offset            	0.18848801	0.18834928	0.00039126379	
stance_load_threshold           	0.15397991	0.153933	0.00042539032	
S00111.tib_ant.KL               	1.2310392	1.2355845	0.0070973911	
S00111.tib_ant.L0               	0.75806424	0.75740714	0.00079581174	
S00111.tib_ant.KS               	0.00015652	0.00016512185	0.00024978639	
S11000.tib_ant.KL               	1.1976333	1.1998481	0.0040859882	
S11000.tib_ant.L0               	0.73633784	0.73611445	0.00060941763	
S11000.tib_ant.KS               	0.035569139	0.035275723	0.00036055334	
S11111.tib_ant-soleus.KF        	-0.1088406	-0.109171	0.00063973948	
S00111.soleus-tib_ant.KS        	-0.83699983	-0.84353034	0.0078645783	
S11000.soleus-tib_ant.KS        	-3.4227178	-3.4144423	0.0096373971	
S00111.gastroc-tib_ant.KS       	-0.32171493	-0.32265239	0.0059251399	
S11000.gastroc-tib_ant.KS       	-1.6005779	-1.6046227	0.0078794907	
S00111.tib_ant-gastroc.KS       	-0.00395169	-0.0037954452	0.049425167	
S11000.tib_ant-gastroc.KS       	-0.00331551	-0.0035222011	0.048308246	
S00111.tib_ant-soleus.KS        	-0.00313515	-0.00333418	0.050737477	
S11000.tib_ant-soleus.KS        	-0.00313645	-0.0033332228	0.048582161	
S00111.gastroc.L0               	0.80777835	0.80220275	0.0030292914	
S00111.gastroc.KS               	0.17739288	0.17630971	0.0029449297	
S00111.soleus.L0                	0.9214203	0.92269126	0.0018276491	
S00111.soleus.KS                	0.16035528	0.16000845	0.0045011774	
S11000.gastroc.KL               	0.00925153	0.0087210589	0.0049316783	
S11000.gastroc.L0               	0.51914712	0.52000833	0.0032845888	
S11000.gastroc.KF               	-1.8830589	-1.8809351	0.0076545727	
S11000.gastroc.KS               	0.25338655	0.25667973	0.0063713122	
S11000.soleus.KL                	0.78953788	0.80577199	0.012736664	
S11000.soleus.L0                	0.89959814	0.89762494	0.0030246723	
S11000.soleus.KF                	-0.87460995	-0.88257423	0.011958934	
S11000.soleus.KS                	0.10505434	0.10724469	0.0092912988	
S00011.vasti.KF                 	0.83734701	0.83544555	0.0016638773	
S00011.vasti.C0                 	0.07992329	0.080083817	0.00034557425	
S00011.vasti-knee_angle.pos_max 	-0.30807924	-0.30813645	0.00058610236	
S00011.hamstrings-pelvis_tilt.KP	0.73540402	0.72499447	0.0065619624	
S00011.hamstrings-pelvis_tilt.KV	0.56886406	0.56916996	0.0003469795	
S00011.hamstrings-pelvis_tilt.C0	0.026572885	0.026065522	0.00066167696	
S00011.glut_max-pelvis_tilt.KP  	1.4473774	1.4465246	0.0056641903	
S00011.glut_max-pelvis_tilt.KV  	0.31179103	0.31158854	0.00035009441	
S00011.glut_max-pelvis_tilt.C0  	0.16618311	0.16588077	0.00060228764	
S00011.iliopsoas-pelvis_tilt.KP 	-3.4857015	-3.4863099	0.0093218427	
S00011.iliopsoas-pelvis_tilt.KV 	-0.53788404	-0.53818898	0.00043676286	
S00011.iliopsoas-pelvis_tilt.C0 	0.31941928	0.31957954	0.00095796776	
S00100.iliopsoas.C0             	0.32831622	0.32872299	0.00052843411	
S00100.glut_max.C0              	-0.0250109	-0.024734551	0.00036102986	
S11000.iliopsoas.KL             	0.55370526	0.55308479	0.0004445312	
S11000.iliopsoas.L0             	0.3929492	0.39291174	0.0004849283	
S11000.iliopsoas-pelvis_tilt.P0 	-0.043321302	-0.043193001	0.00037336872	
S11000.iliopsoas-pelvis_tilt.KP 	0.01082572	0.011365317	0.0019925036	
S11000.iliopsoas-pelvis_tilt.KV 	0.14235732	0.14161715	0.00044145953	
S11000.iliopsoas-hamstrings.KL  	-8.3749674	-8.3728517	0.0159161	
S11000.iliopsoas-hamstrings.L0  	1.1637199	1.1639283	0.00035691233	
S11000.hamstrings.KF            	0.57973299	0.57990817	0.00035354761	
S11000.glut_max.KF              	0.6229521	0.62319251	0.00038886934	
