pelvis_tilt.offset              	0.026032195	0.02601238	2.6275034e-05	
hip_flexion_r.offset            	0.07571616	0.075727109	2.475075e-05	
knee_angle_r.offset             	0.0082010685	0.0081990185	2.8158537e-05	
ankle_angle_r.offset            	-0.05683328	-0.056867222	3.6602604e-05	
hip_flexion_l.offset            	-0.0045466712	-0.004548938	4.823e-05	
knee_angle_l.offset             	0.056252062	0.056273417	3.6338276e-05	
ankle_angle_l.offset            	0.18876401	0.18878977	3.567697e-05	
stance_load_threshold           	0.15407015	0.15400814	3.7863124e-05	
S00111.tib_ant.KL               	1.2424846	1.2431938	0.00065236367	
S00111.tib_ant.L0               	0.75647121	0.75644207	7.3424533e-05	
S00111.tib_ant.KS               	0.000173	0.0001663456	1.5841473e-05	
S11000.tib_ant.KL               	1.2047075	1.2036451	0.00038888934	
S11000.tib_ant.L0               	0.73776765	0.73778987	5.5923203e-05	
S11000.tib_ant.KS               	0.035809893	0.035736073	3.3593458e-05	
S11111.tib_ant-soleus.KF        	-0.10901791	-0.10899013	5.9202205e-05	
S00111.soleus-tib_ant.KS        	-0.840171	-0.84014567	0.00070102083	
S11000.soleus-tib_ant.KS        	-3.4330915	-3.4332605	0.00087543612	
S00111.gastroc-tib_ant.KS       	-0.32177983	-0.32203047	0.00044478896	
S11000.gastroc-tib_ant.KS       	-1.6097111	-1.6099881	0.00071116342	
S00111.tib_ant-gastroc.KS       	-0.00395169	-0.0037106691	0.0030839961	
S11000.tib_ant-gastroc.KS       	-0.00366451	-0.0034880284	0.0030142141	
S00111.tib_ant-soleus.KS        	-0.00313515	-0.0031936651	0.0031657102	
S11000.tib_ant-soleus.KS        	-0.00313645	-0.0033653766	0.0030312452	
S00111.gastroc.L0               	0.80237453	0.80227199	0.00027088404	
S00111.gastroc.KS               	0.17723813	0.17716343	0.00022353404	
S00111.soleus.L0                	0.92001062	0.919843	0.00016539811	
S00111.soleus.KS                	0.15743585	0.15749698	0.00040236784	
S11000.gastroc.KL               	0.0086475298	0.008841746	0.00033307807	
S11000.gastroc.L0               	0.52157856	0.52157713	0.00029924026	
S11000.gastroc.KF               	-1.8829975	-1.8826754	0.00070346917	
S11000.gastroc.KS               	0.25745993	0.25656396	0.00055369343	
S11000.soleus.KL                	0.83733324	0.83734219	0.0011798973	
S11000.soleus.L0                	0.89714337	0.89678618	0.00027468189	
S11000.soleus.KF                	-0.88227007	-0.88236256	0.0010940109	
S11000.soleus.KS                	0.10972721	0.10910782	0.00078900393	
S00011.vasti.KF                 	0.83360558	0.83360084	0.00015043639	
S00011.vasti.C0                 	0.080378245	0.080354964	2.9555025e-05	
S00011.vasti-knee_angle.pos_max 	-0.30757547	-0.30756613	5.4520941e-05	
S00011.hamstrings-pelvis_tilt.KP	0.71729286	0.71828143	0.00061096905	
S00011.hamstrings-pelvis_tilt.KV	0.56785003	0.56784279	3.2891205e-05	
S00011.hamstrings-pelvis_tilt.C0	0.027729716	0.027698501	5.8897751e-05	
S00011.glut_max-pelvis_tilt.KP  	1.4411289	1.4413607	0.00051564988	
S00011.glut_max-pelvis_tilt.KV  	0.31114063	0.31112565	3.2256916e-05	
S00011.glut_max-pelvis_tilt.C0  	0.16548547	0.16545713	5.5214749e-05	
S00011.iliopsoas-pelvis_tilt.KP 	-3.5007299	-3.5010887	0.00083634513	
S00011.iliopsoas-pelvis_tilt.KV 	-0.53842651	-0.53842365	3.9026567e-05	
S00011.iliopsoas-pelvis_tilt.C0 	0.31928906	0.31926983	8.7243789e-05	
S00100.iliopsoas.C0             	0.32978178	0.32981064	4.9541796e-05	
S00100.glut_max.C0              	-0.024917809	-0.024939167	3.252073e-05	
S11000.iliopsoas.KL             	0.55348416	0.55348919	4.2105465e-05	
S11000.iliopsoas.L0             	0.39227593	0.39227746	4.4297621e-05	
S11000.iliopsoas-pelvis_tilt.P0 	-0.043299111	-0.04330674	3.4245112e-05	
S11000.iliopsoas-pelvis_tilt.KP 	0.011856774	0.011572484	0.0001558789	
S11000.iliopsoas-pelvis_tilt.KV 	0.1417092	0.14167778	3.956983e-05	
S11000.iliopsoas-hamstrings.KL  	-8.3667322	-8.3642825	0.0014246782	
S11000.iliopsoas-hamstrings.L0  	1.1636641	1.1637123	3.2374354e-05	
S11000.hamstrings.KF            	0.58005597	0.58002835	3.2002944e-05	
S11000.glut_max.KF              	0.62269894	0.62267831	3.66764e-05	
