pelvis_tilt.offset              	0.021293786	0.020794099	0.0013508422	
hip_flexion_r.offset            	0.065473446	0.068218749	0.0012748191	
knee_angle_r.offset             	0.0017863546	0.00041560701	0.0013932775	
ankle_angle_r.offset            	-0.059753898	-0.057982104	0.0018260288	
hip_flexion_l.offset            	-0.003716015	-0.0059379465	0.0025883238	
knee_angle_l.offset             	0.057952484	0.05761984	0.0019913388	
ankle_angle_l.offset            	0.18645954	0.18708669	0.001906351	
stance_load_threshold           	0.15430498	0.15146603	0.0020978896	
S00111.tib_ant.KL               	1.299629	1.2731562	0.034788121	
S00111.tib_ant.L0               	0.75895461	0.7635781	0.0037357741	
S00111.tib_ant.KS               	0.000173	0.00016300876	0.0015100714	
S11000.tib_ant.KL               	1.1832265	1.1890563	0.019820848	
S11000.tib_ant.L0               	0.73758112	0.7383502	0.0028823735	
S11000.tib_ant.KS               	0.03371447	0.035625267	0.0018464566	
S11111.tib_ant-soleus.KF        	-0.11427277	-0.11185672	0.0031364831	
S00111.soleus-tib_ant.KS        	-0.81576599	-0.85525781	0.04005312	
S11000.soleus-tib_ant.KS        	-3.2190304	-3.2398826	0.046276783	
S00111.gastroc-tib_ant.KS       	-0.32718971	-0.33250971	0.034924113	
S11000.gastroc-tib_ant.KS       	-1.7189458	-1.6800619	0.038542686	
S00111.tib_ant-gastroc.KS       	-0.00395169	-0.003753674	0.29881543	
S11000.tib_ant-gastroc.KS       	-0.00331551	-0.0035406715	0.29206276	
S00111.tib_ant-soleus.KS        	-0.00346517	-0.0032805854	0.30674948	
S11000.tib_ant-soleus.KS        	-0.0034666	-0.0032640284	0.29371882	
S00111.gastroc.KL               	0.08315732	0.078853631	0.037348107	
S00111.gastroc.L0               	0.820471	0.82735466	0.01528659	
S00111.gastroc.KF               	1.4075961	1.4110643	0.0019448694	
S00111.gastroc.KS               	0.16049832	0.17065573	0.017258466	
S00111.soleus.KL                	3.9536769	4.0209213	0.034031979	
S00111.soleus.L0                	0.95319867	0.95654644	0.0087698509	
S00111.soleus.KF                	0.2279908	0.22890946	0.0028147415	
S00111.soleus.KS                	0.16297723	0.15705567	0.025217803	
S11000.gastroc.KL               	0.00925153	0.0087835321	0.029803663	
S11000.gastroc.L0               	0.53134168	0.53609611	0.016086643	
S11000.gastroc.KF               	-1.8023016	-1.8268371	0.037825268	
S11000.gastroc.KS               	0.26535535	0.26384852	0.035283636	
S11000.soleus.KL                	0.81440794	0.80671748	0.06767376	
S11000.soleus.L0                	0.92602509	0.89508546	0.014771512	
S11000.soleus.KF                	-0.88943063	-0.93219273	0.062851779	
S11000.soleus.KS                	0.1022613	0.10480243	0.055339191	
S00011.vasti.KF                 	0.80167887	0.8141015	0.0082868362	
S00011.vasti.C0                 	0.07992329	0.082762801	0.0018697794	
S00011.vasti-knee_angle.pos_max 	-0.30599245	-0.30488259	0.0028592244	
S00011.hamstrings-pelvis_tilt.KP	0.7095801	0.71181394	0.032973117	
S00011.hamstrings-pelvis_tilt.KV	0.56588509	0.56648042	0.0016671313	
S00011.hamstrings-pelvis_tilt.C0	0.025517712	0.02625079	0.0036633473	
S00011.glut_max-pelvis_tilt.KP  	1.4967497	1.49403	0.027044851	
S00011.glut_max-pelvis_tilt.KV  	0.31588844	0.31471194	0.0016893548	
S00011.glut_max-pelvis_tilt.C0  	0.16047832	0.1610918	0.0028408982	
S00011.iliopsoas-pelvis_tilt.KP 	-3.5063538	-3.4701075	0.045491253	
S00011.iliopsoas-pelvis_tilt.KV 	-0.54304919	-0.54382284	0.0020760991	
S00011.iliopsoas-pelvis_tilt.C0 	0.33298025	0.32828239	0.0044738563	
S00100.iliopsoas.C0             	0.33797241	0.33573804	0.0024533417	
S00100.glut_max.C0              	-0.024680704	-0.024188513	0.0018974556	
S11000.iliopsoas.KL             	0.55803567	0.55989615	0.0020950163	
S11000.iliopsoas.L0             	0.39109406	0.39174153	0.0023278933	
S11000.iliopsoas-pelvis_tilt.P0 	-0.04199752	-0.044022345	0.0018787601	
S11000.iliopsoas-pelvis_tilt.KP 	0.01082572	0.011575232	0.011997425	
S11000.iliopsoas-pelvis_tilt.KV 	0.14525584	0.14666203	0.0021635546	
S11000.iliopsoas-hamstrings.KL  	-8.2735296	-8.2541904	0.076768204	
S11000.iliopsoas-hamstrings.L0  	1.1636451	1.1660062	0.0017485512	
S11000.hamstrings.KF            	0.57958682	0.57679921	0.0016816451	
S11000.glut_max.KF              	0.62463178	0.62250498	0.0019073859	
