pelvis_tilt.offset              	0.025516741	0.022749155	0.0013222498	
hip_flexion_r.offset            	0.064667561	0.066937586	0.0012483078	
knee_angle_r.offset             	0.0052426223	0.0023277602	0.0013646018	
ankle_angle_r.offset            	-0.063248031	-0.059647916	0.0017892077	
hip_flexion_l.offset            	-0.0062176101	-0.007208577	0.0025357459	
knee_angle_l.offset             	0.056362476	0.057094791	0.0019427384	
ankle_angle_l.offset            	0.18958433	0.187231	0.0018664707	
stance_load_threshold           	0.14834723	0.15083537	0.0020530655	
S00111.tib_ant.KL               	1.2676018	1.2895002	0.033875353	
S00111.tib_ant.L0               	0.75487888	0.75987195	0.0036658088	
S00111.tib_ant.KS               	0.000173	0.00016438691	0.0014600365	
S11000.tib_ant.KL               	1.1846906	1.1747494	0.019366583	
S11000.tib_ant.L0               	0.74065944	0.74111823	0.0028276709	
S11000.tib_ant.KS               	0.03726336	0.034420655	0.0017952267	
S11111.tib_ant-soleus.KF        	-0.11642115	-0.11244321	0.0030625135	
S00111.soleus-tib_ant.KS        	-0.80888339	-0.85943581	0.039009485	
S11000.soleus-tib_ant.KS        	-3.2165014	-3.2066834	0.045466313	
S00111.gastroc-tib_ant.KS       	-0.32171493	-0.3285657	0.033827954	
S11000.gastroc-tib_ant.KS       	-1.7115437	-1.6992706	0.037648609	
S00111.tib_ant-gastroc.KS       	-0.00357534	-0.003754308	0.28891431	
S11000.tib_ant-gastroc.KS       	-0.00331551	-0.0036119799	0.28238538	
S00111.tib_ant-soleus.KS        	-0.00346517	-0.003269068	0.29658547	
S11000.tib_ant-soleus.KS        	-0.00313645	-0.0032614108	0.28398657	
S00111.gastroc.KL               	0.07523758	0.07877095	0.036115422	
S00111.gastroc.L0               	0.82821953	0.82850619	0.014954753	
S00111.gastroc.KF               	1.4150753	1.4112403	0.0019052073	
S00111.gastroc.KS               	0.17739288	0.17203664	0.016723552	
S00111.soleus.KL                	4.0154925	4.0592929	0.033393083	
S00111.soleus.L0                	0.9468728	0.94410236	0.0086266632	
S00111.soleus.KF                	0.23057039	0.23036517	0.0027527483	
S00111.soleus.KS                	0.14946728	0.1597139	0.024402303	
S11000.gastroc.KL               	0.00925153	0.0088935006	0.028816208	
S11000.gastroc.L0               	0.52247335	0.52763614	0.015688032	
S11000.gastroc.KF               	-1.8515197	-1.8267333	0.036964446	
S11000.gastroc.KS               	0.27887874	0.263513	0.03416296	
S11000.soleus.KL                	0.76235452	0.7858724	0.065623349	
S11000.soleus.L0                	0.89738501	0.89582952	0.014453666	
S11000.soleus.KF                	-0.86753488	-0.89737119	0.061014984	
S11000.soleus.KS                	0.11302564	0.10464472	0.053511173	
S00011.vasti.KF                 	0.80049904	0.80780765	0.0080955634	
S00011.vasti.C0                 	0.080177022	0.080231865	0.0018229925	
S00011.vasti-knee_angle.pos_max 	-0.30185299	-0.30481509	0.0027952547	
S00011.hamstrings-pelvis_tilt.KP	0.74162866	0.71202307	0.032064563	
S00011.hamstrings-pelvis_tilt.KV	0.56853827	0.56736921	0.0016249569	
S00011.hamstrings-pelvis_tilt.C0	0.026337189	0.026198575	0.0035462662	
S00011.glut_max-pelvis_tilt.KP  	1.4681211	1.4729083	0.026442509	
S00011.glut_max-pelvis_tilt.KV  	0.31358202	0.31471225	0.0016527492	
S00011.glut_max-pelvis_tilt.C0  	0.16698036	0.16235235	0.0027864278	
S00011.iliopsoas-pelvis_tilt.KP 	-3.4477365	-3.4786897	0.044383414	
S00011.iliopsoas-pelvis_tilt.KV 	-0.5426773	-0.54150284	0.0020296986	
S00011.iliopsoas-pelvis_tilt.C0 	0.33689141	0.33296311	0.0043741271	
S00100.iliopsoas.C0             	0.33338158	0.33527093	0.0023943323	
S00100.glut_max.C0              	-0.023586971	-0.024583152	0.0018401218	
S11000.iliopsoas.KL             	0.56215811	0.56111904	0.0020449102	
S11000.iliopsoas.L0             	0.39544759	0.39182086	0.0022752566	
S11000.iliopsoas-pelvis_tilt.P0 	-0.04199752	-0.044389547	0.0018315386	
S11000.iliopsoas-pelvis_tilt.KP 	0.01196527	0.011470205	0.011600217	
S11000.iliopsoas-pelvis_tilt.KV 	0.14683224	0.1468054	0.0021251206	
S11000.iliopsoas-hamstrings.KL  	-8.3099638	-8.2540313	0.074980865	
S11000.iliopsoas-hamstrings.L0  	1.1665101	1.1670155	0.0017075575	
S11000.hamstrings.KF            	0.581158	0.5792579	0.001651506	
S11000.glut_max.KF              	0.62515817	0.62591554	0.0018735945	
