pelvis_tilt.offset              	0.026187992	0.026407051	0.00025616765	
hip_flexion_r.offset            	0.06771218	0.067802332	0.00023902241	
knee_angle_r.offset             	0.0036623276	0.0037808971	0.00025686357	
ankle_angle_r.offset            	-0.059677901	-0.059338727	0.00033472371	
hip_flexion_l.offset            	-0.0065248194	-0.0068213758	0.00047591447	
knee_angle_l.offset             	0.056788581	0.056192307	0.0003646354	
ankle_angle_l.offset            	0.18578345	0.18591833	0.000346576	
stance_load_threshold           	0.15133657	0.15184218	0.00037687166	
S00111.tib_ant.KL               	1.2677563	1.2650958	0.0062615121	
S00111.tib_ant.L0               	0.75590031	0.7562053	0.00070478421	
S00111.tib_ant.KS               	0.000173	0.00016264156	0.00023705589	
S11000.tib_ant.KL               	1.1826795	1.1823263	0.0036414653	
S11000.tib_ant.L0               	0.73514786	0.73570638	0.00053624942	
S11000.tib_ant.KS               	0.036393525	0.036419807	0.00032880687	
S11111.tib_ant-soleus.KF        	-0.10924432	-0.10875347	0.00056518121	
S00111.soleus-tib_ant.KS        	-0.89167716	-0.87973851	0.0071429612	
S11000.soleus-tib_ant.KS        	-3.2717172	-3.2553132	0.0087451013	
S00111.gastroc-tib_ant.KS       	-0.3342116	-0.3324184	0.0059520776	
S11000.gastroc-tib_ant.KS       	-1.665851	-1.6670728	0.0070575791	
S00111.tib_ant-gastroc.KS       	-0.00395169	-0.0038327312	0.04690685	
S11000.tib_ant-gastroc.KS       	-0.00331551	-0.0035597872	0.045846841	
S00111.tib_ant-soleus.KS        	-0.00346517	-0.0033872779	0.048152298	
S11000.tib_ant-soleus.KS        	-0.0034666	-0.0032685996	0.046106798	
S00111.gastroc.KL               	0.08315732	0.080896305	0.0059390205	
S00111.gastroc.L0               	0.81232162	0.81632417	0.0027893214	
S00111.gastroc.KF               	1.4110108	1.410927	0.00035500582	
S00111.gastroc.KS               	0.17512009	0.17186013	0.0029312211	
S00111.soleus.KL                	4.072564	4.063424	0.0062997456	
S00111.soleus.L0                	0.94312286	0.94052896	0.0015936709	
S00111.soleus.KF                	0.23129464	0.23062092	0.00051527465	
S00111.soleus.KS                	0.15860941	0.15628216	0.0041853018	
S11000.gastroc.KL               	0.00837043	0.0089128206	0.0046800256	
S11000.gastroc.L0               	0.52980107	0.52995163	0.0028908566	
S11000.gastroc.KF               	-1.7878016	-1.7858927	0.0068795434	
S11000.gastroc.KS               	0.26617386	0.25968799	0.0059339312	
S11000.soleus.KL                	0.8000497	0.79817179	0.011691297	
S11000.soleus.L0                	0.90139565	0.90774032	0.0026827473	
S11000.soleus.KF                	-0.92162435	-0.9246305	0.011019486	
S11000.soleus.KS                	0.109347	0.10775383	0.0087862525	
S00011.vasti.KF                 	0.79304825	0.79250282	0.0015186095	
S00011.vasti.C0                 	0.080523979	0.080681503	0.00032222253	
S00011.vasti-knee_angle.pos_max 	-0.30666769	-0.30657843	0.00052311063	
S00011.hamstrings-pelvis_tilt.KP	0.69741948	0.70621036	0.0058856963	
S00011.hamstrings-pelvis_tilt.KV	0.56494915	0.56523094	0.00030506005	
S00011.hamstrings-pelvis_tilt.C0	0.025334435	0.026218602	0.00061536714	
S00011.glut_max-pelvis_tilt.KP  	1.4521423	1.4550315	0.0049009605	
S00011.glut_max-pelvis_tilt.KV  	0.31529148	0.31456286	0.000310549	
S00011.glut_max-pelvis_tilt.C0  	0.16403721	0.16524048	0.00051878339	
S00011.iliopsoas-pelvis_tilt.KP 	-3.5308455	-3.515711	0.0082038902	
S00011.iliopsoas-pelvis_tilt.KV 	-0.54493941	-0.54508218	0.00038466675	
S00011.iliopsoas-pelvis_tilt.C0 	0.32455907	0.32617444	0.00081565619	
S00100.iliopsoas.C0             	0.34008615	0.33997849	0.00044491033	
S00100.glut_max.C0              	-0.024561839	-0.024235923	0.00032934019	
S11000.iliopsoas.KL             	0.56187501	0.56217984	0.00037904026	
S11000.iliopsoas.L0             	0.39375933	0.39319817	0.00042213946	
S11000.iliopsoas-pelvis_tilt.P0 	-0.044595343	-0.044651908	0.00033415445	
S11000.iliopsoas-pelvis_tilt.KP 	0.01082572	0.01147531	0.0018892739	
S11000.iliopsoas-pelvis_tilt.KV 	0.14972415	0.14952608	0.00039564593	
S11000.iliopsoas-hamstrings.KL  	-8.2802417	-8.2746299	0.014056988	
S11000.iliopsoas-hamstrings.L0  	1.1690304	1.1689321	0.00031497748	
S11000.hamstrings.KF            	0.57935208	0.57937266	0.00031444008	
S11000.glut_max.KF              	0.62764947	0.62752463	0.00035986669	
