pelvis_tilt.offset              	0.025396226	0.025613541	9.0806298e-05	
hip_flexion_r.offset            	0.067516632	0.067583505	8.5077679e-05	
knee_angle_r.offset             	0.0038450985	0.0039514654	9.2086388e-05	
ankle_angle_r.offset            	-0.059539824	-0.059608153	0.00011866935	
hip_flexion_l.offset            	-0.0062950768	-0.0064342703	0.00017066568	
knee_angle_l.offset             	0.05608309	0.056010029	0.00012835866	
ankle_angle_l.offset            	0.18652478	0.18638563	0.00012142761	
stance_load_threshold           	0.15250437	0.1524048	0.0001362556	
S00111.tib_ant.KL               	1.2646671	1.2646627	0.0021952813	
S00111.tib_ant.L0               	0.7562843	0.75616962	0.00025368427	
S00111.tib_ant.KS               	0.00015652	0.00016284108	6.9424637e-05	
S11000.tib_ant.KL               	1.1700668	1.170712	0.0013435858	
S11000.tib_ant.L0               	0.73549546	0.73528216	0.00018827898	
S11000.tib_ant.KS               	0.036589744	0.036621121	0.00011696881	
S11111.tib_ant-soleus.KF        	-0.1085387	-0.10822853	0.00020283248	
S00111.soleus-tib_ant.KS        	-0.8828142	-0.88504799	0.0025050595	
S11000.soleus-tib_ant.KS        	-3.2417059	-3.2408196	0.0031163517	
S00111.gastroc-tib_ant.KS       	-0.33203082	-0.32807834	0.002029465	
S11000.gastroc-tib_ant.KS       	-1.6864849	-1.6826594	0.002515643	
S00111.tib_ant-gastroc.KS       	-0.00395169	-0.0037794494	0.013723885	
S11000.tib_ant-gastroc.KS       	-0.00366451	-0.0034196772	0.013413731	
S00111.tib_ant-soleus.KS        	-0.00313515	-0.0033131326	0.014088223	
S11000.tib_ant-soleus.KS        	-0.0034666	-0.003317881	0.013489767	
S00111.gastroc.KL               	0.080872531	0.077393447	0.0019392095	
S00111.gastroc.L0               	0.80934611	0.80807015	0.00099425223	
S00111.gastroc.KF               	1.4104101	1.4102668	0.00012989295	
S00111.gastroc.KS               	0.17307123	0.17225198	0.00099985926	
S00111.soleus.KL                	4.0374811	4.0397226	0.0023187933	
S00111.soleus.L0                	0.94116132	0.94073538	0.000558009	
S00111.soleus.KF                	0.23132483	0.2313173	0.00018269229	
S00111.soleus.KS                	0.15653338	0.15814904	0.0014408417	
S11000.gastroc.KL               	0.00925153	0.0088502242	0.001378312	
S11000.gastroc.L0               	0.53430045	0.53420502	0.0010312203	
S11000.gastroc.KF               	-1.7773697	-1.7791676	0.0024532914	
S11000.gastroc.KS               	0.26488664	0.26511371	0.0021007252	
S11000.soleus.KL                	0.7800334	0.78472767	0.0042013566	
S11000.soleus.L0                	0.91282451	0.91117195	0.0009578917	
S11000.soleus.KF                	-0.90186762	-0.9081392	0.0039143425	
S11000.soleus.KS                	0.1075206	0.10659755	0.0028646482	
S00011.vasti.KF                 	0.79540811	0.79503911	0.00054185968	
S00011.vasti.C0                 	0.080455859	0.080527588	0.0001117071	
S00011.vasti-knee_angle.pos_max 	-0.30725266	-0.30763232	0.00018786826	
S00011.hamstrings-pelvis_tilt.KP	0.71060211	0.71089978	0.0021476652	
S00011.hamstrings-pelvis_tilt.KV	0.5645634	0.56451293	0.00010757454	
S00011.hamstrings-pelvis_tilt.C0	0.027106089	0.027154948	0.00021858263	
S00011.glut_max-pelvis_tilt.KP  	1.4404961	1.4429782	0.0017566817	
S00011.glut_max-pelvis_tilt.KV  	0.31453928	0.31468637	0.00011112051	
S00011.glut_max-pelvis_tilt.C0  	0.16536254	0.16524588	0.00018061413	
S00011.iliopsoas-pelvis_tilt.KP 	-3.5185913	-3.5155546	0.0029095634	
S00011.iliopsoas-pelvis_tilt.KV 	-0.5454354	-0.54545484	0.00013618077	
S00011.iliopsoas-pelvis_tilt.C0 	0.32551746	0.32570006	0.00028649653	
S00100.iliopsoas.C0             	0.3413002	0.34103745	0.00016089487	
S00100.glut_max.C0              	-0.024793047	-0.024714347	0.000115104	
S11000.iliopsoas.KL             	0.56271366	0.56298378	0.00013853598	
S11000.iliopsoas.L0             	0.39425162	0.39403407	0.00015028431	
S11000.iliopsoas-pelvis_tilt.P0 	-0.044872395	-0.044751499	0.00011982478	
S11000.iliopsoas-pelvis_tilt.KP 	0.01082572	0.011398694	0.00057785603	
S11000.iliopsoas-pelvis_tilt.KV 	0.14949109	0.14924547	0.00014014893	
S11000.iliopsoas-hamstrings.KL  	-8.2344705	-8.2412541	0.0051027686	
S11000.iliopsoas-hamstrings.L0  	1.169443	1.1694866	0.00010995314	
S11000.hamstrings.KF            	0.57922701	0.5792454	0.00011029278	
S11000.glut_max.KF              	0.62740308	0.62742897	0.00012689218	
