pelvis_tilt.offset              	0.016997868	0.020499352	0.0013241646	
hip_flexion_r.offset            	0.069523789	0.070087829	0.0012471811	
knee_angle_r.offset             	0.00016551919	0.00099551184	0.0013695265	
ankle_angle_r.offset            	-0.056514826	-0.057126389	0.001787571	
hip_flexion_l.offset            	-0.0054346808	-0.0069764965	0.0025368115	
knee_angle_l.offset             	0.056037937	0.055585648	0.0019572613	
ankle_angle_l.offset            	0.18865414	0.18813868	0.0018738248	
stance_load_threshold           	0.15489284	0.1534193	0.0020569465	
S00111.tib_ant.KL               	1.3119505	1.2927125	0.034124452	
S00111.tib_ant.L0               	0.75844011	0.75849058	0.0036676695	
S00111.tib_ant.KS               	0.000173	0.00016478257	0.0014769432	
S11000.tib_ant.KL               	1.2060757	1.1889642	0.019358338	
S11000.tib_ant.L0               	0.74541758	0.74002512	0.0028208736	
S11000.tib_ant.KS               	0.03726336	0.036436165	0.0018067413	
S11111.tib_ant-soleus.KF        	-0.11090582	-0.10803567	0.0030742771	
S00111.soleus-tib_ant.KS        	-0.84936547	-0.8818419	0.039197594	
S11000.soleus-tib_ant.KS        	-3.2539452	-3.2834994	0.045283255	
S00111.gastroc-tib_ant.KS       	-0.35557966	-0.3423517	0.034182804	
S11000.gastroc-tib_ant.KS       	-1.6568612	-1.6997641	0.03781931	
S00111.tib_ant-gastroc.KS       	-0.00395169	-0.0036642757	0.29225993	
S11000.tib_ant-gastroc.KS       	-0.00331551	-0.0034497937	0.2856554	
S00111.tib_ant-soleus.KS        	-0.00313515	-0.0032370742	0.30001993	
S11000.tib_ant-soleus.KS        	-0.0034666	-0.0032673574	0.28727513	
S00111.gastroc.KL               	0.08315732	0.080395303	0.0365302	
S00111.gastroc.L0               	0.8232277	0.8533736	0.015022107	
S00111.gastroc.KF               	1.4102095	1.4099196	0.0019102018	
S00111.soleus.KL                	3.9941597	4.05332	0.033398687	
S00111.soleus.L0                	0.9706756	0.97257023	0.0086225496	
S00111.soleus.KF                	0.22402916	0.2272884	0.0027747036	
S11000.gastroc.KL               	0.00837043	0.0088340195	0.029149841	
S11000.gastroc.L0               	0.54800736	0.52711659	0.015750096	
S11000.gastroc.KF               	-1.8098289	-1.840681	0.037235532	
S11000.gastroc.KS               	0.27887874	0.25896453	0.034517655	
S11000.soleus.KL                	0.76235452	0.81038241	0.066210919	
S11000.soleus.L0                	0.89980144	0.90166464	0.014479177	
S11000.soleus.KF                	-0.92433676	-0.92460587	0.061551272	
S11000.soleus.KS                	0.11302564	0.10954821	0.05412593	
S00011.vasti.KF                 	0.81762738	0.82871718	0.0081257136	
S00011.vasti.C0                 	0.085448801	0.084398281	0.0018300436	
S00011.vasti-knee_angle.pos_max 	-0.30831232	-0.30566198	0.0028093081	
S00011.hamstrings-pelvis_tilt.KP	0.74162866	0.7184698	0.0323012	
S00011.hamstrings-pelvis_tilt.KV	0.5676428	0.56665197	0.0016322761	
S00011.hamstrings-pelvis_tilt.C0	0.02778807	0.0262127	0.0035845739	
S00011.glut_max-pelvis_tilt.KP  	1.4774821	1.4976414	0.026448044	
S00011.glut_max-pelvis_tilt.KV  	0.31316926	0.31424717	0.0016556038	
S00011.glut_max-pelvis_tilt.C0  	0.16760292	0.16198967	0.0027945043	
S00011.iliopsoas-pelvis_tilt.KP 	-3.4449512	-3.4851282	0.044629995	
S00011.iliopsoas-pelvis_tilt.KV 	-0.54114459	-0.54363059	0.002034182	
S00011.iliopsoas-pelvis_tilt.C0 	0.32707098	0.33350706	0.0043937422	
S00100.iliopsoas.C0             	0.33732705	0.3380807	0.0024041177	
S00100.glut_max.C0              	-0.02588599	-0.025257961	0.0018565531	
S11000.iliopsoas.KL             	0.55909258	0.56005668	0.0020633451	
S11000.iliopsoas.L0             	0.39016318	0.39205199	0.0022877754	
S11000.iliopsoas-pelvis_tilt.P0 	-0.042274787	-0.043929643	0.0018411892	
S11000.iliopsoas-pelvis_tilt.KP 	0.01196527	0.011538191	0.011734285	
S11000.iliopsoas-pelvis_tilt.KV 	0.14358719	0.14455973	0.0021226711	
S11000.iliopsoas-hamstrings.KL  	-8.2815545	-8.2331196	0.07483672	
S11000.iliopsoas-hamstrings.L0  	1.1657996	1.1639779	0.0017116859	
S11000.hamstrings.KF            	0.57778326	0.57773031	0.0016508068	
S11000.glut_max.KF              	0.62329443	0.6224662	0.0018750155	
