pelvis_tilt.offset              	0.021662979	0.021917506	0.0012469547	
hip_flexion_r.offset            	0.06762134	0.068765866	0.0011782519	
knee_angle_r.offset             	0.0048536364	0.0022821366	0.0012880505	
ankle_angle_r.offset            	-0.058745726	-0.058096237	0.0016932664	
hip_flexion_l.offset            	9.4803999e-05	-0.0068232505	0.0023840359	
knee_angle_l.offset             	0.058091107	0.058221413	0.0018426428	
ankle_angle_l.offset            	0.19156654	0.18926787	0.0017562464	
stance_load_threshold           	0.15531664	0.15401013	0.0019389476	
S00111.tib_ant.KL               	1.2876696	1.2921763	0.032000027	
S00111.tib_ant.L0               	0.76817714	0.76520827	0.0034399542	
S00111.tib_ant.KS               	0.00015652	0.00016748686	0.0013836641	
S11000.tib_ant.KL               	1.1913665	1.2078498	0.01825884	
S11000.tib_ant.L0               	0.73715481	0.74070489	0.0026590658	
S11000.tib_ant.KS               	0.03716572	0.035065008	0.0016974896	
S11111.tib_ant-soleus.KF        	-0.11121914	-0.1114345	0.0028917951	
S00111.soleus-tib_ant.KS        	-0.80888339	-0.83206185	0.036828461	
S11000.soleus-tib_ant.KS        	-3.1941672	-3.2537335	0.042669674	
S00111.gastroc-tib_ant.KS       	-0.32247001	-0.33629065	0.032049148	
S11000.gastroc-tib_ant.KS       	-1.7312896	-1.7143309	0.0355013	
S00111.tib_ant-gastroc.KS       	-0.00357534	-0.00371312	0.27380168	
S11000.tib_ant-gastroc.KS       	-0.00366451	-0.0034861642	0.26761428	
S00111.tib_ant-soleus.KS        	-0.00346517	-0.0032666631	0.28107158	
S11000.tib_ant-soleus.KS        	-0.00313645	-0.0033031644	0.26913171	
S00111.gastroc.KL               	0.077557247	0.078246167	0.034224978	
S00111.gastroc.L0               	0.83508862	0.84207351	0.014110457	
S00111.gastroc.KF               	1.4081485	1.410576	0.0017985962	
S00111.gastroc.KS               	0.17171268	0.17282037	0.015831229	
S00111.soleus.KL                	4.0274808	4.0327396	0.031442916	
S00111.soleus.L0                	0.95750289	0.95220445	0.0080873742	
S00111.soleus.KF                	0.22707038	0.2304103	0.0025976069	
S00111.soleus.KS                	0.1575172	0.15511569	0.023125728	
S11000.gastroc.KL               	0.00837043	0.0090071852	0.027308855	
S11000.gastroc.L0               	0.52845162	0.51628978	0.014792248	
S11000.gastroc.KF               	-1.8317711	-1.805277	0.034823286	
S11000.gastroc.KS               	0.27887874	0.26541914	0.032354039	
S11000.soleus.KL                	0.76235452	0.80805624	0.062110368	
S11000.soleus.L0                	0.86920492	0.88970489	0.013656071	
S11000.soleus.KF                	-0.86753488	-0.91771502	0.057713778	
S11000.soleus.KS                	0.1022613	0.10985939	0.050709752	
S00011.vasti.KF                 	0.79845126	0.80814194	0.0076421132	
S00011.vasti.C0                 	0.07992329	0.080672777	0.001723561	
S00011.vasti-knee_angle.pos_max 	-0.30892754	-0.30416607	0.0026333779	
S00011.hamstrings-pelvis_tilt.KP	0.74162866	0.72546714	0.030302344	
S00011.hamstrings-pelvis_tilt.KV	0.56628204	0.56801792	0.0015372832	
S00011.hamstrings-pelvis_tilt.C0	0.027772842	0.027273029	0.0033596005	
S00011.glut_max-pelvis_tilt.KP  	1.4715597	1.4782831	0.024941162	
S00011.glut_max-pelvis_tilt.KV  	0.31216411	0.31309854	0.0015629065	
S00011.glut_max-pelvis_tilt.C0  	0.16060381	0.16043457	0.0026161741	
S00011.iliopsoas-pelvis_tilt.KP 	-3.4092925	-3.4628647	0.041888764	
S00011.iliopsoas-pelvis_tilt.KV 	-0.54179797	-0.54194463	0.0019115366	
S00011.iliopsoas-pelvis_tilt.C0 	0.3314031	0.33291413	0.0041427072	
S00100.iliopsoas.C0             	0.33344485	0.33580945	0.0022667963	
S00100.glut_max.C0              	-0.023973869	-0.024538512	0.001742427	
S11000.iliopsoas.KL             	0.55949863	0.55969207	0.0019318056	
S11000.iliopsoas.L0             	0.39254948	0.39183413	0.0021518504	
S11000.iliopsoas-pelvis_tilt.P0 	-0.042140065	-0.043762503	0.0017293681	
S11000.iliopsoas-pelvis_tilt.KP 	0.01196527	0.011401194	0.010993296	
S11000.iliopsoas-pelvis_tilt.KV 	0.14510077	0.14439142	0.0019976575	
S11000.iliopsoas-hamstrings.KL  	-8.3644087	-8.2575407	0.070616917	
S11000.iliopsoas-hamstrings.L0  	1.167947	1.1680829	0.0016137568	
S11000.hamstrings.KF            	0.57810518	0.57625908	0.0015484792	
S11000.glut_max.KF              	0.62374288	0.62228164	0.0017579732	
