pelvis_tilt.offset              	0.024236191	0.024324422	0.00017346784	
hip_flexion_r.offset            	0.075194877	0.075268585	0.00017547386	
knee_angle_r.offset             	0.0021100555	0.0021672899	0.00018528	
ankle_angle_r.offset            	-0.053683621	-0.053275021	0.00024156118	
hip_flexion_l.offset            	0.00067672666	0.00083887926	0.00034182354	
knee_angle_l.offset             	0.061801275	0.061879498	0.00026010009	
ankle_angle_l.offset            	0.18842149	0.18850414	0.00024755582	
stance_load_threshold           	0.15765198	0.15729187	0.00027832473	
S00111.tib_ant.KL               	1.2096399	1.2077459	0.0045117499	
S00111.tib_ant.L0               	0.76793997	0.76796799	0.00048570393	
S00111.tib_ant.KS               	0.00015652	0.00015939979	0.00014642068	
S11000.tib_ant.KL               	1.2278034	1.2257359	0.0025445393	
S11000.tib_ant.L0               	0.73555858	0.73594898	0.00037108173	
S11000.tib_ant.KS               	0.034706191	0.035024816	0.00023043417	
S11111.tib_ant-soleus.KF        	-0.11212692	-0.11183387	0.00039338115	
S00111.soleus-tib_ant.KS        	-0.86805909	-0.86932589	0.0049860863	
S11000.soleus-tib_ant.KS        	-3.2571228	-3.2543349	0.0060637683	
S00111.gastroc-tib_ant.KS       	-0.32171493	-0.32541963	0.003882273	
S11000.gastroc-tib_ant.KS       	-1.7444941	-1.7373305	0.005117208	
S00111.tib_ant-gastroc.KS       	-0.0038580701	-0.0037822296	0.028967837	
S11000.tib_ant-gastroc.KS       	-0.00366451	-0.0034313025	0.028313211	
S00111.tib_ant-soleus.KS        	-0.00346517	-0.0032597022	0.029736958	
S11000.tib_ant-soleus.KS        	-0.0034666	-0.0032611557	0.028473746	
S00111.gastroc.KL               	0.079335078	0.079239533	0.0038030883	
S00111.gastroc.L0               	0.82937997	0.82775929	0.0020143287	
S00111.gastroc.KF               	1.4076629	1.4077356	0.00024915084	
S00111.gastroc.KS               	0.17174307	0.17060355	0.0019928278	
S00111.soleus.KL                	4.074048	4.0660516	0.0044012574	
S00111.soleus.L0                	0.94695707	0.94671997	0.0011193663	
S00111.soleus.KF                	0.22758849	0.22797604	0.00036311307	
S00111.soleus.KS                	0.15551294	0.15653815	0.0028577163	
S11000.gastroc.KL               	0.00837043	0.0088896763	0.002893749	
S11000.gastroc.L0               	0.54156502	0.54000468	0.0020131906	
S11000.gastroc.KF               	-1.7817238	-1.7850814	0.0048406397	
S11000.gastroc.KS               	0.26021818	0.25803226	0.0040614336	
S11000.soleus.KL                	0.8086974	0.81639825	0.0080857785	
S11000.soleus.L0                	0.87207386	0.87501965	0.0019054516	
S11000.soleus.KF                	-0.91081417	-0.92231365	0.007550348	
S11000.soleus.KS                	0.1022613	0.10750629	0.0055960479	
S00011.vasti.KF                 	0.78100852	0.78190629	0.0010647481	
S00011.vasti.C0                 	0.080820324	0.080967705	0.000220991	
S00011.vasti-knee_angle.pos_max 	-0.31260891	-0.31226511	0.0003768603	
S00011.hamstrings-pelvis_tilt.KP	0.71670305	0.72146449	0.0041788313	
S00011.hamstrings-pelvis_tilt.KV	0.56975273	0.5698889	0.0002133069	
S00011.hamstrings-pelvis_tilt.C0	0.026270893	0.026886151	0.0004163299	
S00011.glut_max-pelvis_tilt.KP  	1.4746174	1.4757333	0.0034485446	
S00011.glut_max-pelvis_tilt.KV  	0.31160509	0.3116453	0.00021913421	
S00011.glut_max-pelvis_tilt.C0  	0.15575242	0.15602993	0.00036452264	
S00011.iliopsoas-pelvis_tilt.KP 	-3.4256614	-3.4262641	0.0059152728	
S00011.iliopsoas-pelvis_tilt.KV 	-0.53953024	-0.53955434	0.00027432885	
S00011.iliopsoas-pelvis_tilt.C0 	0.34504366	0.34517323	0.00060433735	
S00100.iliopsoas.C0             	0.3320991	0.33211699	0.00032263968	
S00100.glut_max.C0              	-0.023866503	-0.024242392	0.0002274529	
S11000.iliopsoas.KL             	0.56397639	0.56412378	0.00027878521	
S11000.iliopsoas.L0             	0.38766343	0.38769328	0.00030595023	
S11000.iliopsoas-pelvis_tilt.P0 	-0.043743146	-0.04352446	0.00023569162	
S11000.iliopsoas-pelvis_tilt.KP 	0.01082572	0.011469283	0.0011784908	
S11000.iliopsoas-pelvis_tilt.KV 	0.14860565	0.14867069	0.00027859398	
S11000.iliopsoas-hamstrings.KL  	-8.4256536	-8.4367414	0.010138189	
S11000.iliopsoas-hamstrings.L0  	1.1667245	1.1665673	0.00022135892	
S11000.hamstrings.KF            	0.57654396	0.57666224	0.00022186744	
S11000.glut_max.KF              	0.61988566	0.61938489	0.00024961779	
