pelvis_tilt.offset              	0.024337463	0.024324645	0.00017298029	
hip_flexion_r.offset            	0.075412574	0.075329726	0.00017524979	
knee_angle_r.offset             	0.0026456215	0.0022585389	0.00018522657	
ankle_angle_r.offset            	-0.05317089	-0.053334126	0.0002414096	
hip_flexion_l.offset            	0.0012866314	0.00085914203	0.00034079668	
knee_angle_l.offset             	0.061660589	0.06186447	0.00025996307	
ankle_angle_l.offset            	0.18850394	0.18842221	0.00024730943	
stance_load_threshold           	0.15683165	0.15730315	0.00027852925	
S00111.tib_ant.KL               	1.214892	1.2108275	0.0045055505	
S00111.tib_ant.L0               	0.76729451	0.76797631	0.00048404964	
S00111.tib_ant.KS               	0.00015652	0.00016319136	0.00014576626	
S11000.tib_ant.KL               	1.2294536	1.2248137	0.0025395069	
S11000.tib_ant.L0               	0.73615396	0.7358107	0.00037061609	
S11000.tib_ant.KS               	0.034664135	0.034917477	0.00023002066	
S11111.tib_ant-soleus.KF        	-0.11199299	-0.11178135	0.00039299161	
S00111.soleus-tib_ant.KS        	-0.86081837	-0.86886172	0.0049706852	
S11000.soleus-tib_ant.KS        	-3.2528795	-3.255209	0.0060474927	
S00111.gastroc-tib_ant.KS       	-0.32596358	-0.32480696	0.0038719516	
S11000.gastroc-tib_ant.KS       	-1.7412089	-1.7380098	0.0051044418	
S00111.tib_ant-gastroc.KS       	-0.00357534	-0.003678638	0.028838123	
S11000.tib_ant-gastroc.KS       	-0.00366451	-0.0035249205	0.02818643	
S00111.tib_ant-soleus.KS        	-0.00313515	-0.0032624427	0.029603799	
S11000.tib_ant-soleus.KS        	-0.00313645	-0.0032952326	0.028346244	
S00111.gastroc.KL               	0.082511587	0.079135081	0.0037878122	
S00111.gastroc.L0               	0.83139997	0.82799428	0.0020098375	
S00111.gastroc.KF               	1.4079786	1.4078496	0.00024852841	
S00111.gastroc.KS               	0.1758142	0.17110268	0.0019895658	
S00111.soleus.KL                	4.0664001	4.0674868	0.0043895021	
S00111.soleus.L0                	0.9475084	0.94642773	0.0011168385	
S00111.soleus.KF                	0.2285622	0.2280244	0.00036254946	
S00111.soleus.KS                	0.15738161	0.15681419	0.0028514647	
S11000.gastroc.KL               	0.00925153	0.0086407662	0.0028809655	
S11000.gastroc.L0               	0.54126892	0.54056616	0.0020084375	
S11000.gastroc.KF               	-1.7899307	-1.7849011	0.0048273637	
S11000.gastroc.KS               	0.25426043	0.25695834	0.0040510746	
S11000.soleus.KL                	0.81811035	0.8153637	0.0080680914	
S11000.soleus.L0                	0.87493701	0.87424297	0.0019011646	
S11000.soleus.KF                	-0.91619048	-0.92073953	0.0075385777	
S11000.soleus.KS                	0.11065777	0.10541065	0.0055800899	
S00011.vasti.KF                 	0.78385265	0.781573	0.0010627848	
S00011.vasti.C0                 	0.080824169	0.080961035	0.00022024784	
S00011.vasti-knee_angle.pos_max 	-0.31175063	-0.3123921	0.00037562211	
S00011.hamstrings-pelvis_tilt.KP	0.72211525	0.72189301	0.0041686877	
S00011.hamstrings-pelvis_tilt.KV	0.56999631	0.56988202	0.00021272081	
S00011.hamstrings-pelvis_tilt.C0	0.02617603	0.026706958	0.00041512095	
S00011.glut_max-pelvis_tilt.KP  	1.4793145	1.4762165	0.0034396118	
S00011.glut_max-pelvis_tilt.KV  	0.31174862	0.31161835	0.00021862018	
S00011.glut_max-pelvis_tilt.C0  	0.15596314	0.15588015	0.00036413218	
S00011.iliopsoas-pelvis_tilt.KP 	-3.4249618	-3.4268708	0.0058998056	
S00011.iliopsoas-pelvis_tilt.KV 	-0.53955494	-0.539551	0.00027413237	
S00011.iliopsoas-pelvis_tilt.C0 	0.34418998	0.34520531	0.00060298839	
S00100.iliopsoas.C0             	0.33256241	0.33211118	0.00032174701	
S00100.glut_max.C0              	-0.024564045	-0.024099106	0.00022720054	
S11000.iliopsoas.KL             	0.56378222	0.56402939	0.00027797921	
S11000.iliopsoas.L0             	0.38791469	0.38770961	0.00030545874	
S11000.iliopsoas-pelvis_tilt.P0 	-0.043780552	-0.043581181	0.0002351512	
S11000.iliopsoas-pelvis_tilt.KP 	0.01082572	0.011574467	0.001173698	
S11000.iliopsoas-pelvis_tilt.KV 	0.14895511	0.14874126	0.00027820963	
S11000.iliopsoas-hamstrings.KL  	-8.4450936	-8.4363852	0.010113495	
S11000.iliopsoas-hamstrings.L0  	1.1666371	1.1665915	0.0002205583	
S11000.hamstrings.KF            	0.57640251	0.5766952	0.00022127684	
S11000.glut_max.KF              	0.61969543	0.61943728	0.0002494216	
