pelvis_tilt.offset              	0.023109837	0.023115719	0.0013013433	
hip_flexion_r.offset            	0.072586356	0.070689731	0.0012281846	
knee_angle_r.offset             	0.0045736695	0.0015061261	0.0013461125	
ankle_angle_r.offset            	-0.054116485	-0.055684252	0.0017561592	
hip_flexion_l.offset            	-0.003752748	-0.0033606043	0.0024904894	
knee_angle_l.offset             	0.062446485	0.058828596	0.0019181074	
ankle_angle_l.offset            	0.18554073	0.18681304	0.001836318	
stance_load_threshold           	0.15525512	0.15198346	0.0020185333	
S00111.tib_ant.KL               	1.305206	1.2885701	0.033369966	
S00111.tib_ant.L0               	0.77350809	0.76432572	0.003613206	
S00111.tib_ant.KS               	0.00015652	0.00016736826	0.0014374598	
S11000.tib_ant.KL               	1.1866064	1.2177615	0.019051604	
S11000.tib_ant.L0               	0.73594057	0.73728587	0.002773801	
S11000.tib_ant.KS               	0.035101237	0.035412602	0.001766859	
S11111.tib_ant-soleus.KF        	-0.11010819	-0.11153609	0.0030238064	
S00111.soleus-tib_ant.KS        	-0.82381977	-0.83396237	0.038392982	
S11000.soleus-tib_ant.KS        	-3.2709627	-3.2655453	0.044377923	
S00111.gastroc-tib_ant.KS       	-0.35557966	-0.32641749	0.033280531	
S11000.gastroc-tib_ant.KS       	-1.6769699	-1.7090321	0.03700905	
S00111.tib_ant-gastroc.KS       	-0.00395169	-0.00375372	0.28444683	
S11000.tib_ant-gastroc.KS       	-0.00366451	-0.0033663546	0.27801887	
S00111.tib_ant-soleus.KS        	-0.00313515	-0.0032885086	0.29199937	
S11000.tib_ant-soleus.KS        	-0.00313645	-0.0032590348	0.27959529	
S00111.gastroc.L0               	0.80616133	0.8279498	0.014672554	
S00111.gastroc.KS               	0.17739288	0.17116241	0.016450144	
S00111.soleus.L0                	0.95440144	0.95229444	0.0084731017	
S00111.soleus.KS                	0.16467762	0.16016356	0.024028687	
S11000.gastroc.KL               	0.0084163222	0.0087338886	0.028370641	
S11000.gastroc.L0               	0.53939461	0.53042966	0.015495326	
S11000.gastroc.KF               	-1.8456019	-1.8534502	0.036403089	
S11000.gastroc.KS               	0.25258075	0.26254625	0.03362892	
S11000.soleus.KL                	0.82050676	0.79339313	0.064565547	
S11000.soleus.L0                	0.87890101	0.8734659	0.014309819	
S11000.soleus.KF                	-0.93607648	-0.92897828	0.060020837	
S11000.soleus.KS                	0.1022613	0.10652327	0.052682872	
S00011.vasti.KF                 	0.80716257	0.8102361	0.0079521808	
S00011.vasti.C0                 	0.083839962	0.084848478	0.0017940598	
S00011.vasti-knee_angle.pos_max 	-0.3073318	-0.30616185	0.0027484289	
S00011.hamstrings-pelvis_tilt.KP	0.69657095	0.71230584	0.031615553	
S00011.hamstrings-pelvis_tilt.KV	0.56662266	0.56584461	0.0016176972	
S00011.hamstrings-pelvis_tilt.C0	0.02778807	0.026825324	0.0034914797	
S00011.glut_max-pelvis_tilt.KP  	1.5166683	1.5229013	0.025997592	
S00011.glut_max-pelvis_tilt.KV  	0.31285877	0.31267728	0.0016283862	
S00011.glut_max-pelvis_tilt.C0  	0.15949195	0.16162544	0.0027297617	
S00011.iliopsoas-pelvis_tilt.KP 	-3.507982	-3.4898123	0.043793912	
S00011.iliopsoas-pelvis_tilt.KV 	-0.54901498	-0.54655372	0.0019984701	
S00011.iliopsoas-pelvis_tilt.C0 	0.33452883	0.33706276	0.0043011709	
S00100.iliopsoas.C0             	0.33363856	0.33689739	0.0023638917	
S00100.glut_max.C0              	-0.02438944	-0.024735707	0.0018111813	
S11000.iliopsoas.KL             	0.5599928	0.55839655	0.0020231356	
S11000.iliopsoas.L0             	0.39066026	0.39096312	0.0022428972	
S11000.iliopsoas-pelvis_tilt.P0 	-0.044604567	-0.043750014	0.0017987222	
S11000.iliopsoas-pelvis_tilt.KP 	0.01196527	0.011376406	0.011420814	
S11000.iliopsoas-pelvis_tilt.KV 	0.14663453	0.14669789	0.0020808557	
S11000.iliopsoas-hamstrings.KL  	-8.2163521	-8.3000661	0.07399498	
S11000.iliopsoas-hamstrings.L0  	1.1665719	1.1662689	0.001677108	
S11000.hamstrings.KF            	0.57569676	0.57642805	0.0016179778	
S11000.glut_max.KF              	0.61829451	0.61840503	0.00183873	
