pelvis_tilt.offset              	0.023367628	0.023331578	0.0011551822	
hip_flexion_r.offset            	0.073039033	0.071672803	0.0010941696	
knee_angle_r.offset             	0.00052069326	0.0010033041	0.0011931491	
ankle_angle_r.offset            	-0.058505347	-0.055935768	0.0015521524	
hip_flexion_l.offset            	0.00069976074	-0.0036638861	0.0022049207	
knee_angle_l.offset             	0.061280992	0.061546177	0.0017127545	
ankle_angle_l.offset            	0.18772947	0.1847825	0.0016251601	
stance_load_threshold           	0.15149862	0.15045786	0.0017900016	
S00111.tib_ant.KL               	1.3119505	1.2833917	0.029511457	
S00111.tib_ant.L0               	0.76845927	0.76619157	0.0032115364	
S00111.tib_ant.KS               	0.00015652	0.00016621456	0.0012571493	
S11000.tib_ant.KL               	1.2186615	1.2220654	0.016908074	
S11000.tib_ant.L0               	0.73974343	0.73735987	0.0024646894	
S11000.tib_ant.KS               	0.034915627	0.035333907	0.0015571993	
S11111.tib_ant-soleus.KF        	-0.11307169	-0.11202479	0.0026734839	
S00111.soleus-tib_ant.KS        	-0.80888339	-0.82948173	0.033756576	
S11000.soleus-tib_ant.KS        	-3.2534728	-3.2597331	0.039369361	
S00111.gastroc-tib_ant.KS       	-0.32171493	-0.32968541	0.029146472	
S11000.gastroc-tib_ant.KS       	-1.7065257	-1.6821151	0.032711835	
S00111.tib_ant-gastroc.KS       	-0.00357534	-0.0036941047	0.24876657	
S11000.tib_ant-gastroc.KS       	-0.00331551	-0.0034959034	0.24314491	
S00111.tib_ant-soleus.KS        	-0.00313515	-0.0033146039	0.25537174	
S11000.tib_ant-soleus.KS        	-0.00313645	-0.0032811149	0.2445236	
S00111.gastroc.L0               	0.80322094	0.81162727	0.012985224	
S00111.gastroc.KS               	0.17739288	0.17458236	0.014407062	
S00111.soleus.L0                	0.95866399	0.95110918	0.0074972658	
S00111.soleus.KS                	0.16243805	0.15707108	0.02104187	
S11000.gastroc.KL               	0.00925153	0.0086998236	0.024811994	
S11000.gastroc.L0               	0.51646085	0.51930218	0.013730531	
S11000.gastroc.KF               	-1.8181695	-1.8404527	0.032145271	
S11000.gastroc.KS               	0.25698615	0.27614982	0.029459093	
S11000.soleus.KL                	0.76235452	0.80135574	0.056692015	
S11000.soleus.L0                	0.88657163	0.87594127	0.012702155	
S11000.soleus.KF                	-0.89975399	-0.91606604	0.052735039	
S11000.soleus.KS                	0.11302564	0.10808564	0.046081755	
S00011.vasti.KF                 	0.80593454	0.81006731	0.0070316223	
S00011.vasti.C0                 	0.082192418	0.083173906	0.0015852081	
S00011.vasti-knee_angle.pos_max 	-0.31009023	-0.30642737	0.0024405073	
S00011.hamstrings-pelvis_tilt.KP	0.74162866	0.69788035	0.027870141	
S00011.hamstrings-pelvis_tilt.KV	0.56507467	0.56640559	0.0014318758	
S00011.hamstrings-pelvis_tilt.C0	0.026261217	0.026855777	0.0030580084	
S00011.glut_max-pelvis_tilt.KP  	1.5104632	1.5300558	0.022943298	
S00011.glut_max-pelvis_tilt.KV  	0.3157895	0.31455484	0.0014438394	
S00011.glut_max-pelvis_tilt.C0  	0.15554157	0.16267767	0.0024208984	
S00011.iliopsoas-pelvis_tilt.KP 	-3.5244419	-3.5365967	0.038782629	
S00011.iliopsoas-pelvis_tilt.KV 	-0.54849397	-0.54732231	0.0017736887	
S00011.iliopsoas-pelvis_tilt.C0 	0.33325467	0.33474132	0.003810534	
S00100.iliopsoas.C0             	0.33547466	0.3365081	0.002095937	
S00100.glut_max.C0              	-0.025487987	-0.024943699	0.0015903968	
S11000.iliopsoas.KL             	0.55635701	0.55833835	0.0017965026	
S11000.iliopsoas.L0             	0.39086754	0.39086529	0.001984063	
S11000.iliopsoas-pelvis_tilt.P0 	-0.043782323	-0.043436663	0.0015850887	
S11000.iliopsoas-pelvis_tilt.KP 	0.01196527	0.011344619	0.0099885717	
S11000.iliopsoas-pelvis_tilt.KV 	0.14395258	0.14638899	0.001839814	
S11000.iliopsoas-hamstrings.KL  	-8.2077981	-8.2566169	0.065675929	
S11000.iliopsoas-hamstrings.L0  	1.1629927	1.1644584	0.0014815406	
S11000.hamstrings.KF            	0.57493841	0.57658076	0.0014346981	
S11000.glut_max.KF              	0.61842414	0.61905839	0.0016303734	
