pelvis_tilt.offset              	0.025109042	0.024564948	0.00086362208	
hip_flexion_r.offset            	0.073619505	0.073338927	0.00081946757	
knee_angle_r.offset             	0.0041175287	0.0021353858	0.00088655458	
ankle_angle_r.offset            	-0.054749756	-0.056260813	0.0011494114	
hip_flexion_l.offset            	0.001901531	0.0002460582	0.0016645553	
knee_angle_l.offset             	0.063298712	0.063297224	0.0012799491	
ankle_angle_l.offset            	0.18463987	0.18386721	0.0012101202	
stance_load_threshold           	0.14990462	0.1505432	0.0013224705	
S00111.tib_ant.KL               	1.2848204	1.2698051	0.021717366	
S00111.tib_ant.L0               	0.76532193	0.76403181	0.0023734488	
S00111.tib_ant.KS               	0.000173	0.00016236593	0.00090088878	
S11000.tib_ant.KL               	1.2226661	1.2313376	0.012535621	
S11000.tib_ant.L0               	0.7367043	0.7364135	0.0018380834	
S11000.tib_ant.KS               	0.035204472	0.034903912	0.0011391558	
S11111.tib_ant-soleus.KF        	-0.11580163	-0.11349116	0.0019753624	
S00111.soleus-tib_ant.KS        	-0.86288239	-0.86648657	0.024868943	
S11000.soleus-tib_ant.KS        	-3.2748913	-3.2544765	0.029303999	
S00111.gastroc-tib_ant.KS       	-0.32171493	-0.32686788	0.020983792	
S11000.gastroc-tib_ant.KS       	-1.6728114	-1.6767708	0.024280444	
S00111.tib_ant-gastroc.KS       	-0.00357534	-0.0037746108	0.17826887	
S11000.tib_ant-gastroc.KS       	-0.00366451	-0.0034210742	0.17424032	
S00111.tib_ant-soleus.KS        	-0.00313515	-0.003277146	0.1830022	
S11000.tib_ant-soleus.KS        	-0.0034666	-0.0032246061	0.1752283	
S00111.gastroc.L0               	0.80760374	0.80447783	0.0095775998	
S00111.gastroc.KS               	0.17739288	0.17417453	0.0103605	
S00111.soleus.L0                	0.93690259	0.94726627	0.005566932	
S00111.soleus.KS                	0.16520068	0.15831507	0.015155523	
S11000.gastroc.KL               	0.0089854821	0.0086949317	0.017780804	
S11000.gastroc.L0               	0.51699914	0.5165283	0.010164777	
S11000.gastroc.KF               	-1.8237426	-1.8082034	0.024204869	
S11000.gastroc.KS               	0.27887874	0.27342408	0.021246326	
S11000.soleus.KL                	0.77632108	0.8087977	0.041127944	
S11000.soleus.L0                	0.85680989	0.86194348	0.0094657497	
S11000.soleus.KF                	-0.95885434	-0.92374702	0.038435743	
S11000.soleus.KS                	0.1022613	0.10690852	0.033042552	
S00011.vasti.KF                 	0.79852611	0.80727878	0.00522419	
S00011.vasti.C0                 	0.083900922	0.082884229	0.0011667881	
S00011.vasti-knee_angle.pos_max 	-0.30270701	-0.30605683	0.0018086897	
S00011.hamstrings-pelvis_tilt.KP	0.68767679	0.70910032	0.020481971	
S00011.hamstrings-pelvis_tilt.KV	0.56836946	0.56799443	0.0010690199	
S00011.hamstrings-pelvis_tilt.C0	0.02778807	0.025971165	0.0022048109	
S00011.glut_max-pelvis_tilt.KP  	1.535197	1.5375534	0.01689288	
S00011.glut_max-pelvis_tilt.KV  	0.31456054	0.31610946	0.0010727541	
S00011.glut_max-pelvis_tilt.C0  	0.1615171	0.16104702	0.0018003227	
S00011.iliopsoas-pelvis_tilt.KP 	-3.5636307	-3.5572084	0.028901697	
S00011.iliopsoas-pelvis_tilt.KV 	-0.5507782	-0.55009717	0.0013326413	
S00011.iliopsoas-pelvis_tilt.C0 	0.33198449	0.33273086	0.0028160517	
S00100.iliopsoas.C0             	0.33658205	0.33492781	0.0015582386	
S00100.glut_max.C0              	-0.02588599	-0.024770882	0.0011570541	
S11000.iliopsoas.KL             	0.55567229	0.55633417	0.0013398275	
S11000.iliopsoas.L0             	0.38547846	0.38829319	0.0014660047	
S11000.iliopsoas-pelvis_tilt.P0 	-0.043951562	-0.044316245	0.0011637271	
S11000.iliopsoas-pelvis_tilt.KP 	0.01196527	0.011473384	0.007158911	
S11000.iliopsoas-pelvis_tilt.KV 	0.14855896	0.14709954	0.0013742521	
S11000.iliopsoas-hamstrings.KL  	-8.2702348	-8.2019298	0.048640619	
S11000.iliopsoas-hamstrings.L0  	1.1657635	1.1633819	0.0010982451	
S11000.hamstrings.KF            	0.57546026	0.57716094	0.0010639748	
S11000.glut_max.KF              	0.61577197	0.61511765	0.0012272553	
