pelvis_tilt.offset              	0.023834661	0.024497535	0.00050493618	
hip_flexion_r.offset            	0.073689816	0.074386522	0.00049065423	
knee_angle_r.offset             	0.0016804679	0.0011714341	0.00052249352	
ankle_angle_r.offset            	-0.053708836	-0.054317172	0.00067901967	
hip_flexion_l.offset            	0.0016873077	0.0020526226	0.00099197638	
knee_angle_l.offset             	0.064661262	0.064514147	0.00076076682	
ankle_angle_l.offset            	0.1823196	0.1823266	0.00072218159	
stance_load_threshold           	0.14548024	0.1464152	0.0007963226	
S00111.tib_ant.KL               	1.2763473	1.2832154	0.01281332	
S00111.tib_ant.L0               	0.76180559	0.76264838	0.0013975711	
S00111.tib_ant.KS               	0.00015652	0.00016825513	0.00050422514	
S11000.tib_ant.KL               	1.2110992	1.2211412	0.0073855667	
S11000.tib_ant.L0               	0.7353064	0.73559752	0.001082392	
S11000.tib_ant.KS               	0.034427646	0.035140271	0.00067111536	
S11111.tib_ant-soleus.KF        	-0.11041579	-0.1109898	0.0011832024	
S00111.soleus-tib_ant.KS        	-0.86224929	-0.86211699	0.014618892	
S11000.soleus-tib_ant.KS        	-3.2458827	-3.2537846	0.017509833	
S00111.gastroc-tib_ant.KS       	-0.32171493	-0.32468226	0.011881852	
S11000.gastroc-tib_ant.KS       	-1.6523631	-1.6542072	0.01440913	
S00111.tib_ant-gastroc.KS       	-0.00357534	-0.00384938	0.09977569	
S11000.tib_ant-gastroc.KS       	-0.00331551	-0.0034620477	0.097520943	
S00111.tib_ant-soleus.KS        	-0.00346517	-0.003330767	0.1024249	
S11000.tib_ant-soleus.KS        	-0.00313645	-0.0032790192	0.098073908	
S00111.gastroc.L0               	0.81425415	0.81074549	0.005590716	
S00111.gastroc.KS               	0.17494864	0.17637161	0.005876258	
S00111.soleus.L0                	0.93423478	0.93553613	0.0033290315	
S00111.soleus.KS                	0.15032948	0.15567634	0.0086583088	
S11000.gastroc.KL               	0.00925153	0.0088039439	0.0099525005	
S11000.gastroc.L0               	0.51056091	0.51433514	0.0059755427	
S11000.gastroc.KF               	-1.893721	-1.8642188	0.014390028	
S11000.gastroc.KS               	0.27403955	0.26293878	0.012165369	
S11000.soleus.KL                	0.80713445	0.80013061	0.023903174	
S11000.soleus.L0                	0.87318856	0.87704474	0.0056458174	
S11000.soleus.KF                	-0.9252745	-0.94024535	0.022286957	
S11000.soleus.KS                	0.1022613	0.1061344	0.018539955	
S00011.vasti.KF                 	0.80513113	0.80603993	0.0030695886	
S00011.vasti.C0                 	0.082325542	0.082029123	0.0006775855	
S00011.vasti-knee_angle.pos_max 	-0.30355238	-0.30303293	0.0010669756	
S00011.hamstrings-pelvis_tilt.KP	0.72749781	0.73369396	0.012000973	
S00011.hamstrings-pelvis_tilt.KV	0.56831398	0.56844973	0.00063300034	
S00011.hamstrings-pelvis_tilt.C0	0.025239731	0.026737361	0.0012624608	
S00011.glut_max-pelvis_tilt.KP  	1.557424	1.5573877	0.010024857	
S00011.glut_max-pelvis_tilt.KV  	0.31592522	0.31626601	0.000636917	
S00011.glut_max-pelvis_tilt.C0  	0.16260434	0.16370606	0.0010629048	
S00011.iliopsoas-pelvis_tilt.KP 	-3.5625513	-3.5707328	0.017413714	
S00011.iliopsoas-pelvis_tilt.KV 	-0.5508008	-0.55118101	0.00078848246	
S00011.iliopsoas-pelvis_tilt.C0 	0.33407977	0.33581173	0.0016691957	
S00100.iliopsoas.C0             	0.33613418	0.33620008	0.00092466661	
S00100.glut_max.C0              	-0.024284391	-0.023967118	0.0006724354	
S11000.iliopsoas.KL             	0.55724811	0.55800084	0.00078862726	
S11000.iliopsoas.L0             	0.38716726	0.38785752	0.00087099036	
S11000.iliopsoas-pelvis_tilt.P0 	-0.043421661	-0.043833651	0.00068292456	
S11000.iliopsoas-pelvis_tilt.KP 	0.01082572	0.01160724	0.004009405	
S11000.iliopsoas-pelvis_tilt.KV 	0.14601123	0.14645247	0.00081447551	
S11000.iliopsoas-hamstrings.KL  	-8.1762044	-8.1701146	0.029081594	
S11000.iliopsoas-hamstrings.L0  	1.16489	1.1640977	0.00064812763	
S11000.hamstrings.KF            	0.57655945	0.57645927	0.00062794214	
S11000.glut_max.KF              	0.61528128	0.61517356	0.00073245992	
