pelvis_tilt.offset              	0.024979076	0.024989184	1.6005112e-05	
hip_flexion_r.offset            	0.073834543	0.073824625	1.4296085e-05	
knee_angle_r.offset             	0.00079093994	0.00079692972	1.6124736e-05	
ankle_angle_r.offset            	-0.054227824	-0.054232817	2.0435292e-05	
hip_flexion_l.offset            	0.0020479316	0.0020732788	3.0160871e-05	
knee_angle_l.offset             	0.064173802	0.064197407	2.3095265e-05	
ankle_angle_l.offset            	0.18324385	0.18324166	2.3114036e-05	
stance_load_threshold           	0.14610008	0.14613643	2.3975155e-05	
S00111.tib_ant.KL               	1.2808086	1.2809356	0.00038901948	
S00111.tib_ant.L0               	0.76391784	0.76393911	4.2111275e-05	
S00111.tib_ant.KS               	0.00016697206	0.00016140517	7.4802646e-06	
S11000.tib_ant.KL               	1.2213981	1.2213606	0.00022184878	
S11000.tib_ant.L0               	0.73421721	0.73428917	3.2059147e-05	
S11000.tib_ant.KS               	0.034742593	0.034757144	1.9769084e-05	
S11111.tib_ant-soleus.KF        	-0.11063894	-0.11065421	3.590109e-05	
S00111.soleus-tib_ant.KS        	-0.85911496	-0.85946688	0.00045409531	
S11000.soleus-tib_ant.KS        	-3.246125	-3.2460598	0.00053223751	
S00111.gastroc-tib_ant.KS       	-0.32297285	-0.32288602	0.0002930863	
S11000.gastroc-tib_ant.KS       	-1.6324807	-1.6320079	0.0004457419	
S00111.tib_ant-gastroc.KS       	-0.0037718295	-0.0038039728	0.0013061794	
S11000.tib_ant-gastroc.KS       	-0.00366451	-0.0035164266	0.0012762252	
S00111.tib_ant-soleus.KS        	-0.00346517	-0.003251971	0.001339701	
S11000.tib_ant-soleus.KS        	-0.0034666	-0.0033276528	0.001283184	
S00111.gastroc.L0               	0.80562534	0.80546349	0.00016800614	
S00111.gastroc.KS               	0.17537788	0.17533065	0.00015443843	
S00111.soleus.L0                	0.93905042	0.93915719	0.00010388204	
S00111.soleus.KS                	0.1627625	0.16301722	0.00024498711	
S11000.gastroc.KL               	0.0090677235	0.0087796271	0.00018095689	
S11000.gastroc.L0               	0.50505691	0.50495836	0.00018558821	
S11000.gastroc.KF               	-1.8679536	-1.8680047	0.00043046371	
S11000.gastroc.KS               	0.26622157	0.26590522	0.0003492043	
S11000.soleus.KL                	0.77858891	0.77794623	0.00071966455	
S11000.soleus.L0                	0.88668482	0.88685938	0.00017501236	
S11000.soleus.KF                	-0.92071651	-0.92115232	0.00066465261	
S11000.soleus.KS                	0.10893291	0.10954564	0.00048031028	
S00011.vasti.KF                 	0.80703385	0.80692663	8.8836674e-05	
S00011.vasti.C0                 	0.08202796	0.082055563	1.9526482e-05	
S00011.vasti-knee_angle.pos_max 	-0.30200823	-0.30208804	3.1770938e-05	
S00011.hamstrings-pelvis_tilt.KP	0.72356689	0.72399905	0.00035932081	
S00011.hamstrings-pelvis_tilt.KV	0.56813724	0.56811352	1.9156588e-05	
S00011.hamstrings-pelvis_tilt.C0	0.02531161	0.025292524	3.4536921e-05	
S00011.glut_max-pelvis_tilt.KP  	1.5396709	1.5392639	0.00030878945	
S00011.glut_max-pelvis_tilt.KV  	0.31703046	0.3170368	1.882364e-05	
S00011.glut_max-pelvis_tilt.C0  	0.16258936	0.16267986	3.2165672e-05	
S00011.iliopsoas-pelvis_tilt.KP 	-3.5796973	-3.5799065	0.00048809071	
S00011.iliopsoas-pelvis_tilt.KV 	-0.55179348	-0.55177667	2.4102045e-05	
S00011.iliopsoas-pelvis_tilt.C0 	0.33292753	0.3329475	5.2175094e-05	
S00100.iliopsoas.C0             	0.33783152	0.33780979	2.8363145e-05	
S00100.glut_max.C0              	-0.024396754	-0.024398538	2.034342e-05	
S11000.iliopsoas.KL             	0.55812021	0.55814315	2.3492809e-05	
S11000.iliopsoas.L0             	0.38736796	0.38737848	2.6488488e-05	
S11000.iliopsoas-pelvis_tilt.P0 	-0.044340183	-0.044346637	2.1675298e-05	
S11000.iliopsoas-pelvis_tilt.KP 	0.01167701	0.011757682	9.2496553e-05	
S11000.iliopsoas-pelvis_tilt.KV 	0.1456763	0.14562148	2.4592106e-05	
S11000.iliopsoas-hamstrings.KL  	-8.1828662	-8.1839089	0.00087031549	
S11000.iliopsoas-hamstrings.L0  	1.164765	1.1647714	1.892125e-05	
S11000.hamstrings.KF            	0.57659646	0.57661663	1.8025201e-05	
S11000.glut_max.KF              	0.61483575	0.6148555	2.2315503e-05	
