pelvis_tilt.offset              	0.022145645	0.022181846	0.00037531783	
hip_flexion_r.offset            	0.069976268	0.070404083	0.00036094873	
knee_angle_r.offset             	-0.00094044273	-0.00096331279	0.00039860614	
ankle_angle_r.offset            	-0.058774021	-0.058442574	0.00051281978	
hip_flexion_l.offset            	-0.0077743928	-0.0074330928	0.0007183521	
knee_angle_l.offset             	0.058148062	0.058683725	0.00056028364	
ankle_angle_l.offset            	0.19637595	0.1952687	0.00055735801	
stance_load_threshold           	0.15221318	0.15257745	0.00059200981	
S00111.tib_ant.KL               	1.2290319	1.2436496	0.0097908054	
S00111.tib_ant.L0               	0.76409083	0.763322	0.0010540908	
S00111.tib_ant.KS               	0.000173	0.00016449371	0.00036734749	
S11000.tib_ant.KL               	1.1964978	1.2039036	0.0056102224	
S11000.tib_ant.L0               	0.73711702	0.73531078	0.00081211055	
S11000.tib_ant.KS               	0.036869295	0.036758221	0.00050678025	
S11111.tib_ant-soleus.KF        	-0.1152022	-0.11569237	0.00087171071	
S00111.soleus-tib_ant.KS        	-0.836244	-0.8277075	0.010767212	
S11000.soleus-tib_ant.KS        	-3.2247343	-3.2394278	0.012926085	
S00111.gastroc-tib_ant.KS       	-0.32587271	-0.32699927	0.0090556501	
S11000.gastroc-tib_ant.KS       	-1.6714888	-1.679046	0.010845543	
S00111.tib_ant-gastroc.KS       	-0.00357534	-0.0037725161	0.072688802	
S11000.tib_ant-gastroc.KS       	-0.00331551	-0.0035273835	0.071046166	
S00111.tib_ant-soleus.KS        	-0.00313515	-0.0032568248	0.074618801	
S11000.tib_ant-soleus.KS        	-0.0034666	-0.0033309957	0.071449011	
S00111.gastroc.KL               	0.08315732	0.080914722	0.0091817228	
S00111.gastroc.L0               	0.85915922	0.86917134	0.0042726514	
S00111.gastroc.KF               	1.4111954	1.4112519	0.00054461064	
S00111.gastroc.KS               	0.16288988	0.16709161	0.0044806206	
S00111.soleus.KL                	4.1078409	4.1025001	0.0095587393	
S00111.soleus.L0                	0.97165782	0.97371055	0.0023561741	
S00111.soleus.KF                	0.22698983	0.22638041	0.00080191152	
S00111.soleus.KS                	0.16195837	0.15776958	0.0064573895	
S11000.gastroc.KL               	0.00925153	0.0088231724	0.0072518009	
S11000.gastroc.L0               	0.51664929	0.51978886	0.004439343	
S11000.gastroc.KF               	-1.7781331	-1.7644631	0.010860556	
S11000.soleus.KL                	0.80832482	0.80407934	0.017991453	
S11000.soleus.L0                	0.91712714	0.91426731	0.0040829938	
S11000.soleus.KF                	-0.9480853	-0.92963003	0.017071911	
S00011.vasti.KF                 	0.83765163	0.8361106	0.0022873149	
S00011.vasti.C0                 	0.080885626	0.081086829	0.00049568993	
S00011.vasti-knee_angle.pos_max 	-0.30362371	-0.30420457	0.00080939273	
S00011.hamstrings-pelvis_tilt.KP	0.70739983	0.70797284	0.0091245647	
S00011.hamstrings-pelvis_tilt.KV	0.5640131	0.56462058	0.00046154714	
S00011.hamstrings-pelvis_tilt.C0	0.025956474	0.02622222	0.00094859294	
S00011.glut_max-pelvis_tilt.KP  	1.4815197	1.4837324	0.0076217587	
S00011.glut_max-pelvis_tilt.KV  	0.30769461	0.30820591	0.00049115675	
S00011.glut_max-pelvis_tilt.C0  	0.1618921	0.16193518	0.0008042368	
S00011.iliopsoas-pelvis_tilt.KP 	-3.5644859	-3.5700772	0.012874391	
S00011.iliopsoas-pelvis_tilt.KV 	-0.54344797	-0.54459048	0.0005891508	
S00011.iliopsoas-pelvis_tilt.C0 	0.32585608	0.32653554	0.0012655012	
S00100.iliopsoas.C0             	0.33781518	0.33824363	0.00069986204	
S00100.glut_max.C0              	-0.024823223	-0.02426342	0.00051142856	
S11000.iliopsoas.KL             	0.5582776	0.55690488	0.00060629261	
S11000.iliopsoas.L0             	0.39421703	0.3938252	0.00065839059	
S11000.iliopsoas-pelvis_tilt.P0 	-0.042068467	-0.043246095	0.00051619617	
S11000.iliopsoas-pelvis_tilt.KP 	0.01082572	0.011111358	0.0029259708	
S11000.iliopsoas-pelvis_tilt.KV 	0.14939903	0.14979752	0.0006334288	
S11000.iliopsoas-hamstrings.KL  	-8.2494493	-8.2823607	0.021440841	
S11000.iliopsoas-hamstrings.L0  	1.1669462	1.1672466	0.00049508189	
S11000.hamstrings.KF            	0.57579126	0.57532159	0.0004646207	
S11000.glut_max.KF              	0.61948385	0.62062233	0.0005332139	
