pelvis_tilt.offset              	0.020803112	0.021484741	0.0013444264	
hip_flexion_r.offset            	0.066365596	0.067910842	0.0012755961	
knee_angle_r.offset             	-0.00012320027	0.00019194632	0.0013875399	
ankle_angle_r.offset            	-0.054767062	-0.055761055	0.0018199813	
hip_flexion_l.offset            	-0.0056145554	-0.0068633706	0.0025728929	
knee_angle_l.offset             	0.058474063	0.055949809	0.0019799629	
ankle_angle_l.offset            	0.18969164	0.18935167	0.0018988306	
stance_load_threshold           	0.15318792	0.15287635	0.0020856896	
S00111.tib_ant.KL               	1.2492861	1.2744419	0.034685131	
S00111.tib_ant.L0               	0.76273657	0.76235311	0.003711439	
S00111.tib_ant.KS               	0.000173	0.00016960812	0.0015030446	
S11000.tib_ant.KL               	1.1951179	1.1990215	0.019700108	
S11000.tib_ant.L0               	0.73799336	0.73840793	0.0028698195	
S11000.tib_ant.KS               	0.03726336	0.034702948	0.0018377191	
S11111.tib_ant-soleus.KF        	-0.11569943	-0.11160357	0.0031228168	
S00111.soleus-tib_ant.KS        	-0.89402901	-0.84830767	0.039892444	
S11000.soleus-tib_ant.KS        	-3.3012449	-3.2961348	0.046002016	
S00111.gastroc-tib_ant.KS       	-0.32171493	-0.33083081	0.034767421	
S11000.gastroc-tib_ant.KS       	-1.6971518	-1.6957047	0.038267034	
S00111.tib_ant-gastroc.KS       	-0.00395169	-0.003704456	0.29742495	
S11000.tib_ant-gastroc.KS       	-0.00331551	-0.0034899045	0.2907037	
S00111.tib_ant-soleus.KS        	-0.00346517	-0.003265733	0.30532209	
S11000.tib_ant-soleus.KS        	-0.0034666	-0.003262285	0.29235206	
S00111.gastroc.KL               	0.082045109	0.080158282	0.03717489	
S00111.gastroc.L0               	0.84317311	0.83285774	0.015210676	
S00111.gastroc.KF               	1.4095482	1.4098534	0.0019390294	
S00111.soleus.KL                	4.0806965	4.059305	0.033909085	
S00111.soleus.L0                	0.95908094	0.96563184	0.008738861	
S00111.soleus.KF                	0.22845953	0.22980124	0.0028073625	
S11000.gastroc.KL               	0.00837043	0.0088534095	0.029664982	
S11000.gastroc.L0               	0.51216825	0.52940801	0.015991285	
S11000.gastroc.KF               	-1.7992084	-1.8225592	0.037735374	
S11000.soleus.KL                	0.78922214	0.78911364	0.067347616	
S11000.soleus.L0                	0.88795721	0.89744996	0.014718507	
S11000.soleus.KF                	-0.95885434	-0.91644321	0.062571274	
S00011.vasti.KF                 	0.82183028	0.81878267	0.0082362275	
S00011.vasti.C0                 	0.07992329	0.082088242	0.0018652602	
S00011.vasti-knee_angle.pos_max 	-0.29647652	-0.30537622	0.0028518726	
S00011.hamstrings-pelvis_tilt.KP	0.74162866	0.70575098	0.032823452	
S00011.hamstrings-pelvis_tilt.KV	0.56864559	0.56806318	0.0016615634	
S00011.hamstrings-pelvis_tilt.C0	0.02514159	0.026669744	0.0036467767	
S00011.glut_max-pelvis_tilt.KP  	1.4740614	1.4975297	0.026923749	
S00011.glut_max-pelvis_tilt.KV  	0.31483652	0.31400713	0.0016816926	
S00011.glut_max-pelvis_tilt.C0  	0.15919614	0.15897885	0.0028428813	
S00011.iliopsoas-pelvis_tilt.KP 	-3.4355961	-3.4738749	0.045340782	
S00011.iliopsoas-pelvis_tilt.KV 	-0.54233393	-0.54390317	0.0020632472	
S00011.iliopsoas-pelvis_tilt.C0 	0.32567377	0.33056718	0.0044560524	
S00100.iliopsoas.C0             	0.33788883	0.33924783	0.0024460355	
S00100.glut_max.C0              	-0.025009679	-0.024520476	0.0018889292	
S11000.iliopsoas.KL             	0.55717509	0.55894693	0.0020947472	
S11000.iliopsoas.L0             	0.39358799	0.39111951	0.0023191817	
S11000.iliopsoas-pelvis_tilt.P0 	-0.04310579	-0.043774071	0.0018699793	
S11000.iliopsoas-pelvis_tilt.KP 	0.01196527	0.011396593	0.011941607	
S11000.iliopsoas-pelvis_tilt.KV 	0.14557866	0.14362822	0.0021490996	
S11000.iliopsoas-hamstrings.KL  	-8.2515704	-8.2734478	0.076061905	
S11000.iliopsoas-hamstrings.L0  	1.1673841	1.1659745	0.0017368207	
S11000.hamstrings.KF            	0.57423859	0.57608788	0.0016730536	
S11000.glut_max.KF              	0.62605871	0.62160718	0.0018981201	
