pelvis_tilt.offset              	0.021706024	0.021579891	0.0012223002	
hip_flexion_r.offset            	0.07127694	0.070264856	0.0011506519	
knee_angle_r.offset             	0.00043539419	0.00079595883	0.0012568116	
ankle_angle_r.offset            	-0.059991885	-0.057289038	0.0016464248	
hip_flexion_l.offset            	-0.010222174	-0.0053140036	0.0023311371	
knee_angle_l.offset             	0.056238519	0.056911355	0.001796834	
ankle_angle_l.offset            	0.18367326	0.18775726	0.0017198837	
stance_load_threshold           	0.15150772	0.15055047	0.0018893301	
S00111.tib_ant.KL               	1.2436766	1.2691364	0.031331839	
S00111.tib_ant.L0               	0.76342099	0.76694101	0.0033823002	
S00111.tib_ant.KS               	0.00015652	0.00016648333	0.0013514916	
S11000.tib_ant.KL               	1.2055941	1.2060526	0.01779736	
S11000.tib_ant.L0               	0.73643753	0.73643549	0.0026041975	
S11000.tib_ant.KS               	0.03726336	0.035618763	0.0016570805	
S11111.tib_ant-soleus.KF        	-0.11183257	-0.11272702	0.0028276161	
S00111.soleus-tib_ant.KS        	-0.84816294	-0.84748927	0.035981949	
S11000.soleus-tib_ant.KS        	-3.2713051	-3.2254282	0.041543298	
S00111.gastroc-tib_ant.KS       	-0.35557966	-0.33597012	0.03130347	
S11000.gastroc-tib_ant.KS       	-1.6792634	-1.6598496	0.034824883	
S00111.tib_ant-gastroc.KS       	-0.00357534	-0.0037725076	0.26743533	
S11000.tib_ant-gastroc.KS       	-0.00331551	-0.0034019952	0.26139179	
S00111.tib_ant-soleus.KS        	-0.00346517	-0.0032720843	0.27453619	
S11000.tib_ant-soleus.KS        	-0.0034666	-0.0033219351	0.26287394	
S00111.gastroc.KL               	0.08315732	0.078134426	0.033429184	
S00111.gastroc.L0               	0.84855205	0.86466282	0.013830295	
S00111.gastroc.KF               	1.4111424	1.4103454	0.0017553274	
S00111.gastroc.KS               	0.17739288	0.16748665	0.015469369	
S00111.soleus.KL                	4.011358	4.0055776	0.030719998	
S00111.soleus.L0                	0.96799356	0.96753823	0.0078734805	
S00111.soleus.KF                	0.22949083	0.22783478	0.0025513641	
S00111.soleus.KS                	0.16520068	0.15792902	0.022586569	
S11000.gastroc.KL               	0.00837043	0.0087040588	0.02667388	
S11000.gastroc.L0               	0.5158906	0.52750528	0.014510802	
S11000.gastroc.KF               	-1.838404	-1.8003669	0.034120537	
S11000.soleus.KL                	0.79845448	0.79872869	0.060684986	
S11000.soleus.L0                	0.89835308	0.89781308	0.013305751	
S11000.soleus.KF                	-0.94438708	-0.91870279	0.056432004	
S00011.vasti.KF                 	0.81991671	0.81565146	0.0074319467	
S00011.vasti.C0                 	0.082712439	0.082631117	0.0016786254	
S00011.vasti-knee_angle.pos_max 	-0.29856276	-0.30309974	0.0025794246	
S00011.hamstrings-pelvis_tilt.KP	0.74162866	0.70495374	0.029630502	
S00011.hamstrings-pelvis_tilt.KV	0.56753842	0.56794895	0.0015025336	
S00011.hamstrings-pelvis_tilt.C0	0.02514159	0.026640593	0.0032825576	
S00011.glut_max-pelvis_tilt.KP  	1.4841519	1.499624	0.02440335	
S00011.glut_max-pelvis_tilt.KV  	0.31407163	0.31253684	0.0015275872	
S00011.glut_max-pelvis_tilt.C0  	0.16277285	0.16253604	0.0025755996	
S00011.iliopsoas-pelvis_tilt.KP 	-3.4887091	-3.4839026	0.041082516	
S00011.iliopsoas-pelvis_tilt.KV 	-0.54515834	-0.54579059	0.0018696646	
S00011.iliopsoas-pelvis_tilt.C0 	0.32846261	0.32887391	0.0040314464	
S00100.iliopsoas.C0             	0.33642991	0.33723425	0.0022143404	
S00100.glut_max.C0              	-0.02342065	-0.024643399	0.0017021462	
S11000.iliopsoas.KL             	0.55977012	0.56239818	0.0019040162	
S11000.iliopsoas.L0             	0.38887523	0.3905298	0.0021019033	
S11000.iliopsoas-pelvis_tilt.P0 	-0.044834681	-0.044621475	0.0016915655	
S11000.iliopsoas-pelvis_tilt.KP 	0.01082572	0.01139184	0.010737713	
S11000.iliopsoas-pelvis_tilt.KV 	0.14362789	0.14534129	0.0019596326	
S11000.iliopsoas-hamstrings.KL  	-8.4139281	-8.4023333	0.068947913	
S11000.iliopsoas-hamstrings.L0  	1.164965	1.1651938	0.0015719757	
S11000.hamstrings.KF            	0.57650105	0.57657644	0.0015123559	
S11000.glut_max.KF              	0.6182638	0.61934473	0.0017192758	
