pelvis_tilt.offset              	0.022250338	0.020794077	0.00086948794	
hip_flexion_r.offset            	0.071376418	0.071427106	0.00081912405	
knee_angle_r.offset             	0.00031741867	0.00066000829	0.00089510547	
ankle_angle_r.offset            	-0.055696365	-0.056556394	0.0011726719	
hip_flexion_l.offset            	-0.0064976929	-0.0063880127	0.001661115	
knee_angle_l.offset             	0.057104914	0.0572199	0.0012759821	
ankle_angle_l.offset            	0.18632309	0.18540822	0.0012365312	
stance_load_threshold           	0.15069455	0.15063527	0.0013427376	
S00111.tib_ant.KL               	1.2544291	1.2713083	0.022346319	
S00111.tib_ant.L0               	0.77678626	0.77137793	0.0024250464	
S00111.tib_ant.KS               	0.000173	0.00016147906	0.00093639009	
S11000.tib_ant.KL               	1.2179387	1.2178216	0.012721819	
S11000.tib_ant.L0               	0.73575863	0.73492699	0.001853169	
S11000.tib_ant.KS               	0.035093404	0.036081535	0.0011686042	
S11111.tib_ant-soleus.KF        	-0.10956837	-0.11099981	0.0020025317	
S00111.soleus-tib_ant.KS        	-0.89402901	-0.87041713	0.025296201	
S11000.soleus-tib_ant.KS        	-3.3363563	-3.2816372	0.029523755	
S00111.gastroc-tib_ant.KS       	-0.34470244	-0.33230168	0.02183911	
S11000.gastroc-tib_ant.KS       	-1.6626088	-1.6750049	0.024822489	
S00111.tib_ant-gastroc.KS       	-0.00357534	-0.0038984811	0.1852941	
S11000.tib_ant-gastroc.KS       	-0.00366451	-0.0034126063	0.1811068	
S00111.tib_ant-soleus.KS        	-0.00346517	-0.0033602056	0.19021397	
S11000.tib_ant-soleus.KS        	-0.00313645	-0.0033651184	0.18213371	
S00111.gastroc.KL               	0.07523758	0.079203209	0.023172948	
S00111.gastroc.L0               	0.85449509	0.84481927	0.0098573046	
S00111.gastroc.KF               	1.4116014	1.4108407	0.0012487107	
S00111.gastroc.KS               	0.17324718	0.16886894	0.010799688	
S00111.soleus.KL                	3.973856	3.9855552	0.021940674	
S00111.soleus.L0                	0.95822743	0.96342045	0.0055592322	
S00111.soleus.KF                	0.23323243	0.23046543	0.0018284704	
S00111.soleus.KS                	0.16520068	0.1581585	0.015707714	
S11000.gastroc.KL               	0.00837043	0.0088631368	0.018481356	
S11000.gastroc.L0               	0.53124635	0.52587166	0.010303836	
S11000.gastroc.KF               	-1.8298203	-1.8326521	0.024435613	
S11000.soleus.KL                	0.76235452	0.81793615	0.042475436	
S11000.soleus.L0                	0.89230197	0.89278027	0.0094415228	
S11000.soleus.KF                	-0.86893615	-0.9119309	0.039676692	
S00011.vasti.KF                 	0.81899881	0.82269598	0.0052663782	
S00011.vasti.C0                 	0.081954698	0.081079236	0.0011866267	
S00011.vasti-knee_angle.pos_max 	-0.30464557	-0.3020585	0.0018470197	
S00011.hamstrings-pelvis_tilt.KP	0.68910987	0.70239104	0.020904823	
S00011.hamstrings-pelvis_tilt.KV	0.56942492	0.56810379	0.001066487	
S00011.hamstrings-pelvis_tilt.C0	0.026677004	0.026624382	0.0022859921	
S00011.glut_max-pelvis_tilt.KP  	1.5441922	1.5087992	0.01746727	
S00011.glut_max-pelvis_tilt.KV  	0.31260336	0.31454055	0.0010894705	
S00011.glut_max-pelvis_tilt.C0  	0.15973168	0.16298314	0.0018394625	
S00011.iliopsoas-pelvis_tilt.KP 	-3.5017401	-3.4781547	0.029230546	
S00011.iliopsoas-pelvis_tilt.KV 	-0.54525942	-0.54445536	0.0013348717	
S00011.iliopsoas-pelvis_tilt.C0 	0.32863769	0.32851626	0.002863244	
S00100.iliopsoas.C0             	0.34139069	0.33804873	0.0015669964	
S00100.glut_max.C0              	-0.023838934	-0.02405614	0.0011921638	
S11000.iliopsoas.KL             	0.56209961	0.56246632	0.0013485379	
S11000.iliopsoas.L0             	0.39323646	0.39251501	0.0014979657	
S11000.iliopsoas-pelvis_tilt.P0 	-0.043913221	-0.04427717	0.0011939215	
S11000.iliopsoas-pelvis_tilt.KP 	0.01196527	0.011486563	0.0074406324	
S11000.iliopsoas-pelvis_tilt.KV 	0.14676462	0.1453667	0.0013976615	
S11000.iliopsoas-hamstrings.KL  	-8.4928997	-8.479962	0.04957262	
S11000.iliopsoas-hamstrings.L0  	1.1649701	1.1653651	0.0011129605	
S11000.hamstrings.KF            	0.57784253	0.5766853	0.0010826318	
S11000.glut_max.KF              	0.61861443	0.61879468	0.0012337008	
