pelvis_tilt.offset              	0.022622776	0.021901403	0.00064739112	
hip_flexion_r.offset            	0.070341351	0.072003105	0.00061542304	
knee_angle_r.offset             	0.00060607979	-0.00031095898	0.00067096272	
ankle_angle_r.offset            	-0.056247405	-0.057283497	0.00087064186	
hip_flexion_l.offset            	-0.0067009475	-0.0073106285	0.0012410399	
knee_angle_l.offset             	0.058241056	0.058220302	0.0009503087	
ankle_angle_l.offset            	0.18576945	0.18582067	0.00092228202	
stance_load_threshold           	0.15152307	0.15228989	0.0010031989	
S00111.tib_ant.KL               	1.2518781	1.2559355	0.016636332	
S00111.tib_ant.L0               	0.76831364	0.77230973	0.0018231115	
S00111.tib_ant.KS               	0.000173	0.00016515683	0.00068294295	
S11000.tib_ant.KL               	1.2219289	1.2216498	0.0094799994	
S11000.tib_ant.L0               	0.73522493	0.73379379	0.0013912918	
S11000.tib_ant.KS               	0.037039488	0.035970677	0.0008662001	
S11111.tib_ant-soleus.KF        	-0.11030221	-0.11006694	0.0014911662	
S00111.soleus-tib_ant.KS        	-0.84389787	-0.84165315	0.018872698	
S11000.soleus-tib_ant.KS        	-3.3201243	-3.3141684	0.022176127	
S00111.gastroc-tib_ant.KS       	-0.35428945	-0.34641688	0.016077292	
S11000.gastroc-tib_ant.KS       	-1.6553959	-1.6518171	0.01849298	
S00111.tib_ant-gastroc.KS       	-0.00357534	-0.0038372914	0.13514131	
S11000.tib_ant-gastroc.KS       	-0.00366451	-0.0035075884	0.13208736	
S00111.tib_ant-soleus.KS        	-0.00346517	-0.0032896461	0.13872953	
S11000.tib_ant-soleus.KS        	-0.0034666	-0.0032827455	0.13283633	
S00111.gastroc.KL               	0.08315732	0.077709456	0.016915266	
S00111.gastroc.L0               	0.83633323	0.84418983	0.0073227519	
S00111.gastroc.KF               	1.4088613	1.4100532	0.00092751455	
S00111.gastroc.KS               	0.17399553	0.17327969	0.0079366542	
S00111.soleus.KL                	3.9573499	3.9887992	0.016453386	
S00111.soleus.L0                	0.9631434	0.96826263	0.0041347821	
S00111.soleus.KF                	0.23096309	0.23031094	0.0013678	
S00111.soleus.KS                	0.15531684	0.15832087	0.011523068	
S11000.gastroc.KL               	0.00925153	0.0086516471	0.013479333	
S11000.gastroc.L0               	0.52958717	0.52418989	0.007686737	
S11000.gastroc.KF               	-1.8128834	-1.8244988	0.01816495	
S11000.soleus.KL                	0.80698221	0.80875483	0.031377052	
S11000.soleus.L0                	0.88166831	0.89234898	0.0070627766	
S11000.soleus.KF                	-0.95206254	-0.91596353	0.02940701	
S00011.vasti.KF                 	0.82947033	0.82873589	0.0039151338	
S00011.vasti.C0                 	0.081187292	0.080834046	0.00087737402	
S00011.vasti-knee_angle.pos_max 	-0.30128622	-0.30237812	0.0013801096	
S00011.hamstrings-pelvis_tilt.KP	0.7040309	0.70448103	0.015515607	
S00011.hamstrings-pelvis_tilt.KV	0.56859876	0.56905199	0.00079547776	
S00011.hamstrings-pelvis_tilt.C0	0.026105947	0.026668265	0.0016772432	
S00011.glut_max-pelvis_tilt.KP  	1.5204621	1.5244228	0.013029439	
S00011.glut_max-pelvis_tilt.KV  	0.31466341	0.31352636	0.00080870205	
S00011.glut_max-pelvis_tilt.C0  	0.16198219	0.16106664	0.0013788356	
S00011.iliopsoas-pelvis_tilt.KP 	-3.5422159	-3.5120693	0.021844346	
S00011.iliopsoas-pelvis_tilt.KV 	-0.54426266	-0.54514787	0.00099092849	
S00011.iliopsoas-pelvis_tilt.C0 	0.32625348	0.32625812	0.0021450017	
S00100.iliopsoas.C0             	0.33921266	0.33859463	0.0011693731	
S00100.glut_max.C0              	-0.024127127	-0.024428828	0.00088017816	
S11000.iliopsoas.KL             	0.56328866	0.56231234	0.0010031008	
S11000.iliopsoas.L0             	0.39059564	0.391956	0.0011162093	
S11000.iliopsoas-pelvis_tilt.P0 	-0.045671081	-0.044346322	0.00088812539	
S11000.iliopsoas-pelvis_tilt.KP 	0.01082572	0.011291775	0.0054276502	
S11000.iliopsoas-pelvis_tilt.KV 	0.14517425	0.1453615	0.00104387	
S11000.iliopsoas-hamstrings.KL  	-8.447837	-8.4327397	0.037258598	
S11000.iliopsoas-hamstrings.L0  	1.1660825	1.1657656	0.00082544336	
S11000.hamstrings.KF            	0.57552687	0.57606423	0.00080485199	
S11000.glut_max.KF              	0.617589	0.61802314	0.00091832197	
