pelvis_tilt.offset              	0.023657152	0.02317603	0.00070289423	
hip_flexion_r.offset            	0.070074428	0.069580886	0.00066823152	
knee_angle_r.offset             	-0.0014075064	-7.5403242e-05	0.00073450367	
ankle_angle_r.offset            	-0.058455705	-0.05709239	0.0009567181	
hip_flexion_l.offset            	-0.0029964123	-0.0062836017	0.0013538055	
knee_angle_l.offset             	0.050116462	0.049800484	0.0010600808	
ankle_angle_l.offset            	0.18432945	0.18559103	0.0010068794	
stance_load_threshold           	0.15538098	0.15398733	0.0010986525	
S00111.tib_ant.KL               	1.2859471	1.2568127	0.01811842	
S00111.tib_ant.L0               	0.75735942	0.7592144	0.0019758299	
S00111.tib_ant.KS               	0.000173	0.00016565082	0.00073966524	
S11000.tib_ant.KL               	1.2004398	1.2037879	0.010372327	
S11000.tib_ant.L0               	0.73448734	0.73457911	0.0015128348	
S11000.tib_ant.KS               	0.036699558	0.035944721	0.00094761047	
S11111.tib_ant-soleus.KF        	-0.10809087	-0.10959141	0.001635305	
S00111.soleus-tib_ant.KS        	-0.81293275	-0.85978959	0.020618398	
S11000.soleus-tib_ant.KS        	-3.2802109	-3.2870663	0.024046705	
S00111.gastroc-tib_ant.KS       	-0.32171493	-0.33012949	0.017464479	
S11000.gastroc-tib_ant.KS       	-1.6975749	-1.6667554	0.020223894	
S00111.tib_ant-gastroc.KS       	-0.00395169	-0.0038658282	0.14636549	
S11000.tib_ant-gastroc.KS       	-0.00366451	-0.0034579971	0.14305791	
S00111.tib_ant-soleus.KS        	-0.00313515	-0.0032105907	0.15025174	
S11000.tib_ant-soleus.KS        	-0.0034666	-0.0032456692	0.14386908	
S00111.gastroc.L0               	0.80584664	0.82019824	0.0080089101	
S00111.gastroc.KF               	1.4140567	1.4132396	0.0010142571	
S00111.gastroc.KS               	0.16434255	0.17041194	0.0086252616	
S00111.soleus.L0                	0.95120706	0.9503684	0.004623332	
S00111.soleus.KF                	0.23516795	0.23310979	0.0014694418	
S00111.soleus.KS                	0.16520068	0.15926593	0.012493419	
S11000.gastroc.KL               	0.00837043	0.0086807499	0.014598885	
S11000.gastroc.L0               	0.50978351	0.51077691	0.0083568333	
S11000.gastroc.KF               	-1.7876206	-1.7812528	0.019904573	
S11000.gastroc.KS               	0.2526063	0.27396067	0.017529029	
S11000.soleus.KL                	0.8249799	0.81292083	0.034032668	
S11000.soleus.L0                	0.86563702	0.87753696	0.0077534833	
S11000.soleus.KF                	-0.90276486	-0.89307507	0.031917534	
S11000.soleus.KS                	0.10515805	0.10856987	0.027141565	
S00011.vasti.KF                 	0.81684033	0.81716983	0.0042621901	
S00011.vasti.C0                 	0.083073677	0.08411441	0.00094792268	
S00011.vasti-knee_angle.pos_max 	-0.30688617	-0.30664229	0.0015001423	
S00011.hamstrings-pelvis_tilt.KP	0.70245248	0.7032823	0.016983168	
S00011.hamstrings-pelvis_tilt.KV	0.56720732	0.56762561	0.00087628952	
S00011.hamstrings-pelvis_tilt.C0	0.02514159	0.026637552	0.0018196639	
S00011.glut_max-pelvis_tilt.KP  	1.4687955	1.475639	0.014162455	
S00011.glut_max-pelvis_tilt.KV  	0.31516514	0.3145524	0.00088374062	
S00011.glut_max-pelvis_tilt.C0  	0.15998059	0.15940136	0.0014909442	
S00011.iliopsoas-pelvis_tilt.KP 	-3.6037171	-3.5702293	0.023899942	
S00011.iliopsoas-pelvis_tilt.KV 	-0.54707967	-0.54764844	0.0010992381	
S00011.iliopsoas-pelvis_tilt.C0 	0.33847601	0.34160291	0.0023553655	
S00100.iliopsoas.C0             	0.34126468	0.34026267	0.0012874803	
S00100.glut_max.C0              	-0.025038621	-0.024702226	0.00095631527	
S11000.iliopsoas.KL             	0.56110535	0.55956461	0.0011020172	
S11000.iliopsoas.L0             	0.38774457	0.38684803	0.0012332412	
S11000.iliopsoas-pelvis_tilt.P0 	-0.045396447	-0.045152533	0.00097015219	
S11000.iliopsoas-pelvis_tilt.KP 	0.01082572	0.011354174	0.0058785091	
S11000.iliopsoas-pelvis_tilt.KV 	0.15002615	0.14956047	0.0011479438	
S11000.iliopsoas-hamstrings.KL  	-8.2156668	-8.2164243	0.040073124	
S11000.iliopsoas-hamstrings.L0  	1.1672183	1.1661516	0.00090481777	
S11000.hamstrings.KF            	0.57879818	0.57749846	0.00087810111	
S11000.glut_max.KF              	0.62130797	0.62242693	0.0010037011	
