pelvis_tilt.offset              	0.021942763	0.022899254	0.00059200151	
hip_flexion_r.offset            	0.070496271	0.070777452	0.00056604213	
knee_angle_r.offset             	-0.00074392165	-0.00055187024	0.00061905245	
ankle_angle_r.offset            	-0.057855813	-0.056826657	0.00080675178	
hip_flexion_l.offset            	-0.0021968311	-0.0044220082	0.0011436542	
knee_angle_l.offset             	0.050824619	0.050397557	0.00089331537	
ankle_angle_l.offset            	0.18475795	0.18528221	0.00084835134	
stance_load_threshold           	0.1538242	0.15430834	0.00092444319	
S00111.tib_ant.KL               	1.2372299	1.2683754	0.015388851	
S00111.tib_ant.L0               	0.7590861	0.75987081	0.0016611774	
S00111.tib_ant.KS               	0.00015652	0.00016466814	0.00061364584	
S11000.tib_ant.KL               	1.2008981	1.2041958	0.00875978	
S11000.tib_ant.L0               	0.7322841	0.73253325	0.0012772075	
S11000.tib_ant.KS               	0.033979062	0.035238251	0.00079948032	
S11111.tib_ant-soleus.KF        	-0.1121501	-0.11061238	0.0013767071	
S00111.soleus-tib_ant.KS        	-0.80888339	-0.81517565	0.017465204	
S11000.soleus-tib_ant.KS        	-3.2815774	-3.2645491	0.020350557	
S00111.gastroc-tib_ant.KS       	-0.33601153	-0.32562757	0.014599465	
S11000.gastroc-tib_ant.KS       	-1.670653	-1.6889041	0.017123195	
S00111.tib_ant-gastroc.KS       	-0.00357534	-0.0037600463	0.12142834	
S11000.tib_ant-gastroc.KS       	-0.00331551	-0.0035289363	0.11868428	
S00111.tib_ant-soleus.KS        	-0.00346517	-0.0032649043	0.12465246	
S11000.tib_ant-soleus.KS        	-0.0034666	-0.0032363443	0.11935725	
S00111.gastroc.L0               	0.81455643	0.82048985	0.0068012774	
S00111.gastroc.KF               	1.4127418	1.4133049	0.0008556039	
S00111.gastroc.KS               	0.17739288	0.17017244	0.0072109526	
S00111.soleus.L0                	0.93931151	0.94500839	0.0039325601	
S00111.soleus.KF                	0.23418009	0.23412018	0.0012368796	
S00111.soleus.KS                	0.16375491	0.15978036	0.010411231	
S11000.gastroc.KL               	0.0084576993	0.0090634568	0.012111893	
S11000.gastroc.L0               	0.51590879	0.50959369	0.0070815665	
S11000.gastroc.KF               	-1.7689849	-1.7814332	0.016802837	
S11000.gastroc.KS               	0.27710546	0.25702153	0.014657828	
S11000.soleus.KL                	0.84260236	0.80866213	0.028583998	
S11000.soleus.L0                	0.89253838	0.88625225	0.0065541479	
S11000.soleus.KF                	-0.89218277	-0.90711129	0.026791489	
S11000.soleus.KS                	0.10617792	0.10562658	0.022535477	
S00011.vasti.KF                 	0.82218557	0.81919085	0.0035903514	
S00011.vasti.C0                 	0.082998679	0.083318949	0.00079603216	
S00011.vasti-knee_angle.pos_max 	-0.3046387	-0.30598656	0.0012661455	
S00011.hamstrings-pelvis_tilt.KP	0.68576757	0.69167276	0.014325574	
S00011.hamstrings-pelvis_tilt.KV	0.5685646	0.56829213	0.00073968918	
S00011.hamstrings-pelvis_tilt.C0	0.02514159	0.026237746	0.0015201231	
S00011.glut_max-pelvis_tilt.KP  	1.4899585	1.4776585	0.011957198	
S00011.glut_max-pelvis_tilt.KV  	0.31530986	0.31476746	0.00074581224	
S00011.glut_max-pelvis_tilt.C0  	0.15856535	0.15763137	0.0012572862	
S00011.iliopsoas-pelvis_tilt.KP 	-3.5719717	-3.5559755	0.020267878	
S00011.iliopsoas-pelvis_tilt.KV 	-0.54595351	-0.54767742	0.00092962329	
S00011.iliopsoas-pelvis_tilt.C0 	0.3454009	0.34276449	0.0019948342	
S00100.iliopsoas.C0             	0.33961254	0.34059786	0.0010842231	
S00100.glut_max.C0              	-0.024584287	-0.025020269	0.00080447692	
S11000.iliopsoas.KL             	0.55918568	0.55926024	0.00093007745	
S11000.iliopsoas.L0             	0.38743685	0.388222	0.0010406851	
S11000.iliopsoas-pelvis_tilt.P0 	-0.046340221	-0.045405263	0.00081496203	
S11000.iliopsoas-pelvis_tilt.KP 	0.01082572	0.011459661	0.0048778632	
S11000.iliopsoas-pelvis_tilt.KV 	0.14751061	0.14865497	0.00096724899	
S11000.iliopsoas-hamstrings.KL  	-8.2525336	-8.2344346	0.033767372	
S11000.iliopsoas-hamstrings.L0  	1.1669597	1.1674426	0.00076628533	
S11000.hamstrings.KF            	0.5762229	0.57674881	0.00074116236	
S11000.glut_max.KF              	0.62239169	0.62150903	0.00084881219	
