pelvis_tilt.offset              	0.0224516	0.022464356	0.00018419669	
hip_flexion_r.offset            	0.071576818	0.071452587	0.00017643471	
knee_angle_r.offset             	0.00043526181	0.00037332322	0.00019112578	
ankle_angle_r.offset            	-0.056799008	-0.056654848	0.00024929996	
hip_flexion_l.offset            	-0.00022064458	-0.00053034982	0.00036927507	
knee_angle_l.offset             	0.048884577	0.049070137	0.00028123653	
ankle_angle_l.offset            	0.18548252	0.18571215	0.00026164813	
stance_load_threshold           	0.15496087	0.15490364	0.00028540089	
S00111.tib_ant.KL               	1.2769872	1.2700455	0.0047620075	
S00111.tib_ant.L0               	0.76178814	0.7611555	0.00051241644	
S00111.tib_ant.KS               	0.00015652	0.00016206271	0.00016078523	
S11000.tib_ant.KL               	1.2189003	1.2202781	0.0026950256	
S11000.tib_ant.L0               	0.73041976	0.72989635	0.00041300978	
S11000.tib_ant.KS               	0.033901653	0.034099747	0.00024359318	
S11111.tib_ant-soleus.KF        	-0.11167977	-0.11133196	0.00041780965	
S00111.soleus-tib_ant.KS        	-0.81736983	-0.82300366	0.0051717152	
S11000.soleus-tib_ant.KS        	-3.2770729	-3.27801	0.00630521	
S00111.gastroc-tib_ant.KS       	-0.33150034	-0.33154736	0.0041219952	
S11000.gastroc-tib_ant.KS       	-1.6669486	-1.6701171	0.0053737758	
S00111.tib_ant-gastroc.KS       	-0.00357534	-0.0037665772	0.031811506	
S11000.tib_ant-gastroc.KS       	-0.00331551	-0.003611261	0.031092617	
S00111.tib_ant-soleus.KS        	-0.00346517	-0.0033019301	0.032656134	
S11000.tib_ant-soleus.KS        	-0.00313645	-0.003365972	0.031268912	
S00111.gastroc.L0               	0.82122827	0.82364906	0.0021122077	
S00111.gastroc.KF               	1.4135082	1.4136078	0.00026339592	
S00111.gastroc.KS               	0.17037537	0.17005706	0.0020682201	
S00111.soleus.L0                	0.93637424	0.93670293	0.0012365794	
S00111.soleus.KF                	0.23349734	0.23330186	0.00038620201	
S00111.soleus.KS                	0.15725223	0.15806349	0.0029808774	
S11000.gastroc.KL               	0.00837043	0.0089442401	0.0031763534	
S11000.gastroc.L0               	0.51717976	0.51409605	0.0021596285	
S11000.gastroc.KF               	-1.7647721	-1.7650185	0.0052358991	
S11000.gastroc.KS               	0.27272516	0.27195234	0.0043131645	
S11000.soleus.KL                	0.77615735	0.77622677	0.0086984423	
S11000.soleus.L0                	0.87404796	0.87241711	0.0020372118	
S11000.soleus.KF                	-0.9109317	-0.90838293	0.0081089936	
S11000.soleus.KS                	0.1022613	0.10529338	0.0060738766	
S00011.vasti.KF                 	0.83108824	0.83079832	0.0011218189	
S00011.vasti.C0                 	0.082741542	0.082396816	0.000242998	
S00011.vasti-knee_angle.pos_max 	-0.30882818	-0.3083136	0.00039151716	
S00011.hamstrings-pelvis_tilt.KP	0.69537279	0.68586487	0.0044778612	
S00011.hamstrings-pelvis_tilt.KV	0.56787983	0.56802206	0.00022647662	
S00011.hamstrings-pelvis_tilt.C0	0.026341442	0.026764195	0.00045082176	
S00011.glut_max-pelvis_tilt.KP  	1.4760035	1.476084	0.0036795061	
S00011.glut_max-pelvis_tilt.KV  	0.31486819	0.31486091	0.00022892003	
S00011.glut_max-pelvis_tilt.C0  	0.15679533	0.15656246	0.00038758592	
S00011.iliopsoas-pelvis_tilt.KP 	-3.6311958	-3.6273395	0.006378493	
S00011.iliopsoas-pelvis_tilt.KV 	-0.54802097	-0.54829599	0.00029323292	
S00011.iliopsoas-pelvis_tilt.C0 	0.34232066	0.34220885	0.00061513035	
S00100.iliopsoas.C0             	0.3398996	0.33960983	0.00034255513	
S00100.glut_max.C0              	-0.023826409	-0.024257936	0.00024718014	
S11000.iliopsoas.KL             	0.55770188	0.55769339	0.00029144259	
S11000.iliopsoas.L0             	0.38717562	0.38711297	0.00031955678	
S11000.iliopsoas-pelvis_tilt.P0 	-0.045226536	-0.045216634	0.00025045562	
S11000.iliopsoas-pelvis_tilt.KP 	0.0118931	0.011530719	0.0012898233	
S11000.iliopsoas-pelvis_tilt.KV 	0.14947435	0.14937064	0.0002967961	
S11000.iliopsoas-hamstrings.KL  	-8.2426133	-8.2297135	0.010437051	
S11000.iliopsoas-hamstrings.L0  	1.1684986	1.1684493	0.00023922199	
S11000.hamstrings.KF            	0.5752875	0.57544044	0.00023124985	
S11000.glut_max.KF              	0.62292425	0.62282801	0.00026348297	
