pelvis_tilt.offset              	0.022971895	0.023019963	7.6138941e-05	
hip_flexion_r.offset            	0.07143285	0.071461072	7.1222415e-05	
knee_angle_r.offset             	6.8897158e-05	0.00029109304	7.909545e-05	
ankle_angle_r.offset            	-0.056674344	-0.056859094	0.00010234187	
hip_flexion_l.offset            	-0.0013990764	-0.0014022403	0.00014953712	
knee_angle_l.offset             	0.048633949	0.048545207	0.00011902221	
ankle_angle_l.offset            	0.18553913	0.1855765	0.00010701264	
stance_load_threshold           	0.15471217	0.15470768	0.00011624522	
S00111.tib_ant.KL               	1.2749685	1.2712552	0.0019217127	
S00111.tib_ant.L0               	0.76121037	0.7611657	0.00020906569	
S00111.tib_ant.KS               	0.0001669586	0.00016798458	5.6499379e-05	
S11000.tib_ant.KL               	1.2157288	1.2144534	0.0011071975	
S11000.tib_ant.L0               	0.73076047	0.730699	0.00016894494	
S11000.tib_ant.KS               	0.03452555	0.034437327	0.00010039089	
S11111.tib_ant-soleus.KF        	-0.11222608	-0.11210955	0.00017085303	
S00111.soleus-tib_ant.KS        	-0.80888339	-0.81066689	0.0020717493	
S11000.soleus-tib_ant.KS        	-3.2950482	-3.2889855	0.0025531612	
S00111.gastroc-tib_ant.KS       	-0.33823705	-0.33788278	0.0016381544	
S11000.gastroc-tib_ant.KS       	-1.6733578	-1.6736223	0.0021883184	
S00111.tib_ant-gastroc.KS       	-0.00357534	-0.0037762141	0.011164774	
S11000.tib_ant-gastroc.KS       	-0.00331551	-0.0034141105	0.010912451	
S00111.tib_ant-soleus.KS        	-0.00313515	-0.0033194332	0.011461157	
S11000.tib_ant-soleus.KS        	-0.0034666	-0.0032501451	0.01097431	
S00111.gastroc.L0               	0.82702895	0.8258353	0.00084446187	
S00111.gastroc.KF               	1.4139139	1.4138554	0.00010694343	
S00111.gastroc.KS               	0.17242224	0.17303874	0.00082446541	
S00111.soleus.L0                	0.93686415	0.93727664	0.0004924746	
S00111.soleus.KF                	0.23256085	0.23259941	0.00015868658	
S00111.soleus.KS                	0.15681221	0.15686016	0.0011823072	
S11000.gastroc.KL               	0.00837043	0.0088008546	0.0011238658	
S11000.gastroc.L0               	0.51148899	0.51036347	0.00088489834	
S11000.gastroc.KF               	-1.7650377	-1.7660044	0.0021305432	
S11000.gastroc.KS               	0.25959851	0.26033629	0.0017634741	
S11000.soleus.KL                	0.76890364	0.76993941	0.0034976423	
S11000.soleus.L0                	0.87220983	0.87363103	0.00082102835	
S11000.soleus.KF                	-0.91077583	-0.91181691	0.0032679067	
S11000.soleus.KS                	0.10714559	0.10856501	0.0023600342	
S00011.vasti.KF                 	0.83150091	0.83092879	0.00045709554	
S00011.vasti.C0                 	0.082248898	0.082303178	9.7913585e-05	
S00011.vasti-knee_angle.pos_max 	-0.30926137	-0.30922775	0.00016438038	
S00011.hamstrings-pelvis_tilt.KP	0.67588775	0.67818517	0.001857212	
S00011.hamstrings-pelvis_tilt.KV	0.56865071	0.56845087	9.1748273e-05	
S00011.hamstrings-pelvis_tilt.C0	0.027648575	0.027575688	0.00018175496	
S00011.glut_max-pelvis_tilt.KP  	1.4711658	1.4702161	0.0014979392	
S00011.glut_max-pelvis_tilt.KV  	0.31447675	0.31455878	9.3367231e-05	
S00011.glut_max-pelvis_tilt.C0  	0.15642026	0.15655475	0.000157175	
S00011.iliopsoas-pelvis_tilt.KP 	-3.6411731	-3.6395118	0.0026669113	
S00011.iliopsoas-pelvis_tilt.KV 	-0.54834751	-0.54852743	0.00012002634	
S00011.iliopsoas-pelvis_tilt.C0 	0.3433307	0.34311082	0.00025070402	
S00100.iliopsoas.C0             	0.33944912	0.33935215	0.00013665267	
S00100.glut_max.C0              	-0.023781553	-0.023763874	0.00010146722	
S11000.iliopsoas.KL             	0.55804221	0.55807367	0.00011680392	
S11000.iliopsoas.L0             	0.38727321	0.38751712	0.00012901102	
S11000.iliopsoas-pelvis_tilt.P0 	-0.045064609	-0.045003762	0.00010163101	
S11000.iliopsoas-pelvis_tilt.KP 	0.011533403	0.011469996	0.000477067	
S11000.iliopsoas-pelvis_tilt.KV 	0.14865514	0.14892561	0.00012165937	
S11000.iliopsoas-hamstrings.KL  	-8.2016377	-8.2081116	0.0042224164	
S11000.iliopsoas-hamstrings.L0  	1.167877	1.1679805	9.6980014e-05	
S11000.hamstrings.KF            	0.57497875	0.57489137	9.5431446e-05	
S11000.glut_max.KF              	0.62261227	0.6225503	0.00010620003	
