pelvis_tilt.offset              	0.021324401	0.02094583	0.0013382522	
hip_flexion_r.offset            	0.06906931	0.069035304	0.001261571	
knee_angle_r.offset             	-0.00092917099	0.0010914281	0.0013878737	
ankle_angle_r.offset            	-0.057172413	-0.057444351	0.0018078358	
hip_flexion_l.offset            	-0.0091242963	-0.0081369549	0.002563258	
knee_angle_l.offset             	0.055908533	0.056421992	0.0019770546	
ankle_angle_l.offset            	0.1882408	0.18829237	0.0018872375	
stance_load_threshold           	0.15179171	0.15069948	0.0020785726	
S00111.tib_ant.KL               	1.2920355	1.2407701	0.034446076	
S00111.tib_ant.L0               	0.7692952	0.76713464	0.0037102716	
S00111.tib_ant.KS               	0.000173	0.00016360264	0.0014955752	
S11000.tib_ant.KL               	1.2056015	1.1881666	0.019607765	
S11000.tib_ant.L0               	0.74237629	0.7405427	0.0028587793	
S11000.tib_ant.KS               	0.034908795	0.03571247	0.001829616	
S11111.tib_ant-soleus.KF        	-0.11405329	-0.10911797	0.0031131309	
S11000.soleus-tib_ant.KS        	-3.2928817	-3.2799621	0.045811254	
S11000.gastroc-tib_ant.KS       	-1.7173635	-1.6667091	0.038198109	
S00111.tib_ant-gastroc.KS       	-0.00395169	-0.0037570164	0.2959469	
S11000.tib_ant-gastroc.KS       	-0.00366451	-0.0034428895	0.28925905	
S00111.tib_ant-soleus.KS        	-0.00346517	-0.0032119596	0.30380479	
S11000.tib_ant-soleus.KS        	-0.0034666	-0.0032495083	0.29089922	
S00111.gastroc.KL               	0.08315732	0.076691202	0.036989579	
S00111.gastroc.L0               	0.82403135	0.84084736	0.01511711	
S00111.gastroc.KF               	1.4121393	1.4101407	0.0019334085	
S00111.gastroc.KS               	0.16650366	0.1719759	0.01709308	
S00111.soleus.KL                	4.0177618	4.0166841	0.033690559	
S00111.soleus.L0                	0.97618323	0.97580815	0.008683526	
S00111.soleus.KF                	0.22832646	0.22885672	0.0027883353	
S00111.soleus.KS                	0.16520068	0.15637317	0.02497629	
S11000.gastroc.KL               	0.00837043	0.0087862523	0.02951756	
S11000.gastroc.L0               	0.53913689	0.52186192	0.015940105	
S11000.gastroc.KF               	-1.8983236	-1.8325711	0.037508522	
S11000.gastroc.KS               	0.26610881	0.26105123	0.034943417	
S11000.soleus.KL                	0.78293123	0.81610636	0.06701955	
S11000.soleus.L0                	0.90034647	0.89379062	0.014634964	
S11000.soleus.KF                	-0.87136494	-0.90688085	0.062259548	
S11000.soleus.KS                	0.1022613	0.10644753	0.054807235	
S00011.vasti.KF                 	0.81829606	0.81640159	0.0081953004	
S00011.vasti.C0                 	0.084515598	0.084685165	0.0018534517	
S00011.vasti-knee_angle.pos_max 	-0.30619835	-0.3063918	0.0028333642	
S00011.hamstrings-pelvis_tilt.KP	0.72464823	0.71085438	0.032681503	
S00011.hamstrings-pelvis_tilt.KV	0.56642029	0.56667264	0.0016477857	
S00011.hamstrings-pelvis_tilt.C0	0.02778807	0.026139017	0.0036287859	
S00011.glut_max-pelvis_tilt.KP  	1.4315921	1.4895122	0.026792019	
S00011.glut_max-pelvis_tilt.KV  	0.31226125	0.31313071	0.001674549	
S00011.glut_max-pelvis_tilt.C0  	0.16537895	0.16208545	0.0028242332	
S00011.iliopsoas-pelvis_tilt.KP 	-3.4814164	-3.4829603	0.045103991	
S00011.iliopsoas-pelvis_tilt.KV 	-0.5412627	-0.54358698	0.0020547456	
S00011.iliopsoas-pelvis_tilt.C0 	0.33459294	0.33368503	0.004444171	
S00100.iliopsoas.C0             	0.33593789	0.33756025	0.0024350189	
S00100.glut_max.C0              	-0.024005835	-0.02474143	0.0018792195	
S11000.iliopsoas.KL             	0.56133644	0.56093347	0.0020813989	
S11000.iliopsoas.L0             	0.38964993	0.39103763	0.0023094764	
S11000.iliopsoas-pelvis_tilt.P0 	-0.04199752	-0.044229205	0.0018631812	
S11000.iliopsoas-pelvis_tilt.KP 	0.01196527	0.011457061	0.011882258	
S11000.iliopsoas-pelvis_tilt.KV 	0.15077212	0.14628644	0.0021453021	
S11000.iliopsoas-hamstrings.KL  	-8.26045	-8.2553335	0.075809163	
S11000.iliopsoas-hamstrings.L0  	1.1659538	1.1660501	0.0017287119	
S11000.hamstrings.KF            	0.57262807	0.57386944	0.0016630873	
S11000.glut_max.KF              	0.6202115	0.62066516	0.0018877732	
