pelvis_tilt.offset              	0.020067902	0.021307564	0.0012452043	
hip_flexion_r.offset            	0.069625006	0.069893238	0.00117835	
knee_angle_r.offset             	0.0011985797	0.0015335359	0.0012962972	
ankle_angle_r.offset            	-0.058299723	-0.057386053	0.0016897278	
hip_flexion_l.offset            	-0.013651176	-0.010748044	0.0023989842	
knee_angle_l.offset             	0.055854191	0.058859338	0.0018606758	
ankle_angle_l.offset            	0.18807598	0.18968646	0.001772887	
stance_load_threshold           	0.1497153	0.14977162	0.0019455156	
S00111.tib_ant.KL               	1.2839391	1.2637917	0.032217143	
S00111.tib_ant.L0               	0.76108919	0.76319133	0.003483212	
S00111.tib_ant.KS               	0.000173	0.00016271884	0.0013614269	
S11000.tib_ant.KL               	1.1788678	1.1738506	0.018346767	
S11000.tib_ant.L0               	0.73934969	0.73737593	0.0026725333	
S11000.tib_ant.KS               	0.036291655	0.03541909	0.0016895808	
S11111.tib_ant-soleus.KF        	-0.10844732	-0.10906478	0.0029041608	
S11000.soleus-tib_ant.KS        	-3.2808236	-3.319251	0.042846281	
S11000.gastroc-tib_ant.KS       	-1.7385419	-1.7145943	0.03581781	
S00111.tib_ant-gastroc.KS       	-0.00395169	-0.003758841	0.26940113	
S11000.tib_ant-gastroc.KS       	-0.00366451	-0.0034625349	0.26331317	
S00111.tib_ant-soleus.KS        	-0.00346517	-0.0033308213	0.27655418	
S11000.tib_ant-soleus.KS        	-0.0034666	-0.0032521944	0.26480621	
S00111.gastroc.KL               	0.07523758	0.078936826	0.03368237	
S00111.gastroc.L0               	0.88075304	0.86547388	0.014096067	
S00111.gastroc.KF               	1.410548	1.4109376	0.0018123924	
S00111.gastroc.KS               	0.16049832	0.16175061	0.015599039	
S00111.soleus.KL                	3.9442401	3.9750963	0.031568661	
S00111.soleus.L0                	1.008206	1.009476	0.008375605	
S00111.soleus.KF                	0.23233494	0.2271086	0.0026183521	
S00111.soleus.KS                	0.16520068	0.15798896	0.022797952	
S11000.gastroc.KL               	0.00925153	0.0087574854	0.026870083	
S11000.gastroc.L0               	0.51294514	0.536931	0.014863387	
S11000.gastroc.KF               	-1.8937603	-1.8383576	0.035092646	
S11000.gastroc.KS               	0.25713508	0.25912339	0.031910504	
S11000.soleus.KL                	0.7732427	0.80487238	0.061484188	
S11000.soleus.L0                	0.85363246	0.87280151	0.013677104	
S11000.soleus.KF                	-0.95255093	-0.90033614	0.057299696	
S11000.soleus.KS                	0.11302564	0.10708827	0.049905657	
S00011.vasti.KF                 	0.81657795	0.82038427	0.007639579	
S00011.vasti.C0                 	0.082792332	0.084049948	0.0017210511	
S00011.vasti-knee_angle.pos_max 	-0.3069373	-0.30759493	0.002650485	
S00011.hamstrings-pelvis_tilt.KP	0.74162866	0.71808819	0.030158196	
S00011.hamstrings-pelvis_tilt.KV	0.56393873	0.56393917	0.0015521219	
S00011.hamstrings-pelvis_tilt.C0	0.02778807	0.026453344	0.0033140991	
S00011.glut_max-pelvis_tilt.KP  	1.5146196	1.4646147	0.024977955	
S00011.glut_max-pelvis_tilt.KV  	0.31446792	0.31423217	0.0015698919	
S00011.glut_max-pelvis_tilt.C0  	0.15856123	0.16254535	0.0026446551	
S00011.iliopsoas-pelvis_tilt.KP 	-3.4958755	-3.5054287	0.04199664	
S00011.iliopsoas-pelvis_tilt.KV 	-0.53830241	-0.54081317	0.0019229843	
S00011.iliopsoas-pelvis_tilt.C0 	0.33202894	0.3286089	0.0041475286	
S00100.iliopsoas.C0             	0.33863136	0.33831926	0.0022812964	
S00100.glut_max.C0              	-0.025779234	-0.024649967	0.0017255558	
S11000.iliopsoas.KL             	0.5624975	0.56130512	0.0019444497	
S11000.iliopsoas.L0             	0.38910488	0.3893019	0.0021665963	
S11000.iliopsoas-pelvis_tilt.P0 	-0.045240625	-0.04348254	0.0017256293	
S11000.iliopsoas-pelvis_tilt.KP 	0.01196527	0.011711107	0.010817208	
S11000.iliopsoas-pelvis_tilt.KV 	0.14601297	0.14870741	0.0020217844	
S11000.iliopsoas-hamstrings.KL  	-8.2856577	-8.2359999	0.070647017	
S11000.iliopsoas-hamstrings.L0  	1.1674393	1.1675325	0.0016177496	
S11000.hamstrings.KF            	0.5730045	0.57071365	0.0015683527	
S11000.glut_max.KF              	0.62326821	0.62208894	0.0017694403	
