pelvis_tilt.offset              	0.023366689	0.023133095	0.00044028998	
hip_flexion_r.offset            	0.068710144	0.068913029	0.00041898649	
knee_angle_r.offset             	0.0043074555	0.0048239348	0.00047089741	
ankle_angle_r.offset            	-0.058491098	-0.058163171	0.00060354253	
hip_flexion_l.offset            	-0.007053051	-0.0085127093	0.00084798298	
knee_angle_l.offset             	0.057788846	0.058473661	0.00066496756	
ankle_angle_l.offset            	0.19047864	0.19006071	0.00062477189	
stance_load_threshold           	0.15023129	0.14892261	0.00068213116	
S00111.tib_ant.KL               	1.3119505	1.2991488	0.011320148	
S00111.tib_ant.L0               	0.75726325	0.7601879	0.0012123689	
S00111.tib_ant.KS               	0.000173	0.00016201845	0.00043823465	
S11000.tib_ant.KL               	1.2094279	1.2087208	0.0064810956	
S11000.tib_ant.L0               	0.73041696	0.73149964	0.00094822909	
S11000.tib_ant.KS               	0.036631903	0.037058764	0.0005777144	
S11111.tib_ant-soleus.KF        	-0.11193593	-0.1118646	0.0010217227	
S11000.soleus-tib_ant.KS        	-3.3831956	-3.3867835	0.015332486	
S11000.gastroc-tib_ant.KS       	-1.6974726	-1.694211	0.01265037	
S00111.tib_ant-gastroc.KS       	-0.00357534	-0.0036919827	0.086717325	
S11000.tib_ant-gastroc.KS       	-0.00366451	-0.0034603196	0.084757673	
S00111.tib_ant-soleus.KS        	-0.00346517	-0.0033135396	0.08901981	
S11000.tib_ant-soleus.KS        	-0.0034666	-0.0033007134	0.085238267	
S00111.gastroc.KL               	0.07523758	0.078167868	0.010889704	
S00111.gastroc.L0               	0.87584786	0.87533738	0.0048633291	
S00111.gastroc.KF               	1.4100179	1.4113327	0.00063291753	
S00111.gastroc.KS               	0.16049832	0.16077639	0.0050296304	
S00111.soleus.KL                	3.9973685	3.9856391	0.011130369	
S00111.soleus.L0                	1.0151368	1.0124132	0.0029312785	
S00111.soleus.KF                	0.22775697	0.22658541	0.00092911039	
S00111.soleus.KS                	0.14946728	0.15638246	0.0075319687	
S11000.gastroc.KL               	0.00837043	0.008839277	0.0086501373	
S11000.gastroc.L0               	0.54042074	0.53758956	0.0051862886	
S11000.gastroc.KF               	-1.8512414	-1.843313	0.012289573	
S11000.gastroc.KS               	0.27239657	0.2652993	0.010633394	
S11000.soleus.KL                	0.81552459	0.79391912	0.02093219	
S11000.soleus.L0                	0.87025108	0.86838864	0.0048052343	
S11000.soleus.KF                	-0.90854255	-0.89946309	0.01952614	
S11000.soleus.KS                	0.11302564	0.10943033	0.016129044	
S00011.vasti.KF                 	0.80845074	0.80868826	0.0027038439	
S00011.vasti.C0                 	0.082137507	0.083612567	0.00059370928	
S00011.vasti-knee_angle.pos_max 	-0.30760276	-0.30866216	0.00094036124	
S00011.hamstrings-pelvis_tilt.KP	0.74162866	0.73246455	0.010405072	
S00011.hamstrings-pelvis_tilt.KV	0.56476506	0.56362752	0.00054982113	
S00011.hamstrings-pelvis_tilt.C0	0.027192018	0.026617296	0.0011012895	
S00011.glut_max-pelvis_tilt.KP  	1.4767633	1.4668018	0.0088073095	
S00011.glut_max-pelvis_tilt.KV  	0.31111614	0.31083853	0.0005551616	
S00011.glut_max-pelvis_tilt.C0  	0.16352855	0.16337437	0.0009250005	
S00011.iliopsoas-pelvis_tilt.KP 	-3.533732	-3.5154208	0.014978422	
S00011.iliopsoas-pelvis_tilt.KV 	-0.53710834	-0.53777114	0.00068445026	
S00011.iliopsoas-pelvis_tilt.C0 	0.32980408	0.32856682	0.0014678673	
S00100.iliopsoas.C0             	0.34012688	0.34015781	0.00080432705	
S00100.glut_max.C0              	-0.024447299	-0.024958259	0.00058557797	
S11000.iliopsoas.KL             	0.5627947	0.56212855	0.00068230054	
S11000.iliopsoas.L0             	0.3876138	0.38821038	0.00076441055	
S11000.iliopsoas-pelvis_tilt.P0 	-0.042685568	-0.04302087	0.0006013391	
S11000.iliopsoas-pelvis_tilt.KP 	0.01196527	0.01160199	0.0034854556	
S11000.iliopsoas-pelvis_tilt.KV 	0.14930882	0.14971546	0.00071190422	
S11000.iliopsoas-hamstrings.KL  	-8.2367213	-8.2701674	0.025260341	
S11000.iliopsoas-hamstrings.L0  	1.1666473	1.1673043	0.00056717519	
S11000.hamstrings.KF            	0.57133879	0.5703413	0.00055101441	
S11000.glut_max.KF              	0.62183935	0.62146208	0.00062022183	
