pelvis_tilt.offset              	0.023749719	0.023758319	2.0756354e-05	
hip_flexion_r.offset            	0.068885461	0.068868117	1.9027957e-05	
knee_angle_r.offset             	0.0059752401	0.0060252187	2.4183907e-05	
ankle_angle_r.offset            	-0.058818223	-0.058822316	2.7081768e-05	
hip_flexion_l.offset            	-0.0081262553	-0.0081561224	3.9645917e-05	
knee_angle_l.offset             	0.058556461	0.058583964	3.0158244e-05	
ankle_angle_l.offset            	0.19162194	0.19160848	2.794704e-05	
stance_load_threshold           	0.14894961	0.1489501	3.0929445e-05	
S00111.tib_ant.KL               	1.3109167	1.3115374	0.0005022837	
S00111.tib_ant.L0               	0.76215595	0.76224566	5.3721666e-05	
S00111.tib_ant.KS               	0.00015652	0.00016762858	9.9311043e-06	
S11000.tib_ant.KL               	1.2231871	1.2237832	0.0002915766	
S11000.tib_ant.L0               	0.73202134	0.73205964	4.3043445e-05	
S11000.tib_ant.KS               	0.036581761	0.036572632	2.5996999e-05	
S11111.tib_ant-soleus.KF        	-0.11296197	-0.11294975	4.5054231e-05	
S11000.soleus-tib_ant.KS        	-3.3242208	-3.3242605	0.00072375296	
S11000.gastroc-tib_ant.KS       	-1.7131497	-1.7133087	0.00057839033	
S00111.tib_ant-gastroc.KS       	-0.00395169	-0.0037399668	0.0018323341	
S11000.tib_ant-gastroc.KS       	-0.00331551	-0.0035102134	0.001790613	
S00111.tib_ant-soleus.KS        	-0.00346517	-0.0033138124	0.0018802953	
S11000.tib_ant-soleus.KS        	-0.00313645	-0.0033746181	0.0018005463	
S00111.gastroc.KL               	0.076225039	0.075938231	0.00035546327	
S00111.gastroc.L0               	0.87976414	0.87985994	0.00020524031	
S00111.gastroc.KF               	1.410177	1.4101531	3.0978388e-05	
S00111.gastroc.KS               	0.16049832	0.16056889	0.00012809838	
S00111.soleus.KL                	3.9801091	3.9793659	0.00051025649	
S00111.soleus.L0                	1.0084614	1.0085618	0.00012616968	
S00111.soleus.KF                	0.22719206	0.22716373	4.372691e-05	
S00111.soleus.KS                	0.16253553	0.16286315	0.00032747105	
S11000.gastroc.KL               	0.0085710735	0.0085632663	0.00022630535	
S11000.gastroc.L0               	0.53806225	0.53778888	0.00023508145	
S11000.gastroc.KF               	-1.8724363	-1.8725186	0.00058710881	
S11000.gastroc.KS               	0.27173894	0.271745	0.00044295647	
S11000.soleus.KL                	0.76928625	0.76875229	0.00090180356	
S11000.soleus.L0                	0.85679157	0.8568971	0.00021711585	
S11000.soleus.KF                	-0.89359977	-0.89240599	0.00090431687	
S11000.soleus.KS                	0.10955838	0.10939	0.00060587253	
S00011.vasti.KF                 	0.81482635	0.81461109	0.00012090119	
S00011.vasti.C0                 	0.080740609	0.080791925	2.4703312e-05	
S00011.vasti-knee_angle.pos_max 	-0.30985897	-0.30980829	4.1215999e-05	
S00011.hamstrings-pelvis_tilt.KP	0.73606423	0.7367361	0.000486668	
S00011.hamstrings-pelvis_tilt.KV	0.56299828	0.56302651	2.4592541e-05	
S00011.hamstrings-pelvis_tilt.C0	0.027331982	0.027359282	5.1321435e-05	
S00011.glut_max-pelvis_tilt.KP  	1.4646087	1.4645758	0.00040344226	
S00011.glut_max-pelvis_tilt.KV  	0.3094145	0.30941107	2.6019955e-05	
S00011.glut_max-pelvis_tilt.C0  	0.16362642	0.1636349	4.2537872e-05	
S00011.iliopsoas-pelvis_tilt.KP 	-3.4735297	-3.4726246	0.00068017036	
S00011.iliopsoas-pelvis_tilt.KV 	-0.53799782	-0.53803039	2.948149e-05	
S00011.iliopsoas-pelvis_tilt.C0 	0.32766351	0.32768643	6.4127538e-05	
S00100.iliopsoas.C0             	0.33971941	0.33972759	3.6538669e-05	
S00100.glut_max.C0              	-0.024581384	-0.024537379	2.5561485e-05	
S11000.iliopsoas.KL             	0.56405376	0.56408285	3.032571e-05	
S11000.iliopsoas.L0             	0.38745518	0.38741745	3.3555382e-05	
S11000.iliopsoas-pelvis_tilt.P0 	-0.043286226	-0.043287709	2.6499848e-05	
S11000.iliopsoas-pelvis_tilt.KP 	0.011444422	0.011625126	0.00011543265	
S11000.iliopsoas-pelvis_tilt.KV 	0.15123732	0.15131422	3.3224456e-05	
S11000.iliopsoas-hamstrings.KL  	-8.2875192	-8.2880621	0.0011749458	
S11000.iliopsoas-hamstrings.L0  	1.1675149	1.1675409	2.4744732e-05	
S11000.hamstrings.KF            	0.56865102	0.56866174	2.5267645e-05	
S11000.glut_max.KF              	0.6221933	0.62216649	2.7542909e-05	
