pelvis_tilt.offset              	0.023789391	0.023799772	9.9052302e-06	
hip_flexion_r.offset            	0.068879665	0.068872362	8.8597992e-06	
knee_angle_r.offset             	0.0060733313	0.0060717473	1.1565394e-05	
ankle_angle_r.offset            	-0.058871093	-0.058884	1.2673305e-05	
hip_flexion_l.offset            	-0.0081555124	-0.0081635471	1.8365065e-05	
knee_angle_l.offset             	0.058553462	0.058533308	1.418066e-05	
ankle_angle_l.offset            	0.19155507	0.1915678	1.2987666e-05	
stance_load_threshold           	0.14884741	0.14885852	1.4616787e-05	
S00111.tib_ant.KL               	1.3099828	1.3097383	0.00023632391	
S00111.tib_ant.L0               	0.76238022	0.76234583	2.4947654e-05	
S00111.tib_ant.KS               	0.00015987647	0.00016247043	4.1300022e-06	
S11000.tib_ant.KL               	1.2233917	1.2232579	0.00013650315	
S11000.tib_ant.L0               	0.7319931	0.73197604	1.9853111e-05	
S11000.tib_ant.KS               	0.036608325	0.036595708	1.1890107e-05	
S11111.tib_ant-soleus.KF        	-0.11282493	-0.11281082	2.1441867e-05	
S11000.soleus-tib_ant.KS        	-3.3253088	-3.324673	0.00033904266	
S11000.gastroc-tib_ant.KS       	-1.7112991	-1.7111142	0.00027327648	
S00111.tib_ant-gastroc.KS       	-0.0036084945	-0.0037836439	0.00062240623	
S11000.tib_ant-gastroc.KS       	-0.0036311298	-0.0034723063	0.00060786786	
S00111.tib_ant-soleus.KS        	-0.0033521313	-0.0033376845	0.00063707423	
S11000.tib_ant-soleus.KS        	-0.0033089872	-0.0032600314	0.00061048417	
S00111.gastroc.KL               	0.075546754	0.075748671	0.00016896579	
S00111.gastroc.L0               	0.87831338	0.87841656	0.00010227031	
S00111.gastroc.KF               	1.4101976	1.4101914	1.4475763e-05	
S00111.gastroc.KS               	0.16060493	0.16059594	5.3635825e-05	
S00111.soleus.KL                	3.9795988	3.9800125	0.00024108352	
S00111.soleus.L0                	1.0089163	1.0088604	5.9086516e-05	
S00111.soleus.KF                	0.22730077	0.22730274	2.0687184e-05	
S00111.soleus.KS                	0.1644866	0.16469562	0.00015580794	
S11000.gastroc.KL               	0.0087441529	0.0088768098	0.0001027469	
S11000.gastroc.L0               	0.53886163	0.53898215	0.00011365094	
S11000.gastroc.KF               	-1.8711068	-1.8707054	0.00028137505	
S11000.gastroc.KS               	0.27246277	0.27231551	0.00020833803	
S11000.soleus.KL                	0.76791642	0.76738146	0.0004310816	
S11000.soleus.L0                	0.85764128	0.85772707	0.00010374427	
S11000.soleus.KF                	-0.89246899	-0.89261781	0.00041439403	
S11000.soleus.KS                	0.10876356	0.10913144	0.00028410416	
S00011.vasti.KF                 	0.81461401	0.81464486	5.6089741e-05	
S00011.vasti.C0                 	0.08076499	0.080732862	1.1720112e-05	
S00011.vasti-knee_angle.pos_max 	-0.30983178	-0.30983069	1.9798357e-05	
S00011.hamstrings-pelvis_tilt.KP	0.73548369	0.73548891	0.0002298985	
S00011.hamstrings-pelvis_tilt.KV	0.56304585	0.56303766	1.1360786e-05	
S00011.hamstrings-pelvis_tilt.C0	0.027454628	0.027442756	2.4057359e-05	
S00011.glut_max-pelvis_tilt.KP  	1.4637691	1.4638339	0.00019444884	
S00011.glut_max-pelvis_tilt.KV  	0.30946505	0.30944948	1.2409719e-05	
S00011.glut_max-pelvis_tilt.C0  	0.16361325	0.16361538	1.9577079e-05	
S00011.iliopsoas-pelvis_tilt.KP 	-3.4728861	-3.4729029	0.00032550319	
S00011.iliopsoas-pelvis_tilt.KV 	-0.53786116	-0.53783639	1.4289416e-05	
S00011.iliopsoas-pelvis_tilt.C0 	0.32754249	0.3275501	2.9334717e-05	
S00100.iliopsoas.C0             	0.33954044	0.33954419	1.7748651e-05	
S00100.glut_max.C0              	-0.02451601	-0.024530644	1.1924455e-05	
S11000.iliopsoas.KL             	0.56414802	0.56413169	1.4199085e-05	
S11000.iliopsoas.L0             	0.38736453	0.38740288	1.5884657e-05	
S11000.iliopsoas-pelvis_tilt.P0 	-0.043263005	-0.043286811	1.2456218e-05	
S11000.iliopsoas-pelvis_tilt.KP 	0.011452937	0.011440391	5.4714137e-05	
S11000.iliopsoas-pelvis_tilt.KV 	0.1513519	0.15135332	1.534316e-05	
S11000.iliopsoas-hamstrings.KL  	-8.2890254	-8.2886352	0.00055089826	
S11000.iliopsoas-hamstrings.L0  	1.1676566	1.1676483	1.1594828e-05	
S11000.hamstrings.KF            	0.56867998	0.56866659	1.1780193e-05	
S11000.glut_max.KF              	0.62212267	0.62210359	1.312713e-05	
