pelvis_tilt.offset              	0.020477117	0.020681151	0.0010350969	
hip_flexion_r.offset            	0.067976868	0.068690162	0.00097016588	
knee_angle_r.offset             	-0.0010981032	-0.00025105258	0.0010681268	
ankle_angle_r.offset            	-0.058372755	-0.058442512	0.0013999436	
hip_flexion_l.offset            	-0.0093988848	-0.0076177772	0.0019841938	
knee_angle_l.offset             	0.056494408	0.055968431	0.0015200072	
ankle_angle_l.offset            	0.18851383	0.18875586	0.0014600197	
stance_load_threshold           	0.15459899	0.15190292	0.0016036423	
S00111.tib_ant.KL               	1.2956918	1.2481175	0.026645007	
S00111.tib_ant.L0               	0.75510847	0.75768516	0.0028710367	
S00111.tib_ant.KS               	0.000173	0.00016086342	0.0011353557	
S11000.tib_ant.KL               	1.1814623	1.1931299	0.015158887	
S11000.tib_ant.L0               	0.74043319	0.73753164	0.0022101967	
S11000.tib_ant.KS               	0.03725191	0.036453759	0.0014028856	
S11111.tib_ant-soleus.KF        	-0.109304	-0.10745114	0.0023920515	
S00111.soleus-tib_ant.KS        	-0.89402901	-0.87033105	0.030406578	
S11000.soleus-tib_ant.KS        	-3.1570857	-3.2191057	0.035496773	
S00111.gastroc-tib_ant.KS       	-0.35549663	-0.35089965	0.026313747	
S11000.gastroc-tib_ant.KS       	-1.6936797	-1.7074338	0.029489042	
S00111.tib_ant-gastroc.KS       	-0.00395169	-0.003667659	0.22466589	
S11000.tib_ant-gastroc.KS       	-0.00331551	-0.0035095198	0.21958886	
S00111.tib_ant-soleus.KS        	-0.00346517	-0.0032754437	0.23063115	
S11000.tib_ant-soleus.KS        	-0.0034666	-0.0032240646	0.22083398	
S00111.gastroc.KL               	0.07523758	0.080918101	0.028089148	
S00111.gastroc.L0               	0.84392561	0.85116832	0.011737273	
S00111.gastroc.KF               	1.4098332	1.4114104	0.0014891068	
S00111.soleus.KL                	4.0358121	4.0327117	0.026077406	
S00111.soleus.L0                	0.98045409	0.9806121	0.0067206212	
S00111.soleus.KF                	0.22611565	0.22471429	0.0021666407	
S11000.gastroc.KL               	0.00837043	0.0089560232	0.02240816	
S11000.gastroc.L0               	0.50780213	0.50666679	0.012260724	
S11000.gastroc.KF               	-1.8564517	-1.8122281	0.029021352	
S11000.gastroc.KS               	0.27887874	0.26415747	0.02659383	
S11000.soleus.KL                	0.77727163	0.81980492	0.051086884	
S11000.soleus.L0                	0.91860148	0.91562185	0.011277425	
S11000.soleus.KF                	-0.94262268	-0.92665814	0.04765537	
S11000.soleus.KS                	0.1022613	0.10486767	0.041618094	
S00011.vasti.KF                 	0.82772987	0.83139432	0.0063269999	
S00011.vasti.C0                 	0.080423363	0.082239293	0.0014234285	
S00011.vasti-knee_angle.pos_max 	-0.30303951	-0.30304376	0.0021946744	
S00011.hamstrings-pelvis_tilt.KP	0.70535069	0.73061569	0.024972699	
S00011.hamstrings-pelvis_tilt.KV	0.56798398	0.56812531	0.0012718261	
S00011.hamstrings-pelvis_tilt.C0	0.025283111	0.026747763	0.0027613439	
S00011.glut_max-pelvis_tilt.KP  	1.5077095	1.4973141	0.020614349	
S00011.glut_max-pelvis_tilt.KV  	0.31488534	0.31462918	0.0012887058	
S00011.glut_max-pelvis_tilt.C0  	0.16299825	0.16129254	0.0021852636	
S00011.iliopsoas-pelvis_tilt.KP 	-3.5423075	-3.5039912	0.034702948	
S00011.iliopsoas-pelvis_tilt.KV 	-0.54106051	-0.54166196	0.0015912585	
S00011.iliopsoas-pelvis_tilt.C0 	0.33302509	0.33128851	0.0034209294	
S00100.iliopsoas.C0             	0.33498258	0.33599866	0.0018839264	
S00100.glut_max.C0              	-0.024867676	-0.025320077	0.001434958	
S11000.iliopsoas.KL             	0.56703352	0.5638644	0.0016092687	
S11000.iliopsoas.L0             	0.39309501	0.39291032	0.0017796819	
S11000.iliopsoas-pelvis_tilt.P0 	-0.045122338	-0.044211627	0.0014309481	
S11000.iliopsoas-pelvis_tilt.KP 	0.01196527	0.011530286	0.0090208599	
S11000.iliopsoas-pelvis_tilt.KV 	0.1416755	0.14293434	0.0016533487	
S11000.iliopsoas-hamstrings.KL  	-8.2832015	-8.2465434	0.058596911	
S11000.iliopsoas-hamstrings.L0  	1.1644047	1.1660029	0.0013336279	
S11000.hamstrings.KF            	0.5726824	0.57241449	0.0012872916	
S11000.glut_max.KF              	0.62217768	0.62092316	0.0014620904	
