pelvis_tilt.offset              	0.019998366	0.020505396	0.0010258576	
hip_flexion_r.offset            	0.069796954	0.069073846	0.00096306545	
knee_angle_r.offset             	0.0024585988	0.0024698517	0.0010610433	
ankle_angle_r.offset            	-0.05799304	-0.056813413	0.0013824797	
hip_flexion_l.offset            	-0.0076697355	-0.0094364101	0.0019569503	
knee_angle_l.offset             	0.0579762	0.058647708	0.0015119937	
ankle_angle_l.offset            	0.18591328	0.18695573	0.0014501959	
stance_load_threshold           	0.14892766	0.15120199	0.0015892118	
S00111.tib_ant.KL               	1.187673	1.196328	0.026228474	
S00111.tib_ant.L0               	0.75987203	0.75608956	0.0028660246	
S00111.tib_ant.KS               	0.00015652	0.00016176154	0.0011096157	
S11000.tib_ant.KL               	1.2219364	1.2316791	0.015061918	
S11000.tib_ant.L0               	0.73729212	0.73813253	0.0021789717	
S11000.tib_ant.KS               	0.035181594	0.035099628	0.0013872505	
S11111.tib_ant-soleus.KF        	-0.1075932	-0.10808442	0.0023673748	
S00111.soleus-tib_ant.KS        	-0.83321874	-0.81981601	0.029993604	
S11000.soleus-tib_ant.KS        	-3.4021589	-3.3426178	0.034963728	
S00111.gastroc-tib_ant.KS       	-0.35557966	-0.33730861	0.025856836	
S11000.gastroc-tib_ant.KS       	-1.6811131	-1.6426062	0.028979905	
S00111.tib_ant-gastroc.KS       	-0.00357534	-0.0037906156	0.21957225	
S11000.tib_ant-gastroc.KS       	-0.00366451	-0.0034754731	0.21461033	
S00111.tib_ant-soleus.KS        	-0.00313515	-0.0033298039	0.22540226	
S11000.tib_ant-soleus.KS        	-0.0034666	-0.0032962747	0.21582722	
S00111.gastroc.KL               	0.08315732	0.080579832	0.027459784	
S00111.gastroc.L0               	0.8629811	0.83956939	0.011587542	
S00111.gastroc.KF               	1.4091698	1.4095848	0.001475014	
S00111.soleus.KL                	4.0730947	4.0188498	0.025958442	
S00111.soleus.L0                	0.98426166	0.98043186	0.0066202375	
S00111.soleus.KF                	0.23417323	0.23129068	0.0021433225	
S11000.gastroc.KL               	0.00837043	0.0087938213	0.021900267	
S11000.gastroc.L0               	0.51679531	0.5200647	0.012178437	
S11000.gastroc.KF               	-1.7620559	-1.7785741	0.028635429	
S11000.soleus.KL                	0.76235452	0.79789724	0.050326855	
S11000.soleus.L0                	0.91700714	0.91928899	0.01123175	
S11000.soleus.KF                	-0.87152912	-0.93028896	0.046877296	
S00011.vasti.KF                 	0.83093744	0.83512233	0.0062988283	
S00011.vasti.C0                 	0.08676233	0.0857689	0.0014120571	
S00011.vasti-knee_angle.pos_max 	-0.30511804	-0.30384781	0.0021652179	
S00011.hamstrings-pelvis_tilt.KP	0.69631989	0.70974886	0.024760628	
S00011.hamstrings-pelvis_tilt.KV	0.56692642	0.5648039	0.0012678303	
S00011.hamstrings-pelvis_tilt.C0	0.027016194	0.02643704	0.0027050972	
S00011.glut_max-pelvis_tilt.KP  	1.4884601	1.4974992	0.020456439	
S00011.glut_max-pelvis_tilt.KV  	0.31513287	0.31457383	0.0012825645	
S00011.glut_max-pelvis_tilt.C0  	0.15919624	0.15510185	0.0021725812	
S00011.iliopsoas-pelvis_tilt.KP 	-3.4888896	-3.4853302	0.034658753	
S00011.iliopsoas-pelvis_tilt.KV 	-0.54819156	-0.54740099	0.0015852822	
S00011.iliopsoas-pelvis_tilt.C0 	0.32816612	0.32759313	0.0033855238	
S00100.iliopsoas.C0             	0.34140303	0.33861091	0.0018673818	
S00100.glut_max.C0              	-0.024713434	-0.024675873	0.0014129043	
S11000.iliopsoas.KL             	0.55804946	0.55903106	0.0015982824	
S11000.iliopsoas.L0             	0.39335378	0.39254581	0.0017880384	
S11000.iliopsoas-pelvis_tilt.P0 	-0.043974657	-0.044050719	0.0014159429	
S11000.iliopsoas-pelvis_tilt.KP 	0.01196527	0.011681438	0.0088168531	
S11000.iliopsoas-pelvis_tilt.KV 	0.14578847	0.14448262	0.0016362361	
S11000.iliopsoas-hamstrings.KL  	-8.2265927	-8.1846578	0.057929129	
S11000.iliopsoas-hamstrings.L0  	1.1690677	1.1670168	0.0013204049	
S11000.hamstrings.KF            	0.5723316	0.5726558	0.0012809922	
S11000.glut_max.KF              	0.61794053	0.61912014	0.0014468791	
