pelvis_tilt.offset              	0.024700306	0.022599929	0.0011280894	
hip_flexion_r.offset            	0.071297068	0.069432615	0.001060318	
knee_angle_r.offset             	-0.00047577414	-0.00092886054	0.0011650658	
ankle_angle_r.offset            	-0.058271716	-0.057316573	0.0015193961	
hip_flexion_l.offset            	-0.012003543	-0.0098404853	0.0021607452	
knee_angle_l.offset             	0.057292593	0.056042142	0.0016644684	
ankle_angle_l.offset            	0.19017727	0.18853821	0.0015867414	
stance_load_threshold           	0.15318537	0.1510262	0.0017502567	
S00111.tib_ant.KL               	1.222584	1.2262328	0.029017029	
S00111.tib_ant.L0               	0.7697284	0.76654116	0.0031157194	
S00111.tib_ant.KS               	0.000173	0.00016354726	0.0012463268	
S11000.tib_ant.KL               	1.2114982	1.1993305	0.016471323	
S11000.tib_ant.L0               	0.73947572	0.73794458	0.0024053089	
S11000.tib_ant.KS               	0.03371447	0.03531692	0.0015318083	
S11111.tib_ant-soleus.KF        	-0.11348263	-0.11022694	0.0026097437	
S11000.soleus-tib_ant.KS        	-3.3311836	-3.2985209	0.038430601	
S11000.gastroc-tib_ant.KS       	-1.6298867	-1.6762773	0.032085915	
S00111.tib_ant-gastroc.KS       	-0.00395169	-0.0037201388	0.24662509	
S11000.tib_ant-gastroc.KS       	-0.00331551	-0.0034372448	0.24105183	
S00111.tib_ant-soleus.KS        	-0.00346517	-0.003233131	0.2531734	
S11000.tib_ant-soleus.KS        	-0.00313645	-0.0033449578	0.24241864	
S00111.gastroc.KL               	0.07523758	0.079550055	0.03083031	
S00111.gastroc.L0               	0.82540527	0.81642036	0.0127618	
S00111.gastroc.KF               	1.4087812	1.4122436	0.0016267128	
S00111.gastroc.KS               	0.16438656	0.17221021	0.014278095	
S00111.soleus.KL                	4.016074	3.9994169	0.028430323	
S00111.soleus.L0                	0.96882689	0.96445702	0.0072547568	
S00111.soleus.KF                	0.22929984	0.22680427	0.0023621344	
S00111.soleus.KS                	0.16520068	0.15837802	0.020832857	
S11000.gastroc.KL               	0.00925153	0.008977004	0.024598311	
S11000.gastroc.L0               	0.51426722	0.51280069	0.013393532	
S11000.gastroc.KF               	-1.791322	-1.7828925	0.031696733	
S11000.gastroc.KS               	0.27887874	0.2669432	0.029161899	
S11000.soleus.KL                	0.84260236	0.81190705	0.055987133	
S11000.soleus.L0                	0.90103498	0.90735242	0.012335011	
S11000.soleus.KF                	-0.86753488	-0.90383845	0.052072047	
S11000.soleus.KS                	0.10742827	0.10857799	0.04568075	
S00011.vasti.KF                 	0.83074014	0.82535462	0.0069014285	
S00011.vasti.C0                 	0.07992329	0.08205506	0.0015526123	
S00011.vasti-knee_angle.pos_max 	-0.30261056	-0.30276185	0.0023893702	
S00011.hamstrings-pelvis_tilt.KP	0.67099736	0.69574357	0.027366256	
S00011.hamstrings-pelvis_tilt.KV	0.56637852	0.56784579	0.0013875717	
S00011.hamstrings-pelvis_tilt.C0	0.027239069	0.025938157	0.0030276387	
S00011.glut_max-pelvis_tilt.KP  	1.5162098	1.4852044	0.02252493	
S00011.glut_max-pelvis_tilt.KV  	0.31426954	0.31361402	0.0014068856	
S00011.glut_max-pelvis_tilt.C0  	0.15683762	0.16020122	0.0023835619	
S00011.iliopsoas-pelvis_tilt.KP 	-3.5773729	-3.5095134	0.037839888	
S00011.iliopsoas-pelvis_tilt.KV 	-0.54216734	-0.54386618	0.0017293746	
S00011.iliopsoas-pelvis_tilt.C0 	0.32875608	0.32706374	0.0037291669	
S00100.iliopsoas.C0             	0.33818704	0.3396062	0.0020499504	
S00100.glut_max.C0              	-0.024261146	-0.024100109	0.0015722739	
S11000.iliopsoas.KL             	0.56308153	0.56053245	0.0017505553	
S11000.iliopsoas.L0             	0.38732349	0.38898041	0.0019436586	
S11000.iliopsoas-pelvis_tilt.P0 	-0.042435819	-0.043720445	0.0015629518	
S11000.iliopsoas-pelvis_tilt.KP 	0.01196527	0.01119325	0.0099022649	
S11000.iliopsoas-pelvis_tilt.KV 	0.14757541	0.14506815	0.0018019887	
S11000.iliopsoas-hamstrings.KL  	-8.3589129	-8.2865067	0.063541393	
S11000.iliopsoas-hamstrings.L0  	1.1668641	1.1669518	0.0014538062	
S11000.hamstrings.KF            	0.5784807	0.57536549	0.0013937646	
S11000.glut_max.KF              	0.62102339	0.62132216	0.0015921728	
