pelvis_tilt.offset              	0.02397144	0.024178733	0.00053021826	
hip_flexion_r.offset            	0.069408434	0.069050605	0.0004971028	
knee_angle_r.offset             	-0.00055191786	0.00019334305	0.0005437475	
ankle_angle_r.offset            	-0.056454795	-0.055768202	0.0007110645	
hip_flexion_l.offset            	-0.014062414	-0.013927714	0.0010299462	
knee_angle_l.offset             	0.054687625	0.054279564	0.00078546898	
ankle_angle_l.offset            	0.18815913	0.18782935	0.00074783212	
stance_load_threshold           	0.15205002	0.15201236	0.00081322158	
S00111.tib_ant.KL               	1.2349971	1.2286357	0.013451544	
S00111.tib_ant.L0               	0.76798883	0.76966774	0.0014600777	
S00111.tib_ant.KS               	0.00015652	0.00016123257	0.00055340924	
S11000.tib_ant.KL               	1.192683	1.1925472	0.0076982075	
S11000.tib_ant.L0               	0.73862588	0.73699005	0.0011231752	
S11000.tib_ant.KS               	0.035923854	0.03619766	0.00070877752	
S11111.tib_ant-soleus.KF        	-0.11092915	-0.1113525	0.0012174379	
S11000.soleus-tib_ant.KS        	-3.2449681	-3.2542037	0.018019092	
S11000.gastroc-tib_ant.KS       	-1.6621483	-1.668083	0.015044302	
S00111.tib_ant-gastroc.KS       	-0.00395169	-0.0036617272	0.1095089	
S11000.tib_ant-gastroc.KS       	-0.00366451	-0.0036057396	0.1070342	
S00111.tib_ant-soleus.KS        	-0.00346517	-0.0033395263	0.11241654	
S11000.tib_ant-soleus.KS        	-0.00313645	-0.0033118867	0.10764111	
S00111.gastroc.KL               	0.07523758	0.080338912	0.013716704	
S00111.gastroc.L0               	0.80190117	0.80396442	0.0059798826	
S00111.gastroc.KF               	1.4117802	1.4113144	0.00075678418	
S00111.gastroc.KS               	0.16049832	0.16614579	0.0064720296	
S00111.soleus.KL                	4.0222365	4.0240448	0.013315719	
S00111.soleus.L0                	0.96601396	0.96778725	0.0033223503	
S00111.soleus.KF                	0.22871297	0.2284424	0.0011059321	
S00111.soleus.KS                	0.14946728	0.15677974	0.0093559266	
S11000.gastroc.KL               	0.00837043	0.0088526186	0.010922864	
S11000.gastroc.L0               	0.51748349	0.52227399	0.0062810816	
S11000.gastroc.KF               	-1.7464292	-1.7553183	0.014820936	
S11000.gastroc.KS               	0.27070625	0.27084326	0.01317149	
S11000.soleus.KL                	0.76235452	0.79684963	0.025411161	
S11000.soleus.L0                	0.91649265	0.92394482	0.0057880976	
S11000.soleus.KF                	-0.94303495	-0.90300925	0.023964098	
S11000.soleus.KS                	0.1022613	0.10655322	0.020316594	
S00011.vasti.KF                 	0.83912024	0.83270133	0.0032018353	
S00011.vasti.C0                 	0.080376811	0.080480261	0.00070990789	
S00011.vasti-knee_angle.pos_max 	-0.30442529	-0.3035229	0.0011167126	
S00011.hamstrings-pelvis_tilt.KP	0.7033671	0.70162765	0.012664072	
S00011.hamstrings-pelvis_tilt.KV	0.56749534	0.56705726	0.00065145646	
S00011.hamstrings-pelvis_tilt.C0	0.02514159	0.026763183	0.0013648802	
S00011.glut_max-pelvis_tilt.KP  	1.4997866	1.4906106	0.010441601	
S00011.glut_max-pelvis_tilt.KV  	0.31374217	0.31294047	0.00065828697	
S00011.glut_max-pelvis_tilt.C0  	0.16015051	0.15992078	0.0011177539	
S00011.iliopsoas-pelvis_tilt.KP 	-3.4930115	-3.5243155	0.017752409	
S00011.iliopsoas-pelvis_tilt.KV 	-0.544684	-0.54380709	0.00081430223	
S00011.iliopsoas-pelvis_tilt.C0 	0.32536702	0.32574218	0.0017330808	
S00100.iliopsoas.C0             	0.33480121	0.33720243	0.00095429902	
S00100.glut_max.C0              	-0.02588599	-0.024438299	0.00071573653	
S11000.iliopsoas.KL             	0.56453738	0.56308218	0.00082438362	
S11000.iliopsoas.L0             	0.38704559	0.38798341	0.00091030438	
S11000.iliopsoas-pelvis_tilt.P0 	-0.045009458	-0.044770871	0.00072403673	
S11000.iliopsoas-pelvis_tilt.KP 	0.01196527	0.011392915	0.0043987142	
S11000.iliopsoas-pelvis_tilt.KV 	0.14669437	0.14783024	0.00085021595	
S11000.iliopsoas-hamstrings.KL  	-8.3147544	-8.28684	0.030009647	
S11000.iliopsoas-hamstrings.L0  	1.1660954	1.1663086	0.00067399115	
S11000.hamstrings.KF            	0.57394865	0.57388905	0.00065922347	
S11000.glut_max.KF              	0.62225539	0.6224187	0.00074460458	
