pelvis_tilt.offset              	0.024233337	0.024034946	0.00029950835	
hip_flexion_r.offset            	0.069548263	0.069464023	0.00028282382	
knee_angle_r.offset             	-0.00041656296	-0.00028741445	0.00030977202	
ankle_angle_r.offset            	-0.056984698	-0.056094586	0.00039919464	
hip_flexion_l.offset            	-0.013373209	-0.013426007	0.00058488311	
knee_angle_l.offset             	0.054255111	0.054512415	0.0004438556	
ankle_angle_l.offset            	0.18902426	0.18915736	0.00042477341	
stance_load_threshold           	0.15357408	0.1534496	0.00046116092	
S00111.tib_ant.KL               	1.2342371	1.2361186	0.0075583207	
S00111.tib_ant.L0               	0.76743626	0.76882095	0.00082945791	
S00111.tib_ant.KS               	0.000173	0.00016463286	0.00029325688	
S11000.tib_ant.KL               	1.1866538	1.1875813	0.0043642558	
S11000.tib_ant.L0               	0.73658388	0.73721701	0.00063795725	
S11000.tib_ant.KS               	0.035829917	0.035785143	0.00040041212	
S11111.tib_ant-soleus.KF        	-0.11210627	-0.11252959	0.00068428714	
S11000.soleus-tib_ant.KS        	-3.2911458	-3.2890919	0.010299035	
S11000.gastroc-tib_ant.KS       	-1.6674112	-1.6718248	0.0084789825	
S00111.tib_ant-gastroc.KS       	-0.00395169	-0.0037998642	0.058027893	
S11000.tib_ant-gastroc.KS       	-0.00331551	-0.0035096037	0.056716568	
S00111.tib_ant-soleus.KS        	-0.00346517	-0.0033168286	0.059568623	
S11000.tib_ant-soleus.KS        	-0.00313645	-0.0032712486	0.05703816	
S00111.gastroc.KL               	0.07523758	0.077740176	0.0073272452	
S00111.gastroc.L0               	0.81157829	0.81301504	0.0033446327	
S00111.gastroc.KF               	1.4094576	1.4102055	0.00043088965	
S00111.gastroc.KS               	0.16049832	0.16096293	0.0035257903	
S00111.soleus.KL                	4.0155676	4.0159661	0.0075726123	
S00111.soleus.L0                	0.96908048	0.96953022	0.0018383563	
S00111.soleus.KF                	0.22996502	0.22933599	0.00061839947	
S00111.soleus.KS                	0.1530332	0.15604727	0.0051246761	
S11000.gastroc.KL               	0.00837043	0.0087478897	0.0057891834	
S11000.gastroc.L0               	0.52387567	0.52677125	0.0035640785	
S11000.gastroc.KF               	-1.7255042	-1.7361746	0.0083336256	
S11000.gastroc.KS               	0.27247903	0.26005267	0.0073039887	
S11000.soleus.KL                	0.81545378	0.82077183	0.014327148	
S11000.soleus.L0                	0.92450273	0.92685433	0.0032593116	
S11000.soleus.KF                	-0.92513403	-0.93893578	0.013467733	
S11000.soleus.KS                	0.1022613	0.10689625	0.010847041	
S00011.vasti.KF                 	0.83384101	0.83374409	0.0018239235	
S00011.vasti.C0                 	0.080809843	0.080421652	0.00038885049	
S00011.vasti-knee_angle.pos_max 	-0.30342298	-0.30415021	0.00063473788	
S00011.hamstrings-pelvis_tilt.KP	0.67919477	0.68593988	0.0071819161	
S00011.hamstrings-pelvis_tilt.KV	0.56793809	0.56766392	0.00036718558	
S00011.hamstrings-pelvis_tilt.C0	0.026094143	0.026955652	0.0007537973	
S00011.glut_max-pelvis_tilt.KP  	1.4648472	1.4730462	0.0058883307	
S00011.glut_max-pelvis_tilt.KV  	0.31262834	0.31249467	0.00037458757	
S00011.glut_max-pelvis_tilt.C0  	0.15984655	0.15965139	0.00063254358	
S00011.iliopsoas-pelvis_tilt.KP 	-3.5024525	-3.5032958	0.010157165	
S00011.iliopsoas-pelvis_tilt.KV 	-0.5437433	-0.54439627	0.00045915945	
S00011.iliopsoas-pelvis_tilt.C0 	0.32884386	0.33024227	0.0010067538	
S00100.iliopsoas.C0             	0.33803373	0.33774524	0.00053946329	
S00100.glut_max.C0              	-0.024189579	-0.024281612	0.00040526256	
S11000.iliopsoas.KL             	0.56425834	0.56399047	0.00047247587	
S11000.iliopsoas.L0             	0.38801889	0.38778706	0.00051314527	
S11000.iliopsoas-pelvis_tilt.P0 	-0.043991089	-0.044209579	0.00041074541	
S11000.iliopsoas-pelvis_tilt.KP 	0.011301709	0.011372937	0.0023356085	
S11000.iliopsoas-pelvis_tilt.KV 	0.14756919	0.14767043	0.00048223534	
S11000.iliopsoas-hamstrings.KL  	-8.3822979	-8.3533577	0.017148868	
S11000.iliopsoas-hamstrings.L0  	1.1653161	1.1658211	0.0003868978	
S11000.hamstrings.KF            	0.57466475	0.57389822	0.00037062379	
S11000.glut_max.KF              	0.62236717	0.62253984	0.00042296888	
