pelvis_tilt.offset              	0.023966898	0.023997302	3.8903416e-05	
hip_flexion_r.offset            	0.069371615	0.069356591	3.6486425e-05	
knee_angle_r.offset             	0.00020286471	0.00024824735	4.2892002e-05	
ankle_angle_r.offset            	-0.05654163	-0.056651842	5.2982014e-05	
hip_flexion_l.offset            	-0.013579492	-0.013468245	7.9738708e-05	
knee_angle_l.offset             	0.055817756	0.055822126	6.1514088e-05	
ankle_angle_l.offset            	0.1900308	0.1900315	5.7545059e-05	
stance_load_threshold           	0.1536384	0.15362558	5.9754597e-05	
S00111.tib_ant.KL               	1.2228297	1.2232292	0.0010051766	
S00111.tib_ant.L0               	0.76779109	0.76771953	0.00010500161	
S00111.tib_ant.KS               	0.00015652	0.00016852973	2.4731453e-05	
S11000.tib_ant.KL               	1.1767456	1.177997	0.00056491037	
S11000.tib_ant.L0               	0.73683284	0.73692753	8.3220003e-05	
S11000.tib_ant.KS               	0.035421372	0.035351879	5.2969967e-05	
S11111.tib_ant-soleus.KF        	-0.11116702	-0.11121655	9.0447976e-05	
S11000.soleus-tib_ant.KS        	-3.3151487	-3.3167065	0.0013238306	
S11000.gastroc-tib_ant.KS       	-1.6792343	-1.6789183	0.0011308818	
S00111.tib_ant-gastroc.KS       	-0.00395169	-0.0037855466	0.0048466329	
S11000.tib_ant-gastroc.KS       	-0.00366451	-0.0035814586	0.0047370188	
S00111.tib_ant-soleus.KS        	-0.00346517	-0.0032295494	0.0049750961	
S11000.tib_ant-soleus.KS        	-0.00313645	-0.0033339938	0.0047638303	
S00111.gastroc.KL               	0.07523758	0.075744359	0.00079265358	
S00111.gastroc.L0               	0.82052614	0.82111455	0.00044527555	
S00111.gastroc.KF               	1.4075721	1.4074806	6.3900437e-05	
S00111.gastroc.KS               	0.16053773	0.16068995	0.0003394389	
S00111.soleus.KL                	4.0199916	4.0187281	0.00098962371	
S00111.soleus.L0                	0.97245989	0.97242577	0.00022606921	
S00111.soleus.KF                	0.22827782	0.22817574	8.2153065e-05	
S00111.soleus.KS                	0.15789904	0.15669457	0.00062410494	
S11000.gastroc.KL               	0.00925153	0.0089084072	0.00050931017	
S11000.gastroc.L0               	0.53636119	0.53625918	0.00046949669	
S11000.gastroc.KF               	-1.7324393	-1.7319454	0.0010807179	
S11000.gastroc.KS               	0.25935068	0.26011494	0.00093341736	
S11000.soleus.KL                	0.78923073	0.78960424	0.0019011178	
S11000.soleus.L0                	0.92937141	0.92941589	0.00044981851	
S11000.soleus.KF                	-0.91111291	-0.90797492	0.0017950059	
S11000.soleus.KS                	0.1042608	0.10414034	0.0011968131	
S00011.vasti.KF                 	0.84436383	0.84414589	0.00025234639	
S00011.vasti.C0                 	0.079963274	0.079992618	4.5348939e-05	
S00011.vasti-knee_angle.pos_max 	-0.30522604	-0.30516318	8.3311441e-05	
S00011.hamstrings-pelvis_tilt.KP	0.69765519	0.69820933	0.00094865022	
S00011.hamstrings-pelvis_tilt.KV	0.56721565	0.56719558	4.836713e-05	
S00011.hamstrings-pelvis_tilt.C0	0.025589373	0.025527745	9.7430376e-05	
S00011.glut_max-pelvis_tilt.KP  	1.4215998	1.4212148	0.00089485814	
S00011.glut_max-pelvis_tilt.KV  	0.31139597	0.31138405	5.0084823e-05	
S00011.glut_max-pelvis_tilt.C0  	0.15691394	0.15677879	8.494201e-05	
S00011.iliopsoas-pelvis_tilt.KP 	-3.5018008	-3.5024273	0.0013683977	
S00011.iliopsoas-pelvis_tilt.KV 	-0.54606197	-0.54604418	6.1873613e-05	
S00011.iliopsoas-pelvis_tilt.C0 	0.33205832	0.33205492	0.00013005343	
S00100.iliopsoas.C0             	0.33768557	0.33785941	7.1219289e-05	
S00100.glut_max.C0              	-0.02359633	-0.023542184	5.1058839e-05	
S11000.iliopsoas.KL             	0.56491577	0.56495921	6.326118e-05	
S11000.iliopsoas.L0             	0.38491451	0.38479126	7.0991196e-05	
S11000.iliopsoas-pelvis_tilt.P0 	-0.043956698	-0.04400491	5.3442315e-05	
S11000.iliopsoas-pelvis_tilt.KP 	0.011189008	0.010996932	0.00023568592	
S11000.iliopsoas-pelvis_tilt.KV 	0.1504661	0.15043415	6.6137047e-05	
S11000.iliopsoas-hamstrings.KL  	-8.36414	-8.3668963	0.0023402513	
S11000.iliopsoas-hamstrings.L0  	1.166622	1.1666382	5.0271764e-05	
S11000.hamstrings.KF            	0.57474641	0.57471369	5.0199015e-05	
S11000.glut_max.KF              	0.62322866	0.62325232	5.6918744e-05	
