pelvis_tilt.offset              	0.02408671	0.024048267	3.5565857e-05	
hip_flexion_r.offset            	0.069433466	0.069437668	3.3686778e-05	
knee_angle_r.offset             	0.00030202355	0.0002556614	3.896161e-05	
ankle_angle_r.offset            	-0.056738266	-0.056660048	4.8360114e-05	
hip_flexion_l.offset            	-0.013342919	-0.013376716	7.3899391e-05	
knee_angle_l.offset             	0.055943851	0.055873804	5.6264956e-05	
ankle_angle_l.offset            	0.19014503	0.19009479	5.246315e-05	
stance_load_threshold           	0.15368832	0.15366131	5.454469e-05	
S00111.tib_ant.KL               	1.2222816	1.2232678	0.00091557362	
S00111.tib_ant.L0               	0.76762894	0.76768146	9.5585434e-05	
S00111.tib_ant.KS               	0.000164615	0.00016280872	2.1532855e-05	
S11000.tib_ant.KL               	1.1775442	1.1771711	0.00051487457	
S11000.tib_ant.L0               	0.73690362	0.73684069	7.591314e-05	
S11000.tib_ant.KS               	0.035287172	0.035271878	4.8377512e-05	
S11111.tib_ant-soleus.KF        	-0.1112408	-0.11127378	8.2287167e-05	
S11000.soleus-tib_ant.KS        	-3.3182978	-3.3189113	0.0012161678	
S11000.gastroc-tib_ant.KS       	-1.6800055	-1.6791025	0.0010315455	
S00111.tib_ant-gastroc.KS       	-0.00395169	-0.0037934167	0.0041978067	
S11000.tib_ant-gastroc.KS       	-0.00366451	-0.0034756384	0.0041028546	
S00111.tib_ant-soleus.KS        	-0.00313515	-0.0032195014	0.0043089915	
S11000.tib_ant-soleus.KS        	-0.0034666	-0.0033200213	0.004126017	
S00111.gastroc.KL               	0.076712287	0.076088768	0.00071296147	
S00111.gastroc.L0               	0.820635	0.82096314	0.00040545925	
S00111.gastroc.KF               	1.4076218	1.4075553	5.7937369e-05	
S00111.gastroc.KS               	0.16105131	0.16061886	0.00030094497	
S00111.soleus.KL                	4.0204591	4.019893	0.00090316753	
S00111.soleus.L0                	0.97208034	0.9723604	0.00020543219	
S00111.soleus.KF                	0.22812156	0.22819915	7.4441139e-05	
S00111.soleus.KS                	0.15706032	0.1567303	0.00056678696	
S11000.gastroc.KL               	0.0090627451	0.0087532601	0.00045068658	
S11000.gastroc.L0               	0.53728961	0.5366285	0.00042858613	
S11000.gastroc.KF               	-1.7339648	-1.7325874	0.00098540148	
S11000.gastroc.KS               	0.25858185	0.25863307	0.00084658867	
S11000.soleus.KL                	0.79152252	0.79201456	0.0017436346	
S11000.soleus.L0                	0.92937971	0.92943154	0.00041380593	
S11000.soleus.KF                	-0.90648875	-0.90460322	0.0016346149	
S11000.soleus.KS                	0.10611436	0.10572319	0.0010903311	
S00011.vasti.KF                 	0.84427964	0.84398992	0.00022966911	
S00011.vasti.C0                 	0.079964761	0.079996183	4.0650272e-05	
S00011.vasti-knee_angle.pos_max 	-0.30520796	-0.30515537	7.5453694e-05	
S00011.hamstrings-pelvis_tilt.KP	0.69808861	0.69887501	0.00086568258	
S00011.hamstrings-pelvis_tilt.KV	0.56719965	0.56725064	4.3906311e-05	
S00011.hamstrings-pelvis_tilt.C0	0.025751076	0.02582276	8.9183156e-05	
S00011.glut_max-pelvis_tilt.KP  	1.4200327	1.421107	0.00081441905	
S00011.glut_max-pelvis_tilt.KV  	0.31126275	0.31135031	4.5621632e-05	
S00011.glut_max-pelvis_tilt.C0  	0.15675866	0.15691059	7.683973e-05	
S00011.iliopsoas-pelvis_tilt.KP 	-3.5034295	-3.5015393	0.0012548776	
S00011.iliopsoas-pelvis_tilt.KV 	-0.54608179	-0.54608988	5.6432713e-05	
S00011.iliopsoas-pelvis_tilt.C0 	0.33148137	0.33177774	0.00011879639	
S00100.iliopsoas.C0             	0.33774523	0.3377958	6.5303685e-05	
S00100.glut_max.C0              	-0.023572514	-0.023597838	4.6640992e-05	
S11000.iliopsoas.KL             	0.56510469	0.56504049	5.8102206e-05	
S11000.iliopsoas.L0             	0.38480547	0.3848233	6.4639333e-05	
S11000.iliopsoas-pelvis_tilt.P0 	-0.043841231	-0.043921774	4.8594849e-05	
S11000.iliopsoas-pelvis_tilt.KP 	0.011070055	0.011329021	0.00021329575	
S11000.iliopsoas-pelvis_tilt.KV 	0.15041732	0.1503166	6.0701292e-05	
S11000.iliopsoas-hamstrings.KL  	-8.3655088	-8.3630012	0.0021306327	
S11000.iliopsoas-hamstrings.L0  	1.1666707	1.1666358	4.5943685e-05	
S11000.hamstrings.KF            	0.57466929	0.57465146	4.6028681e-05	
S11000.glut_max.KF              	0.62318681	0.62323093	5.1698348e-05	
