Step	Best	Median	Predicted	Progress
0	46.9134	86.9411	0	0
1	0.631444	86.786	-23140.3	73.2955
2	29.4126	82.5138	-4345.79	0.258981
3	0.648894	82.2087	-6037.32	0.681353
4	0.62731	82.7598	-3860.14	0.632415
5	0.642865	84.6026	-10.1681	0.0323384
6	0.616557	81.0081	-7.47445	0.0246297
7	0.638791	82.7262	-3.4173	0.0125068
8	0.64407	81.4923	-1.05591	0.00523973
9	0.746389	82.0789	-0.216405	0.00265068
10	0.624399	80.5143	-0.631689	0.00393073
11	0.615087	81.2604	-0.873124	0.00468217
12	0.623477	80.729	-0.774972	0.00437795
13	0.616174	77.7986	-0.840096	0.00458218
14	0.642091	78.3403	-0.829009	0.00454831
15	0.616864	78.3564	-0.769424	0.00436306
16	0.621914	78.3763	-0.628036	0.00392186
17	0.624945	79.5855	-0.465346	0.00341259
18	0.620835	76.8949	-0.309486	0.00292632
19	0.623649	69.6333	-0.0740851	0.00219447
20	0.632956	77.8665	0.139645	0.0015285
21	0.625714	75.7642	0.333067	0.000921439
22	0.629819	55.1795	0.371953	0.000798111
23	0.619591	61.0174	0.391209	0.000736064
24	0.61191	68.8757	0.357503	0.000840446
25	0.612839	60.5883	0.319633	0.000956526
26	0.617896	56.9297	0.303934	0.00100348
27	0.611339	55.6614	0.225163	0.00124926
28	0.615744	66.5617	0.214306	0.00128136
29	0.622383	47.7907	0.223631	0.00125075
30	0.615117	61.7507	0.230003	0.00122948
31	0.615245	50.8407	0.250229	0.00116464
32	0.616438	42.5526	0.276793	0.00107979
33	0.616062	47.245	0.310625	0.000972557
34	0.615685	57.738	0.336857	0.000888775
35	0.618274	49.168	0.343789	0.000867122
36	0.610674	48.8733	0.33575	0.000889566
37	0.616687	48.3092	0.342709	0.000867874
38	0.616474	38.1211	0.345199	0.000860234
39	0.615654	51.8507	0.359395	0.000814531
40	0.61704	52.5383	0.3715	0.000775402
41	0.616989	51.0473	0.374999	0.000763487
42	0.615052	51.6036	0.378955	0.000750484
43	0.617358	56.5536	0.408779	0.000659024
44	0.615248	32.5649	0.415102	0.000638373
45	0.614419	47.4415	0.428283	0.000596548
46	0.615599	49.9692	0.442055	0.000552376
47	0.614424	43.5489	0.453545	0.000515438
48	0.61459	46.068	0.465079	0.000478478
49	0.613033	18.1759	0.469526	0.000463611
50	0.613194	36.3765	0.473675	0.000450038
51	0.610393	19.0738	0.466756	0.000470725
52	0.612524	0.803981	0.471071	0.000456476
53	0.6078	3.71772	0.460213	0.000489615
54	0.608021	54.4329	0.450862	0.000517798
55	0.611863	9.43707	0.459233	0.000491021
56	0.612415	33.5838	0.467158	0.000465519
57	0.608752	0.61826	0.458323	0.000492201
58	0.612127	36.1303	0.466685	0.000465418
59	0.610724	47.825	0.465211	0.000469323
60	0.609551	11.2382	0.461131	0.000481058
61	0.610899	31.7951	0.464993	0.000468416
62	0.608795	11.5291	0.462552	0.000475022
63	0.610089	29.923	0.462135	0.000475708
64	0.611666	60.2723	0.46552	0.000464497
65	0.609673	9.99121	0.471026	0.00044679
66	0.609155	51.8817	0.470922	0.000446363
67	0.608909	30.023	0.471186	0.000444811
68	0.608539	14.7447	0.472179	0.000440993
69	0.610976	48.8042	0.472836	0.000438432
70	0.61003	10.8427	0.476251	0.00042725
71	0.61114	40.3156	0.477432	0.000422801
72	0.610739	0.673299	0.478205	0.000419756
73	0.611943	0.636565	0.478991	0.000416724
74	0.605833	0.61432	0.477687	0.000419932
75	0.608631	0.773703	0.478477	0.000416898
76	0.609901	36.9418	0.479316	0.000413632
77	0.606124	7.65794	0.478609	0.000415092
78	0.606443	11.9646	0.479084	0.000412969
79	0.607308	15.7867	0.480104	0.000409232
80	0.606416	0.633225	0.480648	0.000406905
81	0.607057	0.63366	0.480996	0.000405168
82	0.607307	0.612658	0.482246	0.000400836
83	0.606478	0.61791	0.482368	0.000399917
84	0.606207	0.65849	0.48295	0.000397535
85	0.60634	0.61434	0.484178	0.000393355
86	0.606988	12.8322	0.484465	0.000391879
87	0.605579	0.637325	0.484738	0.000390464
88	0.605215	0.706598	0.486399	0.000385048
89	0.607065	0.617298	0.488521	0.000378031
90	0.609094	0.614106	0.490327	0.000372077
91	0.605321	0.612764	0.4914	0.000368165
92	0.606424	0.614143	0.492003	0.000365704
93	0.608421	21.7562	0.492656	0.000363065
94	0.60363	0.614574	0.494239	0.000357663
95	0.604639	42.2426	0.494787	0.000355514
96	0.604812	7.82599	0.495173	0.000353759
97	0.606846	51.56	0.49749	0.000346317
98	0.604273	0.826278	0.498269	0.000343447
99	0.605593	0.695292	0.49849	0.000342302
100	0.606138	0.620961	0.498808	0.000340832
101	0.604146	0.611153	0.499089	0.000339411
102	0.604554	0.629401	0.499825	0.000336569
103	0.605717	19.2094	0.500485	0.000334146
104	0.605892	0.610733	0.501747	0.000329742
105	0.605097	0.611811	0.502673	0.000326473
106	0.605643	0.6287	0.50271	0.000325948
107	0.605405	0.610931	0.503021	0.000324502
108	0.604336	0.611854	0.504616	0.000319275
109	0.604564	0.609986	0.505914	0.000314843
110	0.605453	0.613397	0.506772	0.00031203
111	0.604567	0.61032	0.507912	0.000308017
112	0.604531	19.1125	0.509265	0.000303341
113	0.603967	18.9057	0.510639	0.000298825
114	0.605506	0.610478	0.511146	0.000296868
115	0.604154	0.610798	0.511612	0.000295294
116	0.604791	0.659496	0.513188	0.000290315
117	0.604692	0.610863	0.513881	0.000287773
118	0.603793	0.610515	0.513972	0.000287133
119	0.603604	0.608914	0.515257	0.000282914
120	0.604425	0.610637	0.516018	0.000280257
121	0.603498	0.61052	0.516619	0.000278276
122	0.604173	0.614308	0.516761	0.000277547
123	0.604208	0.610152	0.517311	0.000275456
124	0.602325	0.609117	0.517729	0.000273905
125	0.605117	0.622456	0.518126	0.000272428
126	0.604071	0.609605	0.518856	0.000269846
127	0.6039	0.608515	0.519555	0.000267492
128	0.603737	0.626441	0.52073	0.000263744
129	0.604225	0.609114	0.522124	0.000259284
130	0.604072	0.618564	0.522592	0.000257514
131	0.603183	0.60971	0.523119	0.00025559
132	0.603826	0.608898	0.52347	0.000254177
133	0.604013	25.569	0.524204	0.000251557
134	0.604226	0.608957	0.525093	0.000248631
135	0.604476	0.611162	0.526419	0.00024435
136	0.603604	0.610029	0.527119	0.000241936
137	0.604294	0.612057	0.527554	0.000240271
138	0.604072	0.647714	0.528657	0.000236611
139	0.603849	0.60826	0.529414	0.000233994
140	0.603591	21.6481	0.529862	0.000232292
141	0.603457	5.87212	0.530665	0.000229441
142	0.604231	22.1855	0.531462	0.000226728
143	0.603954	8.64798	0.532939	0.000222114
144	0.604128	0.757979	0.534315	0.000218023
145	0.603954	14.1997	0.53473	0.000216526
146	0.603641	0.607696	0.536474	0.000211102
147	0.603485	22.1858	0.537596	0.000207513
148	0.60362	0.608336	0.538335	0.000205106
149	0.60371	10.6523	0.538842	0.000203282
150	0.603805	14.0111	0.540559	0.000198052
151	0.604072	0.608723	0.541144	0.000196131
152	0.603943	0.60832	0.541634	0.000194369
153	0.603925	4.22533	0.541992	0.000193071
154	0.604205	0.609406	0.542586	0.000191008
155	0.603686	0.607972	0.543187	0.000189018
156	0.604314	38.0459	0.543565	0.000187719
157	0.603812	0.607312	0.544357	0.000185412
158	0.604009	0.608098	0.545368	0.000182359
159	0.602774	0.607601	0.546296	0.000179464
160	0.603554	0.613894	0.547033	0.000177188
161	0.603811	0.607459	0.547699	0.00017505
162	0.603686	0.605503	0.548128	0.000173691
163	0.603731	0.607355	0.548543	0.000172319
164	0.603249	0.60586	0.549275	0.000169968
165	0.603462	0.608156	0.550406	0.000166278
166	0.602837	0.61413	0.550724	0.000165053
167	0.603598	9.84419	0.550887	0.000164381
168	0.602872	0.60819	0.552041	0.000160763
169	0.602784	0.608866	0.552106	0.000160404
170	0.602548	38.4349	0.552307	0.000159651
171	0.603198	0.648769	0.552873	0.00015786
172	0.603066	0.608302	0.553277	0.000156529
173	0.602563	0.608514	0.553875	0.000154451
174	0.60257	0.607145	0.554296	0.000153055
175	0.6027	0.606972	0.555128	0.000150504
176	0.602876	0.605369	0.555729	0.000148479
177	0.602962	0.605381	0.556467	0.000146208
178	0.603095	0.60672	0.557186	0.000143922
179	0.602978	0.606907	0.557271	0.000143504
180	0.601923	0.611976	0.557601	0.000142346
181	0.602231	0.607088	0.558319	0.000139987
182	0.602536	0.606816	0.558798	0.000138445
183	0.602657	38.4971	0.559362	0.000136498
184	0.60277	0.606147	0.559801	0.000135027
185	0.602765	0.609375	0.560165	0.000133954
186	0.602836	0.606956	0.560599	0.000132555
187	0.602372	0.605489	0.56145	0.000130157
188	0.601948	0.606402	0.562407	0.000127302
189	0.602515	0.606094	0.563326	0.000124308
190	0.602512	0.688644	0.563442	0.000123776
191	0.602214	0.604283	0.563543	0.000123326
192	0.60204	0.605446	0.564135	0.000121372
193	0.60271	0.714517	0.564438	0.000120266
194	0.602525	0.615203	0.565917	0.000115587
195	0.60264	0.605589	0.566604	0.000113342
196	0.602511	0.611438	0.566965	0.000112111
197	0.602471	0.606343	0.567468	0.000110474
198	0.602544	0.61098	0.567989	0.000108692
199	0.602817	0.606856	0.569032	0.000105479
200	0.602403	0.605091	0.569235	0.00010468
201	0.602395	0.604354	0.570409	0.000101108
202	0.602276	0.605203	0.570575	0.000100437
203	0.601731	0.604329	0.570768	9.97589e-05
204	0.602462	0.61162	0.571201	9.85716e-05
205	0.602958	0.604889	0.571747	9.67635e-05
206	0.602423	0.604196	0.572298	9.49968e-05
207	0.602252	0.603786	0.57265	9.38048e-05
208	0.601901	0.605915	0.573241	9.19576e-05
209	0.602116	0.621989	0.574124	8.92765e-05
210	0.60258	0.605134	0.57452	8.79389e-05
211	0.602311	0.605142	0.57468	8.72929e-05
212	0.601942	0.603682	0.574738	8.69699e-05
213	0.602721	0.604106	0.574979	8.60928e-05
214	0.602776	0.6117	0.575344	8.4866e-05
215	0.602067	0.60499	0.575406	8.45644e-05
216	0.602199	0.60421	0.576115	8.2394e-05
217	0.60197	0.603619	0.576272	8.18167e-05
218	0.602344	0.612184	0.57643	8.12139e-05
219	0.601546	0.605851	0.576628	8.04929e-05
220	0.602073	20.9581	0.576748	8.0009e-05
221	0.601749	0.603274	0.577086	7.88848e-05
222	0.602051	0.603296	0.577234	7.83095e-05
223	0.601778	0.603535	0.577434	7.76054e-05
224	0.601983	0.603258	0.577661	7.68228e-05
225	0.601807	19.3829	0.577742	7.64578e-05
226	0.601857	0.604675	0.577832	7.60641e-05
227	0.601815	0.603326	0.578069	7.52464e-05
228	0.601745	0.603386	0.578302	7.44679e-05
229	0.601424	0.603269	0.578662	7.33868e-05
230	0.601707	52.2054	0.57899	7.23448e-05
231	0.601424	28.2108	0.579169	7.1724e-05
232	0.601621	50.8816	0.579431	7.08515e-05
233	0.60201	29.1937	0.579496	7.05984e-05
234	0.601801	0.60558	0.580014	6.90259e-05
235	0.601467	0.603273	0.579983	6.89972e-05
236	0.602143	0.605124	0.58014	6.83969e-05
237	0.601804	0.623199	0.580506	6.72218e-05
238	0.602216	0.615824	0.580689	6.66386e-05
239	0.602393	0.619507	0.580711	6.64847e-05
240	0.60214	0.60433	0.5809	6.58373e-05
241	0.602487	0.603341	0.58104	6.53035e-05
242	0.601918	0.603655	0.581137	6.48956e-05
243	0.602713	0.719382	0.581219	6.45462e-05
244	0.601975	0.603418	0.581405	6.39055e-05
245	0.602053	0.604733	0.581539	6.34168e-05
246	0.60229	0.603362	0.581538	6.33163e-05
247	0.602186	0.610482	0.581835	6.24344e-05
248	0.601974	0.604148	0.58215	6.13843e-05
249	0.601124	0.602985	0.582181	6.12029e-05
250	0.602486	0.603956	0.58228	6.08039e-05
251	0.602408	0.614953	0.582472	6.01815e-05
252	0.602183	0.603255	0.582532	5.99137e-05
253	0.602217	0.611935	0.582587	5.96896e-05
254	0.601949	0.604372	0.582639	5.94811e-05
255	0.601927	0.603276	0.582647	5.93835e-05
256	0.602023	0.619572	0.582736	5.9035e-05
257	0.601461	0.604096	0.582885	5.84939e-05
258	0.601832	0.603087	0.582993	5.81416e-05
259	0.601696	0.603222	0.583031	5.79576e-05
260	0.601973	0.61447	0.583168	5.75373e-05
261	0.601455	0.611448	0.583219	5.73223e-05
262	0.601552	0.60307	0.583247	5.71487e-05
263	0.601865	0.618368	0.583288	5.6959e-05
264	0.601437	4.75587	0.583394	5.65897e-05
265	0.601791	6.23913	0.583608	5.58475e-05
266	0.601634	30.1414	0.58361	5.57549e-05
267	0.601734	0.604806	0.583662	5.5521e-05
268	0.601638	0.604208	0.583731	5.52367e-05
269	0.601449	0.603118	0.583827	5.48614e-05
270	0.60148	0.603131	0.583888	5.4609e-05
271	0.601813	0.603683	0.583902	5.44878e-05
272	0.602018	0.604741	0.583914	5.43726e-05
273	0.601768	0.603435	0.583988	5.40645e-05
274	0.60203	0.603121	0.584042	5.38062e-05
275	0.601973	0.603895	0.584226	5.32194e-05
276	0.60217	0.603342	0.584562	5.22252e-05
277	0.602088	0.6044	0.58463	5.19993e-05
278	0.602274	0.604766	0.584777	5.15281e-05
279	0.601821	0.60323	0.584958	5.10374e-05
280	0.602243	0.603035	0.585063	5.06989e-05
281	0.60175	0.603493	0.585132	5.04635e-05
282	0.60242	0.609039	0.585174	5.03241e-05
283	0.60182	0.603403	0.585179	5.02345e-05
284	0.601867	0.602787	0.585223	5.00292e-05
285	0.602083	0.623927	0.585463	4.93242e-05
286	0.601953	0.624161	0.585604	4.89255e-05
287	0.6021	0.603268	0.585667	4.87303e-05
288	0.601657	0.603138	0.58574	4.84853e-05
289	0.601369	0.603913	0.585806	4.82573e-05
290	0.601327	0.606462	0.585869	4.80459e-05
291	0.602053	0.620917	0.585934	4.78455e-05
292	0.60172	0.603003	0.586053	4.74909e-05
293	0.601742	19.1362	0.586131	4.72553e-05
294	0.602357	0.604391	0.586197	4.70166e-05
295	0.601811	0.602987	0.586256	4.67933e-05
296	0.601793	0.603159	0.586361	4.64485e-05
297	0.601702	0.610396	0.586403	4.62634e-05
298	0.602034	0.615321	0.586437	4.61174e-05
299	0.601921	30.1695	0.586479	4.59828e-05
300	0.60147	0.603062	0.586524	4.58102e-05
301	0.602143	0.626795	0.586523	4.5739e-05
302	0.60215	0.603781	0.586588	4.54889e-05
303	0.601983	0.602731	0.586624	4.53497e-05
304	0.601046	0.602727	0.586713	4.50593e-05
305	0.601855	0.602994	0.586731	4.49538e-05
306	0.601707	0.655496	0.586809	4.46829e-05
307	0.601755	0.607612	0.586831	4.45777e-05
308	0.602202	9.73323	0.586839	4.45018e-05
309	0.601706	17.2056	0.586899	4.43042e-05
310	0.601876	0.620908	0.586958	4.40928e-05
311	0.601421	0.619685	0.587089	4.37014e-05
312	0.601668	0.603267	0.587265	4.31542e-05
313	0.601419	0.602982	0.587298	4.29921e-05
314	0.601533	7.75222	0.587322	4.28551e-05
315	0.601807	0.603188	0.587371	4.2655e-05
316	0.601632	0.604315	0.587429	4.24533e-05
317	0.601275	0.602975	0.587468	4.23423e-05
318	0.601569	0.603302	0.587557	4.20462e-05
319	0.601785	0.614169	0.587616	4.18894e-05
320	0.601569	38.4943	0.587691	4.16406e-05
321	0.601458	0.620019	0.587748	4.14325e-05
322	0.601074	0.602747	0.587749	4.1372e-05
323	0.601988	0.651307	0.587747	4.13104e-05
324	0.602162	4.23746	0.587833	4.10515e-05
325	0.601485	0.602994	0.587873	4.09022e-05
326	0.601694	0.602819	0.587913	4.07559e-05
327	0.601704	0.603053	0.588024	4.04443e-05
328	0.601919	0.621081	0.588035	4.03622e-05
329	0.601947	0.607291	0.588076	4.02145e-05
330	0.601529	0.603229	0.588116	4.00587e-05
331	0.6011	8.78463	0.588135	3.99533e-05
332	0.60182	0.60455	0.588215	3.96775e-05
333	0.601824	5.04902	0.588215	3.96232e-05
334	0.601531	0.608572	0.588251	3.94648e-05
335	0.601734	45.3885	0.588388	3.90353e-05
336	0.601782	43.6132	0.58841	3.89423e-05
337	0.601445	0.610681	0.588432	3.88298e-05
338	0.601526	0.603108	0.588449	3.87304e-05
339	0.601412	0.617789	0.588501	3.8553e-05
340	0.601525	5.16162	0.588502	3.85156e-05
341	0.601876	0.603106	0.588532	3.84037e-05
342	0.601835	0.605935	0.588574	3.82467e-05
343	0.601887	0.60309	0.588573	3.82097e-05
344	0.601727	0.670705	0.588603	3.80786e-05
345	0.602007	0.617557	0.588661	3.78692e-05
346	0.601825	0.603329	0.588765	3.75479e-05
347	0.601671	31.1866	0.5888	3.73996e-05
348	0.601527	0.603989	0.588796	3.73497e-05
349	0.601634	0.639123	0.588824	3.72065e-05
350	0.601678	58.3151	0.58896	3.67772e-05
351	0.601999	59.2729	0.589054	3.6573e-05
352	0.601834	28.5139	0.5891	3.64789e-05
353	0.601357	53.2905	0.589147	3.63299e-05
354	0.601945	0.620883	0.589166	3.6245e-05
355	0.601619	14.5068	0.589199	3.61563e-05
356	0.601583	0.602908	0.589223	3.60701e-05
357	0.601243	0.612378	0.589309	3.57868e-05
358	0.60146	0.602754	0.589552	3.51592e-05
359	0.60166	38.2054	0.589555	3.51002e-05
360	0.601799	0.616867	0.589578	3.50074e-05
361	0.602285	34.3876	0.589634	3.48268e-05
362	0.602022	39.2245	0.589677	3.46842e-05
363	0.601986	0.603087	0.589685	3.4616e-05
364	0.601802	0.607612	0.589705	3.45278e-05
365	0.601315	0.602592	0.589816	3.41542e-05
366	0.601644	32.1341	0.589806	3.41261e-05
367	0.60155	35.2056	0.589891	3.38771e-05
368	0.601436	0.609555	0.590138	3.32215e-05
369	0.600474	0.602684	0.590302	3.27563e-05
370	0.601353	0.60279	0.5904	3.24381e-05
371	0.601619	40.6543	0.590489	3.21845e-05
372	0.60159	48.5725	0.590572	3.19396e-05
373	0.600929	58.0837	0.590636	3.17032e-05
374	0.601491	45.4634	0.590681	3.15335e-05
375	0.601562	24.8727	0.590774	3.12426e-05
376	0.600892	4.83625	0.590834	3.10378e-05
377	0.601884	18.2441	0.590894	3.08466e-05
378	0.601884	0.647889	0.590977	3.06068e-05
379	0.601076	0.646983	0.591042	3.04008e-05
380	0.601647	47.6048	0.591095	3.02137e-05
381	0.601498	35.4368	0.591121	3.01234e-05
382	0.601585	33.3721	0.591203	2.98776e-05
383	0.601821	52.8441	0.591237	2.97518e-05
384	0.601847	48.01	0.59127	2.9608e-05
385	0.60166	48.0432	0.591304	2.9476e-05
386	0.601539	46.1766	0.5914	2.91827e-05
387	0.601743	9.62727	0.591484	2.88997e-05
388	0.601777	43.3371	0.591538	2.87066e-05
389	0.601926	56.3175	0.59156	2.86407e-05
390	0.601169	22.0297	0.591579	2.85781e-05
391	0.601574	33.828	0.591595	2.85124e-05
392	0.601751	59.5998	0.591632	2.83832e-05
393	0.601626	27.0007	0.591699	2.82038e-05
394	0.601495	47.8618	0.591738	2.80906e-05
395	0.601627	57.3932	0.591771	2.79572e-05
396	0.601707	29.4147	0.5918	2.78543e-05
397	0.601554	32.1522	0.591872	2.76587e-05
398	0.601631	47.9605	0.591945	2.74639e-05
399	0.601636	63.0663	0.592047	2.7156e-05
400	0.601474	48.2847	0.592123	2.68982e-05
401	0.60167	54.232	0.592202	2.66419e-05
402	0.601647	44.7492	0.592297	2.638e-05
403	0.601854	0.625041	0.592338	2.62305e-05
404	0.601736	0.684875	0.592439	2.59465e-05
405	0.600711	0.653479	0.592483	2.58094e-05
406	0.601848	0.609322	0.592505	2.57272e-05
407	0.601623	41.8698	0.592545	2.55974e-05
408	0.602026	38.9107	0.592672	2.52395e-05
409	0.601845	0.624643	0.592803	2.48747e-05
410	0.601647	0.603527	0.592849	2.4718e-05
411	0.601383	10.0338	0.592957	2.4423e-05
412	0.601633	0.638595	0.592994	2.43072e-05
413	0.601804	57.6121	0.593021	2.42083e-05
414	0.601496	21.7544	0.593132	2.38676e-05
415	0.601415	0.610475	0.593145	2.3795e-05
416	0.601571	18.4536	0.593155	2.3734e-05
417	0.60173	19.5415	0.59315	2.37113e-05
418	0.601591	57.2117	0.593234	2.34919e-05
419	0.601691	41.4563	0.593392	2.30797e-05
420	0.601428	11.7034	0.593435	2.29379e-05
421	0.600928	59.5474	0.593462	2.2835e-05
422	0.601486	44.8481	0.59349	2.27455e-05
423	0.601464	41.1429	0.593555	2.25521e-05
424	0.601316	49.1327	0.593637	2.23196e-05
425	0.601188	6.379	0.593729	2.20607e-05
426	0.601035	0.616433	0.593788	2.189e-05
427	0.601424	0.60789	0.593847	2.17263e-05
428	0.601374	25.6029	0.593895	2.16053e-05
429	0.601396	39.8283	0.593995	2.13592e-05
430	0.60138	0.631498	0.594003	2.13258e-05
431	0.601187	0.605008	0.594145	2.09961e-05
432	0.601369	5.03146	0.594244	2.07374e-05
433	0.601401	57.996	0.594314	2.05527e-05
434	0.600728	39.058	0.594348	2.04428e-05
435	0.601635	52.2959	0.594373	2.035e-05
436	0.601437	40.8548	0.594436	2.01456e-05
437	0.601649	19.5103	0.594491	1.99888e-05
438	0.601417	30.3954	0.594552	1.98397e-05
439	0.601711	48.2628	0.594629	1.96523e-05
440	0.601528	9.72902	0.594662	1.955e-05
441	0.600945	0.616019	0.5947	1.9423e-05
442	0.601341	11.8356	0.594761	1.92464e-05
443	0.600899	0.624306	0.594787	1.91493e-05
444	0.601894	0.632009	0.59487	1.8928e-05
445	0.601527	41.9708	0.594955	1.86774e-05
446	0.601487	60.0638	0.595006	1.85302e-05
447	0.601668	0.62395	0.595088	1.83017e-05
448	0.60162	31.2671	0.595143	1.81484e-05
449	0.601329	0.673682	0.595222	1.79576e-05
450	0.601709	0.615969	0.595277	1.78151e-05
451	0.601234	24.4553	0.595331	1.76812e-05
452	0.601311	48.871	0.595342	1.76394e-05
453	0.601476	41.0461	0.595416	1.74365e-05
454	0.601331	0.603523	0.595432	1.73788e-05
455	0.601297	42.9708	0.595467	1.72727e-05
456	0.600907	29.9565	0.595509	1.71543e-05
457	0.601224	53.0965	0.59558	1.69507e-05
458	0.601602	40.0408	0.595658	1.67607e-05
459	0.60121	0.636634	0.595703	1.66135e-05
460	0.601664	26.7522	0.595794	1.63533e-05
461	0.601433	0.611721	0.595851	1.61824e-05
462	0.601565	44.2486	0.5959	1.60473e-05
463	0.601266	44.1878	0.595969	1.58497e-05
464	0.601517	60.5153	0.596038	1.57021e-05
465	0.601274	0.607976	0.596062	1.56258e-05
466	0.601267	16.4544	0.596115	1.55096e-05
467	0.600853	51.7938	0.596153	1.53907e-05
468	0.601515	40.8344	0.596179	1.52979e-05
469	0.601578	31.7585	0.596218	1.51606e-05
470	0.601073	37.8008	0.596268	1.50354e-05
471	0.601483	0.606895	0.596346	1.48414e-05
472	0.601428	0.632431	0.596374	1.47568e-05
473	0.601593	29.6538	0.596399	1.46674e-05
474	0.601603	24.0211	0.596455	1.45031e-05
475	0.601318	0.623265	0.596478	1.44207e-05
476	0.601231	33.5425	0.596487	1.43772e-05
477	0.601442	30.7198	0.596512	1.43138e-05
478	0.601311	0.62064	0.596535	1.42376e-05
479	0.601661	61.4467	0.596554	1.41887e-05
480	0.601646	48.013	0.59658	1.41135e-05
481	0.601349	34.9113	0.596602	1.40435e-05
482	0.601386	11.0318	0.59664	1.39344e-05
483	0.601275	35.449	0.596663	1.38512e-05
484	0.601035	45.6544	0.596678	1.37953e-05
485	0.601199	17.8492	0.596715	1.36906e-05
486	0.601416	0.676087	0.59673	1.3648e-05
487	0.601576	60.0753	0.596749	1.35905e-05
488	0.601537	15.9138	0.59678	1.35125e-05
489	0.601194	43.4037	0.596821	1.34009e-05
490	0.601185	24.5312	0.596881	1.32324e-05
491	0.60126	36.947	0.596915	1.31261e-05
492	0.601589	21.9237	0.596919	1.31017e-05
493	0.601371	52.5456	0.596965	1.29853e-05
494	0.601851	31.4343	0.597008	1.286e-05
495	0.601733	19.1822	0.597035	1.27649e-05
496	0.601456	10.2382	0.597063	1.26644e-05
497	0.601679	58.0639	0.597084	1.25938e-05
498	0.601337	45.669	0.597124	1.24661e-05
499	0.601461	53.1492	0.597174	1.23151e-05
