pelvis_tilt.offset              	0.030793439	0.028232191	0.0014036703	
hip_flexion_r.offset            	0.074776018	0.073036795	0.0013023211	
knee_angle_r.offset             	-0.0024903016	-0.0030881914	0.0014305361	
ankle_angle_r.offset            	-0.059500606	-0.056969893	0.0018340036	
hip_flexion_l.offset            	-0.0020871825	-0.0048098881	0.00262322	
knee_angle_l.offset             	0.058318219	0.060663294	0.0020324752	
ankle_angle_l.offset            	0.1904195	0.19103548	0.0019357952	
stance_load_threshold           	0.15392827	0.15294691	0.0021119592	
S00111.tib_ant.KL               	1.3119505	1.2893119	0.034770626	
S00111.tib_ant.L0               	0.75125808	0.75007204	0.0038513116	
S00111.tib_ant.KS               	0.000173	0.00016342092	0.0014760455	
S11000.tib_ant.KL               	1.1937173	1.2296432	0.020012167	
S11000.tib_ant.L0               	0.73251206	0.7341928	0.0029215978	
S11000.tib_ant.KS               	0.034272967	0.035731759	0.0018365621	
S11111.tib_ant-soleus.KF        	-0.11179888	-0.11033518	0.0031557578	
S00111.soleus-tib_ant.KS        	-0.89402901	-0.87200514	0.039555397	
S11000.soleus-tib_ant.KS        	-3.2679804	-3.3032599	0.046735445	
S00111.gastroc-tib_ant.KS       	-0.32542341	-0.33778536	0.034381	
S11000.gastroc-tib_ant.KS       	-1.688784	-1.6894271	0.038859279	
S00111.tib_ant-gastroc.KS       	-0.00357534	-0.0036718659	0.29208198	
S11000.tib_ant-gastroc.KS       	-0.00331551	-0.0035618117	0.28548147	
S00111.tib_ant-soleus.KS        	-0.00313515	-0.0033125478	0.29983725	
S11000.tib_ant-soleus.KS        	-0.0034666	-0.0033908815	0.28710022	
S00111.gastroc.KL               	0.07523758	0.079168679	0.036522675	
S00111.gastroc.L0               	0.82914836	0.82859521	0.015386118	
S00111.gastroc.KF               	1.4159802	1.4116031	0.0019617267	
S00111.soleus.KL                	3.9326355	3.97176	0.034549757	
S00111.soleus.L0                	0.95527395	0.95980034	0.0089282578	
S00111.soleus.KF                	0.22544829	0.22608271	0.0028539721	
S11000.gastroc.KL               	0.00925153	0.0087144791	0.029132317	
S11000.gastroc.L0               	0.50193702	0.51732032	0.016180038	
S11000.gastroc.KF               	-1.8155364	-1.8738676	0.038115748	
S11000.soleus.KL                	0.80801917	0.79496388	0.066804713	
S11000.soleus.L0                	0.88256063	0.89870712	0.015005605	
S11000.soleus.KF                	-0.86753488	-0.88936401	0.062318327	
S00011.vasti.KF                 	0.78557181	0.79114395	0.0085856925	
S00011.vasti.C0                 	0.080548642	0.080189252	0.0018659205	
S00011.vasti-knee_angle.pos_max 	-0.30576387	-0.30319325	0.0028992905	
S00011.hamstrings-pelvis_tilt.KP	0.68590988	0.70049202	0.032916107	
S00011.hamstrings-pelvis_tilt.KV	0.56979657	0.56889596	0.0016967151	
S00011.hamstrings-pelvis_tilt.C0	0.027595923	0.026262191	0.0035959635	
S00011.glut_max-pelvis_tilt.KP  	1.4487615	1.4722952	0.027241565	
S00011.glut_max-pelvis_tilt.KV  	0.31248155	0.31114047	0.0017105804	
S00011.glut_max-pelvis_tilt.C0  	0.15566656	0.15932504	0.0028848192	
S00011.iliopsoas-pelvis_tilt.KP 	-3.5829987	-3.548382	0.04617068	
S00011.iliopsoas-pelvis_tilt.KV 	-0.54556885	-0.54352778	0.0020975144	
S00011.iliopsoas-pelvis_tilt.C0 	0.34839948	0.34484812	0.0045615555	
S00100.iliopsoas.C0             	0.33329349	0.33390611	0.0024987215	
S00100.glut_max.C0              	-0.024802031	-0.024796838	0.0018719407	
S11000.iliopsoas.KL             	0.5641635	0.56174438	0.0021377186	
S11000.iliopsoas.L0             	0.39144662	0.39330876	0.0023795634	
S11000.iliopsoas-pelvis_tilt.P0 	-0.04199752	-0.044514302	0.0018756692	
S11000.iliopsoas-pelvis_tilt.KP 	0.01196527	0.011448141	0.011728195	
S11000.iliopsoas-pelvis_tilt.KV 	0.14544864	0.14465726	0.0021796159	
S11000.iliopsoas-hamstrings.KL  	-8.268161	-8.2562928	0.077469649	
S11000.iliopsoas-hamstrings.L0  	1.1638194	1.1664454	0.0017690148	
S11000.hamstrings.KF            	0.57851002	0.57907523	0.0017017302	
S11000.glut_max.KF              	0.62409489	0.61982731	0.0019355273	
