pelvis_tilt.offset              	0.022131372	0.02160694	0.00057348059	
hip_flexion_r.offset            	0.071215668	0.071072073	0.00054000869	
knee_angle_r.offset             	0.00055223419	0.001297006	0.00059919514	
ankle_angle_r.offset            	-0.056120932	-0.057213747	0.00077968567	
hip_flexion_l.offset            	-0.0053634114	-0.0068065778	0.0011018497	
knee_angle_l.offset             	0.056599942	0.056291112	0.00084422303	
ankle_angle_l.offset            	0.18985102	0.18925194	0.00082389708	
stance_load_threshold           	0.15300379	0.15259195	0.00090453256	
S00111.tib_ant.KL               	1.2159476	1.2110912	0.014714724	
S00111.tib_ant.L0               	0.76016627	0.76091786	0.001582487	
S00111.tib_ant.KS               	0.00015652	0.00016467817	0.00058988005	
S11000.tib_ant.KL               	1.223064	1.2236955	0.0083703546	
S11000.tib_ant.L0               	0.73300137	0.73274795	0.0012501068	
S11000.tib_ant.KS               	0.035800315	0.035794296	0.00076852168	
S11111.tib_ant-soleus.KF        	-0.1069442	-0.10886981	0.0013203635	
S00111.soleus-tib_ant.KS        	-0.86608634	-0.86515364	0.016753744	
S11000.soleus-tib_ant.KS        	-3.2720737	-3.2688961	0.01972128	
S00111.gastroc-tib_ant.KS       	-0.32277738	-0.32478361	0.013976089	
S11000.gastroc-tib_ant.KS       	-1.6070165	-1.6169025	0.016470048	
S00111.tib_ant-gastroc.KS       	-0.00395169	-0.0037315097	0.11672538	
S11000.tib_ant-gastroc.KS       	-0.00366451	-0.00345007	0.1140876	
S00111.tib_ant-soleus.KS        	-0.00313515	-0.0033131412	0.11982463	
S11000.tib_ant-soleus.KS        	-0.00313645	-0.0033197484	0.1147345	
S00111.gastroc.L0               	0.83781864	0.8337595	0.0064931087	
S00111.gastroc.KF               	1.4104891	1.4101075	0.00083028921	
S00111.gastroc.KS               	0.1614013	0.16429288	0.0069337203	
S00111.soleus.L0                	0.95249497	0.95756858	0.0036655471	
S00111.soleus.KF                	0.23595526	0.23583014	0.0012348484	
S00111.soleus.KS                	0.14946728	0.15596212	0.010025681	
S11000.gastroc.KL               	0.00837043	0.0085037976	0.011642943	
S11000.gastroc.L0               	0.51053851	0.51841709	0.0068450844	
S11000.gastroc.KF               	-1.8346836	-1.8319715	0.015994128	
S11000.gastroc.KS               	0.2575875	0.25464946	0.014121852	
S11000.soleus.KL                	0.84260236	0.80865591	0.027545584	
S11000.soleus.L0                	0.91239289	0.90899591	0.0062558153	
S11000.soleus.KF                	-0.9164154	-0.90402474	0.025854196	
S11000.soleus.KS                	0.1022613	0.1062748	0.02166947	
S00011.vasti.KF                 	0.83327512	0.82807601	0.0034903761	
S00011.vasti.C0                 	0.081835043	0.082198495	0.00077285311	
S00011.vasti-knee_angle.pos_max 	-0.30736238	-0.30756792	0.00123438	
S00011.hamstrings-pelvis_tilt.KP	0.69850519	0.70442788	0.01375106	
S00011.hamstrings-pelvis_tilt.KV	0.56793354	0.5685942	0.00070850689	
S00011.hamstrings-pelvis_tilt.C0	0.02514159	0.025909283	0.0014677131	
S00011.glut_max-pelvis_tilt.KP  	1.4796306	1.4816028	0.011583054	
S00011.glut_max-pelvis_tilt.KV  	0.31191133	0.31299516	0.00071645691	
S00011.glut_max-pelvis_tilt.C0  	0.16225582	0.16280161	0.0012092528	
S00011.iliopsoas-pelvis_tilt.KP 	-3.6024425	-3.6154141	0.01973148	
S00011.iliopsoas-pelvis_tilt.KV 	-0.5423573	-0.54040372	0.00088971527	
S00011.iliopsoas-pelvis_tilt.C0 	0.32922335	0.33347822	0.001906535	
S00100.iliopsoas.C0             	0.33596578	0.33606805	0.0010466802	
S00100.glut_max.C0              	-0.024798708	-0.024324191	0.00077658935	
S11000.iliopsoas.KL             	0.56114652	0.56194383	0.00089553388	
S11000.iliopsoas.L0             	0.39340128	0.39266326	0.00098514918	
S11000.iliopsoas-pelvis_tilt.P0 	-0.0428928	-0.043423555	0.00079144901	
S11000.iliopsoas-pelvis_tilt.KP 	0.01082572	0.011300006	0.0046895162	
S11000.iliopsoas-pelvis_tilt.KV 	0.1496376	0.15053745	0.00095018	
S11000.iliopsoas-hamstrings.KL  	-8.245459	-8.2499059	0.032477117	
S11000.iliopsoas-hamstrings.L0  	1.167074	1.1675393	0.00073465555	
S11000.hamstrings.KF            	0.5764152	0.57653549	0.00071065146	
S11000.glut_max.KF              	0.6214404	0.61983722	0.00080895903	
