pelvis_tilt.offset              	0.020732636	0.021239608	0.00040213211	
hip_flexion_r.offset            	0.07161511	0.071455542	0.00038242853	
knee_angle_r.offset             	4.3493466e-05	0.00055210135	0.00042243368	
ankle_angle_r.offset            	-0.056254471	-0.056478511	0.00054453804	
hip_flexion_l.offset            	-0.0059373727	-0.0060985325	0.00076954654	
knee_angle_l.offset             	0.057281805	0.057364928	0.00059624498	
ankle_angle_l.offset            	0.1899432	0.18972156	0.00058307443	
stance_load_threshold           	0.15038934	0.15058077	0.00064162766	
S00111.tib_ant.KL               	1.2175798	1.227651	0.010259046	
S00111.tib_ant.L0               	0.76285772	0.76102281	0.0011086964	
S00111.tib_ant.KS               	0.000173	0.00016614871	0.00038943913	
S11000.tib_ant.KL               	1.2466178	1.2398505	0.0059203387	
S11000.tib_ant.L0               	0.73290684	0.73251788	0.00087723678	
S11000.tib_ant.KS               	0.036384994	0.035814457	0.00053387964	
S11111.tib_ant-soleus.KF        	-0.11061805	-0.11151272	0.00092567775	
S00111.soleus-tib_ant.KS        	-0.88837018	-0.87488578	0.011605918	
S11000.soleus-tib_ant.KS        	-3.3012851	-3.2831338	0.013816235	
S00111.gastroc-tib_ant.KS       	-0.35421712	-0.34277178	0.009545756	
S11000.gastroc-tib_ant.KS       	-1.6891436	-1.6653961	0.011544611	
S00111.tib_ant-gastroc.KS       	-0.00395169	-0.0038290576	0.077060786	
S11000.tib_ant-gastroc.KS       	-0.00366451	-0.0035133607	0.075319353	
S00111.tib_ant-soleus.KS        	-0.00346517	-0.0033173816	0.079106871	
S11000.tib_ant-soleus.KS        	-0.0034666	-0.003292215	0.075746427	
S00111.gastroc.L0               	0.84056175	0.83205824	0.0045201004	
S00111.gastroc.KF               	1.4113425	1.4117563	0.00058775736	
S00111.gastroc.KS               	0.17739288	0.17152907	0.0047476646	
S00111.soleus.L0                	0.95233711	0.95598787	0.0025320947	
S00111.soleus.KF                	0.23416647	0.23426412	0.00086076854	
S00111.soleus.KS                	0.16520068	0.16027879	0.0067859871	
S11000.gastroc.KL               	0.00837043	0.008784498	0.0076875775	
S11000.gastroc.L0               	0.51423754	0.51915301	0.0047664687	
S11000.gastroc.KF               	-1.7734523	-1.7986661	0.011216717	
S11000.gastroc.KS               	0.26750088	0.26518288	0.0096328324	
S11000.soleus.KL                	0.80500131	0.81396426	0.01901847	
S11000.soleus.L0                	0.91114258	0.9091726	0.004333249	
S11000.soleus.KF                	-0.90388692	-0.90303845	0.01784842	
S11000.soleus.KS                	0.1022613	0.10819212	0.014371875	
S00011.vasti.KF                 	0.83374982	0.83281201	0.0024395192	
S00011.vasti.C0                 	0.081418127	0.081177428	0.00053531109	
S00011.vasti-knee_angle.pos_max 	-0.30568631	-0.30633826	0.00086650968	
S00011.hamstrings-pelvis_tilt.KP	0.69262172	0.70180458	0.0096659378	
S00011.hamstrings-pelvis_tilt.KV	0.56846947	0.56799319	0.00049327347	
S00011.hamstrings-pelvis_tilt.C0	0.027648429	0.026683956	0.0010018085	
S00011.glut_max-pelvis_tilt.KP  	1.4567168	1.4668194	0.0081233248	
S00011.glut_max-pelvis_tilt.KV  	0.31217792	0.31233583	0.00050468817	
S00011.glut_max-pelvis_tilt.C0  	0.16088049	0.16075853	0.00085621173	
S00011.iliopsoas-pelvis_tilt.KP 	-3.6532562	-3.6470572	0.014013824	
S00011.iliopsoas-pelvis_tilt.KV 	-0.53944142	-0.53993696	0.00062982235	
S00011.iliopsoas-pelvis_tilt.C0 	0.33697837	0.33623006	0.0013367633	
S00100.iliopsoas.C0             	0.33823189	0.33892148	0.00073315359	
S00100.glut_max.C0              	-0.025212948	-0.025157476	0.00053949586	
S11000.iliopsoas.KL             	0.56253162	0.56171334	0.00062278219	
S11000.iliopsoas.L0             	0.39146075	0.39190514	0.00068818998	
S11000.iliopsoas-pelvis_tilt.P0 	-0.043985202	-0.04505257	0.00055365977	
S11000.iliopsoas-pelvis_tilt.KP 	0.01082572	0.011378628	0.0031001191	
S11000.iliopsoas-pelvis_tilt.KV 	0.15011766	0.14944857	0.00066722365	
S11000.iliopsoas-hamstrings.KL  	-8.3312894	-8.3325274	0.023119681	
S11000.iliopsoas-hamstrings.L0  	1.1664638	1.1668818	0.00051131272	
S11000.hamstrings.KF            	0.57642238	0.57692432	0.00049522956	
S11000.glut_max.KF              	0.61980509	0.62026978	0.00056756091	
