pelvis_tilt.offset              	0.020907596	0.020943154	4.2692491e-05	
hip_flexion_r.offset            	0.070798207	0.070789141	3.6214762e-05	
knee_angle_r.offset             	0.0010263468	0.0010616287	4.1039724e-05	
ankle_angle_r.offset            	-0.055858599	-0.055797	5.1721983e-05	
hip_flexion_l.offset            	-0.0057698917	-0.0058160989	7.3725455e-05	
knee_angle_l.offset             	0.056600497	0.056638063	5.7576503e-05	
ankle_angle_l.offset            	0.18875754	0.18874923	5.5607715e-05	
stance_load_threshold           	0.15247763	0.15251599	6.0127752e-05	
S00111.tib_ant.KL               	1.2279312	1.2274807	0.00096555973	
S00111.tib_ant.L0               	0.76064807	0.76059545	0.00010318081	
S00111.tib_ant.KS               	0.00017172936	0.00016221823	2.3758384e-05	
S11000.tib_ant.KL               	1.2333365	1.2326205	0.00056024666	
S11000.tib_ant.L0               	0.73304134	0.7331022	8.6124478e-05	
S11000.tib_ant.KS               	0.036764627	0.036805215	5.1839193e-05	
S11111.tib_ant-soleus.KF        	-0.11026736	-0.11036231	8.6988912e-05	
S00111.soleus-tib_ant.KS        	-0.88544687	-0.88477427	0.001049162	
S11000.soleus-tib_ant.KS        	-3.2390629	-3.239069	0.0013839271	
S00111.gastroc-tib_ant.KS       	-0.33644465	-0.33485706	0.00083222904	
S11000.gastroc-tib_ant.KS       	-1.6610736	-1.6594447	0.0011521767	
S00111.tib_ant-gastroc.KS       	-0.00357534	-0.0037523078	0.004663947	
S11000.tib_ant-gastroc.KS       	-0.00366451	-0.0035295203	0.0045584971	
S00111.tib_ant-soleus.KS        	-0.00313515	-0.0033450012	0.0047875655	
S11000.tib_ant-soleus.KS        	-0.00313645	-0.0032740025	0.004584263	
S00111.gastroc.L0               	0.82746356	0.82718803	0.00043463831	
S00111.gastroc.KF               	1.4132866	1.4133297	5.6724945e-05	
S00111.gastroc.KS               	0.16657688	0.1665012	0.00041446707	
S00111.soleus.L0                	0.95163392	0.95165659	0.00023109749	
S00111.soleus.KF                	0.23341383	0.23343623	8.1891737e-05	
S00111.soleus.KS                	0.15448325	0.15423989	0.00060587415	
S11000.gastroc.KL               	0.0085095774	0.0088166259	0.00048553126	
S11000.gastroc.L0               	0.52994941	0.52997484	0.00044704095	
S11000.gastroc.KF               	-1.7994246	-1.798457	0.0010964348	
S11000.gastroc.KS               	0.26849435	0.26976357	0.00089168467	
S11000.soleus.KL                	0.79113779	0.78920147	0.0018891375	
S11000.soleus.L0                	0.90825008	0.90834971	0.00040853779	
S11000.soleus.KF                	-0.91382885	-0.9132227	0.0016333685	
S11000.soleus.KS                	0.11160509	0.11012852	0.0011664454	
S00011.vasti.KF                 	0.83169338	0.83169133	0.00023482199	
S00011.vasti.C0                 	0.082113514	0.082151105	5.0106711e-05	
S00011.vasti-knee_angle.pos_max 	-0.30633134	-0.30644019	8.201799e-05	
S00011.hamstrings-pelvis_tilt.KP	0.69019606	0.69148676	0.00092962226	
S00011.hamstrings-pelvis_tilt.KV	0.56781412	0.56781315	4.8839997e-05	
S00011.hamstrings-pelvis_tilt.C0	0.025804365	0.025703272	9.4362387e-05	
S00011.glut_max-pelvis_tilt.KP  	1.4488636	1.4492161	0.00078935362	
S00011.glut_max-pelvis_tilt.KV  	0.31105255	0.31109112	4.8325107e-05	
S00011.glut_max-pelvis_tilt.C0  	0.16066928	0.16060207	8.4087803e-05	
S00011.iliopsoas-pelvis_tilt.KP 	-3.6597723	-3.6597843	0.0012506773	
S00011.iliopsoas-pelvis_tilt.KV 	-0.54199395	-0.5419846	6.2372586e-05	
S00011.iliopsoas-pelvis_tilt.C0 	0.33702857	0.33708237	0.00013320756	
S00100.iliopsoas.C0             	0.33818858	0.33818217	7.1933401e-05	
S00100.glut_max.C0              	-0.02527461	-0.025268575	5.1254076e-05	
S11000.iliopsoas.KL             	0.56123197	0.561298	5.8230219e-05	
S11000.iliopsoas.L0             	0.39071979	0.39064119	6.8368477e-05	
S11000.iliopsoas-pelvis_tilt.P0 	-0.044759928	-0.044815363	5.2056028e-05	
S11000.iliopsoas-pelvis_tilt.KP 	0.011326777	0.011350172	0.00022508601	
S11000.iliopsoas-pelvis_tilt.KV 	0.15024323	0.15024131	6.4107607e-05	
S11000.iliopsoas-hamstrings.KL  	-8.3651077	-8.3642182	0.0022723662	
S11000.iliopsoas-hamstrings.L0  	1.1668244	1.1667632	4.7537028e-05	
S11000.hamstrings.KF            	0.57552722	0.57556437	4.9393316e-05	
S11000.glut_max.KF              	0.62114604	0.62122296	5.5275673e-05	
