pelvis_tilt.offset              	0.020680809	0.02299165	0.0013619696	
hip_flexion_r.offset            	0.070303159	0.068753528	0.0012814254	
knee_angle_r.offset             	0.00090008006	0.0018634508	0.0014037687	
ankle_angle_r.offset            	-0.058778047	-0.05705579	0.0018390438	
hip_flexion_l.offset            	-0.0078781082	-0.0063260463	0.0025990367	
knee_angle_l.offset             	0.060407158	0.057668823	0.0020063716	
ankle_angle_l.offset            	0.18508046	0.18690725	0.0019167892	
stance_load_threshold           	0.15200725	0.15280151	0.0021065927	
S00111.tib_ant.KL               	1.2073535	1.240544	0.034956551	
S00111.tib_ant.L0               	0.75234158	0.75887718	0.0037635165	
S00111.tib_ant.KS               	0.00015652	0.00016876348	0.0015181363	
S11000.tib_ant.KL               	1.2132826	1.2168937	0.019925344	
S11000.tib_ant.L0               	0.73678682	0.73906984	0.0028999152	
S11000.tib_ant.KS               	0.033910664	0.0360518	0.0018545673	
S11111.tib_ant-soleus.KF        	-0.11490244	-0.11242201	0.0031598178	
S00111.soleus-tib_ant.KS        	-0.84551043	-0.84588296	0.040280106	
S00111.gastroc-tib_ant.KS       	-0.32712151	-0.33600214	0.035116905	
S11000.soleus-tib_ant.KS        	-3.1940412	-3.2446941	0.046484849	
S11000.gastroc-tib_ant.KS       	-1.6780403	-1.6642284	0.038746547	
S00111.tib_ant-soleus.KS        	-0.00313515	-0.0033143164	0.30838775	
S00111.tib_ant-gastroc.KS       	-0.00395169	-0.0038398469	0.30041132	
S11000.tib_ant-soleus.KS        	-0.00313645	-0.0033278206	0.29528749	
S11000.tib_ant-gastroc.KS       	-0.00331551	-0.0034093835	0.29362259	
S00111.soleus.KL                	4.0320893	4.0176915	0.034204499	
S00111.soleus.L0                	0.96407169	0.96827525	0.008802395	
S00111.soleus.KF                	0.23204034	0.2284401	0.0028310443	
S00111.soleus.KS                	0.16520068	0.15363636	0.025352922	
S00111.gastroc.KL               	0.07523758	0.079172416	0.037547661	
S00111.gastroc.L0               	0.8347752	0.84150229	0.015346459	
S00111.gastroc.KF               	1.4093185	1.4109866	0.001955571	
S00111.gastroc.KS               	0.17560968	0.17023855	0.017350786	
S11000.soleus.KL                	0.76235452	0.80770794	0.068023003	
S11000.soleus.L0                	0.89919552	0.90730911	0.014842648	
S11000.soleus.KF                	-0.87747781	-0.91513962	0.063179765	
S11000.soleus.KS                	0.10508186	0.1071775	0.05563411	
S11000.gastroc.KL               	0.00837043	0.0086662646	0.029962835	
S11000.gastroc.L0               	0.52646753	0.52028187	0.016163385	
S11000.gastroc.KF               	-1.7335028	-1.815691	0.038067468	
S11000.gastroc.KS               	0.2702507	0.26068276	0.035470649	
S00011.vasti.KF                 	0.80865514	0.81627272	0.0083039167	
S00011.vasti.C0                 	0.082387886	0.082073986	0.001885201	
S00011.vasti-knee_angle.pos_max 	-0.29879451	-0.30355899	0.0028749214	
S00011.hamstrings-pelvis_tilt.KP	0.69317503	0.72522209	0.033134316	
S00011.hamstrings-pelvis_tilt.KV	0.56749229	0.56728503	0.0016798364	
S00011.hamstrings-pelvis_tilt.C0	0.02514159	0.025765086	0.0036829057	
S00011.glut_max-pelvis_tilt.KP  	1.4649408	1.488838	0.027221432	
S00011.glut_max-pelvis_tilt.KV  	0.3129991	0.31320213	0.0016980083	
S00011.glut_max-pelvis_tilt.C0  	0.15500994	0.15967756	0.0028606114	
S00011.iliopsoas-pelvis_tilt.KP 	-3.4871141	-3.4631988	0.045700009	
S00011.iliopsoas-pelvis_tilt.KV 	-0.54247927	-0.54315132	0.0020859624	
S00011.iliopsoas-pelvis_tilt.C0 	0.33592971	0.33398695	0.0044990799	
S00100.iliopsoas.C0             	0.34093486	0.33792263	0.0024640334	
S00100.glut_max.C0              	-0.023950078	-0.025213115	0.0019079214	
S11000.iliopsoas.KL             	0.55806582	0.55938643	0.00210861	
S11000.iliopsoas.L0             	0.38835636	0.39069647	0.0023472538	
S11000.iliopsoas-pelvis_tilt.P0 	-0.045729967	-0.044315562	0.0018895333	
S11000.iliopsoas-pelvis_tilt.KP 	0.01196527	0.011206126	0.012061501	
S11000.iliopsoas-pelvis_tilt.KV 	0.1477265	0.14496947	0.0021719256	
S11000.iliopsoas-hamstrings.KL  	-8.192192	-8.2384878	0.076895646	
S11000.iliopsoas-hamstrings.L0  	1.1669992	1.1658511	0.0017534435	
S11000.hamstrings.KF            	0.57813674	0.57610372	0.0016862958	
S11000.glut_max.KF              	0.62306717	0.62207998	0.0019163761	
