pelvis_tilt.offset              	0.026512739	0.026586793	0.0003560326	
hip_flexion_r.offset            	0.068870272	0.068648581	0.00032838189	
knee_angle_r.offset             	0.0049776221	0.0050271147	0.00036477243	
ankle_angle_r.offset            	-0.057151182	-0.057126152	0.0004771716	
hip_flexion_l.offset            	-0.006234303	-0.0057611538	0.0006688892	
knee_angle_l.offset             	0.064103796	0.062844913	0.00052775224	
ankle_angle_l.offset            	0.18908125	0.18914641	0.00049605316	
stance_load_threshold           	0.14970652	0.14998229	0.00054192912	
S00111.tib_ant.KL               	1.2874798	1.2979057	0.0087261024	
S00111.tib_ant.L0               	0.75102235	0.75047718	0.0010081871	
S00111.tib_ant.KS               	0.000173	0.00016448339	0.0003269481	
S11000.tib_ant.KL               	1.2395551	1.2413491	0.0051741466	
S11000.tib_ant.L0               	0.73543092	0.73374876	0.00074903671	
S11000.tib_ant.KS               	0.034837699	0.034897149	0.0004576898	
S11111.tib_ant-soleus.KF        	-0.11481437	-0.11501774	0.0007874014	
S00111.soleus-tib_ant.KS        	-0.84781009	-0.84638882	0.010021925	
S00111.gastroc-tib_ant.KS       	-0.32952508	-0.32418633	0.0079538122	
S11000.soleus-tib_ant.KS        	-3.2483697	-3.2453157	0.01198755	
S11000.gastroc-tib_ant.KS       	-1.6133334	-1.6128578	0.010052243	
S00111.tib_ant-soleus.KS        	-0.00313515	-0.0033338058	0.066411996	
S00111.tib_ant-gastroc.KS       	-0.00395169	-0.0038167632	0.064694263	
S11000.tib_ant-soleus.KS        	-0.0034666	-0.0033127665	0.063590829	
S11000.tib_ant-gastroc.KS       	-0.00331551	-0.0035992736	0.06323229	
S00111.soleus.KL                	3.9550664	3.9717793	0.0088392195	
S00111.soleus.L0                	0.96156789	0.96030428	0.0021492648	
S00111.soleus.KF                	0.22705996	0.22638062	0.00072710105	
S00111.soleus.KS                	0.15360288	0.15634518	0.0058182124	
S00111.gastroc.KL               	0.08128304	0.078823807	0.0081875268	
S00111.gastroc.L0               	0.83578753	0.84809325	0.0038751792	
S00111.gastroc.KF               	1.4120871	1.4122572	0.00050367149	
S00111.gastroc.KS               	0.16345769	0.16309562	0.0040436859	
S11000.soleus.KL                	0.8224992	0.79771815	0.0164532	
S11000.soleus.L0                	0.89670215	0.90610718	0.0037546501	
S11000.soleus.KF                	-0.92364791	-0.93641765	0.015175519	
S11000.soleus.KS                	0.10396076	0.10545514	0.01211295	
S11000.gastroc.KL               	0.00837043	0.0084863252	0.0064544945	
S11000.gastroc.L0               	0.53151379	0.53541207	0.0040633406	
S11000.gastroc.KF               	-1.8780309	-1.8849849	0.0097024178	
S11000.gastroc.KS               	0.26460452	0.25952476	0.0082359785	
S00011.vasti.KF                 	0.81277379	0.81413346	0.0020674679	
S00011.vasti.C0                 	0.081314336	0.080792231	0.00045194578	
S00011.vasti-knee_angle.pos_max 	-0.31127563	-0.31046873	0.0007472114	
S00011.hamstrings-pelvis_tilt.KP	0.70930539	0.7194764	0.0083275538	
S00011.hamstrings-pelvis_tilt.KV	0.56727085	0.56635018	0.00043027455	
S00011.hamstrings-pelvis_tilt.C0	0.026606468	0.026373221	0.00085214813	
S00011.glut_max-pelvis_tilt.KP  	1.5274812	1.5273747	0.0068764227	
S00011.glut_max-pelvis_tilt.KV  	0.31236234	0.31261577	0.00044355223	
S00011.glut_max-pelvis_tilt.C0  	0.16007764	0.16068668	0.00073704636	
S00011.iliopsoas-pelvis_tilt.KP 	-3.5050688	-3.5081762	0.011620985	
S00011.iliopsoas-pelvis_tilt.KV 	-0.53859831	-0.53827735	0.00054022465	
S00011.iliopsoas-pelvis_tilt.C0 	0.33862289	0.33842863	0.0011775619	
S00100.iliopsoas.C0             	0.33823785	0.33795872	0.00063425303	
S00100.glut_max.C0              	-0.025254808	-0.024930476	0.00046082207	
S11000.iliopsoas.KL             	0.55978007	0.5603634	0.00054090419	
S11000.iliopsoas.L0             	0.3833727	0.38420791	0.0006051883	
S11000.iliopsoas-pelvis_tilt.P0 	-0.042662387	-0.042778946	0.00047428497	
S11000.iliopsoas-pelvis_tilt.KP 	0.011206933	0.011269718	0.0026054619	
S11000.iliopsoas-pelvis_tilt.KV 	0.14398119	0.1440205	0.00055943621	
S11000.iliopsoas-hamstrings.KL  	-8.1160913	-8.1150607	0.019764556	
S11000.iliopsoas-hamstrings.L0  	1.1667594	1.1670295	0.00044689142	
S11000.hamstrings.KF            	0.57029198	0.57049407	0.0004508992	
S11000.glut_max.KF              	0.6226138	0.62300751	0.0004953316	
