pelvis_tilt.offset              	0.027027551	0.027046762	4.80532e-05	
hip_flexion_r.offset            	0.067539003	0.067560973	4.4144767e-05	
knee_angle_r.offset             	0.0056387714	0.0056362457	4.9439257e-05	
ankle_angle_r.offset            	-0.056122539	-0.056165756	6.2361995e-05	
hip_flexion_l.offset            	-0.0061213324	-0.006151969	9.0035845e-05	
knee_angle_l.offset             	0.063198821	0.063172365	6.9509239e-05	
ankle_angle_l.offset            	0.19012222	0.19006556	6.5352452e-05	
stance_load_threshold           	0.15054648	0.15065238	7.0873915e-05	
S00111.tib_ant.KL               	1.3029257	1.3014667	0.0011414106	
S00111.tib_ant.L0               	0.75022865	0.75016102	0.00013696311	
S00111.tib_ant.KS               	0.00016021266	0.00016487179	3.0286966e-05	
S11000.tib_ant.KL               	1.237548	1.2381712	0.00070106279	
S11000.tib_ant.L0               	0.73162087	0.73162519	0.00010076223	
S11000.tib_ant.KS               	0.035428428	0.035378787	5.9661159e-05	
S11111.tib_ant-soleus.KF        	-0.11549777	-0.1155086	9.9384915e-05	
S00111.soleus-tib_ant.KS        	-0.83468966	-0.83452659	0.001287806	
S00111.gastroc-tib_ant.KS       	-0.33048498	-0.32951392	0.00092244067	
S11000.soleus-tib_ant.KS        	-3.2666364	-3.2655169	0.0015680447	
S11000.gastroc-tib_ant.KS       	-1.630972	-1.6307968	0.0013397059	
S00111.tib_ant-soleus.KS        	-0.00346517	-0.0033737654	0.0061223662	
S00111.tib_ant-gastroc.KS       	-0.00395169	-0.0038351084	0.0059641428	
S11000.tib_ant-soleus.KS        	-0.0034666	-0.0033202284	0.0058623244	
S11000.tib_ant-gastroc.KS       	-0.00331551	-0.003484938	0.0058293176	
S00111.soleus.KL                	3.9677295	3.9671458	0.0011572246	
S00111.soleus.L0                	0.96213038	0.96219364	0.00027646558	
S00111.soleus.KF                	0.22553044	0.225388	9.6831429e-05	
S00111.soleus.KS                	0.15961988	0.16018111	0.00073001352	
S00111.gastroc.KL               	0.079957423	0.079628934	0.00093671846	
S00111.gastroc.L0               	0.84506378	0.8446495	0.00052642635	
S00111.gastroc.KF               	1.4126325	1.412594	6.6001046e-05	
S00111.gastroc.KS               	0.16442653	0.16461241	0.00048154514	
S11000.soleus.KL                	0.81405181	0.81024964	0.0021234234	
S11000.soleus.L0                	0.89272166	0.89243056	0.00050872551	
S11000.soleus.KF                	-0.90205452	-0.89984423	0.0020107372	
S11000.soleus.KS                	0.10293362	0.10464517	0.0013999514	
S11000.gastroc.KL               	0.0091443191	0.0087021603	0.00061112784	
S11000.gastroc.L0               	0.54269964	0.54359349	0.00053079416	
S11000.gastroc.KF               	-1.8653337	-1.865315	0.0012714651	
S11000.gastroc.KS               	0.26589756	0.2675198	0.0010346359	
S00011.vasti.KF                 	0.82074479	0.82088655	0.00027294555	
S00011.vasti.C0                 	0.080467882	0.080507184	5.8145608e-05	
S00011.vasti-knee_angle.pos_max 	-0.31311116	-0.31302481	0.00010210425	
S00011.hamstrings-pelvis_tilt.KP	0.73360323	0.73397387	0.001133354	
S00011.hamstrings-pelvis_tilt.KV	0.56497243	0.56496578	5.6993003e-05	
S00011.hamstrings-pelvis_tilt.C0	0.026973186	0.027104531	0.00011049728	
S00011.glut_max-pelvis_tilt.KP  	1.5467135	1.5459055	0.00092524505	
S00011.glut_max-pelvis_tilt.KV  	0.31376534	0.31372551	5.8072175e-05	
S00011.glut_max-pelvis_tilt.C0  	0.1597431	0.15986187	9.5921527e-05	
S00011.iliopsoas-pelvis_tilt.KP 	-3.4971869	-3.4965434	0.0015441526	
S00011.iliopsoas-pelvis_tilt.KV 	-0.53812172	-0.53804284	7.1561964e-05	
S00011.iliopsoas-pelvis_tilt.C0 	0.34031124	0.34036321	0.00015233228	
S00100.iliopsoas.C0             	0.33614991	0.33610189	8.6114451e-05	
S00100.glut_max.C0              	-0.024750503	-0.024720121	6.0247217e-05	
S11000.iliopsoas.KL             	0.56067336	0.56057812	7.052328e-05	
S11000.iliopsoas.L0             	0.38338871	0.38350908	8.0903877e-05	
S11000.iliopsoas-pelvis_tilt.P0 	-0.043149577	-0.043206935	6.2142136e-05	
S11000.iliopsoas-pelvis_tilt.KP 	0.011146705	0.010970536	0.00027333854	
S11000.iliopsoas-pelvis_tilt.KV 	0.14348492	0.14354852	7.5276108e-05	
S11000.iliopsoas-hamstrings.KL  	-8.0954595	-8.096797	0.0025878366	
S11000.iliopsoas-hamstrings.L0  	1.1689671	1.1689888	6.0751333e-05	
S11000.hamstrings.KF            	0.57090243	0.57097991	6.0552081e-05	
S11000.glut_max.KF              	0.6221332	0.62216145	6.5632936e-05	
