pelvis_tilt.offset              	0.018926851	0.018933704	9.5644748e-05	
hip_flexion_r.offset            	0.068418772	0.068418952	8.8545542e-05	
knee_angle_r.offset             	-0.00025946554	-0.00030878181	9.9710759e-05	
ankle_angle_r.offset            	-0.055815127	-0.056051228	0.00012727442	
hip_flexion_l.offset            	-0.00075879998	-0.00075255936	0.00018081377	
knee_angle_l.offset             	0.051104518	0.051216118	0.00014238383	
ankle_angle_l.offset            	0.18791431	0.18793775	0.0001339954	
stance_load_threshold           	0.15172787	0.15170068	0.00014600653	
S00111.tib_ant.KL               	1.3009275	1.302488	0.0023511323	
S00111.tib_ant.L0               	0.74550764	0.74491147	0.00027555164	
S00111.tib_ant.KS               	0.00015652	0.00016348367	7.1543065e-05	
S11000.tib_ant.KL               	1.2012201	1.199599	0.001373261	
S11000.tib_ant.L0               	0.74300621	0.74291244	0.00020351697	
S11000.tib_ant.KS               	0.033816855	0.033837187	0.00011920551	
S11111.tib_ant-soleus.KF        	-0.10593483	-0.10607864	0.0002147244	
S00111.soleus-tib_ant.KS        	-0.8433007	-0.84888343	0.0027400727	
S11000.soleus-tib_ant.KS        	-3.2280387	-3.2308625	0.0032688068	
S00111.gastroc-tib_ant.KS       	-0.34779901	-0.34817418	0.0020207717	
S11000.gastroc-tib_ant.KS       	-1.7031361	-1.7039476	0.0026924947	
S00111.tib_ant-gastroc.KS       	-0.00395169	-0.0037685756	0.014142687	
S11000.tib_ant-gastroc.KS       	-0.00366451	-0.0034775878	0.013823063	
S00111.tib_ant-soleus.KS        	-0.00313515	-0.0033449654	0.014518131	
S11000.tib_ant-soleus.KS        	-0.0034666	-0.0032400417	0.013901426	
S00111.gastroc.KL               	0.078983055	0.078035485	0.002010002	
S00111.gastroc.L0               	0.83801092	0.83836217	0.001079203	
S00111.gastroc.KF               	1.4093648	1.4092879	0.00013519781	
S00111.soleus.KL                	4.0819214	4.0826884	0.0024120183	
S00111.soleus.L0                	0.96348447	0.96332197	0.0006091977	
S00111.soleus.KF                	0.23546243	0.2357596	0.00020056332	
S11000.gastroc.KL               	0.00925153	0.0088919634	0.0014207501	
S11000.gastroc.L0               	0.52790481	0.52712263	0.0011144708	
S11000.gastroc.KF               	-1.8141793	-1.8134755	0.0026752776	
S11000.soleus.KL                	0.82543885	0.82492628	0.004278441	
S11000.soleus.L0                	0.9040922	0.90413871	0.0010361778	
S11000.soleus.KF                	-0.91557165	-0.91365255	0.0041232498	
S00011.vasti.KF                 	0.82653751	0.82713215	0.00055251214	
S00011.vasti.C0                 	0.080277781	0.080332444	0.00011928196	
S00011.vasti-knee_angle.pos_max 	-0.30675985	-0.30674819	0.00019874453	
S00011.hamstrings-pelvis_tilt.KP	0.73727232	0.73554097	0.0021579677	
S00011.hamstrings-pelvis_tilt.KV	0.56821442	0.56801558	0.00011460935	
S00011.hamstrings-pelvis_tilt.C0	0.027368806	0.027510945	0.00022152487	
S00011.glut_max-pelvis_tilt.KP  	1.437321	1.4416115	0.0019097889	
S00011.glut_max-pelvis_tilt.KV  	0.3181144	0.31822503	0.00012697531	
S00011.glut_max-pelvis_tilt.C0  	0.16320675	0.163063	0.00020428152	
S00011.iliopsoas-pelvis_tilt.KP 	-3.5852132	-3.5862426	0.0032036774	
S00011.iliopsoas-pelvis_tilt.KV 	-0.5460257	-0.54621778	0.00015214896	
S00011.iliopsoas-pelvis_tilt.C0 	0.32779608	0.3284103	0.00032958526	
S00100.iliopsoas.C0             	0.34115101	0.34123846	0.00017173738	
S00100.glut_max.C0              	-0.025681521	-0.025648843	0.0001210544	
S11000.iliopsoas.KL             	0.56038463	0.56047531	0.00014296445	
S11000.iliopsoas.L0             	0.38957604	0.38953265	0.00016475972	
S11000.iliopsoas-pelvis_tilt.P0 	-0.04270219	-0.042911611	0.00013008958	
S11000.iliopsoas-pelvis_tilt.KP 	0.01196527	0.011537701	0.00059671993	
S11000.iliopsoas-pelvis_tilt.KV 	0.14511965	0.14507956	0.00014827262	
S11000.iliopsoas-hamstrings.KL  	-8.2149268	-8.2167168	0.0052952526	
S11000.iliopsoas-hamstrings.L0  	1.1692717	1.1694979	0.00012204911	
S11000.hamstrings.KF            	0.57426981	0.57442271	0.00011658509	
S11000.glut_max.KF              	0.61985631	0.61967893	0.00013027481	
