pelvis_tilt.offset              	0.019072118	0.019078442	1.2318744e-05	
hip_flexion_r.offset            	0.068559308	0.068561691	1.1550086e-05	
knee_angle_r.offset             	-0.00040239457	-0.00038029817	1.2972833e-05	
ankle_angle_r.offset            	-0.056012077	-0.0560131	1.599046e-05	
hip_flexion_l.offset            	-0.00022687095	-0.00027561521	2.31807e-05	
knee_angle_l.offset             	0.05111689	0.051117039	1.8351448e-05	
ankle_angle_l.offset            	0.18794837	0.18798763	1.7055961e-05	
stance_load_threshold           	0.15111802	0.15115541	1.8786092e-05	
S00111.tib_ant.KL               	1.3072046	1.3074194	0.0003194601	
S00111.tib_ant.L0               	0.74611696	0.74609543	3.5330991e-05	
S00111.tib_ant.KS               	0.0001615948	0.00016655037	5.8017637e-06	
S11000.tib_ant.KL               	1.2015985	1.201441	0.00017544753	
S11000.tib_ant.L0               	0.74310973	0.74311389	2.5405073e-05	
S11000.tib_ant.KS               	0.034078472	0.034062339	1.5304041e-05	
S11111.tib_ant-soleus.KF        	-0.10656245	-0.10657325	2.8440428e-05	
S00111.soleus-tib_ant.KS        	-0.85574978	-0.85591405	0.00035270835	
S11000.soleus-tib_ant.KS        	-3.2239187	-3.2239917	0.00042575839	
S00111.gastroc-tib_ant.KS       	-0.34889312	-0.3488509	0.0002429657	
S11000.gastroc-tib_ant.KS       	-1.6994014	-1.6996781	0.00033378652	
S00111.tib_ant-gastroc.KS       	-0.00395169	-0.0037946541	0.00098381205	
S11000.tib_ant-gastroc.KS       	-0.00366451	-0.0035030904	0.0009611465	
S00111.tib_ant-soleus.KS        	-0.00313515	-0.0032859101	0.0010084619	
S11000.tib_ant-soleus.KS        	-0.00313645	-0.0032769684	0.00096604266	
S00111.gastroc.KL               	0.077666163	0.077518583	0.0002592177	
S00111.gastroc.L0               	0.83365018	0.8337351	0.00014468004	
S00111.gastroc.KF               	1.4092714	1.4092845	1.7785829e-05	
S00111.soleus.KL                	4.0827094	4.0822815	0.00031830182	
S00111.soleus.L0                	0.96268	0.96269999	7.6335166e-05	
S00111.soleus.KF                	0.23569252	0.235728	2.6110048e-05	
S11000.gastroc.KL               	0.008844633	0.0088754275	0.00013846327	
S11000.gastroc.L0               	0.52366256	0.52375462	0.00014509634	
S11000.gastroc.KF               	-1.8097406	-1.8097472	0.00034933312	
S11000.soleus.KL                	0.81745178	0.81729145	0.00054361429	
S11000.soleus.L0                	0.90552612	0.90552852	0.00013444481	
S11000.soleus.KF                	-0.91846498	-0.91932864	0.00054086209	
S00011.vasti.KF                 	0.82800987	0.82798913	7.2509561e-05	
S00011.vasti.C0                 	0.08036637	0.080381245	1.5110391e-05	
S00011.vasti-knee_angle.pos_max 	-0.30610798	-0.30609861	2.5208558e-05	
S00011.hamstrings-pelvis_tilt.KP	0.73613973	0.73653027	0.00028864471	
S00011.hamstrings-pelvis_tilt.KV	0.56804045	0.56803673	1.4656721e-05	
S00011.hamstrings-pelvis_tilt.C0	0.027532752	0.027491329	2.6723327e-05	
S00011.glut_max-pelvis_tilt.KP  	1.4417578	1.4416289	0.00024433117	
S00011.glut_max-pelvis_tilt.KV  	0.31785629	0.31785488	1.6630054e-05	
S00011.glut_max-pelvis_tilt.C0  	0.16280178	0.1627775	2.5843665e-05	
S00011.iliopsoas-pelvis_tilt.KP 	-3.5803127	-3.5801729	0.00041992087	
S00011.iliopsoas-pelvis_tilt.KV 	-0.54632522	-0.54631583	1.8822392e-05	
S00011.iliopsoas-pelvis_tilt.C0 	0.32774135	0.32776305	4.199455e-05	
S00100.iliopsoas.C0             	0.34100866	0.34100301	2.2064439e-05	
S00100.glut_max.C0              	-0.02572208	-0.025709199	1.5849787e-05	
S11000.iliopsoas.KL             	0.56040384	0.56040164	1.8672841e-05	
S11000.iliopsoas.L0             	0.38981408	0.38981743	2.2205556e-05	
S11000.iliopsoas-pelvis_tilt.P0 	-0.042979591	-0.042983548	1.6700076e-05	
S11000.iliopsoas-pelvis_tilt.KP 	0.011221302	0.011141012	6.914106e-05	
S11000.iliopsoas-pelvis_tilt.KV 	0.14470662	0.14474417	2.0345019e-05	
S11000.iliopsoas-hamstrings.KL  	-8.2246815	-8.2232494	0.00067926877	
S11000.iliopsoas-hamstrings.L0  	1.1697119	1.1696975	1.5508779e-05	
S11000.hamstrings.KF            	0.57425052	0.57424691	1.5223584e-05	
S11000.glut_max.KF              	0.61958198	0.61957543	1.726298e-05	
