pelvis_tilt.offset              	0.022356486	0.02043891	0.0014255339	
hip_flexion_r.offset            	0.06876953	0.069173938	0.001343952	
knee_angle_r.offset             	0.00035271313	0.00077338758	0.0014694811	
ankle_angle_r.offset            	-0.059370813	-0.057551655	0.0019210597	
hip_flexion_l.offset            	-0.0083629462	-0.0076230565	0.0027308561	
knee_angle_l.offset             	0.062286072	0.057357496	0.0020966991	
ankle_angle_l.offset            	0.18551367	0.18794719	0.0020078336	
stance_load_threshold           	0.14678507	0.15113961	0.002209631	
S00111.tib_ant.KL               	1.29622	1.252332	0.036616986	
S00111.tib_ant.L0               	0.7634808	0.76502543	0.0039277319	
S00111.tib_ant.KS               	0.000173	0.00016163675	0.0015931799	
S11000.tib_ant.KL               	1.1989099	1.1916268	0.020830894	
S11000.tib_ant.L0               	0.74227377	0.73845234	0.003034363	
S11000.tib_ant.KS               	0.03726336	0.035763275	0.0019447739	
S11111.tib_ant-soleus.KF        	-0.10533343	-0.11038781	0.0033065502	
S00111.soleus-tib_ant.KS        	-0.87873106	-0.87347238	0.042241505	
S11000.soleus-tib_ant.KS        	-3.2798161	-3.2539728	0.048496846	
S00111.gastroc-tib_ant.KS       	-0.32171493	-0.3315214	0.036837076	
S11000.gastroc-tib_ant.KS       	-1.6789924	-1.665429	0.040550774	
S00111.tib_ant-gastroc.KS       	-0.00357534	-0.0037801807	0.3152611	
S11000.tib_ant-gastroc.KS       	-0.00366451	-0.003508564	0.30813679	
S00111.tib_ant-soleus.KS        	-0.00346517	-0.003348527	0.32363181	
S11000.tib_ant-soleus.KS        	-0.0034666	-0.0033129111	0.30988399	
S00111.gastroc.L0               	0.7968718	0.82859011	0.016087548	
S00111.gastroc.KF               	1.4102031	1.4113781	0.002047076	
S00111.gastroc.KS               	0.169673	0.1694397	0.018203849	
S00111.soleus.L0                	0.9839012	0.97118306	0.0092184728	
S00111.soleus.KF                	0.22938942	0.22984699	0.0029691461	
S00111.soleus.KS                	0.14946728	0.15456603	0.02660181	
S11000.gastroc.KL               	0.00837043	0.008847884	0.031443931	
S11000.gastroc.L0               	0.54264172	0.52484312	0.016948152	
S11000.gastroc.KF               	-1.8440783	-1.8268728	0.039888955	
S11000.gastroc.KS               	0.27887874	0.2648115	0.03721642	
S11000.soleus.KL                	0.84260236	0.82012432	0.071348489	
S11000.soleus.L0                	0.89916731	0.89938078	0.01556632	
S11000.soleus.KF                	-0.86753488	-0.90830085	0.066261519	
S11000.soleus.KS                	0.1022613	0.10631052	0.058383102	
S00011.vasti.KF                 	0.81127275	0.81432468	0.0087184505	
S00011.vasti.C0                 	0.08313803	0.083598821	0.0019703062	
S00011.vasti-knee_angle.pos_max 	-0.30167868	-0.3046965	0.0030053136	
S00011.hamstrings-pelvis_tilt.KP	0.71700899	0.69295561	0.034741469	
S00011.hamstrings-pelvis_tilt.KV	0.5656246	0.56601627	0.0017535701	
S00011.hamstrings-pelvis_tilt.C0	0.02514159	0.025962844	0.0038644616	
S00011.glut_max-pelvis_tilt.KP  	1.4950721	1.4867382	0.028441916	
S00011.glut_max-pelvis_tilt.KV  	0.31299006	0.31299071	0.001780966	
S00011.glut_max-pelvis_tilt.C0  	0.16664656	0.16058158	0.0030013453	
S00011.iliopsoas-pelvis_tilt.KP 	-3.464926	-3.5138769	0.047924449	
S00011.iliopsoas-pelvis_tilt.KV 	-0.54436165	-0.54313433	0.0021844316	
S00011.iliopsoas-pelvis_tilt.C0 	0.33367327	0.33168492	0.0047121919	
S00100.iliopsoas.C0             	0.33817151	0.33671247	0.002581168	
S00100.glut_max.C0              	-0.023691745	-0.024290743	0.00200089	
S11000.iliopsoas.KL             	0.55950478	0.56158288	0.0022094661	
S11000.iliopsoas.L0             	0.39167751	0.39228969	0.0024561141	
S11000.iliopsoas-pelvis_tilt.P0 	-0.045950025	-0.044791714	0.001980345	
S11000.iliopsoas-pelvis_tilt.KP 	0.01082572	0.011223736	0.012657655	
S11000.iliopsoas-pelvis_tilt.KV 	0.14518466	0.1453279	0.0022750064	
S11000.iliopsoas-hamstrings.KL  	-8.1804632	-8.251325	0.080420063	
S11000.iliopsoas-hamstrings.L0  	1.1627379	1.1653887	0.0018392444	
S11000.hamstrings.KF            	0.57474401	0.57463636	0.0017659999	
S11000.glut_max.KF              	0.62070715	0.62122605	0.0020041309	
