pelvis_tilt.offset              	0.020632623	0.020429077	0.001384361	
hip_flexion_r.offset            	0.07058987	0.068939932	0.0013046444	
knee_angle_r.offset             	-9.7079409e-05	0.001138165	0.001428049	
ankle_angle_r.offset            	-0.054008672	-0.057275755	0.0018644169	
hip_flexion_l.offset            	-0.0054396776	-0.0078361311	0.0026528906	
knee_angle_l.offset             	0.06250834	0.058814853	0.0020427067	
ankle_angle_l.offset            	0.18687829	0.18742791	0.0019474398	
stance_load_threshold           	0.14705631	0.14999531	0.0021492603	
S00111.tib_ant.KL               	1.281002	1.2589105	0.035548856	
S00111.tib_ant.L0               	0.77111339	0.76518	0.0038103298	
S00111.tib_ant.KS               	0.000173	0.00016505713	0.0015433895	
S11000.tib_ant.KL               	1.2225622	1.1807041	0.020240069	
S11000.tib_ant.L0               	0.73372766	0.73823338	0.0029480119	
S11000.tib_ant.KS               	0.034960039	0.036342148	0.0018858999	
S11111.tib_ant-soleus.KF        	-0.11108756	-0.10982907	0.0032104177	
S00111.soleus-tib_ant.KS        	-0.80888339	-0.87099652	0.040952676	
S11000.soleus-tib_ant.KS        	-3.2822067	-3.2617883	0.047191309	
S00111.gastroc-tib_ant.KS       	-0.328676	-0.3333197	0.035695931	
S11000.gastroc-tib_ant.KS       	-1.6298849	-1.679391	0.039351694	
S00111.tib_ant-gastroc.KS       	-0.00395169	-0.0036974372	0.30540847	
S11000.tib_ant-gastroc.KS       	-0.00331551	-0.0035294397	0.29850681	
S00111.tib_ant-soleus.KS        	-0.00313515	-0.003412036	0.31351758	
S11000.tib_ant-soleus.KS        	-0.0034666	-0.0033855735	0.30019941	
S00111.gastroc.L0               	0.83528914	0.82039072	0.015669577	
S00111.gastroc.KF               	1.4099327	1.4116542	0.0019857611	
S00111.gastroc.KS               	0.17739288	0.17152919	0.017639594	
S00111.soleus.L0                	0.97962999	0.97523004	0.0089546313	
S00111.soleus.KF                	0.23245957	0.2306049	0.0028832834	
S00111.soleus.KS                	0.14946728	0.15406447	0.025773833	
S11000.gastroc.KL               	0.00837043	0.0087549979	0.030461252	
S11000.gastroc.L0               	0.53982116	0.52547171	0.0164562	
S11000.gastroc.KF               	-1.8032792	-1.8143876	0.038734316	
S11000.gastroc.KS               	0.27887874	0.26595931	0.036064505	
S11000.soleus.KL                	0.76235452	0.8131048	0.069157846	
S11000.soleus.L0                	0.92240136	0.89776473	0.015100979	
S11000.soleus.KF                	-0.86753488	-0.92287933	0.06425174	
S11000.soleus.KS                	0.11302564	0.10734162	0.056559699	
S00011.vasti.KF                 	0.80733101	0.81214031	0.0084629539	
S00011.vasti.C0                 	0.080526358	0.083124153	0.0019112206	
S00011.vasti-knee_angle.pos_max 	-0.31069185	-0.30297851	0.0029204452	
S00011.hamstrings-pelvis_tilt.KP	0.70938768	0.70097037	0.033691698	
S00011.hamstrings-pelvis_tilt.KV	0.56700485	0.56580755	0.0017022247	
S00011.hamstrings-pelvis_tilt.C0	0.02778807	0.026190761	0.0037446772	
S00011.glut_max-pelvis_tilt.KP  	1.4902261	1.4896078	0.027617823	
S00011.glut_max-pelvis_tilt.KV  	0.31133335	0.31204096	0.0017316564	
S00011.glut_max-pelvis_tilt.C0  	0.16300256	0.16150623	0.0029220656	
S00011.iliopsoas-pelvis_tilt.KP 	-3.4720343	-3.5099138	0.046524878	
S00011.iliopsoas-pelvis_tilt.KV 	-0.54258408	-0.5436416	0.0021233602	
S00011.iliopsoas-pelvis_tilt.C0 	0.33513925	0.33510528	0.0045917127	
S00100.iliopsoas.C0             	0.33850209	0.33686371	0.0025087898	
S00100.glut_max.C0              	-0.02588599	-0.023939549	0.0019390713	
S11000.iliopsoas.KL             	0.55960179	0.56349481	0.0021545145	
S11000.iliopsoas.L0             	0.39056811	0.39141306	0.002382225	
S11000.iliopsoas-pelvis_tilt.P0 	-0.043387729	-0.043886326	0.0019225544	
S11000.iliopsoas-pelvis_tilt.KP 	0.01196527	0.01124432	0.012262132	
S11000.iliopsoas-pelvis_tilt.KV 	0.14822675	0.14569312	0.0022074247	
S11000.iliopsoas-hamstrings.KL  	-8.3191867	-8.2665078	0.078085974	
S11000.iliopsoas-hamstrings.L0  	1.1617433	1.1649501	0.0017857761	
S11000.hamstrings.KF            	0.57863699	0.57472011	0.0017143878	
S11000.glut_max.KF              	0.62264848	0.62108873	0.0019474548	
