pelvis_tilt.offset              	0.017890313	0.020148772	0.0012509478	
hip_flexion_r.offset            	0.06764247	0.068627567	0.0011748503	
knee_angle_r.offset             	0.00024546568	0.0013813007	0.0012886476	
ankle_angle_r.offset            	-0.059020118	-0.058150573	0.0016821048	
hip_flexion_l.offset            	-0.010675742	-0.01040499	0.002401009	
knee_angle_l.offset             	0.058347976	0.061056469	0.0018462802	
ankle_angle_l.offset            	0.18513349	0.18669646	0.0017557575	
stance_load_threshold           	0.15068086	0.14922122	0.0019495204	
S00111.tib_ant.KL               	1.2124441	1.2623691	0.032030621	
S00111.tib_ant.L0               	0.76113694	0.7641776	0.0034517859	
S00111.tib_ant.KS               	0.000173	0.00016264878	0.0013790579	
S11000.tib_ant.KL               	1.1592564	1.1879315	0.018244444	
S11000.tib_ant.L0               	0.73537139	0.73655361	0.0026644625	
S11000.tib_ant.KS               	0.03371447	0.035079805	0.0016925368	
S11111.tib_ant-soleus.KF        	-0.10533343	-0.11021881	0.0028886391	
S00111.soleus-tib_ant.KS        	-0.80888339	-0.84654063	0.036790599	
S11000.soleus-tib_ant.KS        	-3.1963336	-3.2816576	0.042656252	
S00111.gastroc-tib_ant.KS       	-0.32171493	-0.3363448	0.031951395	
S11000.gastroc-tib_ant.KS       	-1.6462413	-1.6562899	0.035574697	
S00111.tib_ant-gastroc.KS       	-0.00357534	-0.0037824508	0.27289016	
S11000.tib_ant-gastroc.KS       	-0.00366451	-0.0034523969	0.26672335	
S00111.tib_ant-soleus.KS        	-0.00313515	-0.0032451476	0.28013585	
S11000.tib_ant-soleus.KS        	-0.0034666	-0.0032737355	0.26823573	
S00111.gastroc.L0               	0.81474443	0.82321018	0.014089115	
S00111.gastroc.KF               	1.4138432	1.4121675	0.0017981085	
S00111.gastroc.KS               	0.17739288	0.17525	0.015785353	
S00111.soleus.L0                	0.98151781	0.98128385	0.0080862956	
S00111.soleus.KF                	0.23288323	0.23545616	0.0026155015	
S00111.soleus.KS                	0.15600435	0.15912501	0.023049666	
S11000.gastroc.KL               	0.00925153	0.0089993227	0.027217959	
S11000.gastroc.L0               	0.54416873	0.54059635	0.014815522	
S11000.gastroc.KF               	-1.9027548	-1.836299	0.034935596	
S11000.gastroc.KS               	0.27887874	0.26011839	0.032263685	
S11000.soleus.KL                	0.76262782	0.80452024	0.061969484	
S11000.soleus.L0                	0.92751224	0.89812854	0.013656834	
S11000.soleus.KF                	-0.87493412	-0.89566663	0.057614206	
S11000.soleus.KS                	0.1022613	0.10974585	0.050542585	
S00011.vasti.KF                 	0.82166055	0.8162969	0.007623249	
S00011.vasti.C0                 	0.080505058	0.082118015	0.0017217861	
S00011.vasti-knee_angle.pos_max 	-0.30635148	-0.30553867	0.0026471923	
S00011.hamstrings-pelvis_tilt.KP	0.71783728	0.70906339	0.030277461	
S00011.hamstrings-pelvis_tilt.KV	0.56551757	0.56589076	0.0015355429	
S00011.hamstrings-pelvis_tilt.C0	0.02778807	0.026537143	0.0033498689	
S00011.glut_max-pelvis_tilt.KP  	1.4871501	1.4910527	0.024903214	
S00011.glut_max-pelvis_tilt.KV  	0.3138098	0.31293403	0.0015626974	
S00011.glut_max-pelvis_tilt.C0  	0.1601607	0.16141295	0.0026387438	
S00011.iliopsoas-pelvis_tilt.KP 	-3.4912161	-3.5306936	0.041896219	
S00011.iliopsoas-pelvis_tilt.KV 	-0.54350077	-0.54250104	0.0019138648	
S00011.iliopsoas-pelvis_tilt.C0 	0.33380521	0.33070972	0.0041396911	
S00100.iliopsoas.C0             	0.33756732	0.33691464	0.0022707661	
S00100.glut_max.C0              	-0.024362977	-0.024777038	0.0017375735	
S11000.iliopsoas.KL             	0.56461207	0.56389723	0.0019530982	
S11000.iliopsoas.L0             	0.39533629	0.39055851	0.0021496743	
S11000.iliopsoas-pelvis_tilt.P0 	-0.044522624	-0.043310539	0.0017273862	
S11000.iliopsoas-pelvis_tilt.KP 	0.01082572	0.011151797	0.010956797	
S11000.iliopsoas-pelvis_tilt.KV 	0.14805149	0.14693527	0.001986399	
S11000.iliopsoas-hamstrings.KL  	-8.2509458	-8.1902129	0.070494736	
S11000.iliopsoas-hamstrings.L0  	1.1621538	1.1630957	0.0016173545	
S11000.hamstrings.KF            	0.57566097	0.5773305	0.0015478143	
S11000.glut_max.KF              	0.6221701	0.62145086	0.0017557161	
