pelvis_tilt.offset              	0.022446934	0.02102605	0.00088332741	
hip_flexion_r.offset            	0.069170329	0.067860329	0.0008325017	
knee_angle_r.offset             	0.00037512148	0.0021482194	0.00091322753	
ankle_angle_r.offset            	-0.058798418	-0.057758889	0.0011889935	
hip_flexion_l.offset            	-0.0073703784	-0.0090497107	0.0017047042	
knee_angle_l.offset             	0.058844049	0.059546714	0.0013034312	
ankle_angle_l.offset            	0.18808858	0.18653342	0.0012413162	
stance_load_threshold           	0.15203902	0.15217495	0.0013823535	
S00111.tib_ant.KL               	1.2928835	1.2954428	0.022650783	
S00111.tib_ant.L0               	0.75756622	0.76072314	0.0024475047	
S00111.tib_ant.KS               	0.00015652	0.00016215486	0.00094598699	
S11000.tib_ant.KL               	1.1984946	1.2079784	0.012908043	
S11000.tib_ant.L0               	0.73506174	0.73588523	0.001892116	
S11000.tib_ant.KS               	0.036017492	0.035287228	0.0011851158	
S11111.tib_ant-soleus.KF        	-0.10966493	-0.11041038	0.0020318444	
S00111.soleus-tib_ant.KS        	-0.82946309	-0.86585564	0.025763711	
S11000.soleus-tib_ant.KS        	-3.3019059	-3.303128	0.030151411	
S00111.gastroc-tib_ant.KS       	-0.35557966	-0.33019144	0.022035696	
S11000.gastroc-tib_ant.KS       	-1.616932	-1.671545	0.025040717	
S00111.tib_ant-gastroc.KS       	-0.00357534	-0.0037063858	0.18719309	
S11000.tib_ant-gastroc.KS       	-0.00366451	-0.0034719523	0.18296288	
S00111.tib_ant-soleus.KS        	-0.00346517	-0.0032583035	0.19216338	
S11000.tib_ant-soleus.KS        	-0.00313645	-0.0033297461	0.18400032	
S00111.gastroc.L0               	0.81288984	0.83108562	0.0099526595	
S00111.gastroc.KF               	1.4148887	1.4157328	0.0012894966	
S00111.gastroc.KS               	0.17739288	0.17216712	0.010891777	
S00111.soleus.L0                	0.99742423	0.98918943	0.0057090997	
S00111.soleus.KF                	0.23729079	0.23241178	0.0018501435	
S00111.soleus.KS                	0.15466944	0.1574167	0.015867376	
S11000.gastroc.KL               	0.00837043	0.0086235525	0.018670759	
S11000.gastroc.L0               	0.53420009	0.53855648	0.010382236	
S11000.gastroc.KF               	-1.8683459	-1.8525995	0.024744132	
S11000.gastroc.KS               	0.25231886	0.26278715	0.022247708	
S11000.soleus.KL                	0.7959026	0.79271333	0.042972885	
S11000.soleus.L0                	0.90443578	0.88909923	0.009652625	
S11000.soleus.KF                	-0.9156052	-0.92424209	0.040066393	
S11000.soleus.KS                	0.1083149	0.10582354	0.034685587	
S00011.vasti.KF                 	0.82354245	0.8254291	0.0053536046	
S00011.vasti.C0                 	0.081634217	0.08111829	0.0012025397	
S00011.vasti-knee_angle.pos_max 	-0.30440747	-0.30502376	0.0018699475	
S00011.hamstrings-pelvis_tilt.KP	0.73430252	0.71564164	0.021040851	
S00011.hamstrings-pelvis_tilt.KV	0.56682183	0.56598497	0.00107965	
S00011.hamstrings-pelvis_tilt.C0	0.02514159	0.025815615	0.0023079759	
S00011.glut_max-pelvis_tilt.KP  	1.4218133	1.4452211	0.017651434	
S00011.glut_max-pelvis_tilt.KV  	0.31125902	0.31259715	0.0010996165	
S00011.glut_max-pelvis_tilt.C0  	0.15461602	0.15825111	0.0018655929	
S00011.iliopsoas-pelvis_tilt.KP 	-3.4804253	-3.4571797	0.029685058	
S00011.iliopsoas-pelvis_tilt.KV 	-0.54107108	-0.54253044	0.0013520271	
S00011.iliopsoas-pelvis_tilt.C0 	0.32540663	0.32919189	0.0029334758	
S00100.iliopsoas.C0             	0.33749517	0.33651923	0.0016004076	
S00100.glut_max.C0              	-0.024538515	-0.024588796	0.0012050668	
S11000.iliopsoas.KL             	0.56257941	0.56303003	0.0013792804	
S11000.iliopsoas.L0             	0.39912812	0.39462362	0.0015321958	
S11000.iliopsoas-pelvis_tilt.P0 	-0.044657438	-0.044639661	0.0012074997	
S11000.iliopsoas-pelvis_tilt.KP 	0.01196527	0.011459992	0.0075168284	
S11000.iliopsoas-pelvis_tilt.KV 	0.14662359	0.14954313	0.0014146013	
S11000.iliopsoas-hamstrings.KL  	-8.2354219	-8.2006438	0.049754051	
S11000.iliopsoas-hamstrings.L0  	1.1599124	1.1612218	0.0011472814	
S11000.hamstrings.KF            	0.57584253	0.5771051	0.001105836	
S11000.glut_max.KF              	0.61841112	0.61987093	0.0012417153	
