pelvis_tilt.offset              	0.019596486	0.021423054	0.00077615097	
hip_flexion_r.offset            	0.069210777	0.067882827	0.00073188597	
knee_angle_r.offset             	0.0016567573	0.0020713683	0.00080404006	
ankle_angle_r.offset            	-0.059781183	-0.057972792	0.001048587	
hip_flexion_l.offset            	-0.0066689773	-0.0082398821	0.0015026137	
knee_angle_l.offset             	0.059720383	0.059423992	0.0011460705	
ankle_angle_l.offset            	0.18586928	0.18601264	0.0010947489	
stance_load_threshold           	0.15200146	0.15135505	0.0012162563	
S00111.tib_ant.KL               	1.2957353	1.2971169	0.019881693	
S00111.tib_ant.L0               	0.75877321	0.76130949	0.0021541	
S00111.tib_ant.KS               	0.000173	0.00016916017	0.00082666266	
S11000.tib_ant.KL               	1.2036652	1.2193309	0.011361593	
S11000.tib_ant.L0               	0.73433868	0.73502697	0.0016616584	
S11000.tib_ant.KS               	0.03726336	0.035909544	0.001041656	
S11111.tib_ant-soleus.KF        	-0.10909848	-0.10890707	0.0017875884	
S00111.soleus-tib_ant.KS        	-0.84456437	-0.85232314	0.022658876	
S11000.soleus-tib_ant.KS        	-3.3011569	-3.2879044	0.026515499	
S00111.gastroc-tib_ant.KS       	-0.35196966	-0.34076873	0.019314236	
S11000.gastroc-tib_ant.KS       	-1.6837716	-1.671814	0.022068376	
S00111.tib_ant-gastroc.KS       	-0.00357534	-0.0037405618	0.16358094	
S11000.tib_ant-gastroc.KS       	-0.00331551	-0.0035649081	0.15988432	
S00111.tib_ant-soleus.KS        	-0.00346517	-0.0033132191	0.16792429	
S11000.tib_ant-soleus.KS        	-0.00313645	-0.0033213589	0.16079089	
S00111.gastroc.L0               	0.83999575	0.83204593	0.0087650311	
S00111.gastroc.KF               	1.4165472	1.4158124	0.0011365093	
S00111.gastroc.KS               	0.17004864	0.17299678	0.0095425218	
S00111.soleus.L0                	1.0034712	0.99299543	0.0050315234	
S00111.soleus.KF                	0.23448833	0.23281425	0.0016320842	
S00111.soleus.KS                	0.15101579	0.15503841	0.013884399	
S11000.gastroc.KL               	0.00925153	0.0090534972	0.016315752	
S11000.gastroc.L0               	0.53083695	0.53578947	0.0091242786	
S11000.gastroc.KF               	-1.8592812	-1.8493704	0.021784812	
S11000.gastroc.KS               	0.27628237	0.2633252	0.019473356	
S11000.soleus.KL                	0.81951524	0.81026309	0.037687186	
S11000.soleus.L0                	0.89054396	0.89564879	0.0085166632	
S11000.soleus.KF                	-0.90927142	-0.91696268	0.035209589	
S11000.soleus.KS                	0.1022613	0.11009849	0.03031614	
S00011.vasti.KF                 	0.81463751	0.82455704	0.0047019207	
S00011.vasti.C0                 	0.081666629	0.081501193	0.0010551506	
S00011.vasti-knee_angle.pos_max 	-0.30421583	-0.30507977	0.0016492376	
S00011.hamstrings-pelvis_tilt.KP	0.72266848	0.72427615	0.018469144	
S00011.hamstrings-pelvis_tilt.KV	0.56744235	0.56685489	0.00095057624	
S00011.hamstrings-pelvis_tilt.C0	0.02514159	0.025700266	0.0020200946	
S00011.glut_max-pelvis_tilt.KP  	1.4567201	1.436919	0.015557464	
S00011.glut_max-pelvis_tilt.KV  	0.3127022	0.31250574	0.00096602734	
S00011.glut_max-pelvis_tilt.C0  	0.15614539	0.1576544	0.0016418509	
S00011.iliopsoas-pelvis_tilt.KP 	-3.4700456	-3.4598839	0.026118196	
S00011.iliopsoas-pelvis_tilt.KV 	-0.53975791	-0.54149197	0.0011918679	
S00011.iliopsoas-pelvis_tilt.C0 	0.32940345	0.32881025	0.002585799	
S00100.iliopsoas.C0             	0.33460215	0.33664813	0.0014087123	
S00100.glut_max.C0              	-0.02588599	-0.024512902	0.0010576522	
S11000.iliopsoas.KL             	0.5619299	0.56239118	0.0012121467	
S11000.iliopsoas.L0             	0.39340802	0.39372804	0.0013572605	
S11000.iliopsoas-pelvis_tilt.P0 	-0.043686864	-0.04393343	0.0010618266	
S11000.iliopsoas-pelvis_tilt.KP 	0.01196527	0.011304412	0.0065689623	
S11000.iliopsoas-pelvis_tilt.KV 	0.14796	0.14969532	0.0012469711	
S11000.iliopsoas-hamstrings.KL  	-8.100874	-8.2021989	0.043995812	
S11000.iliopsoas-hamstrings.L0  	1.1600709	1.1607267	0.0010100459	
S11000.hamstrings.KF            	0.57877678	0.57759099	0.00097373688	
S11000.glut_max.KF              	0.61992232	0.61955401	0.0010956387	
