pelvis_tilt.offset              	0.022311532	0.021488377	0.00066603426	
hip_flexion_r.offset            	0.069441191	0.068224037	0.00063009794	
knee_angle_r.offset             	0.0027578269	0.0019815064	0.00069094379	
ankle_angle_r.offset            	-0.056980706	-0.057686942	0.00089889758	
hip_flexion_l.offset            	-0.0054019527	-0.0072387645	0.0012878418	
knee_angle_l.offset             	0.059238478	0.058825696	0.00098385797	
ankle_angle_l.offset            	0.18580153	0.18597081	0.00093864095	
stance_load_threshold           	0.15136893	0.15096015	0.0010392191	
S00111.tib_ant.KL               	1.3070067	1.2894037	0.017022209	
S00111.tib_ant.L0               	0.7576136	0.76018114	0.0018455722	
S00111.tib_ant.KS               	0.00015652	0.00016642934	0.00070034995	
S11000.tib_ant.KL               	1.2262804	1.228482	0.0098004394	
S11000.tib_ant.L0               	0.73361957	0.73291086	0.001437583	
S11000.tib_ant.KS               	0.035375776	0.035932685	0.00089269885	
S11111.tib_ant-soleus.KF        	-0.11179888	-0.11008327	0.0015331949	
S00111.soleus-tib_ant.KS        	-0.87227861	-0.86853408	0.019371628	
S11000.soleus-tib_ant.KS        	-3.2666903	-3.2831296	0.022697204	
S00111.gastroc-tib_ant.KS       	-0.33880429	-0.33893186	0.01645111	
S11000.gastroc-tib_ant.KS       	-1.6714394	-1.6518837	0.018931881	
S00111.tib_ant-gastroc.KS       	-0.00357534	-0.0037058027	0.13858583	
S11000.tib_ant-gastroc.KS       	-0.00366451	-0.0034598007	0.13545404	
S00111.tib_ant-soleus.KS        	-0.00313515	-0.003345651	0.14226551	
S11000.tib_ant-soleus.KS        	-0.00313645	-0.0033657754	0.1362221	
S00111.gastroc.L0               	0.8376115	0.83025227	0.0075208376	
S00111.gastroc.KF               	1.414435	1.4156782	0.00097548382	
S00111.gastroc.KS               	0.1605742	0.17226121	0.0081165687	
S00111.soleus.L0                	0.99920272	0.99570484	0.0043357214	
S00111.soleus.KF                	0.23451324	0.23393673	0.0014031956	
S00111.soleus.KS                	0.14946728	0.15872117	0.011798083	
S11000.gastroc.KL               	0.00837043	0.0089693725	0.013822856	
S11000.gastroc.L0               	0.54135723	0.53301636	0.0078009352	
S11000.gastroc.KF               	-1.8665354	-1.8605901	0.018782568	
S11000.gastroc.KS               	0.25231886	0.26166786	0.016577332	
S11000.soleus.KL                	0.81321903	0.82077519	0.0320994	
S11000.soleus.L0                	0.90164709	0.89293999	0.0072979726	
S11000.soleus.KF                	-0.95885434	-0.92689897	0.030045756	
S11000.soleus.KS                	0.1022613	0.10903841	0.025694652	
S00011.vasti.KF                 	0.82167141	0.82418371	0.0040331311	
S00011.vasti.C0                 	0.081440491	0.081147944	0.000900518	
S00011.vasti-knee_angle.pos_max 	-0.30558136	-0.30409454	0.001413771	
S00011.hamstrings-pelvis_tilt.KP	0.69474142	0.70854062	0.015800814	
S00011.hamstrings-pelvis_tilt.KV	0.56757791	0.56660781	0.00081939116	
S00011.hamstrings-pelvis_tilt.C0	0.027296189	0.026830985	0.0017193798	
S00011.glut_max-pelvis_tilt.KP  	1.4579384	1.446829	0.013303459	
S00011.glut_max-pelvis_tilt.KV  	0.31536584	0.31345831	0.00082826113	
S00011.glut_max-pelvis_tilt.C0  	0.15669236	0.15671819	0.0014090631	
S00011.iliopsoas-pelvis_tilt.KP 	-3.4350148	-3.443585	0.02242268	
S00011.iliopsoas-pelvis_tilt.KV 	-0.54146162	-0.54261119	0.0010232295	
S00011.iliopsoas-pelvis_tilt.C0 	0.32947636	0.33033246	0.0022164901	
S00100.iliopsoas.C0             	0.33839225	0.33705965	0.0012066831	
S00100.glut_max.C0              	-0.023744704	-0.024074318	0.00090308734	
S11000.iliopsoas.KL             	0.56507797	0.56274568	0.0010382932	
S11000.iliopsoas.L0             	0.39532183	0.39499244	0.0011652713	
S11000.iliopsoas-pelvis_tilt.P0 	-0.042610346	-0.043530804	0.00091074623	
S11000.iliopsoas-pelvis_tilt.KP 	0.01082572	0.01131015	0.0055658099	
S11000.iliopsoas-pelvis_tilt.KV 	0.15099763	0.14981118	0.0010697543	
S11000.iliopsoas-hamstrings.KL  	-8.232001	-8.234567	0.037971678	
S11000.iliopsoas-hamstrings.L0  	1.1597862	1.1604026	0.00087009339	
S11000.hamstrings.KF            	0.57693531	0.57750193	0.00083736971	
S11000.glut_max.KF              	0.62081508	0.62093781	0.00094245223	
