pelvis_tilt.offset              	0.021466437	0.021307497	0.00064411814	
hip_flexion_r.offset            	0.068875434	0.068370387	0.00061169322	
knee_angle_r.offset             	0.0029591331	0.0021511377	0.00066871897	
ankle_angle_r.offset            	-0.056625408	-0.057144039	0.00087025855	
hip_flexion_l.offset            	-0.0049120187	-0.00655971	0.0012474647	
knee_angle_l.offset             	0.059033235	0.058910085	0.00095014947	
ankle_angle_l.offset            	0.18493765	0.18593673	0.0009072589	
stance_load_threshold           	0.15071047	0.15110848	0.0010046553	
S00111.tib_ant.KL               	1.3082115	1.2888736	0.016471083	
S00111.tib_ant.L0               	0.75728624	0.7593426	0.0017869351	
S00111.tib_ant.KS               	0.00015652	0.00016585212	0.00067459398	
S11000.tib_ant.KL               	1.2444207	1.2277914	0.0095232411	
S11000.tib_ant.L0               	0.73068967	0.73202993	0.0013940938	
S11000.tib_ant.KS               	0.035066367	0.036169225	0.0008636482	
S11111.tib_ant-soleus.KF        	-0.10883485	-0.11043053	0.0014832747	
S00111.soleus-tib_ant.KS        	-0.89289721	-0.87893235	0.018730382	
S11000.soleus-tib_ant.KS        	-3.2911674	-3.2750627	0.021972472	
S00111.gastroc-tib_ant.KS       	-0.34270318	-0.33594688	0.015884737	
S11000.gastroc-tib_ant.KS       	-1.6389387	-1.6450904	0.018330923	
S00111.tib_ant-gastroc.KS       	-0.00357534	-0.0036983195	0.1334891	
S11000.tib_ant-gastroc.KS       	-0.00331551	-0.0034900038	0.1304725	
S00111.tib_ant-soleus.KS        	-0.00313515	-0.0032394506	0.13703346	
S11000.tib_ant-soleus.KS        	-0.00313645	-0.0032075192	0.13121231	
S00111.gastroc.L0               	0.83154467	0.83327058	0.0072682299	
S00111.gastroc.KF               	1.4155545	1.416298	0.00094653732	
S00111.gastroc.KS               	0.16858203	0.16937131	0.0078359189	
S00111.soleus.L0                	0.99668211	0.99660434	0.0042083046	
S00111.soleus.KF                	0.23382399	0.23305448	0.0013579882	
S00111.soleus.KS                	0.14946728	0.15959784	0.011383044	
S11000.gastroc.KL               	0.00837043	0.008929071	0.013314571	
S11000.gastroc.L0               	0.5295639	0.53751565	0.0075392798	
S11000.gastroc.KF               	-1.8882878	-1.8629321	0.018173133	
S11000.gastroc.KS               	0.25231886	0.2681452	0.016001713	
S11000.soleus.KL                	0.83273507	0.8149236	0.031003774	
S11000.soleus.L0                	0.90182958	0.89449594	0.0070608138	
S11000.soleus.KF                	-0.93492119	-0.93742303	0.029032141	
S11000.soleus.KS                	0.1022613	0.10642992	0.024754479	
S00011.vasti.KF                 	0.82346008	0.82386925	0.003895732	
S00011.vasti.C0                 	0.082240948	0.080735051	0.00086986926	
S00011.vasti-knee_angle.pos_max 	-0.30423469	-0.30510543	0.0013685798	
S00011.hamstrings-pelvis_tilt.KP	0.70858534	0.70767777	0.015286427	
S00011.hamstrings-pelvis_tilt.KV	0.5675758	0.5663892	0.00079403739	
S00011.hamstrings-pelvis_tilt.C0	0.025257025	0.025908484	0.001659694	
S00011.glut_max-pelvis_tilt.KP  	1.4588142	1.4416099	0.012874803	
S00011.glut_max-pelvis_tilt.KV  	0.31321792	0.31404411	0.0008024193	
S00011.glut_max-pelvis_tilt.C0  	0.16034698	0.1569365	0.0013621125	
S00011.iliopsoas-pelvis_tilt.KP 	-3.4301164	-3.4371833	0.021723064	
S00011.iliopsoas-pelvis_tilt.KV 	-0.54097873	-0.54235492	0.00099084463	
S00011.iliopsoas-pelvis_tilt.C0 	0.33023617	0.32883342	0.0021463942	
S00100.iliopsoas.C0             	0.33598953	0.33733288	0.0011668363	
S00100.glut_max.C0              	-0.024526581	-0.024327256	0.00087220001	
S11000.iliopsoas.KL             	0.56073283	0.56277737	0.0010054588	
S11000.iliopsoas.L0             	0.39388914	0.39501798	0.0011286337	
S11000.iliopsoas-pelvis_tilt.P0 	-0.0440883	-0.043702061	0.00087994613	
S11000.iliopsoas-pelvis_tilt.KP 	0.01082572	0.011707484	0.0053614765	
S11000.iliopsoas-pelvis_tilt.KV 	0.14996289	0.14915338	0.0010362293	
S11000.iliopsoas-hamstrings.KL  	-8.2889995	-8.2151437	0.036766532	
S11000.iliopsoas-hamstrings.L0  	1.1602105	1.1604747	0.00084427197	
S11000.hamstrings.KF            	0.57754524	0.57780169	0.00081075062	
S11000.glut_max.KF              	0.62275644	0.62119848	0.00091266551	
