pelvis_tilt.offset              	0.02183915	0.021267288	0.00062889254	
hip_flexion_r.offset            	0.067770224	0.068512213	0.00059760329	
knee_angle_r.offset             	0.0020890682	0.0024543046	0.00065443611	
ankle_angle_r.offset            	-0.0575365	-0.05740174	0.00085070527	
hip_flexion_l.offset            	-0.0045615906	-0.0059744477	0.0012207045	
knee_angle_l.offset             	0.056408734	0.058788899	0.00092709406	
ankle_angle_l.offset            	0.18659454	0.18587443	0.00088543846	
stance_load_threshold           	0.1528247	0.15153613	0.00098075192	
S00111.tib_ant.KL               	1.2778361	1.2904206	0.016091096	
S00111.tib_ant.L0               	0.75832772	0.75883988	0.0017491901	
S00111.tib_ant.KS               	0.00015652	0.00016241107	0.00065744422	
S11000.tib_ant.KL               	1.2445907	1.2318927	0.0093237737	
S11000.tib_ant.L0               	0.73120188	0.73171707	0.0013630663	
S11000.tib_ant.KS               	0.036582919	0.035949035	0.00084330427	
S11111.tib_ant-soleus.KF        	-0.10801912	-0.11013329	0.0014477009	
S00111.soleus-tib_ant.KS        	-0.87606833	-0.87931924	0.018299795	
S11000.soleus-tib_ant.KS        	-3.2975992	-3.2700042	0.021477289	
S00111.gastroc-tib_ant.KS       	-0.34069493	-0.33667624	0.015491178	
S11000.gastroc-tib_ant.KS       	-1.6644958	-1.6510147	0.01793091	
S00111.tib_ant-gastroc.KS       	-0.00395169	-0.0036533347	0.13009545	
S11000.tib_ant-gastroc.KS       	-0.00366451	-0.0035120771	0.12715553	
S00111.tib_ant-soleus.KS        	-0.00313515	-0.0033156344	0.1335497	
S11000.tib_ant-soleus.KS        	-0.00313645	-0.0032819206	0.12787653	
S00111.gastroc.L0               	0.83337042	0.83658099	0.0071079492	
S00111.gastroc.KF               	1.4168056	1.4160814	0.00092462727	
S00111.gastroc.KS               	0.16631709	0.16861897	0.0076419365	
S00111.soleus.L0                	0.99879002	0.99664343	0.004111678	
S00111.soleus.KF                	0.23604928	0.23305809	0.0013252913	
S00111.soleus.KS                	0.16520068	0.15699304	0.011105121	
S11000.gastroc.KL               	0.00837043	0.0086497163	0.012976123	
S11000.gastroc.L0               	0.54032639	0.53641735	0.0073620311	
S11000.gastroc.KF               	-1.8991081	-1.8665055	0.017764744	
S11000.gastroc.KS               	0.25765363	0.266943	0.015614431	
S11000.soleus.KL                	0.80466373	0.81932879	0.030253127	
S11000.soleus.L0                	0.89425234	0.89785803	0.0068943476	
S11000.soleus.KF                	-0.94748605	-0.93955991	0.028328373	
S11000.soleus.KS                	0.11302564	0.10681854	0.024127373	
S00011.vasti.KF                 	0.81968086	0.82243117	0.003805423	
S00011.vasti.C0                 	0.082665139	0.080992501	0.00085044017	
S00011.vasti-knee_angle.pos_max 	-0.30492484	-0.30494879	0.0013358795	
S00011.hamstrings-pelvis_tilt.KP	0.71461385	0.70886985	0.014914433	
S00011.hamstrings-pelvis_tilt.KV	0.56705427	0.56645254	0.00077605279	
S00011.hamstrings-pelvis_tilt.C0	0.026449499	0.025943227	0.0016186912	
S00011.glut_max-pelvis_tilt.KP  	1.4471299	1.4429631	0.012580082	
S00011.glut_max-pelvis_tilt.KV  	0.31482832	0.31370728	0.00078421102	
S00011.glut_max-pelvis_tilt.C0  	0.15750548	0.15770824	0.0013324655	
S00011.iliopsoas-pelvis_tilt.KP 	-3.455118	-3.4505804	0.021238242	
S00011.iliopsoas-pelvis_tilt.KV 	-0.54162516	-0.5417628	0.00096740215	
S00011.iliopsoas-pelvis_tilt.C0 	0.3309162	0.32910097	0.0020991362	
S00100.iliopsoas.C0             	0.33734072	0.33704714	0.0011401634	
S00100.glut_max.C0              	-0.023639293	-0.024320082	0.00085112156	
S11000.iliopsoas.KL             	0.56154208	0.56218244	0.00098259848	
S11000.iliopsoas.L0             	0.39277528	0.39512568	0.0011029361	
S11000.iliopsoas-pelvis_tilt.P0 	-0.043754634	-0.043938988	0.00085963162	
S11000.iliopsoas-pelvis_tilt.KP 	0.01082572	0.011139869	0.0052254208	
S11000.iliopsoas-pelvis_tilt.KV 	0.14865924	0.14885116	0.0010134968	
S11000.iliopsoas-hamstrings.KL  	-8.2428309	-8.2280766	0.035939321	
S11000.iliopsoas-hamstrings.L0  	1.1611871	1.1604713	0.00082441637	
S11000.hamstrings.KF            	0.57741565	0.57781127	0.00079145696	
S11000.glut_max.KF              	0.621907	0.62113039	0.00089244358	
