pelvis_tilt.offset              	0.022115324	0.021688073	0.00041442062	
hip_flexion_r.offset            	0.068473205	0.068411163	0.00039706717	
knee_angle_r.offset             	0.0022321202	0.0019796685	0.00043357274	
ankle_angle_r.offset            	-0.057029287	-0.056954421	0.00056529013	
hip_flexion_l.offset            	-0.0091043826	-0.0083952673	0.00081019199	
knee_angle_l.offset             	0.058004302	0.058575938	0.00061629239	
ankle_angle_l.offset            	0.18523335	0.18529704	0.00058498662	
stance_load_threshold           	0.15226912	0.15207822	0.00065396775	
S00111.tib_ant.KL               	1.2502432	1.2605379	0.01071879	
S00111.tib_ant.L0               	0.75822369	0.75639052	0.0011622913	
S00111.tib_ant.KS               	0.00015652	0.00016647037	0.00041376452	
S11000.tib_ant.KL               	1.241654	1.2381492	0.0062573753	
S11000.tib_ant.L0               	0.7307353	0.73292639	0.00091398142	
S11000.tib_ant.KS               	0.035761023	0.036104426	0.0005540319	
S11111.tib_ant-soleus.KF        	-0.10907796	-0.10872976	0.00095372083	
S00111.soleus-tib_ant.KS        	-0.87000195	-0.87045224	0.012015468	
S11000.soleus-tib_ant.KS        	-3.3078724	-3.3150855	0.01431941	
S00111.gastroc-tib_ant.KS       	-0.33816714	-0.34191298	0.010031693	
S11000.gastroc-tib_ant.KS       	-1.6284043	-1.6467693	0.011890947	
S00111.tib_ant-gastroc.KS       	-0.00357534	-0.0037690456	0.081874796	
S11000.tib_ant-gastroc.KS       	-0.00331551	-0.0035092739	0.080024576	
S00111.tib_ant-soleus.KS        	-0.00346517	-0.0032531867	0.084048704	
S11000.tib_ant-soleus.KS        	-0.00313645	-0.0033603189	0.080478332	
S00111.gastroc.L0               	0.83396889	0.83989644	0.0047136246	
S00111.gastroc.KF               	1.4174839	1.4183444	0.00063044009	
S00111.gastroc.KS               	0.16049832	0.1670084	0.0049453232	
S00111.soleus.L0                	0.99646218	1.0000024	0.0027283734	
S00111.soleus.KF                	0.23708105	0.23616449	0.00088482937	
S00111.soleus.KS                	0.14946728	0.15438503	0.007141729	
S11000.gastroc.KL               	0.00837043	0.0086832521	0.00816726	
S11000.gastroc.L0               	0.5312778	0.54030942	0.004846378	
S11000.gastroc.KF               	-1.8881273	-1.8727404	0.011799447	
S11000.gastroc.KS               	0.25231886	0.26503239	0.010112731	
S11000.soleus.KL                	0.79121214	0.79513356	0.019790588	
S11000.soleus.L0                	0.88393322	0.8875829	0.0045626434	
S11000.soleus.KF                	-0.91514682	-0.91164095	0.018640263	
S11000.soleus.KS                	0.1022613	0.10584096	0.01524189	
S00011.vasti.KF                 	0.82867856	0.82568639	0.0025114764	
S00011.vasti.C0                 	0.080888223	0.081136689	0.00055964643	
S00011.vasti-knee_angle.pos_max 	-0.30567526	-0.30558786	0.00088122333	
S00011.hamstrings-pelvis_tilt.KP	0.70103253	0.70087351	0.0099705344	
S00011.hamstrings-pelvis_tilt.KV	0.56837775	0.56810252	0.00051641553	
S00011.hamstrings-pelvis_tilt.C0	0.027265343	0.0270066	0.0010487774	
S00011.glut_max-pelvis_tilt.KP  	1.4594797	1.4384636	0.0082991887	
S00011.glut_max-pelvis_tilt.KV  	0.31467629	0.31461755	0.00052160115	
S00011.glut_max-pelvis_tilt.C0  	0.1570565	0.15702971	0.00089008489	
S00011.iliopsoas-pelvis_tilt.KP 	-3.4805266	-3.4806693	0.014206684	
S00011.iliopsoas-pelvis_tilt.KV 	-0.54083196	-0.54101824	0.00064448247	
S00011.iliopsoas-pelvis_tilt.C0 	0.32986114	0.33151966	0.0014133168	
S00100.iliopsoas.C0             	0.33760361	0.33688732	0.00075289397	
S00100.glut_max.C0              	-0.024014772	-0.023833005	0.00056038179	
S11000.iliopsoas.KL             	0.56248673	0.56232157	0.0006509529	
S11000.iliopsoas.L0             	0.39190832	0.3927682	0.00073465722	
S11000.iliopsoas-pelvis_tilt.P0 	-0.045302832	-0.045104953	0.00057075635	
S11000.iliopsoas-pelvis_tilt.KP 	0.01082572	0.01148583	0.003291986	
S11000.iliopsoas-pelvis_tilt.KV 	0.14837645	0.14777434	0.00067668162	
S11000.iliopsoas-hamstrings.KL  	-8.2373201	-8.2519837	0.023788387	
S11000.iliopsoas-hamstrings.L0  	1.1610795	1.160132	0.00054784376	
S11000.hamstrings.KF            	0.57708023	0.57689347	0.00052287846	
S11000.glut_max.KF              	0.62119836	0.62094362	0.0005916948	
