pelvis_tilt.offset              	0.021839243	0.021829136	0.00014637353	
hip_flexion_r.offset            	0.068074445	0.067972447	0.00013801195	
knee_angle_r.offset             	0.0011637806	0.0012101627	0.0001539214	
ankle_angle_r.offset            	-0.057050124	-0.056928517	0.00019996208	
hip_flexion_l.offset            	-0.0071888666	-0.0069160882	0.00028929339	
knee_angle_l.offset             	0.057777967	0.057754518	0.00021764753	
ankle_angle_l.offset            	0.18495623	0.18477802	0.00020757713	
stance_load_threshold           	0.1531235	0.15322286	0.00023548996	
S00111.tib_ant.KL               	1.2180062	1.2240904	0.0039124247	
S00111.tib_ant.L0               	0.75718454	0.75681021	0.00041402828	
S00111.tib_ant.KS               	0.000173	0.00017044614	0.00012595547	
S11000.tib_ant.KL               	1.2403134	1.2410541	0.002192427	
S11000.tib_ant.L0               	0.73338668	0.73244505	0.00032543978	
S11000.tib_ant.KS               	0.036731627	0.036679527	0.0001936511	
S11111.tib_ant-soleus.KF        	-0.10908224	-0.1091153	0.00033616123	
S00111.soleus-tib_ant.KS        	-0.86985	-0.86652046	0.0041910887	
S11000.soleus-tib_ant.KS        	-3.3282291	-3.3159883	0.0051171468	
S00111.gastroc-tib_ant.KS       	-0.34016654	-0.33798766	0.0033351122	
S11000.gastroc-tib_ant.KS       	-1.6389095	-1.6369297	0.0042205989	
S00111.tib_ant-gastroc.KS       	-0.0036317147	-0.0038368732	0.024917315	
S11000.tib_ant-gastroc.KS       	-0.00331551	-0.0036007181	0.024354216	
S00111.tib_ant-soleus.KS        	-0.00313515	-0.0032616401	0.02557888	
S11000.tib_ant-soleus.KS        	-0.0034666	-0.0032356209	0.024492301	
S00111.gastroc.L0               	0.84207079	0.84372598	0.001643273	
S00111.gastroc.KF               	1.4167295	1.416835	0.00022463387	
S00111.gastroc.KS               	0.16049832	0.16227244	0.0016346295	
S00111.soleus.L0                	1.0003085	1.0005319	0.00093802811	
S00111.soleus.KF                	0.23832084	0.2377462	0.00031606941	
S00111.soleus.KS                	0.15780826	0.1551059	0.0024490188	
S11000.gastroc.KL               	0.00837043	0.0085853555	0.0024902912	
S11000.gastroc.L0               	0.54511815	0.54500148	0.0016773739	
S11000.gastroc.KF               	-1.882172	-1.8896486	0.0042524091	
S11000.gastroc.KS               	0.26861054	0.27265178	0.0035005092	
S11000.soleus.KL                	0.80482146	0.79971694	0.0068542883	
S11000.soleus.L0                	0.88157773	0.88058518	0.0016140648	
S11000.soleus.KF                	-0.9157791	-0.90771933	0.0065569237	
S11000.soleus.KS                	0.10402584	0.1050622	0.0048361869	
S00011.vasti.KF                 	0.82462925	0.82463999	0.00087211249	
S00011.vasti.C0                 	0.082144161	0.082021944	0.00019292737	
S00011.vasti-knee_angle.pos_max 	-0.3043854	-0.3044808	0.0003122265	
S00011.hamstrings-pelvis_tilt.KP	0.71085084	0.71279777	0.0035735209	
S00011.hamstrings-pelvis_tilt.KV	0.56950059	0.56948131	0.00018761008	
S00011.hamstrings-pelvis_tilt.C0	0.027210931	0.02674298	0.0003659192	
S00011.glut_max-pelvis_tilt.KP  	1.4226336	1.4239609	0.0029559514	
S00011.glut_max-pelvis_tilt.KV  	0.31477571	0.31453248	0.00018251759	
S00011.glut_max-pelvis_tilt.C0  	0.15723717	0.15735919	0.00031217646	
S00011.iliopsoas-pelvis_tilt.KP 	-3.4983011	-3.5062332	0.0051267957	
S00011.iliopsoas-pelvis_tilt.KV 	-0.54099333	-0.54072399	0.00022673745	
S00011.iliopsoas-pelvis_tilt.C0 	0.33326423	0.3333865	0.00049390157	
S00100.iliopsoas.C0             	0.33645421	0.33634428	0.00026367707	
S00100.glut_max.C0              	-0.025397276	-0.025465504	0.00019992293	
S11000.iliopsoas.KL             	0.56346816	0.56315379	0.00023129205	
S11000.iliopsoas.L0             	0.39190418	0.39194438	0.00026215899	
S11000.iliopsoas-pelvis_tilt.P0 	-0.045609	-0.045567315	0.00020023498	
S11000.iliopsoas-pelvis_tilt.KP 	0.01082572	0.011297903	0.0010173261	
S11000.iliopsoas-pelvis_tilt.KV 	0.14943824	0.14968057	0.00024958358	
S11000.iliopsoas-hamstrings.KL  	-8.270928	-8.2694076	0.0084799178	
S11000.iliopsoas-hamstrings.L0  	1.1604798	1.1606252	0.00019331427	
S11000.hamstrings.KF            	0.57789885	0.57755398	0.00018454513	
S11000.glut_max.KF              	0.62018041	0.61980018	0.00021090927	
