pelvis_tilt.offset              	0.021648278	0.021835881	0.00014705424	
hip_flexion_r.offset            	0.067853465	0.068005794	0.0001390194	
knee_angle_r.offset             	0.001461239	0.0012952279	0.00015480308	
ankle_angle_r.offset            	-0.057020611	-0.056982969	0.00020119912	
hip_flexion_l.offset            	-0.0074324667	-0.0069169104	0.00029162565	
knee_angle_l.offset             	0.057685043	0.057832465	0.00021894768	
ankle_angle_l.offset            	0.18484437	0.18479312	0.00020878141	
stance_load_threshold           	0.15324898	0.15326219	0.00023734494	
S00111.tib_ant.KL               	1.2265955	1.2224775	0.0039476466	
S00111.tib_ant.L0               	0.75736273	0.75689218	0.00041662124	
S00111.tib_ant.KS               	0.00015652	0.00016552787	0.00012609662	
S11000.tib_ant.KL               	1.2397542	1.2402182	0.0022015777	
S11000.tib_ant.L0               	0.73282941	0.73270473	0.00032840873	
S11000.tib_ant.KS               	0.036628836	0.0367407	0.00019436119	
S11111.tib_ant-soleus.KF        	-0.10904211	-0.10900261	0.00033768084	
S00111.soleus-tib_ant.KS        	-0.86034036	-0.86593472	0.0042094761	
S11000.soleus-tib_ant.KS        	-3.3230777	-3.3171617	0.0051563678	
S00111.gastroc-tib_ant.KS       	-0.3397553	-0.33958996	0.0033517226	
S11000.gastroc-tib_ant.KS       	-1.6331931	-1.637138	0.0042414055	
S00111.tib_ant-gastroc.KS       	-0.00395169	-0.0038549582	0.024944793	
S11000.tib_ant-gastroc.KS       	-0.00331551	-0.0034890558	0.024381077	
S00111.tib_ant-soleus.KS        	-0.00313515	-0.0032201174	0.025607087	
S11000.tib_ant-soleus.KS        	-0.0034666	-0.0034064485	0.024519311	
S00111.gastroc.L0               	0.84305991	0.84266882	0.0016516463	
S00111.gastroc.KF               	1.4167948	1.4168184	0.00022631298	
S00111.gastroc.KS               	0.16060025	0.16302276	0.0016463082	
S00111.soleus.L0                	1.0007812	1.0010445	0.00094339175	
S00111.soleus.KF                	0.23757639	0.2379216	0.00031883818	
S00111.soleus.KS                	0.15800377	0.15431214	0.0024637707	
S11000.gastroc.KL               	0.0090466665	0.0089594266	0.0024934629	
S11000.gastroc.L0               	0.5440582	0.54480513	0.0016843451	
S11000.gastroc.KF               	-1.8842397	-1.8883532	0.004293874	
S11000.gastroc.KS               	0.27364189	0.26929741	0.0035279249	
S11000.soleus.KL                	0.80043934	0.80473906	0.0069068809	
S11000.soleus.L0                	0.88097771	0.8807932	0.0016300748	
S11000.soleus.KF                	-0.91338082	-0.91028556	0.0065851182	
S11000.soleus.KS                	0.11302564	0.10619789	0.0048590563	
S00011.vasti.KF                 	0.82460525	0.82477475	0.00087582818	
S00011.vasti.C0                 	0.082000567	0.082017737	0.00019431974	
S00011.vasti-knee_angle.pos_max 	-0.30453077	-0.30461023	0.00031369635	
S00011.hamstrings-pelvis_tilt.KP	0.71435786	0.71144204	0.0035938	
S00011.hamstrings-pelvis_tilt.KV	0.5695753	0.56951815	0.00018873824	
S00011.hamstrings-pelvis_tilt.C0	0.026771345	0.026909437	0.00036984345	
S00011.glut_max-pelvis_tilt.KP  	1.4215362	1.4247456	0.0029744395	
S00011.glut_max-pelvis_tilt.KV  	0.31442526	0.31453914	0.00018375143	
S00011.glut_max-pelvis_tilt.C0  	0.15677066	0.15717836	0.00031391807	
S00011.iliopsoas-pelvis_tilt.KP 	-3.5004615	-3.5046625	0.0051524801	
S00011.iliopsoas-pelvis_tilt.KV 	-0.54081249	-0.54079172	0.00022810611	
S00011.iliopsoas-pelvis_tilt.C0 	0.33344789	0.33360925	0.00049728723	
S00100.iliopsoas.C0             	0.33600362	0.33623029	0.00026495886	
S00100.glut_max.C0              	-0.02533129	-0.025460558	0.00020084547	
S11000.iliopsoas.KL             	0.56329244	0.56317669	0.00023329546	
S11000.iliopsoas.L0             	0.39207321	0.39190539	0.00026380927	
S11000.iliopsoas-pelvis_tilt.P0 	-0.045589958	-0.045512646	0.00020121164	
S11000.iliopsoas-pelvis_tilt.KP 	0.01196527	0.011335062	0.0010195153	
S11000.iliopsoas-pelvis_tilt.KV 	0.14958849	0.14979477	0.00025186341	
S11000.iliopsoas-hamstrings.KL  	-8.2577026	-8.2677875	0.008526226	
S11000.iliopsoas-hamstrings.L0  	1.1604501	1.1606618	0.00019455985	
S11000.hamstrings.KF            	0.57760577	0.57761092	0.00018648049	
S11000.glut_max.KF              	0.62019352	0.61996963	0.00021264726	
