pelvis_tilt.offset              	0.023390021	0.021850069	0.0012063833	
hip_flexion_r.offset            	0.065706864	0.067499448	0.0011460359	
knee_angle_r.offset             	-0.00032992471	0.00029956069	0.0012440444	
ankle_angle_r.offset            	-0.056936721	-0.058126227	0.001627952	
hip_flexion_l.offset            	-0.010856307	-0.0062258704	0.0023100759	
knee_angle_l.offset             	0.053614324	0.055872671	0.0017834214	
ankle_angle_l.offset            	0.18785902	0.18722957	0.0017050197	
stance_load_threshold           	0.14965011	0.15133056	0.0018775981	
S00111.tib_ant.KL               	1.2674322	1.2586999	0.031173074	
S00111.tib_ant.L0               	0.75823577	0.7582512	0.0033364692	
S00111.tib_ant.KS               	0.00015652	0.00016023922	0.0013358787	
S11000.tib_ant.KL               	1.1952845	1.1964639	0.0176871	
S11000.tib_ant.L0               	0.74565408	0.74402522	0.0025766679	
S11000.tib_ant.KS               	0.036249087	0.035697994	0.0016426096	
S11111.tib_ant-soleus.KF        	-0.11172204	-0.10888333	0.0028110911	
S00111.soleus-tib_ant.KS        	-0.82931596	-0.83551376	0.035649907	
S11000.soleus-tib_ant.KS        	-3.2769337	-3.3086145	0.041206086	
S00111.gastroc-tib_ant.KS       	-0.35557966	-0.33659514	0.030967534	
S11000.gastroc-tib_ant.KS       	-1.7690597	-1.7514286	0.034331577	
S00111.tib_ant-gastroc.KS       	-0.00357534	-0.0037800374	0.26434579	
S11000.tib_ant-gastroc.KS       	-0.00366451	-0.003445381	0.25837207	
S00111.tib_ant-soleus.KS        	-0.00346517	-0.0033652615	0.27136461	
S11000.tib_ant-soleus.KS        	-0.0034666	-0.0032676722	0.25983709	
S00111.gastroc.KL               	0.07523758	0.07936787	0.033044718	
S00111.gastroc.L0               	0.8036972	0.81953745	0.01367822	
S00111.gastroc.KF               	1.4075093	1.4104328	0.001735755	
S00111.soleus.KL                	4.0578248	4.0464163	0.030584876	
S00111.soleus.L0                	0.97319667	0.96524697	0.0078448562	
S00111.soleus.KF                	0.23302042	0.23035342	0.0025165523	
S11000.gastroc.KL               	0.00837043	0.0087526706	0.026365763	
S11000.gastroc.L0               	0.53971442	0.5372083	0.014326748	
S11000.gastroc.KF               	-1.866249	-1.8465973	0.033801178	
S11000.soleus.KL                	0.8263067	0.79585571	0.060044495	
S11000.soleus.L0                	0.90017331	0.89954313	0.013243424	
S11000.soleus.KF                	-0.94696479	-0.91953883	0.055854449	
S00011.vasti.KF                 	0.81270082	0.81058202	0.0074204734	
S00011.vasti.C0                 	0.082466411	0.081711813	0.0016750261	
S00011.vasti-knee_angle.pos_max 	-0.30142854	-0.30540902	0.0025491068	
S00011.hamstrings-pelvis_tilt.KP	0.69809634	0.69902659	0.029364393	
S00011.hamstrings-pelvis_tilt.KV	0.57115955	0.56901729	0.0014957133	
S00011.hamstrings-pelvis_tilt.C0	0.02514159	0.026295318	0.0032446336	
S00011.glut_max-pelvis_tilt.KP  	1.462445	1.477556	0.02417461	
S00011.glut_max-pelvis_tilt.KV  	0.31509922	0.31620858	0.0015099677	
S00011.glut_max-pelvis_tilt.C0  	0.16399512	0.15813944	0.0025557159	
S00011.iliopsoas-pelvis_tilt.KP 	-3.5784585	-3.5383403	0.040877066	
S00011.iliopsoas-pelvis_tilt.KV 	-0.54596536	-0.54441096	0.001852154	
S00011.iliopsoas-pelvis_tilt.C0 	0.33269507	0.33162816	0.0040048748	
S00100.iliopsoas.C0             	0.34113902	0.34147769	0.0022028581	
S00100.glut_max.C0              	-0.023958264	-0.025031742	0.0016825817	
S11000.iliopsoas.KL             	0.56185812	0.55968466	0.0018789454	
S11000.iliopsoas.L0             	0.39194911	0.39117872	0.0020901732	
S11000.iliopsoas-pelvis_tilt.P0 	-0.04641831	-0.044590905	0.0016723331	
S11000.iliopsoas-pelvis_tilt.KP 	0.01082572	0.011660465	0.010613795	
S11000.iliopsoas-pelvis_tilt.KV 	0.1430578	0.14380863	0.0019337807	
S11000.iliopsoas-hamstrings.KL  	-8.2058143	-8.2501902	0.068164251	
S11000.iliopsoas-hamstrings.L0  	1.1689063	1.1660808	0.0015556794	
S11000.hamstrings.KF            	0.57741012	0.57485162	0.0014940561	
S11000.glut_max.KF              	0.61877346	0.62025501	0.0016990549	
