pelvis_tilt.offset              	0.023794818	0.02378792	5.4982428e-06	
hip_flexion_r.offset            	0.066172677	0.066175968	4.9804535e-06	
knee_angle_r.offset             	-0.0022723577	-0.0022756311	5.8591787e-06	
ankle_angle_r.offset            	-0.060147114	-0.060145364	7.1763965e-06	
hip_flexion_l.offset            	-0.014107074	-0.014126899	1.0010798e-05	
knee_angle_l.offset             	0.053218565	0.053207313	8.160214e-06	
ankle_angle_l.offset            	0.18944116	0.18943711	7.0277067e-06	
stance_load_threshold           	0.14878774	0.14878236	8.0706508e-06	
S00111.tib_ant.KL               	1.2223849	1.2225785	0.00014602768	
S00111.tib_ant.L0               	0.75655262	0.75653463	1.4012488e-05	
S00111.tib_ant.KS               	0.00015841975	0.00016077153	2.2442152e-06	
S11000.tib_ant.KL               	1.1927486	1.1929698	7.9848633e-05	
S11000.tib_ant.L0               	0.74441257	0.74439647	1.1036533e-05	
S11000.tib_ant.KS               	0.036962972	0.036955571	7.0506513e-06	
S11111.tib_ant-soleus.KF        	-0.11094408	-0.11095023	1.1855162e-05	
S00111.soleus-tib_ant.KS        	-0.87334986	-0.87322817	0.00015113022	
S11000.soleus-tib_ant.KS        	-3.3444994	-3.3444103	0.0001964434	
S00111.gastroc-tib_ant.KS       	-0.35294127	-0.35283009	0.00011147758	
S11000.gastroc-tib_ant.KS       	-1.7601762	-1.7601516	0.00014660511	
S00111.tib_ant-gastroc.KS       	-0.0038401085	-0.0037583109	0.00031230372	
S11000.tib_ant-gastroc.KS       	-0.0035518328	-0.0034792988	0.00030411775	
S00111.tib_ant-soleus.KS        	-0.0032157325	-0.0033165153	0.00031837661	
S11000.tib_ant-soleus.KS        	-0.0034591987	-0.0032859611	0.00030552561	
S00111.gastroc.KL               	0.077269047	0.077113775	0.00011023749	
S00111.gastroc.L0               	0.80404724	0.80393569	5.7780724e-05	
S00111.gastroc.KF               	1.4125432	1.4125391	7.6233025e-06	
S00111.soleus.KL                	4.1080182	4.1080951	0.00014803192	
S00111.soleus.L0                	0.96563918	0.96562301	3.8270152e-05	
S00111.soleus.KF                	0.23035011	0.23035296	1.0899791e-05	
S11000.gastroc.KL               	0.0087150055	0.0088463571	5.7519984e-05	
S11000.gastroc.L0               	0.53267137	0.53270944	6.1526475e-05	
S11000.gastroc.KF               	-1.8056839	-1.8055738	0.00014902994	
S11000.soleus.KL                	0.80867736	0.80876591	0.00026459503	
S11000.soleus.L0                	0.90634912	0.90644482	5.7611844e-05	
S11000.soleus.KF                	-0.90383377	-0.90350715	0.00024022946	
S00011.vasti.KF                 	0.83354841	0.83356492	3.3473278e-05	
S00011.vasti.C0                 	0.080376008	0.080389199	7.2940282e-06	
S00011.vasti-knee_angle.pos_max 	-0.30846826	-0.3084723	1.0968192e-05	
S00011.hamstrings-pelvis_tilt.KP	0.72348306	0.72367279	0.00013212184	
S00011.hamstrings-pelvis_tilt.KV	0.56820185	0.56819976	6.89067e-06	
S00011.hamstrings-pelvis_tilt.C0	0.026386434	0.026393527	1.2657006e-05	
S00011.glut_max-pelvis_tilt.KP  	1.4684318	1.4682583	0.00010843754	
S00011.glut_max-pelvis_tilt.KV  	0.31649351	0.31649065	6.258427e-06	
S00011.glut_max-pelvis_tilt.C0  	0.16131543	0.1613307	1.1223087e-05	
S00011.iliopsoas-pelvis_tilt.KP 	-3.5911302	-3.5909909	0.00018116261	
S00011.iliopsoas-pelvis_tilt.KV 	-0.54652863	-0.54653862	8.0800437e-06	
S00011.iliopsoas-pelvis_tilt.C0 	0.32788458	0.32789508	1.8223992e-05	
S00100.iliopsoas.C0             	0.33855501	0.33855237	9.7552783e-06	
S00100.glut_max.C0              	-0.023677715	-0.023673617	6.8670191e-06	
S11000.iliopsoas.KL             	0.55934811	0.55935213	8.2931584e-06	
S11000.iliopsoas.L0             	0.39914367	0.3991426	9.3033876e-06	
S11000.iliopsoas-pelvis_tilt.P0 	-0.043955554	-0.043949938	7.2424028e-06	
S11000.iliopsoas-pelvis_tilt.KP 	0.011382811	0.011387044	2.9970927e-05	
S11000.iliopsoas-pelvis_tilt.KV 	0.144237	0.14424782	8.8964098e-06	
S11000.iliopsoas-hamstrings.KL  	-8.2734243	-8.2735319	0.00029603047	
S11000.iliopsoas-hamstrings.L0  	1.1692381	1.1692351	7.5161265e-06	
S11000.hamstrings.KF            	0.57617055	0.57617722	6.4444537e-06	
S11000.glut_max.KF              	0.62036114	0.62036908	7.5891909e-06	
