pelvis_tilt.offset              	0.023996628	0.02399396	8.7261887e-06	
hip_flexion_r.offset            	0.072323516	0.072328204	8.7882599e-06	
knee_angle_r.offset             	0.0013257504	0.0013244728	9.8233975e-06	
ankle_angle_r.offset            	-0.054300162	-0.054309388	1.1465091e-05	
hip_flexion_l.offset            	9.4534662e-05	8.1275964e-05	1.7397674e-05	
knee_angle_l.offset             	0.057354078	0.057363992	1.30339e-05	
ankle_angle_l.offset            	0.18397875	0.18399049	1.252324e-05	
stance_load_threshold           	0.1504248	0.15042398	1.3537164e-05	
S00111.tib_ant.KL               	1.1914171	1.1913021	0.00022185728	
S00111.tib_ant.L0               	0.75443579	0.75443535	2.4291029e-05	
S00111.tib_ant.KS               	0.00015904064	0.0001620582	4.2773498e-06	
S11000.tib_ant.KL               	1.1762052	1.1762533	0.00013533147	
S11000.tib_ant.L0               	0.73892507	0.73893513	1.8560154e-05	
S11000.tib_ant.KS               	0.036276371	0.0362699	1.2447201e-05	
S11111.tib_ant-soleus.KF        	-0.11387809	-0.11390251	2.0325001e-05	
S00111.soleus-tib_ant.KS        	-0.8101199	-0.81013059	0.00023452528	
S11000.soleus-tib_ant.KS        	-3.2163298	-3.2155947	0.00032058461	
S00111.gastroc-tib_ant.KS       	-0.33205689	-0.33206132	0.0001841763	
S11000.gastroc-tib_ant.KS       	-1.745487	-1.74504	0.0002618432	
S00111.tib_ant-gastroc.KS       	-0.0038647447	-0.0037036903	0.00068300303	
S11000.tib_ant-gastroc.KS       	-0.00331551	-0.0034083264	0.00066685902	
S00111.tib_ant-soleus.KS        	-0.00346517	-0.0033211614	0.00069930925	
S11000.tib_ant-soleus.KS        	-0.00313645	-0.0033274832	0.0006700918	
S00111.gastroc.L0               	0.85208227	0.85210064	0.0001040344	
S00111.gastroc.KS               	0.17260269	0.17267868	9.7204156e-05	
S00111.soleus.L0                	0.93530271	0.93533522	6.180477e-05	
S00111.soleus.KS                	0.16001438	0.15996985	0.00013852155	
S11000.gastroc.KL               	0.0090513784	0.0091209069	0.00010357245	
S11000.gastroc.L0               	0.5134595	0.51345271	0.00010072411	
S11000.gastroc.KF               	-1.889401	-1.8895523	0.00024989705	
S11000.gastroc.KS               	0.26723558	0.26744496	0.00022146864	
S11000.soleus.KL                	0.80768823	0.80753305	0.00043808556	
S11000.soleus.L0                	0.93297113	0.93298669	9.4507831e-05	
S11000.soleus.KF                	-0.92504578	-0.92453885	0.00038455887	
S11000.soleus.KS                	0.11253741	0.11239374	0.00026550353	
S00011.vasti.KF                 	0.81417961	0.81416209	5.646448e-05	
S00011.vasti.C0                 	0.080395545	0.080412726	1.099993e-05	
S00011.vasti-knee_angle.pos_max 	-0.30134811	-0.3013687	1.8410372e-05	
S00011.hamstrings-pelvis_tilt.KP	0.67624521	0.67638661	0.00022077136	
S00011.hamstrings-pelvis_tilt.KV	0.56934834	0.56934513	1.0683807e-05	
S00011.hamstrings-pelvis_tilt.C0	0.026283276	0.026258037	2.0829991e-05	
S00011.glut_max-pelvis_tilt.KP  	1.4626465	1.4623868	0.00017231787	
S00011.glut_max-pelvis_tilt.KV  	0.3180956	0.31811514	1.1249596e-05	
S00011.glut_max-pelvis_tilt.C0  	0.15504249	0.15503257	1.9206887e-05	
S00011.iliopsoas-pelvis_tilt.KP 	-3.60837	-3.6085733	0.00031286709	
S00011.iliopsoas-pelvis_tilt.KV 	-0.53959199	-0.53955871	1.3243316e-05	
S00011.iliopsoas-pelvis_tilt.C0 	0.33902331	0.33903174	3.0339393e-05	
S00100.iliopsoas.C0             	0.34011028	0.34012026	1.6292553e-05	
S00100.glut_max.C0              	-0.025343859	-0.025360769	1.1840673e-05	
S11000.iliopsoas.KL             	0.56166987	0.56164542	1.3731749e-05	
S11000.iliopsoas.L0             	0.39316275	0.39316379	1.6352632e-05	
S11000.iliopsoas-pelvis_tilt.P0 	-0.042365298	-0.042389022	1.1535109e-05	
S11000.iliopsoas-pelvis_tilt.KP 	0.011483829	0.011470873	5.0530069e-05	
S11000.iliopsoas-pelvis_tilt.KV 	0.14403018	0.14406316	1.4020885e-05	
S11000.iliopsoas-hamstrings.KL  	-8.4490109	-8.4492625	0.00050797778	
S11000.iliopsoas-hamstrings.L0  	1.158566	1.1585765	1.1874394e-05	
S11000.hamstrings.KF            	0.57416421	0.57417901	1.0655436e-05	
S11000.glut_max.KF              	0.61959864	0.61958395	1.3250914e-05	
