pelvis_tilt.offset              	0.023003879	0.022946358	0.00012602465	
hip_flexion_r.offset            	0.068556384	0.068361627	0.00011599358	
knee_angle_r.offset             	0.002005875	0.0020628536	0.00012968844	
ankle_angle_r.offset            	-0.055751072	-0.055620861	0.00016681273	
hip_flexion_l.offset            	-0.0086154457	-0.0087741543	0.00024441848	
knee_angle_l.offset             	0.051031857	0.051032702	0.00018590219	
ankle_angle_l.offset            	0.18766551	0.18768978	0.00018112513	
stance_load_threshold           	0.1590126	0.15886852	0.00019952131	
S00111.tib_ant.KL               	1.1980721	1.198092	0.0031746993	
S00111.tib_ant.L0               	0.7822901	0.78222053	0.00037382635	
S00111.tib_ant.KS               	0.00015652	0.00016371142	9.0661647e-05	
S11000.tib_ant.KL               	1.2582831	1.2558745	0.0017855822	
S11000.tib_ant.L0               	0.72057475	0.72103442	0.00028108065	
S11000.tib_ant.KS               	0.03618208	0.036402133	0.00016137657	
S11111.tib_ant-soleus.KF        	-0.10953932	-0.10986359	0.00029012207	
S00111.soleus-tib_ant.KS        	-0.85147591	-0.85060827	0.0034864261	
S11000.soleus-tib_ant.KS        	-3.2792064	-3.2840732	0.0043721683	
S00111.gastroc-tib_ant.KS       	-0.32171493	-0.32173575	0.0021106117	
S11000.gastroc-tib_ant.KS       	-1.7204208	-1.717205	0.0036384784	
S00111.tib_ant-gastroc.KS       	-0.00395169	-0.0037766239	0.017926925	
S11000.tib_ant-gastroc.KS       	-0.00331551	-0.003406484	0.017521789	
S00111.tib_ant-soleus.KS        	-0.00313515	-0.0032890689	0.018402862	
S11000.tib_ant-soleus.KS        	-0.0034666	-0.0033607665	0.017621121	
S00111.gastroc.KL               	0.08315732	0.082757746	0.0023429178	
S00111.gastroc.L0               	0.7968718	0.79780752	0.0012584001	
S00111.gastroc.KF               	1.4174071	1.417274	0.00018585091	
S00111.soleus.KL                	3.9241289	3.9195095	0.0032158802	
S00111.soleus.L0                	0.99757434	0.99746053	0.00080816098	
S00111.soleus.KF                	0.22431048	0.22447707	0.00026236225	
S11000.gastroc.KL               	0.00925153	0.0089630178	0.0017966725	
S11000.gastroc.L0               	0.52046347	0.51979346	0.0014521226	
S11000.gastroc.KF               	-1.7714347	-1.7742913	0.003636986	
S11000.gastroc.KS               	0.26533532	0.26536241	0.0028222803	
S11000.soleus.KL                	0.79523006	0.78435751	0.0055784348	
S11000.soleus.L0                	0.85512207	0.85530305	0.0013586169	
S11000.soleus.KF                	-0.86753488	-0.87287079	0.0053659683	
S11000.soleus.KS                	0.11074105	0.11073393	0.0036828734	
S00011.vasti.KF                 	0.82092517	0.82015181	0.00075249587	
S00011.vasti.C0                 	0.080701794	0.080773947	0.00016355953	
S00011.vasti-knee_angle.pos_max 	-0.31035263	-0.31028154	0.00026303406	
S00011.hamstrings-pelvis_tilt.KP	0.71236965	0.71285896	0.0029016369	
S00011.hamstrings-pelvis_tilt.KV	0.56286007	0.56295125	0.00015763942	
S00011.hamstrings-pelvis_tilt.C0	0.02778807	0.027345123	0.00029406237	
S00011.glut_max-pelvis_tilt.KP  	1.4676521	1.472325	0.0025643531	
S00011.glut_max-pelvis_tilt.KV  	0.31733404	0.31736384	0.00015589064	
S00011.glut_max-pelvis_tilt.C0  	0.16151154	0.16097573	0.00027168769	
S00011.iliopsoas-pelvis_tilt.KP 	-3.6414623	-3.6332857	0.0043881773	
S00011.iliopsoas-pelvis_tilt.KV 	-0.55268193	-0.5522775	0.0002000632	
S00011.iliopsoas-pelvis_tilt.C0 	0.33536714	0.3356035	0.00042682958	
S00100.iliopsoas.C0             	0.34268038	0.34270377	0.00023476148	
S00100.glut_max.C0              	-0.024185447	-0.024031698	0.00016257141	
S11000.iliopsoas.KL             	0.57002351	0.56961916	0.00020411478	
S11000.iliopsoas.L0             	0.38071394	0.3807348	0.00023056605	
S11000.iliopsoas-pelvis_tilt.P0 	-0.045699608	-0.045609181	0.00016743663	
S11000.iliopsoas-pelvis_tilt.KP 	0.010908904	0.011207254	0.00074708421	
S11000.iliopsoas-pelvis_tilt.KV 	0.14764976	0.14747764	0.00020293148	
S11000.iliopsoas-hamstrings.KL  	-8.0349912	-8.0419304	0.0070834069	
S11000.iliopsoas-hamstrings.L0  	1.1679828	1.1680577	0.00015727333	
S11000.hamstrings.KF            	0.57440537	0.57471473	0.00015272963	
S11000.glut_max.KF              	0.62031081	0.62036417	0.00018150354	
