pelvis_tilt.offset              	0.020939704	0.022225774	0.0012484318	
hip_flexion_r.offset            	0.068333668	0.069828292	0.0011814242	
knee_angle_r.offset             	0.00085323707	0.0024074809	0.0013012784	
ankle_angle_r.offset            	-0.0589261	-0.058949134	0.001686536	
hip_flexion_l.offset            	-0.005592109	-0.0064768741	0.0023985272	
knee_angle_l.offset             	0.06094663	0.059255845	0.0018534482	
ankle_angle_l.offset            	0.18917324	0.18725903	0.0017756207	
stance_load_threshold           	0.14863473	0.14884289	0.0019523452	
S00111.tib_ant.KL               	1.2527402	1.2375421	0.032185144	
S00111.tib_ant.L0               	0.76815597	0.77499699	0.0035039023	
S00111.tib_ant.KS               	0.000173	0.00017052583	0.0013700933	
S11000.tib_ant.KL               	1.2479872	1.2074841	0.018264747	
S11000.tib_ant.L0               	0.7447037	0.74019365	0.0026639865	
S11000.tib_ant.KS               	0.03371447	0.03585238	0.0016947816	
S11111.tib_ant-soleus.KF        	-0.11019812	-0.10695802	0.0028917544	
S00111.soleus-tib_ant.KS        	-0.80888339	-0.83191065	0.036646809	
S11000.soleus-tib_ant.KS        	-3.2678212	-3.3189112	0.042767426	
S00111.gastroc-tib_ant.KS       	-0.32171493	-0.3280331	0.031756695	
S11000.gastroc-tib_ant.KS       	-1.7690597	-1.7231898	0.035526433	
S00111.tib_ant-gastroc.KS       	-0.00357534	-0.0037410143	0.27111612	
S11000.tib_ant-gastroc.KS       	-0.00366451	-0.0034391716	0.2649894	
S00111.tib_ant-soleus.KS        	-0.00313515	-0.0032731008	0.27831471	
S11000.tib_ant-soleus.KS        	-0.00313645	-0.0033396082	0.26649195	
S00111.gastroc.L0               	0.826474	0.82393803	0.014129031	
S00111.gastroc.KS               	0.16049832	0.17664796	0.015687887	
S00111.soleus.L0                	0.92483005	0.92478707	0.0083276981	
S00111.soleus.KS                	0.14946728	0.16126103	0.022918311	
S11000.gastroc.KL               	0.00837043	0.0087306685	0.027041094	
S11000.gastroc.L0               	0.53402194	0.53021916	0.014850446	
S11000.gastroc.KF               	-1.7616001	-1.8088296	0.034989341	
S11000.gastroc.KS               	0.27887874	0.26570637	0.03210555	
S11000.soleus.KL                	0.81683843	0.82224168	0.061717688	
S11000.soleus.L0                	0.86563934	0.87247083	0.013787669	
S11000.soleus.KF                	-0.86753488	-0.93119825	0.057484829	
S11000.soleus.KS                	0.1022613	0.10994275	0.050220492	
S00011.vasti.KF                 	0.81238385	0.81589101	0.0076452978	
S00011.vasti.C0                 	0.085303359	0.084516502	0.0017289743	
S00011.vasti-knee_angle.pos_max 	-0.30326622	-0.30472283	0.0026549025	
S00011.hamstrings-pelvis_tilt.KP	0.68415736	0.71211711	0.030261289	
S00011.hamstrings-pelvis_tilt.KV	0.56543568	0.56701618	0.0015431579	
S00011.hamstrings-pelvis_tilt.C0	0.02778807	0.026571821	0.0033324408	
S00011.glut_max-pelvis_tilt.KP  	1.4489153	1.4721988	0.02503672	
S00011.glut_max-pelvis_tilt.KV  	0.31455992	0.31410778	0.0015652298	
S00011.glut_max-pelvis_tilt.C0  	0.15665717	0.15823799	0.0026195164	
S00011.iliopsoas-pelvis_tilt.KP 	-3.5289514	-3.5391824	0.042018286	
S00011.iliopsoas-pelvis_tilt.KV 	-0.54555345	-0.54572715	0.0019231079	
S00011.iliopsoas-pelvis_tilt.C0 	0.33734277	0.33374267	0.004143262	
S00100.iliopsoas.C0             	0.34050047	0.34185176	0.0022764389	
S00100.glut_max.C0              	-0.02588599	-0.024460686	0.001731767	
S11000.iliopsoas.KL             	0.56717302	0.56298984	0.001947064	
S11000.iliopsoas.L0             	0.39365686	0.39419102	0.0021681439	
S11000.iliopsoas-pelvis_tilt.P0 	-0.04641831	-0.044434676	0.0017293593	
S11000.iliopsoas-pelvis_tilt.KP 	0.01082572	0.011304733	0.010885892	
S11000.iliopsoas-pelvis_tilt.KV 	0.14263228	0.14356944	0.0019967732	
S11000.iliopsoas-hamstrings.KL  	-8.3110665	-8.3688189	0.071036015	
S11000.iliopsoas-hamstrings.L0  	1.1688244	1.1662174	0.001614853	
S11000.hamstrings.KF            	0.57510427	0.57378429	0.0015585069	
S11000.glut_max.KF              	0.61661645	0.62056682	0.0017666926	
