pelvis_tilt.offset              	0.026937584	0.027017093	0.0001698585	
hip_flexion_r.offset            	0.073434732	0.07345631	0.000160174	
knee_angle_r.offset             	0.0037408713	0.0034013308	0.00017407133	
ankle_angle_r.offset            	-0.056520465	-0.056769044	0.00021914465	
hip_flexion_l.offset            	-0.0097186726	-0.0099398683	0.00031187112	
knee_angle_l.offset             	0.0573837	0.057625044	0.00024706493	
ankle_angle_l.offset            	0.18767589	0.18745781	0.00022924557	
stance_load_threshold           	0.15110267	0.15091981	0.00025118186	
S00111.tib_ant.KL               	1.2856368	1.2786214	0.0042138248	
S00111.tib_ant.L0               	0.76780438	0.76734242	0.00046016691	
S00111.tib_ant.KS               	0.000173	0.00016535293	0.00013842625	
S11000.tib_ant.KL               	1.2135787	1.2166382	0.0024256337	
S11000.tib_ant.L0               	0.74711922	0.74675491	0.00035433232	
S11000.tib_ant.KS               	0.035587955	0.035940693	0.00021730729	
S11111.tib_ant-soleus.KF        	-0.10604023	-0.10656189	0.00037502546	
S00111.soleus-tib_ant.KS        	-0.82021735	-0.82055576	0.0043052773	
S11000.soleus-tib_ant.KS        	-3.3281565	-3.3239284	0.0055652296	
S00111.gastroc-tib_ant.KS       	-0.32544422	-0.32453101	0.0036195252	
S11000.gastroc-tib_ant.KS       	-1.7032833	-1.7031177	0.0045777861	
S00111.tib_ant-gastroc.KS       	-0.00395169	-0.0038007451	0.027386775	
S11000.tib_ant-gastroc.KS       	-0.00366451	-0.003506597	0.026767881	
S00111.tib_ant-soleus.KS        	-0.00313515	-0.0032903826	0.028113921	
S11000.tib_ant-soleus.KS        	-0.0034666	-0.003353607	0.026919653	
S00111.gastroc.L0               	0.81966021	0.81905994	0.0018452495	
S00111.gastroc.KS               	0.16540349	0.16687189	0.0018162544	
S00111.soleus.L0                	0.92525308	0.92449176	0.0010432867	
S00111.soleus.KS                	0.15874342	0.15817296	0.0026048295	
S11000.gastroc.KL               	0.00837043	0.0086699418	0.0027350556	
S11000.gastroc.L0               	0.513241	0.51152365	0.0018939321	
S11000.gastroc.KF               	-1.7652073	-1.7688249	0.0045322865	
S11000.gastroc.KS               	0.26524309	0.26197117	0.0037519352	
S11000.soleus.KL                	0.82378116	0.83228591	0.0073880389	
S11000.soleus.L0                	0.89637944	0.89750438	0.0018129474	
S11000.soleus.KF                	-0.9087394	-0.90332929	0.0071432798	
S11000.soleus.KS                	0.10680421	0.10730008	0.0052574247	
S00011.vasti.KF                 	0.82108302	0.82098466	0.00098865241	
S00011.vasti.C0                 	0.083247633	0.083264612	0.00021165699	
S00011.vasti-knee_angle.pos_max 	-0.3018582	-0.30204119	0.00033488629	
S00011.hamstrings-pelvis_tilt.KP	0.73795302	0.73598538	0.0038273728	
S00011.hamstrings-pelvis_tilt.KV	0.56788409	0.56812537	0.00019568633	
S00011.hamstrings-pelvis_tilt.C0	0.026752821	0.027089719	0.00038240067	
S00011.glut_max-pelvis_tilt.KP  	1.4380654	1.4425328	0.0032024276	
S00011.glut_max-pelvis_tilt.KV  	0.31484726	0.31517979	0.00020687944	
S00011.glut_max-pelvis_tilt.C0  	0.15376662	0.15378744	0.00034484091	
S00011.iliopsoas-pelvis_tilt.KP 	-3.5525513	-3.5484049	0.005568099	
S00011.iliopsoas-pelvis_tilt.KV 	-0.5400129	-0.54001849	0.00025155481	
S00011.iliopsoas-pelvis_tilt.C0 	0.34238406	0.3425209	0.00053593388	
S00100.iliopsoas.C0             	0.34377465	0.34324245	0.00029563142	
S00100.glut_max.C0              	-0.024406498	-0.024538979	0.00021269343	
S11000.iliopsoas.KL             	0.56671876	0.56675969	0.00025674383	
S11000.iliopsoas.L0             	0.38929337	0.38955499	0.00028546442	
S11000.iliopsoas-pelvis_tilt.P0 	-0.044199763	-0.044465717	0.00021920338	
S11000.iliopsoas-pelvis_tilt.KP 	0.01196527	0.011343745	0.0011122422	
S11000.iliopsoas-pelvis_tilt.KV 	0.13823021	0.13838744	0.00025492131	
S11000.iliopsoas-hamstrings.KL  	-8.5086918	-8.5085391	0.0094327789	
S11000.iliopsoas-hamstrings.L0  	1.1707802	1.1706424	0.00021193074	
S11000.hamstrings.KF            	0.57358664	0.57369976	0.00020233006	
S11000.glut_max.KF              	0.62114236	0.62115051	0.00022588511	
