pelvis_tilt.offset              	0.027386569	0.02737939	1.4528834e-05	
hip_flexion_r.offset            	0.073076771	0.073091739	1.3645285e-05	
knee_angle_r.offset             	0.0034588577	0.0034599791	1.4254806e-05	
ankle_angle_r.offset            	-0.057374426	-0.057388155	1.8659494e-05	
hip_flexion_l.offset            	-0.0096618604	-0.0096798881	2.5913257e-05	
knee_angle_l.offset             	0.057231324	0.057269069	2.04735e-05	
ankle_angle_l.offset            	0.1873569	0.18735282	1.9805625e-05	
stance_load_threshold           	0.14941943	0.14945854	2.1932884e-05	
S00111.tib_ant.KL               	1.2781269	1.2782853	0.00035018896	
S00111.tib_ant.L0               	0.76843011	0.76842304	3.9290618e-05	
S00111.tib_ant.KS               	0.00015652	0.00016586891	6.4551716e-06	
S11000.tib_ant.KL               	1.2231144	1.2233242	0.0002029947	
S11000.tib_ant.L0               	0.74701389	0.74692298	3.0684197e-05	
S11000.tib_ant.KS               	0.035748889	0.035758981	1.7483142e-05	
S11111.tib_ant-soleus.KF        	-0.10719362	-0.10721319	3.1345237e-05	
S00111.soleus-tib_ant.KS        	-0.81983549	-0.81945298	0.00036172769	
S11000.soleus-tib_ant.KS        	-3.3263493	-3.3262633	0.00047889349	
S00111.gastroc-tib_ant.KS       	-0.32649812	-0.32642626	0.0002649929	
S11000.gastroc-tib_ant.KS       	-1.6750608	-1.6750115	0.00040065663	
S00111.tib_ant-gastroc.KS       	-0.00395169	-0.003782062	0.0011560498	
S11000.tib_ant-gastroc.KS       	-0.00366451	-0.0034901699	0.0011297516	
S00111.tib_ant-soleus.KS        	-0.003419464	-0.0032852079	0.0011859856	
S11000.tib_ant-soleus.KS        	-0.0034666	-0.0032574933	0.0011358181	
S00111.gastroc.L0               	0.82351448	0.82352563	0.00016326426	
S00111.gastroc.KS               	0.16512081	0.16514525	0.00013638737	
S00111.soleus.L0                	0.92037378	0.92047439	9.1205002e-05	
S00111.soleus.KS                	0.16259162	0.1627982	0.00020333686	
S11000.gastroc.KL               	0.0088446926	0.0091038103	0.00014862495	
S11000.gastroc.L0               	0.52172481	0.52146285	0.00016550753	
S11000.gastroc.KF               	-1.7533641	-1.7532048	0.00038385068	
S11000.gastroc.KS               	0.26772269	0.26766942	0.00031146719	
S11000.soleus.KL                	0.82903738	0.82916782	0.00060989138	
S11000.soleus.L0                	0.88811413	0.88811792	0.0001568824	
S11000.soleus.KF                	-0.87902474	-0.87838584	0.0006080361	
S11000.soleus.KS                	0.11200487	0.11184152	0.00039817458	
S00011.vasti.KF                 	0.82338754	0.82342512	8.720066e-05	
S00011.vasti.C0                 	0.082608291	0.082592704	1.8238031e-05	
S00011.vasti-knee_angle.pos_max 	-0.30175702	-0.3017386	2.7407848e-05	
S00011.hamstrings-pelvis_tilt.KP	0.73346738	0.73345722	0.00033472585	
S00011.hamstrings-pelvis_tilt.KV	0.56869113	0.56868656	1.6449088e-05	
S00011.hamstrings-pelvis_tilt.C0	0.026933472	0.02691647	3.2369267e-05	
S00011.glut_max-pelvis_tilt.KP  	1.4508114	1.4505866	0.00026783613	
S00011.glut_max-pelvis_tilt.KV  	0.31529064	0.31528785	1.6975446e-05	
S00011.glut_max-pelvis_tilt.C0  	0.15566408	0.15568812	3.0640238e-05	
S00011.iliopsoas-pelvis_tilt.KP 	-3.510403	-3.5104287	0.00050434584	
S00011.iliopsoas-pelvis_tilt.KV 	-0.53970972	-0.53970699	2.0986253e-05	
S00011.iliopsoas-pelvis_tilt.C0 	0.34108676	0.34109857	4.5210966e-05	
S00100.iliopsoas.C0             	0.34516297	0.34514491	2.6415025e-05	
S00100.glut_max.C0              	-0.025358058	-0.025364263	1.8879086e-05	
S11000.iliopsoas.KL             	0.5670554	0.56703608	2.2417249e-05	
S11000.iliopsoas.L0             	0.39003899	0.39004081	2.3643942e-05	
S11000.iliopsoas-pelvis_tilt.P0 	-0.045542389	-0.045584353	1.957817e-05	
S11000.iliopsoas-pelvis_tilt.KP 	0.011759555	0.011785913	7.655478e-05	
S11000.iliopsoas-pelvis_tilt.KV 	0.13853975	0.13855446	2.1683446e-05	
S11000.iliopsoas-hamstrings.KL  	-8.4979637	-8.4971652	0.00076368453	
S11000.iliopsoas-hamstrings.L0  	1.1717765	1.1717731	1.7659181e-05	
S11000.hamstrings.KF            	0.57354754	0.57353593	1.7546767e-05	
S11000.glut_max.KF              	0.62069229	0.62067345	1.9293643e-05	
