pelvis_tilt.offset              	0.020739047	0.020799773	0.0012365461	
hip_flexion_r.offset            	0.069714641	0.070625217	0.0011684599	
knee_angle_r.offset             	0.00076748568	-0.00050396382	0.0012784157	
ankle_angle_r.offset            	-0.059256275	-0.056822914	0.0016655248	
hip_flexion_l.offset            	-0.008045874	-0.0076040213	0.0023722601	
knee_angle_l.offset             	0.054914472	0.056202845	0.0018224096	
ankle_angle_l.offset            	0.1882997	0.18763281	0.0017429238	
stance_load_threshold           	0.15043202	0.15233175	0.001920946	
S00111.tib_ant.KL               	1.2728177	1.2299255	0.031836126	
S00111.tib_ant.L0               	0.76709191	0.76388518	0.0034152573	
S00111.tib_ant.KS               	0.000173	0.00016500218	0.0013789829	
S11000.tib_ant.KL               	1.1978091	1.1935039	0.018083076	
S11000.tib_ant.L0               	0.73631073	0.73832314	0.0026347063	
S11000.tib_ant.KS               	0.036364982	0.035487428	0.0016877175	
S11111.tib_ant-soleus.KF        	-0.11436258	-0.11258544	0.0028736803	
S00111.soleus-tib_ant.KS        	-0.82406854	-0.8397177	0.036676049	
S00111.gastroc-tib_ant.KS       	-0.32533889	-0.33817815	0.031913653	
S00111.tib_ant-gastroc.KS       	-0.00357534	-0.0038022482	0.27287539	
S11000.tib_ant-gastroc.KS       	-0.00331551	-0.0035316202	0.26670892	
S00111.tib_ant-soleus.KS        	-0.00313515	-0.0032605297	0.28012069	
S11000.tib_ant-soleus.KS        	-0.00313645	-0.0033026602	0.26822122	
S00111.gastroc.KL               	0.07523758	0.078750734	0.034106934	
S00111.gastroc.L0               	0.86750786	0.84074927	0.013989277	
S00111.gastroc.KF               	1.4121299	1.4099083	0.0017833343	
S00111.gastroc.KS               	0.17241484	0.17337249	0.015767346	
S00111.soleus.KL                	4.039462	4.0020087	0.03125512	
S00111.soleus.L0                	0.95910258	0.95957853	0.0080183472	
S00111.soleus.KF                	0.22868828	0.22678567	0.0025867753	
S00111.soleus.KS                	0.14946728	0.15454568	0.023036079	
S11000.gastroc.KL               	0.00925153	0.0088018328	0.027216438	
S11000.gastroc.L0               	0.52663709	0.52594439	0.014715368	
S11000.gastroc.KF               	-1.7290604	-1.8100247	0.034655444	
S11000.gastroc.KS               	0.26525466	0.26816121	0.032227176	
S11000.soleus.KL                	0.84260236	0.80076767	0.061829803	
S11000.soleus.L0                	0.90451894	0.89830368	0.013531656	
S11000.soleus.KF                	-0.86753488	-0.88518519	0.057437556	
S11000.soleus.KS                	0.11302564	0.11044188	0.050536587	
S00011.vasti.KF                 	0.81210511	0.82199483	0.0075771938	
S00011.vasti.C0                 	0.081580677	0.083294926	0.0017086196	
S00011.vasti-knee_angle.pos_max 	-0.30644805	-0.30631853	0.0026213962	
S00011.hamstrings-pelvis_tilt.KP	0.67099736	0.70448248	0.030131295	
S00011.hamstrings-pelvis_tilt.KV	0.5679707	0.5672129	0.001526051	
S00011.hamstrings-pelvis_tilt.C0	0.02778807	0.026408068	0.0033466198	
S00011.glut_max-pelvis_tilt.KP  	1.5305373	1.4996272	0.024785383	
S00011.glut_max-pelvis_tilt.KV  	0.31399654	0.31381112	0.0015486106	
S00011.glut_max-pelvis_tilt.C0  	0.1645875	0.16148684	0.0026236335	
S00011.iliopsoas-pelvis_tilt.KP 	-3.4993024	-3.4791367	0.041685438	
S00011.iliopsoas-pelvis_tilt.KV 	-0.5419669	-0.54318654	0.0019037356	
S00011.iliopsoas-pelvis_tilt.C0 	0.32415046	0.32940395	0.0041100807	
S00100.iliopsoas.C0             	0.33714964	0.3365685	0.0022457028	
S00100.glut_max.C0              	-0.02342065	-0.024214737	0.0017347701	
S11000.iliopsoas.KL             	0.56424025	0.56097567	0.0019236566	
S11000.iliopsoas.L0             	0.39667973	0.39292755	0.0021307639	
S11000.iliopsoas-pelvis_tilt.P0 	-0.04199752	-0.04335763	0.0017208916	
S11000.iliopsoas-pelvis_tilt.KP 	0.01196527	0.011465832	0.010955988	
S11000.iliopsoas-pelvis_tilt.KV 	0.14865787	0.14564913	0.0019788721	
S11000.iliopsoas-hamstrings.KL  	-8.3050019	-8.2811119	0.069842861	
S11000.iliopsoas-hamstrings.L0  	1.1629413	1.1662174	0.0015954379	
S11000.hamstrings.KF            	0.5737898	0.57505415	0.0015319477	
S11000.glut_max.KF              	0.62080987	0.62104792	0.0017426869	
