pelvis_tilt.offset              	0.022714808	0.022385441	0.00079691965	
hip_flexion_r.offset            	0.070780038	0.071173246	0.00075983788	
knee_angle_r.offset             	0.00056266595	0.0016515767	0.00083640577	
ankle_angle_r.offset            	-0.059707542	-0.058206503	0.0010855625	
hip_flexion_l.offset            	-0.0035168625	-0.0037697678	0.0015501391	
knee_angle_l.offset             	0.055395344	0.056896816	0.0011775742	
ankle_angle_l.offset            	0.18959278	0.18812156	0.0011278227	
stance_load_threshold           	0.15060921	0.15037829	0.0012533274	
S00111.tib_ant.KL               	1.2721431	1.2691543	0.02070491	
S00111.tib_ant.L0               	0.76612766	0.76641417	0.0022186375	
S00111.tib_ant.KS               	0.000173	0.00016251446	0.00085788789	
S11000.tib_ant.KL               	1.1988834	1.2155649	0.011759303	
S11000.tib_ant.L0               	0.73002543	0.73004102	0.0017543691	
S11000.tib_ant.KS               	0.034778836	0.035987634	0.0010789346	
S11111.tib_ant-soleus.KF        	-0.11151621	-0.1129265	0.0018487532	
S00111.soleus-tib_ant.KS        	-0.80888339	-0.8255769	0.0234095	
S00111.gastroc-tib_ant.KS       	-0.33431676	-0.33490232	0.020041294	
S00111.tib_ant-gastroc.KS       	-0.00395169	-0.0037365952	0.16975983	
S11000.tib_ant-gastroc.KS       	-0.00331551	-0.0035161905	0.16592357	
S00111.tib_ant-soleus.KS        	-0.00346517	-0.0033809326	0.17426723	
S11000.tib_ant-soleus.KS        	-0.0034666	-0.0033829259	0.16686439	
S00111.gastroc.KL               	0.07523758	0.078446902	0.021237945	
S00111.gastroc.L0               	0.83565383	0.82961335	0.0090808341	
S00111.gastroc.KF               	1.4126374	1.4119239	0.0011502066	
S00111.gastroc.KS               	0.16211362	0.16910779	0.0099205634	
S00111.soleus.KL                	3.965885	3.9739262	0.020517913	
S00111.soleus.L0                	0.97017349	0.96958882	0.005193195	
S00111.soleus.KF                	0.23070389	0.23086969	0.0016834255	
S00111.soleus.KS                	0.14946728	0.15327506	0.014412327	
S11000.gastroc.KL               	0.00925153	0.0088008537	0.016932068	
S11000.gastroc.L0               	0.53572149	0.53718591	0.0095073771	
S11000.gastroc.KF               	-1.8567119	-1.8543212	0.02259124	
S11000.gastroc.KS               	0.25231886	0.26788285	0.020211646	
S11000.soleus.KL                	0.76235452	0.77111538	0.039098094	
S11000.soleus.L0                	0.92557842	0.93115361	0.0088260397	
S11000.soleus.KF                	-0.88181377	-0.92133112	0.036558654	
S11000.soleus.KS                	0.1022613	0.10761132	0.031461794	
S00011.vasti.KF                 	0.8345457	0.82347792	0.0048805247	
S00011.vasti.C0                 	0.080072756	0.081927716	0.0010945289	
S00011.vasti-knee_angle.pos_max 	-0.30523801	-0.30691413	0.001693924	
S00011.hamstrings-pelvis_tilt.KP	0.68554166	0.71328036	0.019321654	
S00011.hamstrings-pelvis_tilt.KV	0.56961185	0.56830109	0.00099208738	
S00011.hamstrings-pelvis_tilt.C0	0.025880757	0.026330012	0.0020985452	
S00011.glut_max-pelvis_tilt.KP  	1.5214359	1.5219301	0.016105952	
S00011.glut_max-pelvis_tilt.KV  	0.31361897	0.31482485	0.0010060521	
S00011.glut_max-pelvis_tilt.C0  	0.16290345	0.16301058	0.00170316	
S00011.iliopsoas-pelvis_tilt.KP 	-3.470825	-3.4562132	0.026996678	
S00011.iliopsoas-pelvis_tilt.KV 	-0.54446677	-0.5446406	0.0012342817	
S00011.iliopsoas-pelvis_tilt.C0 	0.3234127	0.32501746	0.002685867	
S00100.iliopsoas.C0             	0.33917826	0.33949513	0.0014510833	
S00100.glut_max.C0              	-0.02588599	-0.024564094	0.0011011209	
S11000.iliopsoas.KL             	0.56596293	0.56362188	0.0012504937	
S11000.iliopsoas.L0             	0.39253457	0.39348794	0.0013810032	
S11000.iliopsoas-pelvis_tilt.P0 	-0.044719913	-0.044088935	0.0011010399	
S11000.iliopsoas-pelvis_tilt.KP 	0.01082572	0.011187323	0.0068171931	
S11000.iliopsoas-pelvis_tilt.KV 	0.14567955	0.14384619	0.0012912684	
S11000.iliopsoas-hamstrings.KL  	-8.2715372	-8.2685416	0.045425285	
S11000.iliopsoas-hamstrings.L0  	1.1666335	1.1672299	0.0010305731	
S11000.hamstrings.KF            	0.57327322	0.57443045	0.00098746898	
S11000.glut_max.KF              	0.62330564	0.62123618	0.001132606	
