pelvis_tilt.offset              	0.023089438	0.022406065	0.00076390762	
hip_flexion_r.offset            	0.07114677	0.071221174	0.00072872664	
knee_angle_r.offset             	0.0020416498	0.0016173556	0.000802699	
ankle_angle_r.offset            	-0.060073967	-0.058155241	0.0010419432	
hip_flexion_l.offset            	-0.0051008616	-0.0036809436	0.001486888	
knee_angle_l.offset             	0.056174285	0.057086949	0.0011302005	
ankle_angle_l.offset            	0.18781783	0.18856287	0.0010818782	
stance_load_threshold           	0.15154979	0.15094406	0.0012015518	
S00111.tib_ant.KL               	1.2478401	1.2600224	0.019883954	
S00111.tib_ant.L0               	0.76695637	0.76692393	0.0021278165	
S00111.tib_ant.KS               	0.000173	0.00016760129	0.00082132534	
S11000.tib_ant.KL               	1.1985067	1.2103282	0.011288916	
S11000.tib_ant.L0               	0.73029038	0.7302691	0.0016827897	
S11000.tib_ant.KS               	0.033822992	0.035470357	0.0010358498	
S11111.tib_ant-soleus.KF        	-0.11337766	-0.11272619	0.0017729416	
S00111.soleus-tib_ant.KS        	-0.83470406	-0.82505037	0.022456184	
S00111.gastroc-tib_ant.KS       	-0.3278899	-0.3378006	0.019208088	
S00111.tib_ant-gastroc.KS       	-0.00357534	-0.003785866	0.16252474	
S11000.tib_ant-gastroc.KS       	-0.00331551	-0.0035162712	0.15885198	
S00111.tib_ant-soleus.KS        	-0.00313515	-0.0033528059	0.16684004	
S11000.tib_ant-soleus.KS        	-0.00313645	-0.0033106591	0.15975271	
S00111.gastroc.KL               	0.08315732	0.07732079	0.020334293	
S00111.gastroc.L0               	0.82464868	0.82875049	0.0087353294	
S00111.gastroc.KF               	1.4095645	1.4116045	0.0011034328	
S00111.gastroc.KS               	0.16049832	0.16660469	0.0095081387	
S00111.soleus.KL                	3.9870675	3.9684051	0.019704288	
S00111.soleus.L0                	0.96837855	0.97020664	0.0049822505	
S00111.soleus.KF                	0.23061197	0.23125958	0.0016137653	
S00111.soleus.KS                	0.15947511	0.15141574	0.013802378	
S11000.gastroc.KL               	0.00837043	0.0089522926	0.016210459	
S11000.gastroc.L0               	0.5387251	0.53642524	0.0091188846	
S11000.gastroc.KF               	-1.8447002	-1.8540392	0.021698648	
S11000.gastroc.KS               	0.27887874	0.26765824	0.019362916	
S11000.soleus.KL                	0.76235452	0.77845088	0.03746135	
S11000.soleus.L0                	0.93152548	0.92682424	0.0084639682	
S11000.soleus.KF                	-0.92850287	-0.91723369	0.03507099	
S11000.soleus.KS                	0.1022613	0.10545952	0.030122841	
S00011.vasti.KF                 	0.83414299	0.82449581	0.0046941675	
S00011.vasti.C0                 	0.082000809	0.081768872	0.0010505028	
S00011.vasti-knee_angle.pos_max 	-0.30772095	-0.30694034	0.0016247993	
S00011.hamstrings-pelvis_tilt.KP	0.71749975	0.70385526	0.018565281	
S00011.hamstrings-pelvis_tilt.KV	0.56821514	0.56850476	0.00095287726	
S00011.hamstrings-pelvis_tilt.C0	0.026944102	0.026036084	0.0020099391	
S00011.glut_max-pelvis_tilt.KP  	1.5325946	1.5275023	0.015463814	
S00011.glut_max-pelvis_tilt.KV  	0.31276224	0.31490048	0.00096573199	
S00011.glut_max-pelvis_tilt.C0  	0.15927876	0.16232093	0.0016345425	
S00011.iliopsoas-pelvis_tilt.KP 	-3.4604089	-3.4624897	0.025871041	
S00011.iliopsoas-pelvis_tilt.KV 	-0.54518999	-0.54476402	0.0011845142	
S00011.iliopsoas-pelvis_tilt.C0 	0.32622868	0.32484714	0.0025810888	
S00100.iliopsoas.C0             	0.34024659	0.33980603	0.0013925348	
S00100.glut_max.C0              	-0.024616675	-0.024632741	0.0010562927	
S11000.iliopsoas.KL             	0.56548209	0.56399393	0.0012023823	
S11000.iliopsoas.L0             	0.39209055	0.39351076	0.0013237873	
S11000.iliopsoas-pelvis_tilt.P0 	-0.042994523	-0.043774568	0.0010560473	
S11000.iliopsoas-pelvis_tilt.KP 	0.01082572	0.011270901	0.0065267556	
S11000.iliopsoas-pelvis_tilt.KV 	0.14303622	0.14456498	0.0012405405	
S11000.iliopsoas-hamstrings.KL  	-8.2834868	-8.2848846	0.043606445	
S11000.iliopsoas-hamstrings.L0  	1.1674454	1.1672539	0.00098792609	
S11000.hamstrings.KF            	0.57383295	0.57413876	0.00094844967	
S11000.glut_max.KF              	0.62093378	0.62143345	0.0010876071	
