pelvis_tilt.offset              	0.023935788	0.022897166	0.00059575176	
hip_flexion_r.offset            	0.071034889	0.071696201	0.00056417939	
knee_angle_r.offset             	0.0013097817	0.001080325	0.00062181303	
ankle_angle_r.offset            	-0.057544718	-0.057812437	0.00081246768	
hip_flexion_l.offset            	-0.0034619586	-0.0052069591	0.0011548664	
knee_angle_l.offset             	0.057785998	0.058081446	0.00087472889	
ankle_angle_l.offset            	0.18781694	0.18711982	0.00084129222	
stance_load_threshold           	0.14950853	0.14997856	0.00092871162	
S00111.tib_ant.KL               	1.264008	1.2483752	0.015417695	
S00111.tib_ant.L0               	0.76369829	0.7654967	0.0016405204	
S00111.tib_ant.KS               	0.00015652	0.00016588342	0.00062273894	
S11000.tib_ant.KL               	1.2111797	1.2084571	0.0088121414	
S11000.tib_ant.L0               	0.72769569	0.72898815	0.0013059087	
S11000.tib_ant.KS               	0.035482455	0.034862746	0.00080197055	
S11111.tib_ant-soleus.KF        	-0.11318755	-0.11392394	0.0013690944	
S00111.soleus-tib_ant.KS        	-0.82927096	-0.83443438	0.017430182	
S00111.gastroc-tib_ant.KS       	-0.32171493	-0.33034476	0.014634186	
S00111.tib_ant-gastroc.KS       	-0.00395169	-0.0038199985	0.12322791	
S11000.tib_ant-gastroc.KS       	-0.00366451	-0.0035232717	0.12044319	
S00111.tib_ant-soleus.KS        	-0.00313515	-0.0033490177	0.12649982	
S11000.tib_ant-soleus.KS        	-0.0034666	-0.0033196545	0.12112613	
S00111.gastroc.KL               	0.08315732	0.07747865	0.015431812	
S00111.gastroc.L0               	0.83369445	0.82738607	0.0067784141	
S00111.gastroc.KF               	1.4120649	1.4111253	0.00085525694	
S00111.gastroc.KS               	0.16049832	0.16453482	0.0072635938	
S00111.soleus.KL                	3.9718138	3.9731346	0.015335486	
S00111.soleus.L0                	0.96688661	0.9708618	0.0038415937	
S00111.soleus.KF                	0.23295879	0.23162816	0.0012549358	
S00111.soleus.KS                	0.14946728	0.15556113	0.01053245	
S11000.gastroc.KL               	0.00925153	0.0086757763	0.012291215	
S11000.gastroc.L0               	0.53795624	0.53333501	0.0070320472	
S11000.gastroc.KF               	-1.8329012	-1.8523013	0.016822104	
S11000.gastroc.KS               	0.27887874	0.2648001	0.014795233	
S11000.soleus.KL                	0.79818122	0.80959748	0.028738025	
S11000.soleus.L0                	0.91010032	0.91723077	0.006594245	
S11000.soleus.KF                	-0.88722762	-0.91043503	0.027032985	
S11000.soleus.KS                	0.11302564	0.10913161	0.022857801	
S00011.vasti.KF                 	0.82859438	0.83132485	0.0036453593	
S00011.vasti.C0                 	0.082205606	0.081076579	0.00081051007	
S00011.vasti-knee_angle.pos_max 	-0.30704641	-0.30646312	0.0012593808	
S00011.hamstrings-pelvis_tilt.KP	0.69678736	0.70459116	0.01431293	
S00011.hamstrings-pelvis_tilt.KV	0.56887178	0.56837873	0.00073690611	
S00011.hamstrings-pelvis_tilt.C0	0.02640194	0.026132715	0.0015372522	
S00011.glut_max-pelvis_tilt.KP  	1.5322896	1.537722	0.012029271	
S00011.glut_max-pelvis_tilt.KV  	0.31409259	0.31394481	0.0007511832	
S00011.glut_max-pelvis_tilt.C0  	0.16062748	0.16025491	0.0012710332	
S00011.iliopsoas-pelvis_tilt.KP 	-3.4204704	-3.4574744	0.020136463	
S00011.iliopsoas-pelvis_tilt.KV 	-0.54258467	-0.54262772	0.00092159911	
S00011.iliopsoas-pelvis_tilt.C0 	0.32726423	0.32461804	0.0020031014	
S00100.iliopsoas.C0             	0.34174821	0.34078195	0.0010795895	
S00100.glut_max.C0              	-0.024665616	-0.02449035	0.00081359303	
S11000.iliopsoas.KL             	0.56372839	0.56479345	0.00093707328	
S11000.iliopsoas.L0             	0.39388468	0.3922641	0.0010281204	
S11000.iliopsoas-pelvis_tilt.P0 	-0.044030765	-0.044086532	0.00081913576	
S11000.iliopsoas-pelvis_tilt.KP 	0.011834961	0.01154983	0.0049497325	
S11000.iliopsoas-pelvis_tilt.KV 	0.14420966	0.14342921	0.00096023871	
S11000.iliopsoas-hamstrings.KL  	-8.320517	-8.2803919	0.033801701	
S11000.iliopsoas-hamstrings.L0  	1.1682293	1.1674296	0.00076258727	
S11000.hamstrings.KF            	0.57503513	0.57392395	0.00073297585	
S11000.glut_max.KF              	0.62116196	0.62125858	0.00084257197	
