pelvis_tilt.offset              	0.023187469	0.0232088	4.0655083e-05	
hip_flexion_r.offset            	0.070314063	0.070264895	3.8165455e-05	
knee_angle_r.offset             	0.000610983	0.000658783	3.9804291e-05	
ankle_angle_r.offset            	-0.057828556	-0.057816144	5.1855377e-05	
hip_flexion_l.offset            	-0.0049049103	-0.0049151387	7.5507635e-05	
knee_angle_l.offset             	0.056537534	0.056646924	5.445075e-05	
ankle_angle_l.offset            	0.18645742	0.18652485	5.4651092e-05	
stance_load_threshold           	0.15108999	0.1510081	5.7892097e-05	
S00111.tib_ant.KL               	1.2407705	1.2407274	0.0009650563	
S00111.tib_ant.L0               	0.76158319	0.76163464	0.0001025614	
S00111.tib_ant.KS               	0.00015652	0.00016821472	2.1591699e-05	
S11000.tib_ant.KL               	1.2119424	1.2119045	0.00057568882	
S11000.tib_ant.L0               	0.72939651	0.72939246	8.1012123e-05	
S11000.tib_ant.KS               	0.035614442	0.035604783	5.1295446e-05	
S11111.tib_ant-soleus.KF        	-0.11240343	-0.1124882	9.0760615e-05	
S00111.soleus-tib_ant.KS        	-0.81622935	-0.81745309	0.0010836689	
S00111.gastroc-tib_ant.KS       	-0.33420192	-0.33247671	0.00078180485	
S00111.tib_ant-gastroc.KS       	-0.00395169	-0.0037147184	0.0041878166	
S11000.tib_ant-gastroc.KS       	-0.00366451	-0.0035363324	0.0040930569	
S00111.tib_ant-soleus.KS        	-0.00313515	-0.0033409382	0.00429863	
S11000.tib_ant-soleus.KS        	-0.00313645	-0.0032879912	0.0041161156	
S00111.gastroc.KL               	0.077970495	0.078194696	0.00080692141	
S00111.gastroc.L0               	0.83900419	0.83968346	0.00044264999	
S00111.gastroc.KF               	1.4106349	1.4105597	5.5306292e-05	
S00111.gastroc.KS               	0.16644258	0.1662527	0.00039359434	
S00111.soleus.KL                	3.9838037	3.983831	0.00097732909	
S00111.soleus.L0                	0.97306162	0.97349248	0.000229607	
S00111.soleus.KF                	0.23303564	0.23304689	8.249467e-05	
S00111.soleus.KS                	0.16376097	0.16384576	0.0006112581	
S11000.gastroc.KL               	0.00862852	0.0088572133	0.00045999131	
S11000.gastroc.L0               	0.54815893	0.54830891	0.00045258716	
S11000.gastroc.KF               	-1.8770794	-1.8780452	0.0011107172	
S11000.gastroc.KS               	0.27023029	0.27055887	0.00089106691	
S11000.soleus.KL                	0.7929118	0.7933077	0.0018816782	
S11000.soleus.L0                	0.90669072	0.90652672	0.00043385341	
S11000.soleus.KF                	-0.89739458	-0.89516769	0.001733943	
S11000.soleus.KS                	0.11075002	0.11038284	0.0011859109	
S00011.vasti.KF                 	0.83298409	0.83293661	0.00022465087	
S00011.vasti.C0                 	0.082101241	0.082070017	5.0310753e-05	
S00011.vasti-knee_angle.pos_max 	-0.30811806	-0.30799505	8.1103975e-05	
S00011.hamstrings-pelvis_tilt.KP	0.69115897	0.68879551	0.0009081466	
S00011.hamstrings-pelvis_tilt.KV	0.56935474	0.56940199	4.8452548e-05	
S00011.hamstrings-pelvis_tilt.C0	0.026187644	0.026273752	9.4377838e-05	
S00011.glut_max-pelvis_tilt.KP  	1.5235396	1.5236881	0.00075565458	
S00011.glut_max-pelvis_tilt.KV  	0.31379071	0.31379976	4.7211029e-05	
S00011.glut_max-pelvis_tilt.C0  	0.15733349	0.1572831	8.5169421e-05	
S00011.iliopsoas-pelvis_tilt.KP 	-3.4595152	-3.4598157	0.0013125026	
S00011.iliopsoas-pelvis_tilt.KV 	-0.54254334	-0.54251091	5.8396027e-05	
S00011.iliopsoas-pelvis_tilt.C0 	0.32338576	0.32341805	0.00012774019	
S00100.iliopsoas.C0             	0.3397757	0.33976795	6.7395556e-05	
S00100.glut_max.C0              	-0.024360301	-0.024469564	5.1104326e-05	
S11000.iliopsoas.KL             	0.56472833	0.56462056	5.8775204e-05	
S11000.iliopsoas.L0             	0.39291796	0.39293775	6.3828299e-05	
S11000.iliopsoas-pelvis_tilt.P0 	-0.04533197	-0.045254918	5.6710589e-05	
S11000.iliopsoas-pelvis_tilt.KP 	0.01168164	0.011692241	0.00022495042	
S11000.iliopsoas-pelvis_tilt.KV 	0.14516985	0.14521509	6.0801255e-05	
S11000.iliopsoas-hamstrings.KL  	-8.2780936	-8.2767817	0.0021694602	
S11000.iliopsoas-hamstrings.L0  	1.1662789	1.1663217	5.0627528e-05	
S11000.hamstrings.KF            	0.57508873	0.5751073	4.9065106e-05	
S11000.glut_max.KF              	0.6219342	0.62196952	5.2479983e-05	
