pelvis_tilt.offset              	0.023248479	0.02325345	2.2662054e-05	
hip_flexion_r.offset            	0.070237508	0.070272105	2.1225011e-05	
knee_angle_r.offset             	0.00069979688	0.00071119402	2.2353895e-05	
ankle_angle_r.offset            	-0.057917108	-0.057940432	2.921641e-05	
hip_flexion_l.offset            	-0.0048156207	-0.0048352605	4.2467103e-05	
knee_angle_l.offset             	0.056557507	0.056625594	3.0661475e-05	
ankle_angle_l.offset            	0.18657614	0.18655438	3.089017e-05	
stance_load_threshold           	0.15089955	0.15089788	3.3016232e-05	
S00111.tib_ant.KL               	1.2389952	1.2389766	0.00054728868	
S00111.tib_ant.L0               	0.76180965	0.76178066	5.7899911e-05	
S00111.tib_ant.KS               	0.000173	0.0001623503	1.0550812e-05	
S11000.tib_ant.KL               	1.2126487	1.2125103	0.00032158065	
S11000.tib_ant.L0               	0.72960646	0.72955333	4.5547917e-05	
S11000.tib_ant.KS               	0.035604666	0.0356129	2.8289469e-05	
S11111.tib_ant-soleus.KF        	-0.11264053	-0.11260689	5.0619621e-05	
S00111.soleus-tib_ant.KS        	-0.81362342	-0.81386732	0.00060417752	
S00111.gastroc-tib_ant.KS       	-0.33278199	-0.33300552	0.00043767102	
S00111.tib_ant-gastroc.KS       	-0.00395169	-0.0038021587	0.001972504	
S11000.tib_ant-gastroc.KS       	-0.00366451	-0.0035172881	0.0019276805	
S00111.tib_ant-soleus.KS        	-0.00346517	-0.003254882	0.0020242163	
S11000.tib_ant-soleus.KS        	-0.0034666	-0.0033517537	0.0019383984	
S00111.gastroc.KL               	0.07523758	0.076595733	0.00044861919	
S00111.gastroc.L0               	0.83828081	0.8386212	0.00024411056	
S00111.gastroc.KF               	1.4105258	1.4105551	3.0864476e-05	
S00111.gastroc.KS               	0.16619324	0.16656904	0.00021810729	
S00111.soleus.KL                	3.9847187	3.9835005	0.00055090829	
S00111.soleus.L0                	0.97376631	0.97372352	0.0001283235	
S00111.soleus.KF                	0.23308446	0.23303334	4.5442949e-05	
S00111.soleus.KS                	0.16333422	0.16349177	0.00034133381	
S11000.gastroc.KL               	0.0090642362	0.0087661228	0.0002423952	
S11000.gastroc.L0               	0.54950294	0.54947192	0.00025284925	
S11000.gastroc.KF               	-1.8782406	-1.8775057	0.00060698121	
S11000.gastroc.KS               	0.27285676	0.27269776	0.00050689376	
S11000.soleus.KL                	0.78736904	0.78627515	0.0010758366	
S11000.soleus.L0                	0.90584513	0.90644396	0.00023816454	
S11000.soleus.KF                	-0.89650368	-0.89567474	0.0009651664	
S11000.soleus.KS                	0.11203365	0.11153236	0.00064471656	
S00011.vasti.KF                 	0.83324513	0.83302153	0.00012353823	
S00011.vasti.C0                 	0.082029025	0.082067703	2.8578321e-05	
S00011.vasti-knee_angle.pos_max 	-0.30805681	-0.30810922	4.5255558e-05	
S00011.hamstrings-pelvis_tilt.KP	0.69060239	0.6906017	0.00051806192	
S00011.hamstrings-pelvis_tilt.KV	0.56941444	0.56938214	2.6966316e-05	
S00011.hamstrings-pelvis_tilt.C0	0.026025271	0.026049345	5.296225e-05	
S00011.glut_max-pelvis_tilt.KP  	1.5239695	1.5245869	0.00042160272	
S00011.glut_max-pelvis_tilt.KV  	0.313652	0.31367128	2.6432316e-05	
S00011.glut_max-pelvis_tilt.C0  	0.1574178	0.15737841	4.7630819e-05	
S00011.iliopsoas-pelvis_tilt.KP 	-3.4598779	-3.4598632	0.00072069649	
S00011.iliopsoas-pelvis_tilt.KV 	-0.54254241	-0.54257866	3.2155771e-05	
S00011.iliopsoas-pelvis_tilt.C0 	0.32339208	0.32336778	7.1873917e-05	
S00100.iliopsoas.C0             	0.33953629	0.33961803	3.7458746e-05	
S00100.glut_max.C0              	-0.024466172	-0.024473114	2.8467262e-05	
S11000.iliopsoas.KL             	0.56472743	0.56467472	3.2664135e-05	
S11000.iliopsoas.L0             	0.39265352	0.39268165	3.6449559e-05	
S11000.iliopsoas-pelvis_tilt.P0 	-0.045350962	-0.045386181	3.1845283e-05	
S11000.iliopsoas-pelvis_tilt.KP 	0.011766556	0.011651346	0.00012113779	
S11000.iliopsoas-pelvis_tilt.KV 	0.14502433	0.1450517	3.4104606e-05	
S11000.iliopsoas-hamstrings.KL  	-8.279938	-8.2796807	0.0012072568	
S11000.iliopsoas-hamstrings.L0  	1.1660977	1.1661065	2.9124622e-05	
S11000.hamstrings.KF            	0.57523994	0.57525279	2.7663015e-05	
S11000.glut_max.KF              	0.62211427	0.62210347	2.9786549e-05	
