pelvis_tilt.offset              	0.021439179	0.020316985	0.0014197558	
hip_flexion_r.offset            	0.070532014	0.069081316	0.0013442555	
knee_angle_r.offset             	0.0018785064	0.00043263714	0.0014649955	
ankle_angle_r.offset            	-0.058598414	-0.05690993	0.0019144496	
hip_flexion_l.offset            	-0.0067097544	-0.0065902817	0.0027251763	
knee_angle_l.offset             	0.05490594	0.057831632	0.0020926136	
ankle_angle_l.offset            	0.19093558	0.18796656	0.0020032411	
stance_load_threshold           	0.15210324	0.15222211	0.0022016899	
S00111.tib_ant.KL               	1.2028682	1.249367	0.036560652	
S00111.tib_ant.L0               	0.75716739	0.76297228	0.0039181961	
S00111.tib_ant.KS               	0.00015652	0.00016485328	0.0015897243	
S11000.tib_ant.KL               	1.222048	1.1929183	0.020769807	
S11000.tib_ant.L0               	0.7356191	0.73862585	0.0030262237	
S11000.tib_ant.KS               	0.037067836	0.035628634	0.0019413784	
S11111.tib_ant-soleus.KF        	-0.10855415	-0.11066655	0.0033009552	
S00111.soleus-tib_ant.KS        	-0.89402901	-0.87476185	0.042143451	
S11000.soleus-tib_ant.KS        	-3.2517235	-3.2579654	0.048396191	
S00111.gastroc-tib_ant.KS       	-0.32171493	-0.32680678	0.036759648	
S11000.gastroc-tib_ant.KS       	-1.6118344	-1.6657717	0.040485753	
S00111.tib_ant-gastroc.KS       	-0.00395169	-0.0037955323	0.3145773	
S11000.tib_ant-gastroc.KS       	-0.00331551	-0.0035630667	0.30746844	
S00111.tib_ant-soleus.KS        	-0.00313515	-0.003284234	0.32292986	
S11000.tib_ant-soleus.KS        	-0.00313645	-0.0033267736	0.30921185	
S00111.gastroc.KL               	0.07523758	0.078802969	0.039317437	
S00111.gastroc.L0               	0.83641377	0.84120062	0.016037547	
S00111.gastroc.KF               	1.4127468	1.4108532	0.0020445821	
S00111.soleus.KL                	4.0658566	4.0431263	0.035743173	
S00111.soleus.L0                	0.96238666	0.97791388	0.0092257825	
S00111.soleus.KF                	0.22780661	0.22788465	0.0029636041	
S11000.gastroc.KL               	0.00837043	0.0086914277	0.031375729	
S11000.gastroc.L0               	0.54028747	0.51829066	0.016920063	
S11000.gastroc.KF               	-1.8580359	-1.8157095	0.039804997	
S11000.gastroc.KS               	0.25231886	0.26007587	0.037133988	
S11000.soleus.KL                	0.84246794	0.82222595	0.07118479	
S11000.soleus.L0                	0.90417721	0.90878986	0.015548052	
S11000.soleus.KF                	-0.95755869	-0.90309405	0.066126355	
S11000.soleus.KS                	0.1022613	0.10921424	0.058256543	
S00011.vasti.KF                 	0.80943691	0.81550406	0.0086992054	
S00011.vasti.C0                 	0.084571767	0.084427843	0.0019656679	
S00011.vasti-knee_angle.pos_max 	-0.30311002	-0.30540848	0.0029987454	
S00011.hamstrings-pelvis_tilt.KP	0.70346117	0.70387169	0.034671786	
S00011.hamstrings-pelvis_tilt.KV	0.56522025	0.56551923	0.0017524847	
S00011.hamstrings-pelvis_tilt.C0	0.02514159	0.026151278	0.0038560467	
S00011.glut_max-pelvis_tilt.KP  	1.5238521	1.4972879	0.028374026	
S00011.glut_max-pelvis_tilt.KV  	0.31320437	0.31334502	0.0017766051	
S00011.glut_max-pelvis_tilt.C0  	0.15974522	0.16108353	0.0029926215	
S00011.iliopsoas-pelvis_tilt.KP 	-3.537191	-3.5174578	0.047821811	
S00011.iliopsoas-pelvis_tilt.KV 	-0.54608849	-0.5432201	0.0021795387	
S00011.iliopsoas-pelvis_tilt.C0 	0.32261024	0.33109792	0.0047063188	
S00100.iliopsoas.C0             	0.33558539	0.33717453	0.0025755542	
S00100.glut_max.C0              	-0.02342065	-0.024479435	0.0019965931	
S11000.iliopsoas.KL             	0.56192952	0.56116107	0.0022041106	
S11000.iliopsoas.L0             	0.39214654	0.39115739	0.0024473963	
S11000.iliopsoas-pelvis_tilt.P0 	-0.046082153	-0.044392936	0.0019758646	
S11000.iliopsoas-pelvis_tilt.KP 	0.01082572	0.011444341	0.012630197	
S11000.iliopsoas-pelvis_tilt.KV 	0.14800493	0.144924	0.0022676377	
S11000.iliopsoas-hamstrings.KL  	-8.139161	-8.2693674	0.080235645	
S11000.iliopsoas-hamstrings.L0  	1.1659119	1.1659928	0.0018333168	
S11000.hamstrings.KF            	0.57350643	0.57513513	0.001762192	
S11000.glut_max.KF              	0.62310301	0.62089991	0.0020017522	
