pelvis_tilt.offset              	0.021839016	0.021918694	0.00012442172	
hip_flexion_r.offset            	0.069426519	0.069403362	0.00011931981	
knee_angle_r.offset             	-0.00096309871	-0.0012267796	0.0001309265	
ankle_angle_r.offset            	-0.059226434	-0.059270175	0.00017098708	
hip_flexion_l.offset            	-0.0054316465	-0.0051483743	0.00023794762	
knee_angle_l.offset             	0.059113664	0.059091815	0.00018390629	
ankle_angle_l.offset            	0.18816904	0.18807706	0.00017946239	
stance_load_threshold           	0.15390549	0.15381914	0.00019076546	
S00111.tib_ant.KL               	1.2388007	1.2410716	0.0031833891	
S00111.tib_ant.L0               	0.75727277	0.75687734	0.00034614662	
S00111.tib_ant.KS               	0.00015652	0.00016564976	0.00011021847	
S11000.tib_ant.KL               	1.2413803	1.2458678	0.0018148553	
S11000.tib_ant.L0               	0.73824783	0.73792481	0.00026447929	
S11000.tib_ant.KS               	0.03515523	0.035038102	0.00016684978	
S11111.tib_ant-soleus.KF        	-0.10901885	-0.10898978	0.00028561996	
S00111.soleus-tib_ant.KS        	-0.84373547	-0.85057643	0.0035934452	
S11000.soleus-tib_ant.KS        	-3.2693696	-3.2709866	0.0042822647	
S00111.gastroc-tib_ant.KS       	-0.32171493	-0.32332413	0.0026378693	
S11000.gastroc-tib_ant.KS       	-1.6298994	-1.6282989	0.0035153027	
S00111.tib_ant-gastroc.KS       	-0.00395169	-0.0037603831	0.021803736	
S11000.tib_ant-gastroc.KS       	-0.00331551	-0.0034903124	0.021311006	
S00111.tib_ant-soleus.KS        	-0.00313515	-0.0033257192	0.022382635	
S11000.tib_ant-soleus.KS        	-0.0034666	-0.0033500814	0.021431832	
S00111.gastroc.KL               	0.07523758	0.077898892	0.0028744976	
S00111.gastroc.L0               	0.82866074	0.83008865	0.0014272129	
S00111.gastroc.KF               	1.4140883	1.4140768	0.00018334082	
S00111.soleus.KL                	4.0340666	4.0338085	0.0031781403	
S00111.soleus.L0                	0.98855566	0.98778411	0.00080413997	
S00111.soleus.KF                	0.22466936	0.22457202	0.00026650791	
S11000.gastroc.KL               	0.0091950999	0.0088474049	0.0021789112	
S11000.gastroc.L0               	0.50506823	0.50835181	0.0014703715	
S11000.gastroc.KF               	-1.8211165	-1.8184232	0.0034586151	
S11000.gastroc.KS               	0.27271787	0.27168809	0.003005988	
S11000.soleus.KL                	0.78706408	0.78007377	0.0059201687	
S11000.soleus.L0                	0.91457383	0.91288175	0.0013677999	
S11000.soleus.KF                	-0.94073894	-0.94098784	0.0056482694	
S11000.soleus.KS                	0.11160596	0.10822498	0.0042289874	
S00011.vasti.KF                 	0.81536712	0.81529265	0.00075473078	
S00011.vasti.C0                 	0.081890873	0.081817133	0.00016529493	
S00011.vasti-knee_angle.pos_max 	-0.30600131	-0.30604111	0.00026310198	
S00011.hamstrings-pelvis_tilt.KP	0.70459481	0.7013382	0.0029873306	
S00011.hamstrings-pelvis_tilt.KV	0.56507292	0.56479647	0.00015113869	
S00011.hamstrings-pelvis_tilt.C0	0.026149109	0.026444125	0.00031294719	
S00011.glut_max-pelvis_tilt.KP  	1.5260007	1.5266452	0.0025331816	
S00011.glut_max-pelvis_tilt.KV  	0.31043908	0.31059229	0.00015700014	
S00011.glut_max-pelvis_tilt.C0  	0.15817486	0.15824881	0.0002621018	
S00011.iliopsoas-pelvis_tilt.KP 	-3.5479799	-3.5450789	0.004243801	
S00011.iliopsoas-pelvis_tilt.KV 	-0.54294615	-0.54280627	0.00019574445	
S00011.iliopsoas-pelvis_tilt.C0 	0.32535329	0.32532893	0.0004097172	
S00100.iliopsoas.C0             	0.33721964	0.33723748	0.00022705622	
S00100.glut_max.C0              	-0.024627772	-0.024762849	0.00016867757	
S11000.iliopsoas.KL             	0.56092691	0.56092693	0.00019491741	
S11000.iliopsoas.L0             	0.38815601	0.38846834	0.00022134696	
S11000.iliopsoas-pelvis_tilt.P0 	-0.043968792	-0.043934455	0.0001687791	
S11000.iliopsoas-pelvis_tilt.KP 	0.011064619	0.011261053	0.00088975513	
S11000.iliopsoas-pelvis_tilt.KV 	0.14433943	0.14454655	0.00020122069	
S11000.iliopsoas-hamstrings.KL  	-8.2614964	-8.2457166	0.0070421403	
S11000.iliopsoas-hamstrings.L0  	1.1632731	1.1632154	0.00016191695	
S11000.hamstrings.KF            	0.57332666	0.57324512	0.00015172619	
S11000.glut_max.KF              	0.62080906	0.62060725	0.00017585753	
