pelvis_tilt.offset              	0.022010261	0.022015495	6.2824591e-05	
hip_flexion_r.offset            	0.069231953	0.06927296	5.9798779e-05	
knee_angle_r.offset             	-0.0012809013	-0.0013652869	6.6754266e-05	
ankle_angle_r.offset            	-0.058539702	-0.058546388	8.8640561e-05	
hip_flexion_l.offset            	-0.0059601682	-0.0059939131	0.00012375872	
knee_angle_l.offset             	0.058894952	0.058869641	9.4362292e-05	
ankle_angle_l.offset            	0.18829156	0.18827726	9.142486e-05	
stance_load_threshold           	0.15337935	0.15348538	9.5810554e-05	
S00111.tib_ant.KL               	1.2454408	1.243611	0.0016190287	
S00111.tib_ant.L0               	0.75758173	0.75780066	0.00017627908	
S00111.tib_ant.KS               	0.00016953839	0.00016172104	4.8587276e-05	
S11000.tib_ant.KL               	1.2476568	1.2478806	0.000918193	
S11000.tib_ant.L0               	0.73741289	0.7376709	0.00013538388	
S11000.tib_ant.KS               	0.035085533	0.035181507	8.480673e-05	
S11111.tib_ant-soleus.KF        	-0.10835416	-0.10821324	0.00014909925	
S00111.soleus-tib_ant.KS        	-0.83819163	-0.83687091	0.0018635679	
S11000.soleus-tib_ant.KS        	-3.2814673	-3.2800446	0.0021828898	
S00111.gastroc-tib_ant.KS       	-0.32249495	-0.32242525	0.0012172156	
S11000.gastroc-tib_ant.KS       	-1.6127264	-1.6112927	0.0018277969	
S00111.tib_ant-gastroc.KS       	-0.00395169	-0.0038028349	0.009596604	
S11000.tib_ant-gastroc.KS       	-0.00331551	-0.003567499	0.0093797085	
S00111.tib_ant-soleus.KS        	-0.00346517	-0.0033606053	0.0098513263	
S11000.tib_ant-soleus.KS        	-0.00313645	-0.0032813242	0.0094328668	
S00111.gastroc.KL               	0.082433641	0.081668357	0.0014191414	
S00111.gastroc.L0               	0.82850832	0.82855553	0.00073781001	
S00111.gastroc.KF               	1.4138736	1.4138617	9.3865627e-05	
S00111.soleus.KL                	4.04349	4.0426288	0.0016453579	
S00111.soleus.L0                	0.98644856	0.98627414	0.00040710868	
S00111.soleus.KF                	0.22432822	0.22430716	0.00013518783	
S11000.gastroc.KL               	0.0086532251	0.0088298864	0.00096882546	
S11000.gastroc.L0               	0.51031053	0.50983008	0.00074828535	
S11000.gastroc.KF               	-1.8138378	-1.8122797	0.0017745545	
S11000.gastroc.KS               	0.27823475	0.27777397	0.0015217883	
S11000.soleus.KL                	0.79875374	0.79666826	0.0030317681	
S11000.soleus.L0                	0.91165495	0.91217001	0.00070088772	
S11000.soleus.KF                	-0.95885434	-0.95404832	0.0028705033	
S11000.soleus.KS                	0.1075097	0.10710583	0.0020866292	
S00011.vasti.KF                 	0.81574233	0.81639762	0.00039049488	
S00011.vasti.C0                 	0.08164284	0.081579459	8.2793955e-05	
S00011.vasti-knee_angle.pos_max 	-0.3064072	-0.30639213	0.00013291162	
S00011.hamstrings-pelvis_tilt.KP	0.69511075	0.69571725	0.0015384924	
S00011.hamstrings-pelvis_tilt.KV	0.56461852	0.56461052	7.6832657e-05	
S00011.hamstrings-pelvis_tilt.C0	0.0271289	0.027047866	0.00016058082	
S00011.glut_max-pelvis_tilt.KP  	1.5279205	1.52628	0.0012814468	
S00011.glut_max-pelvis_tilt.KV  	0.31055368	0.3107037	8.0422173e-05	
S00011.glut_max-pelvis_tilt.C0  	0.15847949	0.15848363	0.00013242834	
S00011.iliopsoas-pelvis_tilt.KP 	-3.5471677	-3.5508759	0.0022172281	
S00011.iliopsoas-pelvis_tilt.KV 	-0.54274349	-0.54278362	9.9533876e-05	
S00011.iliopsoas-pelvis_tilt.C0 	0.32547796	0.32560462	0.00020904975	
S00100.iliopsoas.C0             	0.33746302	0.33742166	0.00011673307	
S00100.glut_max.C0              	-0.024104228	-0.024124332	8.7104531e-05	
S11000.iliopsoas.KL             	0.56038747	0.56050858	9.9372441e-05	
S11000.iliopsoas.L0             	0.38798267	0.38784674	0.00011347238	
S11000.iliopsoas-pelvis_tilt.P0 	-0.044055637	-0.04406301	8.5957072e-05	
S11000.iliopsoas-pelvis_tilt.KP 	0.011506678	0.011535108	0.00041351986	
S11000.iliopsoas-pelvis_tilt.KV 	0.14418127	0.14415011	0.00010312558	
S11000.iliopsoas-hamstrings.KL  	-8.2615824	-8.2630865	0.003641597	
S11000.iliopsoas-hamstrings.L0  	1.1631006	1.1630762	8.1770872e-05	
S11000.hamstrings.KF            	0.57290052	0.57285005	7.8602801e-05	
S11000.glut_max.KF              	0.62079157	0.62079964	9.1524574e-05	
