pelvis_tilt.offset              	0.021936152	0.021943479	4.9418915e-05	
hip_flexion_r.offset            	0.069245714	0.069288316	4.711735e-05	
knee_angle_r.offset             	-0.0012972612	-0.0013009651	5.2198837e-05	
ankle_angle_r.offset            	-0.05873959	-0.058639722	6.9833187e-05	
hip_flexion_l.offset            	-0.0061767715	-0.0062666669	9.7667005e-05	
knee_angle_l.offset             	0.058828751	0.058895453	7.3474412e-05	
ankle_angle_l.offset            	0.18846041	0.18835418	7.2898628e-05	
stance_load_threshold           	0.153507	0.15347852	7.5236691e-05	
S00111.tib_ant.KL               	1.2415257	1.2439436	0.001264995	
S00111.tib_ant.L0               	0.75780675	0.75785702	0.00013826629	
S00111.tib_ant.KS               	0.000173	0.00016164662	3.6624289e-05	
S11000.tib_ant.KL               	1.2490176	1.247571	0.000719082	
S11000.tib_ant.L0               	0.73783428	0.73773551	0.00010523335	
S11000.tib_ant.KS               	0.035347208	0.035244625	6.6210214e-05	
S11111.tib_ant-soleus.KF        	-0.10784725	-0.1079173	0.00011713224	
S00111.soleus-tib_ant.KS        	-0.83709325	-0.83716963	0.0014575953	
S11000.soleus-tib_ant.KS        	-3.279339	-3.278481	0.0017112762	
S00111.gastroc-tib_ant.KS       	-0.32252943	-0.32229005	0.00093365614	
S11000.gastroc-tib_ant.KS       	-1.6118429	-1.6092566	0.0014326428	
S00111.tib_ant-gastroc.KS       	-0.00357534	-0.0037984527	0.0072232646	
S11000.tib_ant-gastroc.KS       	-0.00331551	-0.0034844367	0.0070599987	
S00111.tib_ant-soleus.KS        	-0.00346517	-0.0032899066	0.0074149482	
S11000.tib_ant-soleus.KS        	-0.00313645	-0.0033225316	0.0071000026	
S00111.gastroc.KL               	0.083073142	0.081288761	0.0010986457	
S00111.gastroc.L0               	0.82711505	0.82768833	0.00058201276	
S00111.gastroc.KF               	1.413879	1.413772	7.3192291e-05	
S00111.soleus.KL                	4.041666	4.042467	0.0012827383	
S00111.soleus.L0                	0.98573774	0.98592847	0.000317542	
S00111.soleus.KF                	0.22405288	0.22417184	0.00010643061	
S11000.gastroc.KL               	0.00837043	0.0087701171	0.00073516599	
S11000.gastroc.L0               	0.50881052	0.50944878	0.00058464637	
S11000.gastroc.KF               	-1.8122901	-1.8122747	0.001393433	
S11000.gastroc.KS               	0.27535422	0.27712666	0.0011822108	
S11000.soleus.KL                	0.79986778	0.80164342	0.0024001183	
S11000.soleus.L0                	0.91429191	0.91439036	0.00055582358	
S11000.soleus.KF                	-0.95053585	-0.95062265	0.0022387859	
S11000.soleus.KS                	0.10738654	0.10723955	0.0016359827	
S00011.vasti.KF                 	0.81574412	0.81596972	0.00030647887	
S00011.vasti.C0                 	0.081633292	0.081617956	6.4699845e-05	
S00011.vasti-knee_angle.pos_max 	-0.30628214	-0.30630444	0.00010382371	
S00011.hamstrings-pelvis_tilt.KP	0.69439682	0.69501185	0.0012106442	
S00011.hamstrings-pelvis_tilt.KV	0.56480561	0.56467091	6.0599026e-05	
S00011.hamstrings-pelvis_tilt.C0	0.027254563	0.027393542	0.00012670812	
S00011.glut_max-pelvis_tilt.KP  	1.526803	1.5268143	0.0010018373	
S00011.glut_max-pelvis_tilt.KV  	0.31050892	0.31056842	6.3168746e-05	
S00011.glut_max-pelvis_tilt.C0  	0.1585627	0.15852757	0.00010324483	
S00011.iliopsoas-pelvis_tilt.KP 	-3.5510811	-3.5498218	0.0017471815	
S00011.iliopsoas-pelvis_tilt.KV 	-0.54255913	-0.54256908	7.7686306e-05	
S00011.iliopsoas-pelvis_tilt.C0 	0.32570431	0.32565232	0.00016422267	
S00100.iliopsoas.C0             	0.33717041	0.33726172	9.2048262e-05	
S00100.glut_max.C0              	-0.02405819	-0.024055212	6.8692667e-05	
S11000.iliopsoas.KL             	0.56053385	0.56051212	7.8230893e-05	
S11000.iliopsoas.L0             	0.38789913	0.38794313	8.9456441e-05	
S11000.iliopsoas-pelvis_tilt.P0 	-0.04401584	-0.044016917	6.7625742e-05	
S11000.iliopsoas-pelvis_tilt.KP 	0.01142093	0.011790641	0.00032102709	
S11000.iliopsoas-pelvis_tilt.KV 	0.14410048	0.14407376	8.095217e-05	
S11000.iliopsoas-hamstrings.KL  	-8.2575757	-8.260594	0.0028582671	
S11000.iliopsoas-hamstrings.L0  	1.163122	1.1630932	6.4036755e-05	
S11000.hamstrings.KF            	0.57292109	0.57287582	6.1534694e-05	
S11000.glut_max.KF              	0.62095958	0.62107357	7.3478979e-05	
