pelvis_tilt.offset              	0.02195907	0.021954407	1.2044988e-05	
hip_flexion_r.offset            	0.069342799	0.069337173	1.1355134e-05	
knee_angle_r.offset             	-0.0013978598	-0.0013765726	1.2570906e-05	
ankle_angle_r.offset            	-0.058504069	-0.0585128	1.7067499e-05	
hip_flexion_l.offset            	-0.0060863703	-0.0060821183	2.4409966e-05	
knee_angle_l.offset             	0.059048454	0.059050546	1.7871644e-05	
ankle_angle_l.offset            	0.18856925	0.18855167	1.7308385e-05	
stance_load_threshold           	0.15354512	0.15353773	1.7427666e-05	
S00111.tib_ant.KL               	1.2440641	1.244483	0.0003067015	
S00111.tib_ant.L0               	0.75787246	0.75786447	3.2610517e-05	
S00111.tib_ant.KS               	0.000173	0.00016632238	6.6267378e-06	
S11000.tib_ant.KL               	1.2460444	1.2463781	0.00016917403	
S11000.tib_ant.L0               	0.73750923	0.73759335	2.4797293e-05	
S11000.tib_ant.KS               	0.035348195	0.035347003	1.6163648e-05	
S11111.tib_ant-soleus.KF        	-0.1079137	-0.10792476	2.7458458e-05	
S00111.soleus-tib_ant.KS        	-0.83546373	-0.83561154	0.00034225293	
S11000.soleus-tib_ant.KS        	-3.2804589	-3.280686	0.00041373531	
S00111.gastroc-tib_ant.KS       	-0.32207011	-0.32215065	0.00019972483	
S11000.gastroc-tib_ant.KS       	-1.6114113	-1.6112021	0.00035112075	
S00111.tib_ant-gastroc.KS       	-0.00395169	-0.0038316313	0.0011980206	
S11000.tib_ant-gastroc.KS       	-0.00366451	-0.0035755383	0.0011706944	
S00111.tib_ant-soleus.KS        	-0.00313515	-0.0032783955	0.0012290878	
S11000.tib_ant-soleus.KS        	-0.0034666	-0.0033598732	0.0011770488	
S00111.gastroc.KL               	0.081409035	0.081449905	0.0002613708	
S00111.gastroc.L0               	0.82919708	0.82905099	0.00014322553	
S00111.gastroc.KF               	1.4134478	1.4134285	1.818018e-05	
S00111.soleus.KL                	4.0415121	4.041597	0.0003046525	
S00111.soleus.L0                	0.98636176	0.98639842	7.788339e-05	
S00111.soleus.KF                	0.22437729	0.22434596	2.5531956e-05	
S11000.gastroc.KL               	0.0090774357	0.008899041	0.00015285804	
S11000.gastroc.L0               	0.50866537	0.50846987	0.00014249026	
S11000.gastroc.KF               	-1.8089937	-1.8096542	0.00034211392	
S11000.gastroc.KS               	0.27394774	0.27381645	0.00028798809	
S11000.soleus.KL                	0.80478834	0.80523683	0.00057081208	
S11000.soleus.L0                	0.91040625	0.91047983	0.00013991844	
S11000.soleus.KF                	-0.95277272	-0.95277299	0.00053939149	
S11000.soleus.KS                	0.10362095	0.10372403	0.00038656425	
S00011.vasti.KF                 	0.81598162	0.81607372	7.3638025e-05	
S00011.vasti.C0                 	0.081534546	0.081534155	1.5509448e-05	
S00011.vasti-knee_angle.pos_max 	-0.30653661	-0.30652641	2.4877432e-05	
S00011.hamstrings-pelvis_tilt.KP	0.69484336	0.69505944	0.00029003577	
S00011.hamstrings-pelvis_tilt.KV	0.56469344	0.56467686	1.4387421e-05	
S00011.hamstrings-pelvis_tilt.C0	0.026685102	0.026734674	3.1579314e-05	
S00011.glut_max-pelvis_tilt.KP  	1.5274394	1.5274317	0.00023431968	
S00011.glut_max-pelvis_tilt.KV  	0.31039576	0.31040741	1.5263864e-05	
S00011.glut_max-pelvis_tilt.C0  	0.15882048	0.15877995	2.5197762e-05	
S00011.iliopsoas-pelvis_tilt.KP 	-3.5518706	-3.552195	0.00042027951	
S00011.iliopsoas-pelvis_tilt.KV 	-0.54287535	-0.54284358	1.9409871e-05	
S00011.iliopsoas-pelvis_tilt.C0 	0.32593526	0.32587033	3.9804445e-05	
S00100.iliopsoas.C0             	0.33733189	0.33733577	2.2018031e-05	
S00100.glut_max.C0              	-0.023944703	-0.02396074	1.7111628e-05	
S11000.iliopsoas.KL             	0.56044838	0.56041919	1.8648929e-05	
S11000.iliopsoas.L0             	0.38782719	0.38784495	2.1271362e-05	
S11000.iliopsoas-pelvis_tilt.P0 	-0.044077972	-0.044060694	1.6118021e-05	
S11000.iliopsoas-pelvis_tilt.KP 	0.01118968	0.011167802	7.4954731e-05	
S11000.iliopsoas-pelvis_tilt.KV 	0.14400695	0.14400274	1.9246766e-05	
S11000.iliopsoas-hamstrings.KL  	-8.2567115	-8.25738	0.00069278181	
S11000.iliopsoas-hamstrings.L0  	1.1630474	1.1630378	1.5194078e-05	
S11000.hamstrings.KF            	0.5729676	0.5729673	1.4721871e-05	
S11000.glut_max.KF              	0.62105995	0.62107051	1.7451682e-05	
