pelvis_tilt.offset              	0.024002247	0.02328574	0.0012655279	
hip_flexion_r.offset            	0.068221814	0.069725278	0.0011881513	
knee_angle_r.offset             	0.00027765184	0.0001045113	0.0013063488	
ankle_angle_r.offset            	-0.057830298	-0.056512334	0.0017044778	
hip_flexion_l.offset            	-0.0046450371	-0.0051430263	0.0024121132	
knee_angle_l.offset             	0.058740837	0.056761271	0.0018592346	
ankle_angle_l.offset            	0.18983469	0.18765072	0.0017825869	
stance_load_threshold           	0.15491469	0.15150198	0.0019592411	
S00111.tib_ant.KL               	1.2312002	1.2275471	0.032448821	
S00111.tib_ant.L0               	0.76349	0.76610688	0.0034995334	
S00111.tib_ant.KS               	0.00015652	0.00016277899	0.0014063707	
S11000.tib_ant.KL               	1.2118329	1.2026125	0.018439858	
S11000.tib_ant.L0               	0.73556998	0.7356816	0.0026961827	
S11000.tib_ant.KS               	0.035863399	0.036047905	0.0017214792	
S11111.tib_ant-soleus.KF        	-0.10786616	-0.10919798	0.0029249108	
S00111.soleus-tib_ant.KS        	-0.87629679	-0.86085836	0.037393454	
S11000.soleus-tib_ant.KS        	-3.3284299	-3.2548982	0.04300041	
S00111.gastroc-tib_ant.KS       	-0.32171493	-0.33371229	0.032544143	
S11000.gastroc-tib_ant.KS       	-1.7094598	-1.6934964	0.03587685	
S00111.tib_ant-gastroc.KS       	-0.00395169	-0.0037370101	0.27829494	
S11000.tib_ant-gastroc.KS       	-0.00366451	-0.0035524035	0.272006	
S00111.tib_ant-soleus.KS        	-0.00313515	-0.0032773816	0.28568414	
S11000.tib_ant-soleus.KS        	-0.00313645	-0.0032978692	0.27354833	
S00111.gastroc.L0               	0.80701577	0.83183627	0.014227188	
S00111.gastroc.KS               	0.16049832	0.16738063	0.016084928	
S00111.soleus.L0                	0.96346642	0.96432273	0.0081948916	
S00111.soleus.KS                	0.16520068	0.1562933	0.023493561	
S11000.gastroc.KL               	0.00837043	0.0086024297	0.027756979	
S11000.gastroc.L0               	0.52869132	0.52448753	0.015019487	
S11000.gastroc.KF               	-1.8647858	-1.8019692	0.03536251	
S11000.gastroc.KS               	0.27887874	0.26378964	0.032872496	
S11000.soleus.KL                	0.76235452	0.80007602	0.063074495	
S11000.soleus.L0                	0.90452608	0.90135174	0.013853737	
S11000.soleus.KF                	-0.95885434	-0.91288072	0.058609152	
S11000.soleus.KS                	0.11302564	0.10854988	0.051539928	
S00011.vasti.KF                 	0.80927192	0.81490471	0.0077431888	
S00011.vasti.C0                 	0.082695912	0.082629923	0.0017472493	
S00011.vasti-knee_angle.pos_max 	-0.3024094	-0.30560064	0.0026702789	
S00011.hamstrings-pelvis_tilt.KP	0.69182601	0.70724402	0.030775199	
S00011.hamstrings-pelvis_tilt.KV	0.56771923	0.56699572	0.0015575507	
S00011.hamstrings-pelvis_tilt.C0	0.02778807	0.026818449	0.0034134653	
S00011.glut_max-pelvis_tilt.KP  	1.4939226	1.4625412	0.025323062	
S00011.glut_max-pelvis_tilt.KV  	0.31294132	0.31431042	0.0015780304	
S00011.glut_max-pelvis_tilt.C0  	0.15694261	0.15804771	0.0026631267	
S00011.iliopsoas-pelvis_tilt.KP 	-3.5337971	-3.5030994	0.042465051	
S00011.iliopsoas-pelvis_tilt.KV 	-0.54764765	-0.54472226	0.001936152	
S00011.iliopsoas-pelvis_tilt.C0 	0.3294076	0.33464614	0.0041743465	
S00100.iliopsoas.C0             	0.34406248	0.33927942	0.0022987471	
S00100.glut_max.C0              	-0.024376578	-0.024964088	0.0017684304	
S11000.iliopsoas.KL             	0.56437873	0.55993197	0.0019621831	
S11000.iliopsoas.L0             	0.3912147	0.39072742	0.0021752447	
S11000.iliopsoas-pelvis_tilt.P0 	-0.043418685	-0.043394665	0.0017519523	
S11000.iliopsoas-pelvis_tilt.KP 	0.01196527	0.011451062	0.01117361	
S11000.iliopsoas-pelvis_tilt.KV 	0.14496459	0.14483131	0.0020147045	
S11000.iliopsoas-hamstrings.KL  	-8.3161958	-8.3216368	0.07148363	
S11000.iliopsoas-hamstrings.L0  	1.1647066	1.1651838	0.0016358689	
S11000.hamstrings.KF            	0.57328266	0.57482711	0.0015670872	
S11000.glut_max.KF              	0.62034247	0.62060269	0.0017777127	
