pelvis_tilt.offset              	0.021582949	0.021569476	0.00044152379	
hip_flexion_r.offset            	0.066365482	0.066645982	0.00042123242	
knee_angle_r.offset             	0.0013756778	0.0016186955	0.00047085625	
ankle_angle_r.offset            	-0.055543648	-0.055138593	0.00061283626	
hip_flexion_l.offset            	-0.0038876788	-0.0056381219	0.00084160244	
knee_angle_l.offset             	0.050493462	0.049938057	0.00067500187	
ankle_angle_l.offset            	0.18866175	0.18858205	0.00063114552	
stance_load_threshold           	0.15345126	0.15397786	0.00069334669	
S00111.tib_ant.KL               	1.253771	1.2517526	0.011500718	
S00111.tib_ant.L0               	0.75573504	0.75451907	0.0012888499	
S00111.tib_ant.KS               	0.000173	0.00016522451	0.00040801833	
S11000.tib_ant.KL               	1.2435081	1.2472256	0.0065432107	
S11000.tib_ant.L0               	0.7281523	0.729724	0.00097022304	
S11000.tib_ant.KS               	0.035162424	0.035210136	0.00058501487	
S11111.tib_ant-soleus.KF        	-0.11158393	-0.11160154	0.0010212881	
S00111.soleus-tib_ant.KS        	-0.83105871	-0.83016189	0.012351889	
S11000.soleus-tib_ant.KS        	-3.2457702	-3.2548785	0.015338889	
S00111.gastroc-tib_ant.KS       	-0.35557966	-0.35492888	0.0094642719	
S11000.gastroc-tib_ant.KS       	-1.7184184	-1.7330022	0.012766314	
S00111.tib_ant-gastroc.KS       	-0.00395169	-0.0038996864	0.080736567	
S11000.tib_ant-gastroc.KS       	-0.00331551	-0.003498284	0.078912066	
S00111.tib_ant-soleus.KS        	-0.00346517	-0.0033486333	0.082880247	
S11000.tib_ant-soleus.KS        	-0.0034666	-0.0032732997	0.079359512	
S00111.gastroc.KL               	0.08315732	0.076202547	0.01019652	
S00111.gastroc.L0               	0.87683485	0.87538169	0.0046695407	
S00111.gastroc.KF               	1.4123234	1.4121389	0.0006461709	
S00111.soleus.KL                	4.017786	4.0127359	0.011149713	
S00111.soleus.L0                	0.9435182	0.94302477	0.0028609215	
S00111.soleus.KF                	0.22769082	0.22671221	0.00092236028	
S11000.gastroc.KL               	0.00925153	0.0088441438	0.0080546878	
S11000.gastroc.L0               	0.53091119	0.53475506	0.0051974697	
S11000.gastroc.KF               	-1.8741447	-1.8779129	0.012211588	
S11000.gastroc.KS               	0.26854648	0.26672235	0.010284604	
S11000.soleus.KL                	0.80574037	0.81695649	0.020398658	
S11000.soleus.L0                	0.88424868	0.88630128	0.0048562421	
S11000.soleus.KF                	-0.94161864	-0.91707161	0.01930052	
S11000.soleus.KS                	0.1022613	0.10805057	0.015102166	
S00011.vasti.KF                 	0.83896623	0.84126886	0.0027317058	
S00011.vasti.C0                 	0.080492883	0.080521728	0.00056124166	
S00011.vasti-knee_angle.pos_max 	-0.31842146	-0.31793863	0.00099679327	
S00011.hamstrings-pelvis_tilt.KP	0.72545417	0.73829384	0.010217815	
S00011.hamstrings-pelvis_tilt.KV	0.56800116	0.56693588	0.0005469391	
S00011.hamstrings-pelvis_tilt.C0	0.026636309	0.026816542	0.0010631994	
S00011.glut_max-pelvis_tilt.KP  	1.4488231	1.443212	0.0088689333	
S00011.glut_max-pelvis_tilt.KV  	0.31655258	0.31650237	0.00056260875	
S00011.glut_max-pelvis_tilt.C0  	0.15754793	0.15696353	0.00093967052	
S00011.iliopsoas-pelvis_tilt.KP 	-3.5655741	-3.5573293	0.015014765	
S00011.iliopsoas-pelvis_tilt.KV 	-0.53982121	-0.53967133	0.00068938272	
S00011.iliopsoas-pelvis_tilt.C0 	0.3319672	0.33309248	0.0014695854	
S00100.iliopsoas.C0             	0.34093925	0.34098669	0.00083806293	
S00100.glut_max.C0              	-0.024204569	-0.024144879	0.00058643497	
S11000.iliopsoas.KL             	0.57528129	0.57366552	0.00075503792	
S11000.iliopsoas.L0             	0.3849576	0.38492289	0.00077801062	
S11000.iliopsoas-pelvis_tilt.P0 	-0.04199752	-0.042758071	0.0006012388	
S11000.iliopsoas-pelvis_tilt.KP 	0.01082572	0.01168657	0.003249864	
S11000.iliopsoas-pelvis_tilt.KV 	0.15166681	0.15082418	0.00074744995	
S11000.iliopsoas-hamstrings.KL  	-8.5042759	-8.4925789	0.026675581	
S11000.iliopsoas-hamstrings.L0  	1.1645896	1.1643567	0.00057233147	
S11000.hamstrings.KF            	0.56719281	0.56771861	0.00057868197	
S11000.glut_max.KF              	0.62387753	0.62387555	0.00063230784	
