pelvis_tilt.offset              	0.022311565	0.021764889	0.00040470807	
hip_flexion_r.offset            	0.066669191	0.066700406	0.00038422617	
knee_angle_r.offset             	0.0012273289	0.0013505088	0.00043068821	
ankle_angle_r.offset            	-0.055673351	-0.054915615	0.00056056142	
hip_flexion_l.offset            	-0.0043192493	-0.0053541639	0.00076985538	
knee_angle_l.offset             	0.049136253	0.049832347	0.00061675519	
ankle_angle_l.offset            	0.18926111	0.18870783	0.00057756554	
stance_load_threshold           	0.15450811	0.15393289	0.00063291174	
S00111.tib_ant.KL               	1.2459945	1.2462132	0.010519077	
S00111.tib_ant.L0               	0.75423123	0.75472231	0.0011817222	
S00111.tib_ant.KS               	0.000173	0.00016344024	0.0003698612	
S11000.tib_ant.KL               	1.2571135	1.2489662	0.0059742532	
S11000.tib_ant.L0               	0.72990127	0.72994668	0.00088624416	
S11000.tib_ant.KS               	0.034851253	0.035262103	0.00053420886	
S11111.tib_ant-soleus.KF        	-0.11215194	-0.11236748	0.00093198526	
S00111.soleus-tib_ant.KS        	-0.83465766	-0.82489705	0.011254198	
S11000.soleus-tib_ant.KS        	-3.2624416	-3.2620191	0.014003873	
S00111.gastroc-tib_ant.KS       	-0.35557966	-0.35392149	0.0085811626	
S11000.gastroc-tib_ant.KS       	-1.7326782	-1.731067	0.011649155	
S00111.tib_ant-gastroc.KS       	-0.00395169	-0.0036624941	0.073186009	
S11000.tib_ant-gastroc.KS       	-0.00331551	-0.0034382998	0.071532136	
S00111.tib_ant-soleus.KS        	-0.00346517	-0.0032494356	0.075129208	
S11000.tib_ant-soleus.KS        	-0.0034666	-0.0032180937	0.071937736	
S00111.gastroc.KL               	0.07523758	0.080139763	0.0092532653	
S00111.gastroc.L0               	0.87635423	0.87481919	0.0042620518	
S00111.gastroc.KF               	1.4117285	1.4120029	0.00058910068	
S00111.soleus.KL                	4.0093756	4.0201085	0.010190347	
S00111.soleus.L0                	0.9439094	0.94343775	0.0026153919	
S00111.soleus.KF                	0.22707562	0.22627315	0.00084485509	
S11000.gastroc.KL               	0.00925153	0.0090046643	0.0073016144	
S11000.gastroc.L0               	0.53632293	0.53711393	0.0047450926	
S11000.gastroc.KF               	-1.8775251	-1.8721277	0.011160471	
S11000.gastroc.KS               	0.27453845	0.26738273	0.0093625569	
S11000.soleus.KL                	0.81890442	0.81953321	0.018595075	
S11000.soleus.L0                	0.88068075	0.88785462	0.004433053	
S11000.soleus.KF                	-0.90997503	-0.9152816	0.017608469	
S11000.soleus.KS                	0.10353626	0.1083363	0.013700671	
S00011.vasti.KF                 	0.83977713	0.83950245	0.0024983272	
S00011.vasti.C0                 	0.08017572	0.080311745	0.00051123349	
S00011.vasti-knee_angle.pos_max 	-0.31969096	-0.31776114	0.0009135277	
S00011.hamstrings-pelvis_tilt.KP	0.72924181	0.73427697	0.0093009851	
S00011.hamstrings-pelvis_tilt.KV	0.56718573	0.56733883	0.00050128613	
S00011.hamstrings-pelvis_tilt.C0	0.02514159	0.026338455	0.00096971706	
S00011.glut_max-pelvis_tilt.KP  	1.4485141	1.4437691	0.0080934211	
S00011.glut_max-pelvis_tilt.KV  	0.31744541	0.31642035	0.00051378439	
S00011.glut_max-pelvis_tilt.C0  	0.15545	0.15652946	0.00085992098	
S00011.iliopsoas-pelvis_tilt.KP 	-3.5597066	-3.563117	0.013725362	
S00011.iliopsoas-pelvis_tilt.KV 	-0.53955817	-0.53951218	0.0006293526	
S00011.iliopsoas-pelvis_tilt.C0 	0.33165739	0.33183847	0.0013414901	
S00100.iliopsoas.C0             	0.34040537	0.34128522	0.00076645813	
S00100.glut_max.C0              	-0.024075416	-0.023896833	0.00053417006	
S11000.iliopsoas.KL             	0.57378098	0.57369021	0.00069046846	
S11000.iliopsoas.L0             	0.38488452	0.38505228	0.00071037872	
S11000.iliopsoas-pelvis_tilt.P0 	-0.043082766	-0.043037091	0.00054899761	
S11000.iliopsoas-pelvis_tilt.KP 	0.01082572	0.011280882	0.0029468547	
S11000.iliopsoas-pelvis_tilt.KV 	0.1519394	0.15089237	0.00068454405	
S11000.iliopsoas-hamstrings.KL  	-8.4957184	-8.4939174	0.024341509	
S11000.iliopsoas-hamstrings.L0  	1.164093	1.1645271	0.00052067076	
S11000.hamstrings.KF            	0.56670422	0.56733483	0.00053100349	
S11000.glut_max.KF              	0.62377143	0.6241306	0.00057550455	
