pelvis_tilt.offset              	0.022068502	0.021968205	0.00039398113	
hip_flexion_r.offset            	0.065992331	0.06668456	0.00037295407	
knee_angle_r.offset             	0.0013648895	0.0014203996	0.00041855462	
ankle_angle_r.offset            	-0.054685985	-0.055075089	0.00054532987	
hip_flexion_l.offset            	-0.0051823332	-0.0053014841	0.00074862535	
knee_angle_l.offset             	0.049701505	0.049676218	0.00059930534	
ankle_angle_l.offset            	0.18796347	0.18887587	0.00056104581	
stance_load_threshold           	0.15422657	0.15415682	0.00061653853	
S00111.tib_ant.KL               	1.2472666	1.2491651	0.010220878	
S00111.tib_ant.L0               	0.75657869	0.75411227	0.0011491958	
S00111.tib_ant.KS               	0.00015652	0.00017043225	0.00035859043	
S11000.tib_ant.KL               	1.2528073	1.249067	0.0058068157	
S11000.tib_ant.L0               	0.72983288	0.72993399	0.00086056149	
S11000.tib_ant.KS               	0.034881897	0.035302225	0.00051988388	
S11111.tib_ant-soleus.KF        	-0.11161522	-0.11213749	0.00090488777	
S00111.soleus-tib_ant.KS        	-0.82433702	-0.82613719	0.010930492	
S11000.soleus-tib_ant.KS        	-3.2771764	-3.2630964	0.013609479	
S00111.gastroc-tib_ant.KS       	-0.35557966	-0.35510414	0.0083204236	
S11000.gastroc-tib_ant.KS       	-1.725181	-1.7264614	0.011349339	
S00111.tib_ant-gastroc.KS       	-0.00357534	-0.0037956393	0.070955703	
S11000.tib_ant-gastroc.KS       	-0.00366451	-0.003451809	0.069352231	
S00111.tib_ant-soleus.KS        	-0.00313515	-0.0033247875	0.072839683	
S11000.tib_ant-soleus.KS        	-0.0034666	-0.0033668224	0.06974547	
S00111.gastroc.KL               	0.07523758	0.077615491	0.0089754529	
S00111.gastroc.L0               	0.8685412	0.87485356	0.0041366244	
S00111.gastroc.KF               	1.4117086	1.4120926	0.0005720203	
S00111.soleus.KL                	4.027356	4.0165105	0.0098959718	
S00111.soleus.L0                	0.94325458	0.94310789	0.0025429054	
S00111.soleus.KF                	0.22717187	0.2263169	0.00082025058	
S11000.gastroc.KL               	0.00837043	0.0088860869	0.0070791602	
S11000.gastroc.L0               	0.53417276	0.53793149	0.0046090982	
S11000.gastroc.KF               	-1.8505417	-1.8765152	0.010846076	
S11000.gastroc.KS               	0.27793327	0.26887125	0.0090949037	
S11000.soleus.KL                	0.80662615	0.82151866	0.018049055	
S11000.soleus.L0                	0.88507772	0.88694777	0.0043089317	
S11000.soleus.KF                	-0.89791786	-0.91115895	0.017092402	
S11000.soleus.KS                	0.11302564	0.10889691	0.013286265	
S00011.vasti.KF                 	0.83899183	0.83974016	0.0024263055	
S00011.vasti.C0                 	0.080200394	0.080211132	0.00049614081	
S00011.vasti-knee_angle.pos_max 	-0.31775114	-0.31818736	0.00089007443	
S00011.hamstrings-pelvis_tilt.KP	0.7331598	0.73260713	0.0090306183	
S00011.hamstrings-pelvis_tilt.KV	0.56735467	0.56740511	0.00048683374	
S00011.hamstrings-pelvis_tilt.C0	0.02778807	0.026064324	0.00094172496	
S00011.glut_max-pelvis_tilt.KP  	1.4532424	1.4487943	0.0078737415	
S00011.glut_max-pelvis_tilt.KV  	0.31677384	0.31674434	0.00049978131	
S00011.glut_max-pelvis_tilt.C0  	0.15509059	0.15627778	0.00083677338	
S00011.iliopsoas-pelvis_tilt.KP 	-3.5506293	-3.5614132	0.013359541	
S00011.iliopsoas-pelvis_tilt.KV 	-0.54020891	-0.53977841	0.00061157011	
S00011.iliopsoas-pelvis_tilt.C0 	0.33348626	0.33200637	0.0013018143	
S00100.iliopsoas.C0             	0.34032158	0.3409107	0.00074620916	
S00100.glut_max.C0              	-0.024386436	-0.023971811	0.00051867497	
S11000.iliopsoas.KL             	0.57367351	0.57367359	0.00067053853	
S11000.iliopsoas.L0             	0.38536752	0.38504851	0.0006906968	
S11000.iliopsoas-pelvis_tilt.P0 	-0.043147926	-0.042929982	0.00053336771	
S11000.iliopsoas-pelvis_tilt.KP 	0.011878501	0.011371347	0.0028572814	
S11000.iliopsoas-pelvis_tilt.KV 	0.15145939	0.15115424	0.00066582607	
S11000.iliopsoas-hamstrings.KL  	-8.5282617	-8.4960004	0.023660442	
S11000.iliopsoas-hamstrings.L0  	1.1645021	1.1644236	0.00050652097	
S11000.hamstrings.KF            	0.5675343	0.5672633	0.00051642127	
S11000.glut_max.KF              	0.62458971	0.62407268	0.00055995157	
