pelvis_tilt.offset              	0.023522865	0.023572392	0.00014588991	
hip_flexion_r.offset            	0.065709959	0.065587518	0.00012991851	
knee_angle_r.offset             	0.0021495156	0.0021663406	0.0001474051	
ankle_angle_r.offset            	-0.054608984	-0.054514933	0.00018963863	
hip_flexion_l.offset            	-0.0057116168	-0.0055422205	0.00026181831	
knee_angle_l.offset             	0.0501375	0.050484269	0.00021203286	
ankle_angle_l.offset            	0.18754677	0.18729771	0.00021157196	
stance_load_threshold           	0.15445023	0.15416529	0.00021574194	
S00111.tib_ant.KL               	1.2964389	1.2953899	0.003719528	
S00111.tib_ant.L0               	0.75097752	0.75088902	0.00040462673	
S00111.tib_ant.KS               	0.00015652	0.00016309073	9.3794192e-05	
S11000.tib_ant.KL               	1.244168	1.2432421	0.0020007823	
S11000.tib_ant.L0               	0.72747354	0.72785968	0.00029813104	
S11000.tib_ant.KS               	0.034097301	0.033972446	0.0001813777	
S11111.tib_ant-soleus.KF        	-0.11244391	-0.1122572	0.00031604873	
S00111.soleus-tib_ant.KS        	-0.81804563	-0.81777153	0.0036417003	
S11000.soleus-tib_ant.KS        	-3.2744207	-3.2716936	0.0047857074	
S00111.gastroc-tib_ant.KS       	-0.35382277	-0.35498327	0.0022072564	
S11000.gastroc-tib_ant.KS       	-1.7439346	-1.7443305	0.0040619469	
S00111.tib_ant-gastroc.KS       	-0.00395169	-0.0038168884	0.018540986	
S11000.tib_ant-gastroc.KS       	-0.00331551	-0.0034557835	0.018121967	
S00111.tib_ant-soleus.KS        	-0.00346517	-0.0033077515	0.019033202	
S11000.tib_ant-soleus.KS        	-0.00313645	-0.0033595483	0.018224685	
S00111.gastroc.KL               	0.076417472	0.077911607	0.0026288262	
S00111.gastroc.L0               	0.87911788	0.87905936	0.0013577828	
S00111.gastroc.KF               	1.411625	1.411819	0.00019676255	
S00111.soleus.KL                	4.0467176	4.041888	0.0036441507	
S00111.soleus.L0                	0.94349272	0.94284359	0.00086658354	
S00111.soleus.KF                	0.22567185	0.22562887	0.00028979064	
S11000.gastroc.KL               	0.00925153	0.0089506116	0.0018622039	
S11000.gastroc.L0               	0.53363256	0.53317933	0.0015780673	
S11000.gastroc.KF               	-1.8828775	-1.8822831	0.0037205526	
S11000.gastroc.KS               	0.26888905	0.2730194	0.0030834433	
S11000.soleus.KL                	0.80699781	0.80714353	0.0063009237	
S11000.soleus.L0                	0.88849365	0.89002789	0.0014685628	
S11000.soleus.KF                	-0.91283741	-0.90989833	0.0058645654	
S11000.soleus.KS                	0.1022613	0.10799877	0.0039387397	
S00011.vasti.KF                 	0.82805921	0.82717457	0.00089039548	
S00011.vasti.C0                 	0.080751073	0.080543236	0.00016332235	
S00011.vasti-knee_angle.pos_max 	-0.31945138	-0.31979847	0.0003100821	
S00011.hamstrings-pelvis_tilt.KP	0.74162866	0.736465	0.0030641272	
S00011.hamstrings-pelvis_tilt.KV	0.56825655	0.56822835	0.00016664165	
S00011.hamstrings-pelvis_tilt.C0	0.027363935	0.027041253	0.00032004575	
S00011.glut_max-pelvis_tilt.KP  	1.4597934	1.4595233	0.0027466778	
S00011.glut_max-pelvis_tilt.KV  	0.31514626	0.31516183	0.00017481574	
S00011.glut_max-pelvis_tilt.C0  	0.15700605	0.15775478	0.00029587218	
S00011.iliopsoas-pelvis_tilt.KP 	-3.5472278	-3.5481795	0.0047091591	
S00011.iliopsoas-pelvis_tilt.KV 	-0.53864857	-0.53902335	0.00021307152	
S00011.iliopsoas-pelvis_tilt.C0 	0.33364847	0.33449002	0.00047018156	
S00100.iliopsoas.C0             	0.34201159	0.34196873	0.00026241693	
S00100.glut_max.C0              	-0.023631915	-0.023697505	0.00017949051	
S11000.iliopsoas.KL             	0.57375971	0.57374597	0.00023359812	
S11000.iliopsoas.L0             	0.38535022	0.38536079	0.00024235269	
S11000.iliopsoas-pelvis_tilt.P0 	-0.043343551	-0.04336	0.00018917713	
S11000.iliopsoas-pelvis_tilt.KP 	0.01126097	0.011298616	0.00078412533	
S11000.iliopsoas-pelvis_tilt.KV 	0.15170442	0.15158983	0.00022830074	
S11000.iliopsoas-hamstrings.KL  	-8.5162124	-8.5240432	0.0083475066	
S11000.iliopsoas-hamstrings.L0  	1.1625105	1.1621973	0.00018413939	
S11000.hamstrings.KF            	0.56600107	0.56570976	0.00018584072	
S11000.glut_max.KF              	0.62394696	0.623945	0.0001960303	
