pelvis_tilt.offset              	0.022480295	0.022035581	0.0014066156	
hip_flexion_r.offset            	0.071794855	0.069997027	0.001325292	
knee_angle_r.offset             	0.00087791295	0.00032406201	0.0014512062	
ankle_angle_r.offset            	-0.056999497	-0.058033094	0.0018972102	
hip_flexion_l.offset            	-0.0026097706	-0.0051309664	0.0027006815	
knee_angle_l.offset             	0.057005603	0.05736357	0.0020749916	
ankle_angle_l.offset            	0.1871345	0.1876725	0.0019841825	
stance_load_threshold           	0.15382519	0.15200429	0.0021774428	
S00111.tib_ant.KL               	1.2581426	1.2474134	0.036140883	
S00111.tib_ant.L0               	0.758899	0.76634922	0.0038841124	
S00111.tib_ant.KS               	0.00015949824	0.00016456679	0.0015695715	
S11000.tib_ant.KL               	1.1897652	1.205719	0.020585664	
S11000.tib_ant.L0               	0.7401898	0.74103539	0.0029986933	
S11000.tib_ant.KS               	0.03371447	0.035330611	0.001919004	
S11111.tib_ant-soleus.KF        	-0.11092499	-0.11117417	0.0032636136	
S00111.soleus-tib_ant.KS        	-0.81451087	-0.84126529	0.041662785	
S11000.soleus-tib_ant.KS        	-3.3134965	-3.2678299	0.047989448	
S00111.gastroc-tib_ant.KS       	-0.35557966	-0.33394394	0.036312762	
S11000.gastroc-tib_ant.KS       	-1.6521524	-1.6945005	0.040076723	
S00111.tib_ant-gastroc.KS       	-0.00357534	-0.003683378	0.31058941	
S11000.tib_ant-gastroc.KS       	-0.00331551	-0.0035313316	0.30357067	
S00111.tib_ant-soleus.KS        	-0.00313515	-0.0033851684	0.31883608	
S11000.tib_ant-soleus.KS        	-0.00313645	-0.003329024	0.30529198	
S00111.gastroc.L0               	0.86994615	0.84284827	0.015844201	
S00111.gastroc.KS               	0.17739288	0.17135922	0.017941992	
S00111.soleus.L0                	0.93500554	0.95139766	0.0091495197	
S00111.soleus.KS                	0.16520068	0.15915607	0.026214367	
S11000.gastroc.KL               	0.00925153	0.0089353123	0.030978001	
S11000.gastroc.L0               	0.52413452	0.51841787	0.016740672	
S11000.gastroc.KF               	-1.8367143	-1.8500671	0.03942661	
S11000.gastroc.KS               	0.27852848	0.26246835	0.036674659	
S11000.soleus.KL                	0.76235452	0.8050339	0.070352668	
S11000.soleus.L0                	0.88813277	0.89698286	0.015467229	
S11000.soleus.KF                	-0.92796031	-0.90047779	0.065330876	
S11000.soleus.KS                	0.1022613	0.10933418	0.057519451	
S00011.vasti.KF                 	0.81031188	0.8180706	0.0085925218	
S00011.vasti.C0                 	0.08430736	0.085138984	0.0019469505	
S00011.vasti-knee_angle.pos_max 	-0.30674722	-0.30425145	0.0029697406	
S00011.hamstrings-pelvis_tilt.KP	0.70553134	0.70865152	0.034282479	
S00011.hamstrings-pelvis_tilt.KV	0.56756467	0.56658133	0.0017320268	
S00011.hamstrings-pelvis_tilt.C0	0.027658556	0.026177087	0.0038078817	
S00011.glut_max-pelvis_tilt.KP  	1.471186	1.5093489	0.028122405	
S00011.glut_max-pelvis_tilt.KV  	0.31384268	0.31352691	0.0017581219	
S00011.glut_max-pelvis_tilt.C0  	0.15807971	0.15682643	0.0029575194	
S00011.iliopsoas-pelvis_tilt.KP 	-3.5389067	-3.5020175	0.047280802	
S00011.iliopsoas-pelvis_tilt.KV 	-0.54408018	-0.54367484	0.0021530541	
S00011.iliopsoas-pelvis_tilt.C0 	0.33504621	0.33372847	0.0046516772	
S00100.iliopsoas.C0             	0.33330407	0.338236	0.0025500432	
S00100.glut_max.C0              	-0.02410742	-0.02422813	0.0019724049	
S11000.iliopsoas.KL             	0.55758736	0.55910552	0.0021834216	
S11000.iliopsoas.L0             	0.39496738	0.39372852	0.0024256029	
S11000.iliopsoas-pelvis_tilt.P0 	-0.04199752	-0.043138668	0.0019549826	
S11000.iliopsoas-pelvis_tilt.KP 	0.01082572	0.011504926	0.012470182	
S11000.iliopsoas-pelvis_tilt.KV 	0.13978051	0.1431656	0.0022446871	
S11000.iliopsoas-hamstrings.KL  	-8.2191092	-8.2931148	0.079866813	
S11000.iliopsoas-hamstrings.L0  	1.1645884	1.1663183	0.0018131317	
S11000.hamstrings.KF            	0.57485882	0.57564565	0.0017499524	
S11000.glut_max.KF              	0.62268433	0.62033122	0.0019777213	
