pelvis_tilt.offset              	0.022111773	0.021897612	0.0013759188	
hip_flexion_r.offset            	0.071314062	0.070448339	0.0012959826	
knee_angle_r.offset             	0.00082857269	0.00040915311	0.0014184786	
ankle_angle_r.offset            	-0.05698688	-0.058128561	0.001854093	
hip_flexion_l.offset            	-0.0045492886	-0.004804406	0.0026383346	
knee_angle_l.offset             	0.058369531	0.05655554	0.0020287876	
ankle_angle_l.offset            	0.18764574	0.18800911	0.0019391295	
stance_load_threshold           	0.15085762	0.15238391	0.0021291774	
S00111.tib_ant.KL               	1.3119505	1.2551324	0.035301815	
S00111.tib_ant.L0               	0.76092068	0.7640434	0.0038005211	
S00111.tib_ant.KS               	0.000173	0.00016309016	0.0015312199	
S11000.tib_ant.KL               	1.1713319	1.2050375	0.020104816	
S11000.tib_ant.L0               	0.74010462	0.74063699	0.0029331557	
S11000.tib_ant.KS               	0.036433362	0.035169677	0.0018745994	
S11111.tib_ant-soleus.KF        	-0.10897274	-0.11186449	0.0031906784	
S00111.soleus-tib_ant.KS        	-0.80888339	-0.82507276	0.040693829	
S11000.soleus-tib_ant.KS        	-3.2981131	-3.2712696	0.046905219	
S00111.gastroc-tib_ant.KS       	-0.32171493	-0.33544194	0.035436777	
S11000.gastroc-tib_ant.KS       	-1.6371274	-1.6872749	0.039175015	
S00111.tib_ant-gastroc.KS       	-0.00395169	-0.0037270705	0.30300031	
S11000.tib_ant-gastroc.KS       	-0.00366451	-0.0035016047	0.29615306	
S00111.tib_ant-soleus.KS        	-0.00313515	-0.0032017156	0.31104547	
S11000.tib_ant-soleus.KS        	-0.00313645	-0.0033295165	0.29783232	
S00111.gastroc.L0               	0.87866507	0.84805926	0.015506285	
S00111.gastroc.KS               	0.17643179	0.17603569	0.01750867	
S00111.soleus.L0                	0.93135382	0.94495633	0.0089784747	
S00111.soleus.KS                	0.16520068	0.16365298	0.025578052	
S11000.gastroc.KL               	0.00925153	0.0089829477	0.030221083	
S11000.gastroc.L0               	0.49752118	0.5157491	0.016373279	
S11000.gastroc.KF               	-1.8566111	-1.8398257	0.038550548	
S11000.gastroc.KS               	0.27887874	0.26534988	0.035787918	
S11000.soleus.KL                	0.82929722	0.79946259	0.068674871	
S11000.soleus.L0                	0.90008546	0.9000686	0.01513296	
S11000.soleus.KF                	-0.93247861	-0.90944635	0.063781232	
S11000.soleus.KS                	0.11302564	0.1071828	0.056115461	
S00011.vasti.KF                 	0.81756219	0.81595374	0.0084019164	
S00011.vasti.C0                 	0.084973249	0.084572766	0.0019024954	
S00011.vasti-knee_angle.pos_max 	-0.30685791	-0.304684	0.0029032443	
S00011.hamstrings-pelvis_tilt.KP	0.74162866	0.71631097	0.033485322	
S00011.hamstrings-pelvis_tilt.KV	0.5680017	0.56667499	0.0016933547	
S00011.hamstrings-pelvis_tilt.C0	0.025465587	0.026371693	0.0037156808	
S00011.glut_max-pelvis_tilt.KP  	1.5585325	1.4996435	0.027491209	
S00011.glut_max-pelvis_tilt.KV  	0.31223084	0.31300405	0.0017181377	
S00011.glut_max-pelvis_tilt.C0  	0.15804754	0.1575369	0.0028921584	
S00011.iliopsoas-pelvis_tilt.KP 	-3.4766967	-3.5303854	0.046246516	
S00011.iliopsoas-pelvis_tilt.KV 	-0.54071879	-0.54311025	0.002104068	
S00011.iliopsoas-pelvis_tilt.C0 	0.33933326	0.33548064	0.0045484084	
S00100.iliopsoas.C0             	0.34071322	0.33810389	0.0024950602	
S00100.glut_max.C0              	-0.02588599	-0.024635955	0.0019254364	
S11000.iliopsoas.KL             	0.55605996	0.55899982	0.0021325827	
S11000.iliopsoas.L0             	0.39367914	0.39409569	0.0023715031	
S11000.iliopsoas-pelvis_tilt.P0 	-0.043567822	-0.043233226	0.0019105038	
S11000.iliopsoas-pelvis_tilt.KP 	0.01082572	0.011261588	0.012165554	
S11000.iliopsoas-pelvis_tilt.KV 	0.14086635	0.14220333	0.0021960398	
S11000.iliopsoas-hamstrings.KL  	-8.1086831	-8.2964287	0.078294292	
S11000.iliopsoas-hamstrings.L0  	1.1672898	1.1657324	0.0017742925	
S11000.hamstrings.KF            	0.57906825	0.575615	0.0017108026	
S11000.glut_max.KF              	0.62132921	0.62035709	0.0019342722	
