pelvis_tilt.offset              	0.024064428	0.023999772	0.0001994415	
hip_flexion_r.offset            	0.073793062	0.073926946	0.00019781266	
knee_angle_r.offset             	0.0010622763	0.0010866327	0.00021694661	
ankle_angle_r.offset            	-0.058936151	-0.05871594	0.00027289614	
hip_flexion_l.offset            	-0.0025637293	-0.0023290657	0.00038683462	
knee_angle_l.offset             	0.05658728	0.056212535	0.00029762105	
ankle_angle_l.offset            	0.18587785	0.18614807	0.00028381569	
stance_load_threshold           	0.1473194	0.14733111	0.00031766217	
S00111.tib_ant.KL               	1.2794186	1.2799178	0.005163891	
S00111.tib_ant.L0               	0.75903373	0.75859634	0.00054621343	
S00111.tib_ant.KS               	0.000173	0.00016801583	0.0001733297	
S11000.tib_ant.KL               	1.1582616	1.1599846	0.0029670793	
S11000.tib_ant.L0               	0.74083212	0.74078554	0.00042905439	
S11000.tib_ant.KS               	0.034716202	0.034940037	0.0002690812	
S11111.tib_ant-soleus.KF        	-0.10921963	-0.10889383	0.00045970121	
S00111.soleus-tib_ant.KS        	-0.82448136	-0.82661113	0.0057275827	
S11000.soleus-tib_ant.KS        	-3.2585067	-3.2444548	0.0068048433	
S00111.gastroc-tib_ant.KS       	-0.32171493	-0.32364745	0.004304235	
S11000.gastroc-tib_ant.KS       	-1.7023444	-1.6988325	0.0055734441	
S00111.tib_ant-gastroc.KS       	-0.00357534	-0.0037394024	0.034293403	
S11000.tib_ant-gastroc.KS       	-0.00331551	-0.0035469894	0.033518429	
S00111.tib_ant-soleus.KS        	-0.00313515	-0.0032347945	0.035203931	
S11000.tib_ant-soleus.KS        	-0.0034666	-0.0033182252	0.033708477	
S00111.gastroc.L0               	0.83004193	0.83388995	0.0022463975	
S00111.gastroc.KS               	0.17715722	0.17556613	0.0021201877	
S00111.soleus.L0                	0.92319529	0.92356645	0.0013601468	
S00111.soleus.KS                	0.16080862	0.1589278	0.0033025481	
S11000.gastroc.KL               	0.00925153	0.0088861014	0.0034244211	
S11000.gastroc.L0               	0.5151542	0.51524037	0.0023655731	
S11000.gastroc.KF               	-1.8224088	-1.8142763	0.0056035923	
S11000.gastroc.KS               	0.25731217	0.25917363	0.004772012	
S11000.soleus.KL                	0.80534087	0.81307984	0.0094380181	
S11000.soleus.L0                	0.89523954	0.89688798	0.0022250307	
S11000.soleus.KF                	-0.92437472	-0.94361912	0.0087575291	
S11000.soleus.KS                	0.10925231	0.10582626	0.006581961	
S00011.vasti.KF                 	0.81986245	0.81898403	0.0011950697	
S00011.vasti.C0                 	0.080916728	0.081016266	0.00025580978	
S00011.vasti-knee_angle.pos_max 	-0.30756285	-0.30732997	0.00042516613	
S00011.hamstrings-pelvis_tilt.KP	0.70111863	0.69657754	0.00473842	
S00011.hamstrings-pelvis_tilt.KV	0.56747029	0.56732121	0.00024797001	
S00011.hamstrings-pelvis_tilt.C0	0.026694838	0.027237296	0.00047579401	
S00011.glut_max-pelvis_tilt.KP  	1.5465219	1.5496944	0.0039945828	
S00011.glut_max-pelvis_tilt.KV  	0.31406011	0.31371794	0.00024731211	
S00011.glut_max-pelvis_tilt.C0  	0.15560121	0.15587403	0.00042537581	
S00011.iliopsoas-pelvis_tilt.KP 	-3.567031	-3.568895	0.0069767095	
S00011.iliopsoas-pelvis_tilt.KV 	-0.5426756	-0.54308652	0.00029895053	
S00011.iliopsoas-pelvis_tilt.C0 	0.34089925	0.34154363	0.00067686821	
S00100.iliopsoas.C0             	0.34354285	0.34298482	0.00037934693	
S00100.glut_max.C0              	-0.024085267	-0.024266878	0.00026503647	
S11000.iliopsoas.KL             	0.55874553	0.55852494	0.00031222063	
S11000.iliopsoas.L0             	0.39528014	0.39517581	0.00034373125	
S11000.iliopsoas-pelvis_tilt.P0 	-0.042079076	-0.042121832	0.00027333712	
S11000.iliopsoas-pelvis_tilt.KP 	0.011711296	0.011325728	0.0013923061	
S11000.iliopsoas-pelvis_tilt.KV 	0.13793954	0.13833425	0.00031225799	
S11000.iliopsoas-hamstrings.KL  	-8.1826324	-8.1772892	0.011472421	
S11000.iliopsoas-hamstrings.L0  	1.1619368	1.1622578	0.00025136367	
S11000.hamstrings.KF            	0.57707266	0.5769519	0.00025097948	
S11000.glut_max.KF              	0.61891639	0.61917398	0.00028199809	
