pelvis_tilt.offset              	0.023893265	0.020953985	0.0013275837	
hip_flexion_r.offset            	0.065563025	0.067487228	0.0012565825	
knee_angle_r.offset             	0.00145802	0.00065757083	0.0013711871	
ankle_angle_r.offset            	-0.060327514	-0.058656192	0.001798776	
hip_flexion_l.offset            	-0.0072645367	-0.0056910358	0.0025507118	
knee_angle_l.offset             	0.059140907	0.056800076	0.001959959	
ankle_angle_l.offset            	0.18725831	0.1875461	0.0018783401	
stance_load_threshold           	0.15362148	0.15188813	0.0020704067	
S00111.tib_ant.KL               	1.3119505	1.2815072	0.034203275	
S00111.tib_ant.L0               	0.7609748	0.76237215	0.0036820898	
S00111.tib_ant.KS               	0.000173	0.00016490988	0.0014831595	
S11000.tib_ant.KL               	1.1782027	1.1884903	0.019509526	
S11000.tib_ant.L0               	0.73959864	0.73955953	0.0028380308	
S11000.tib_ant.KS               	0.033736262	0.035468938	0.001815988	
S11111.tib_ant-soleus.KF        	-0.11048004	-0.11129059	0.0030885858	
S00111.soleus-tib_ant.KS        	-0.80888339	-0.8532625	0.039399623	
S11000.soleus-tib_ant.KS        	-3.1936485	-3.2450537	0.045624671	
S00111.gastroc-tib_ant.KS       	-0.32171493	-0.3285343	0.034308535	
S11000.gastroc-tib_ant.KS       	-1.7619556	-1.7039411	0.037922873	
S00111.tib_ant-gastroc.KS       	-0.00395169	-0.0037873081	0.29349003	
S11000.tib_ant-gastroc.KS       	-0.00366451	-0.0035185021	0.2868577	
S00111.tib_ant-soleus.KS        	-0.00313515	-0.0033516032	0.30128268	
S11000.tib_ant-soleus.KS        	-0.00313645	-0.0033516411	0.28848425	
S00111.gastroc.KL               	0.07523758	0.079218114	0.036683443	
S00111.gastroc.L0               	0.80906699	0.82794104	0.015039885	
S00111.gastroc.KF               	1.4099844	1.4101845	0.0019154134	
S00111.gastroc.KS               	0.16049832	0.17010798	0.016957593	
S00111.soleus.KL                	4.0937821	4.0245133	0.033589318	
S00111.soleus.L0                	0.94810521	0.94945689	0.0086491256	
S00111.soleus.KF                	0.22609302	0.22981565	0.002768272	
S00111.soleus.KS                	0.16520068	0.16016842	0.024772289	
S11000.gastroc.KL               	0.00837043	0.0088090293	0.029272526	
S11000.gastroc.L0               	0.54541333	0.53343771	0.015823213	
S11000.gastroc.KF               	-1.767467	-1.8200874	0.037213896	
S11000.gastroc.KS               	0.25231886	0.26154288	0.034662547	
S11000.soleus.KL                	0.77678214	0.8136439	0.066499723	
S11000.soleus.L0                	0.9281133	0.89928571	0.014543341	
S11000.soleus.KF                	-0.95885434	-0.9275776	0.06176991	
S11000.soleus.KS                	0.1022613	0.1045665	0.05435379	
S00011.vasti.KF                 	0.80152845	0.81214288	0.0081528531	
S00011.vasti.C0                 	0.07992329	0.081694957	0.0018417986	
S00011.vasti-knee_angle.pos_max 	-0.30846168	-0.30578785	0.0028117762	
S00011.hamstrings-pelvis_tilt.KP	0.68725152	0.71585408	0.032421793	
S00011.hamstrings-pelvis_tilt.KV	0.56652134	0.56653565	0.0016399568	
S00011.hamstrings-pelvis_tilt.C0	0.025606619	0.025868505	0.0035987466	
S00011.glut_max-pelvis_tilt.KP  	1.4504474	1.4833429	0.026586878	
S00011.glut_max-pelvis_tilt.KV  	0.31541252	0.31438296	0.001663849	
S00011.glut_max-pelvis_tilt.C0  	0.16563176	0.16159479	0.002797443	
S00011.iliopsoas-pelvis_tilt.KP 	-3.5005603	-3.4645932	0.044770447	
S00011.iliopsoas-pelvis_tilt.KV 	-0.54443641	-0.54358743	0.0020416895	
S00011.iliopsoas-pelvis_tilt.C0 	0.32976052	0.33033585	0.0044062136	
S00100.iliopsoas.C0             	0.33525272	0.33558829	0.0024153299	
S00100.glut_max.C0              	-0.024014961	-0.024411823	0.0018643764	
S11000.iliopsoas.KL             	0.56041594	0.56056166	0.0020631005	
S11000.iliopsoas.L0             	0.39027333	0.39083153	0.0022899031	
S11000.iliopsoas-pelvis_tilt.P0 	-0.046384273	-0.044013938	0.001849045	
S11000.iliopsoas-pelvis_tilt.KP 	0.01082572	0.011473581	0.011783672	
S11000.iliopsoas-pelvis_tilt.KV 	0.14022829	0.14632895	0.0021300048	
S11000.iliopsoas-hamstrings.KL  	-8.2502162	-8.2450773	0.075609418	
S11000.iliopsoas-hamstrings.L0  	1.1643325	1.1652636	0.0017220622	
S11000.hamstrings.KF            	0.58067382	0.57809984	0.0016579731	
S11000.glut_max.KF              	0.62370795	0.62337736	0.0018812797	
