pelvis_tilt.offset              	0.026528435	0.026620919	0.00040157132	
hip_flexion_r.offset            	0.067308957	0.068087854	0.0003704829	
knee_angle_r.offset             	0.0044981986	0.004075732	0.00040754247	
ankle_angle_r.offset            	-0.058940119	-0.058765801	0.00052959003	
hip_flexion_l.offset            	-0.007174015	-0.0069337897	0.00074408919	
knee_angle_l.offset             	0.05670659	0.056719012	0.00057131104	
ankle_angle_l.offset            	0.18600209	0.18586948	0.00054363729	
stance_load_threshold           	0.15118422	0.15188159	0.00059571424	
S00111.tib_ant.KL               	1.2538778	1.2702409	0.009897851	
S00111.tib_ant.L0               	0.75726628	0.75613765	0.0011046356	
S00111.tib_ant.KS               	0.00015652	0.00016027918	0.00038838292	
S11000.tib_ant.KL               	1.1760889	1.1833681	0.005704487	
S11000.tib_ant.L0               	0.73514485	0.73536707	0.00084436111	
S11000.tib_ant.KS               	0.036530057	0.036121618	0.00051492055	
S11111.tib_ant-soleus.KF        	-0.10845657	-0.10830553	0.0008920129	
S00111.soleus-tib_ant.KS        	-0.87591869	-0.86343348	0.011193803	
S11000.soleus-tib_ant.KS        	-3.2176389	-3.2238622	0.013525129	
S00111.gastroc-tib_ant.KS       	-0.35342632	-0.34232133	0.0093973057	
S11000.gastroc-tib_ant.KS       	-1.6648829	-1.6636457	0.011040289	
S00111.tib_ant-gastroc.KS       	-0.00357534	-0.0037550275	0.076852542	
S11000.tib_ant-gastroc.KS       	-0.00331551	-0.0035803835	0.075115817	
S00111.tib_ant-soleus.KS        	-0.00313515	-0.0032333097	0.078893102	
S11000.tib_ant-soleus.KS        	-0.0034666	-0.0032421346	0.075541738	
S00111.gastroc.KL               	0.07523758	0.080703711	0.0096523606	
S00111.gastroc.L0               	0.81632154	0.8137661	0.0043872541	
S00111.gastroc.KF               	1.4092037	1.4111498	0.0005591601	
S00111.gastroc.KS               	0.17739288	0.1736051	0.0046654569	
S00111.soleus.KL                	4.0923224	4.0784911	0.0099237288	
S00111.soleus.L0                	0.94468497	0.94361372	0.0025277523	
S00111.soleus.KF                	0.23108681	0.23027039	0.00081239213	
S00111.soleus.KS                	0.15802964	0.15963911	0.0066723724	
S11000.gastroc.KL               	0.00837043	0.0088156338	0.0076660983	
S11000.gastroc.L0               	0.52893947	0.52716318	0.0045463314	
S11000.gastroc.KF               	-1.8023004	-1.7867277	0.0108668	
S11000.gastroc.KS               	0.26930208	0.26816444	0.0094255939	
S11000.soleus.KL                	0.77894617	0.78492359	0.018479407	
S11000.soleus.L0                	0.90258789	0.91012954	0.0042128523	
S11000.soleus.KF                	-0.95885434	-0.93675876	0.017298286	
S11000.soleus.KS                	0.10625934	0.10612686	0.014297774	
S00011.vasti.KF                 	0.80020558	0.79659481	0.0023876553	
S00011.vasti.C0                 	0.07992329	0.080273828	0.00051470572	
S00011.vasti-knee_angle.pos_max 	-0.30762212	-0.30717025	0.00082427286	
S00011.hamstrings-pelvis_tilt.KP	0.70265176	0.7112115	0.0092544138	
S00011.hamstrings-pelvis_tilt.KV	0.56472907	0.56558156	0.00047691308	
S00011.hamstrings-pelvis_tilt.C0	0.026305877	0.02696045	0.00097410619	
S00011.glut_max-pelvis_tilt.KP  	1.4736436	1.4593693	0.0076921036	
S00011.glut_max-pelvis_tilt.KV  	0.31475927	0.31492596	0.00048671255	
S00011.glut_max-pelvis_tilt.C0  	0.16581517	0.16547096	0.00081983357	
S00011.iliopsoas-pelvis_tilt.KP 	-3.4905079	-3.50464	0.012990474	
S00011.iliopsoas-pelvis_tilt.KV 	-0.54565926	-0.54518762	0.00060302422	
S00011.iliopsoas-pelvis_tilt.C0 	0.32637129	0.32554734	0.0012880027	
S00100.iliopsoas.C0             	0.34011927	0.33896157	0.00069888653	
S00100.glut_max.C0              	-0.024316322	-0.024133989	0.00052181779	
S11000.iliopsoas.KL             	0.5628862	0.56314482	0.00059891063	
S11000.iliopsoas.L0             	0.39383077	0.39321548	0.00067016025	
S11000.iliopsoas-pelvis_tilt.P0 	-0.043785912	-0.044242445	0.00052604023	
S11000.iliopsoas-pelvis_tilt.KP 	0.01196527	0.011509711	0.0030889762	
S11000.iliopsoas-pelvis_tilt.KV 	0.14941158	0.14943278	0.00062548259	
S11000.iliopsoas-hamstrings.KL  	-8.2610103	-8.2914241	0.021979927	
S11000.iliopsoas-hamstrings.L0  	1.1684272	1.1683312	0.00049763212	
S11000.hamstrings.KF            	0.57920008	0.57932118	0.00049368555	
S11000.glut_max.KF              	0.62770302	0.62779572	0.00056436389	
