pelvis_tilt.offset              	0.026206416	0.026552344	0.00037838169	
hip_flexion_r.offset            	0.068315352	0.067839987	0.00035207041	
knee_angle_r.offset             	0.0038307542	0.0040707533	0.00038374798	
ankle_angle_r.offset            	-0.059123895	-0.058963511	0.0004985956	
hip_flexion_l.offset            	-0.0065599717	-0.0070809734	0.00070313949	
knee_angle_l.offset             	0.055699646	0.057043907	0.00053966902	
ankle_angle_l.offset            	0.1853644	0.18601822	0.00051387084	
stance_load_threshold           	0.15070438	0.1520231	0.00056245825	
S00111.tib_ant.KL               	1.2684546	1.2724146	0.0093357394	
S00111.tib_ant.L0               	0.75693598	0.75665724	0.0010456453	
S00111.tib_ant.KS               	0.00015652	0.0001644309	0.00036400197	
S11000.tib_ant.KL               	1.1809073	1.1797524	0.0053844601	
S11000.tib_ant.L0               	0.73570328	0.73560096	0.00079682047	
S11000.tib_ant.KS               	0.036616852	0.036085698	0.00048558022	
S11111.tib_ant-soleus.KF        	-0.10794489	-0.108465	0.00084279838	
S00111.soleus-tib_ant.KS        	-0.8887489	-0.8698318	0.010576322	
S11000.soleus-tib_ant.KS        	-3.2377131	-3.2311005	0.012762043	
S00111.gastroc-tib_ant.KS       	-0.34232544	-0.34404412	0.008847573	
S11000.gastroc-tib_ant.KS       	-1.6670125	-1.6621401	0.010409212	
S00111.tib_ant-gastroc.KS       	-0.00395169	-0.0038555296	0.072027803	
S11000.tib_ant-gastroc.KS       	-0.00366451	-0.0034161033	0.070400108	
S00111.tib_ant-soleus.KS        	-0.00313515	-0.0032652942	0.073940257	
S11000.tib_ant-soleus.KS        	-0.0034666	-0.0033053597	0.07079929	
S00111.gastroc.KL               	0.082480099	0.077174248	0.0090544977	
S00111.gastroc.L0               	0.81817501	0.816255	0.0041365427	
S00111.gastroc.KF               	1.4111128	1.410324	0.00052959962	
S00111.gastroc.KS               	0.1719962	0.17289435	0.0043920538	
S00111.soleus.KL                	4.064259	4.0760559	0.0093554991	
S00111.soleus.L0                	0.9432538	0.94306577	0.002385202	
S00111.soleus.KF                	0.23119759	0.23088529	0.00076804379	
S00111.soleus.KS                	0.16360743	0.15931813	0.0062830658	
S11000.gastroc.KL               	0.00925153	0.0089376017	0.0071850121	
S11000.gastroc.L0               	0.52882358	0.52876046	0.0042944964	
S11000.gastroc.KF               	-1.790745	-1.7886264	0.010237353	
S11000.gastroc.KS               	0.27887874	0.2728615	0.0088838235	
S11000.soleus.KL                	0.77967511	0.77662202	0.017429674	
S11000.soleus.L0                	0.90487625	0.90804442	0.003981893	
S11000.soleus.KF                	-0.95753411	-0.94222329	0.016333543	
S11000.soleus.KS                	0.11214012	0.10508438	0.013406735	
S00011.vasti.KF                 	0.7959521	0.79651204	0.0022523313	
S00011.vasti.C0                 	0.080467781	0.080261854	0.00048394459	
S00011.vasti-knee_angle.pos_max 	-0.30758537	-0.30701888	0.00077672016	
S00011.hamstrings-pelvis_tilt.KP	0.71043374	0.71294005	0.0087411873	
S00011.hamstrings-pelvis_tilt.KV	0.56547474	0.56546429	0.00045067483	
S00011.hamstrings-pelvis_tilt.C0	0.025586274	0.026485801	0.00091888009	
S00011.glut_max-pelvis_tilt.KP  	1.4685271	1.4581201	0.0072770817	
S00011.glut_max-pelvis_tilt.KV  	0.31491104	0.31487177	0.0004582956	
S00011.glut_max-pelvis_tilt.C0  	0.16453295	0.16528151	0.00077465755	
S00011.iliopsoas-pelvis_tilt.KP 	-3.5084282	-3.5051045	0.012237521	
S00011.iliopsoas-pelvis_tilt.KV 	-0.54450031	-0.54506847	0.00057062592	
S00011.iliopsoas-pelvis_tilt.C0 	0.32349722	0.3256431	0.0012134141	
S00100.iliopsoas.C0             	0.33994339	0.33937909	0.00065925588	
S00100.glut_max.C0              	-0.023983192	-0.024130287	0.00049069883	
S11000.iliopsoas.KL             	0.56239867	0.56245326	0.00056510088	
S11000.iliopsoas.L0             	0.39214581	0.39311115	0.00063132613	
S11000.iliopsoas-pelvis_tilt.P0 	-0.044558278	-0.044195291	0.00049522162	
S11000.iliopsoas-pelvis_tilt.KP 	0.01082572	0.011236577	0.002895731	
S11000.iliopsoas-pelvis_tilt.KV 	0.14931392	0.14954616	0.00058896611	
S11000.iliopsoas-hamstrings.KL  	-8.3055109	-8.2911328	0.020760894	
S11000.iliopsoas-hamstrings.L0  	1.1688349	1.1685006	0.00046766336	
S11000.hamstrings.KF            	0.57912893	0.57906649	0.00046536636	
S11000.glut_max.KF              	0.62868268	0.62825603	0.00053164221	
