pelvis_tilt.offset              	0.023743836	0.024623028	0.00074730764	
hip_flexion_r.offset            	0.067222549	0.067563811	0.00069997637	
knee_angle_r.offset             	0.00052749859	0.00062109662	0.00076953385	
ankle_angle_r.offset            	-0.057407042	-0.058509069	0.0010031279	
hip_flexion_l.offset            	0.0030420319	0.0014212193	0.0014365749	
knee_angle_l.offset             	0.058808062	0.05921486	0.0010918877	
ankle_angle_l.offset            	0.18661834	0.18738008	0.001046731	
stance_load_threshold           	0.15434823	0.15545714	0.0011417538	
S00111.tib_ant.KL               	1.2729394	1.2537036	0.019030504	
S00111.tib_ant.L0               	0.76110644	0.76057276	0.0020442915	
S00111.tib_ant.KS               	0.000173	0.00016447917	0.00078929435	
S11000.tib_ant.KL               	1.1674081	1.1835805	0.010904046	
S11000.tib_ant.L0               	0.74050986	0.73873481	0.0015718459	
S11000.tib_ant.KS               	0.037150123	0.035462507	0.00099440571	
S11111.tib_ant-soleus.KF        	-0.10944679	-0.10967962	0.0017087711	
S00111.soleus-tib_ant.KS        	-0.83149365	-0.84321068	0.021601538	
S11000.soleus-tib_ant.KS        	-3.2577536	-3.2590869	0.025041344	
S00111.gastroc-tib_ant.KS       	-0.32724479	-0.32850911	0.018432729	
S11000.gastroc-tib_ant.KS       	-1.6734231	-1.6813644	0.021024831	
S00111.tib_ant-gastroc.KS       	-0.00395169	-0.0037616002	0.15618642	
S11000.tib_ant-gastroc.KS       	-0.00366451	-0.0035064324	0.1526569	
S00111.tib_ant-soleus.KS        	-0.00313515	-0.0033376419	0.16033343	
S11000.tib_ant-soleus.KS        	-0.0034666	-0.0033332228	0.15352249	
S00111.gastroc.KL               	0.07523758	0.07853655	0.019539646	
S00111.gastroc.L0               	0.84539925	0.83787778	0.008352908	
S00111.gastroc.KF               	1.4117404	1.4117595	0.0010577102	
S00111.gastroc.KS               	0.17739288	0.17313196	0.0091182106	
S00111.soleus.KL                	4.0439834	4.0424385	0.018760929	
S00111.soleus.L0                	0.95726402	0.95849309	0.0047436404	
S00111.soleus.KF                	0.23338346	0.23290495	0.0015542554	
S00111.soleus.KS                	0.16520068	0.15696184	0.01327044	
S11000.gastroc.KL               	0.00837043	0.0088517214	0.015578267	
S11000.gastroc.L0               	0.53303274	0.53202126	0.0087091887	
S11000.gastroc.KF               	-1.8652604	-1.8336376	0.020552418	
S11000.gastroc.KS               	0.25231886	0.26242161	0.01860761	
S11000.soleus.KL                	0.84260236	0.80137161	0.035952545	
S11000.soleus.L0                	0.90733058	0.90837983	0.0080676293	
S11000.soleus.KF                	-0.91983735	-0.93816444	0.033644692	
S11000.soleus.KS                	0.11302564	0.10881945	0.028951594	
S00011.vasti.KF                 	0.80734592	0.80782827	0.0044993477	
S00011.vasti.C0                 	0.081027982	0.080636407	0.0010088071	
S00011.vasti-knee_angle.pos_max 	-0.30599348	-0.30307773	0.0015685235	
S00011.hamstrings-pelvis_tilt.KP	0.68491349	0.68207631	0.017748382	
S00011.hamstrings-pelvis_tilt.KV	0.56904361	0.56816957	0.00090877288	
S00011.hamstrings-pelvis_tilt.C0	0.02514159	0.02573229	0.0019315997	
S00011.glut_max-pelvis_tilt.KP  	1.5158146	1.5012899	0.0147115	
S00011.glut_max-pelvis_tilt.KV  	0.31431159	0.31437083	0.00092154621	
S00011.glut_max-pelvis_tilt.C0  	0.16412269	0.16299569	0.0015697263	
S00011.iliopsoas-pelvis_tilt.KP 	-3.5231268	-3.4973732	0.024851464	
S00011.iliopsoas-pelvis_tilt.KV 	-0.54583729	-0.54412484	0.0011324688	
S00011.iliopsoas-pelvis_tilt.C0 	0.33080707	0.33538121	0.0024695555	
S00100.iliopsoas.C0             	0.33534794	0.33558517	0.0013441271	
S00100.glut_max.C0              	-0.023822638	-0.024368965	0.0010117718	
S11000.iliopsoas.KL             	0.56774799	0.56470682	0.0011550215	
S11000.iliopsoas.L0             	0.38999567	0.38801545	0.0012889963	
S11000.iliopsoas-pelvis_tilt.P0 	-0.044101844	-0.044623312	0.0010118998	
S11000.iliopsoas-pelvis_tilt.KP 	0.01082572	0.011345091	0.0062721456	
S11000.iliopsoas-pelvis_tilt.KV 	0.15039371	0.15000764	0.0011922922	
S11000.iliopsoas-hamstrings.KL  	-8.4738277	-8.4085345	0.042451096	
S11000.iliopsoas-hamstrings.L0  	1.1654839	1.1648478	0.00094965347	
S11000.hamstrings.KF            	0.57919393	0.57887288	0.00092119855	
S11000.glut_max.KF              	0.6242564	0.6245184	0.0010535482	
