pelvis_tilt.offset              	0.024644854	0.024657516	2.6252309e-05	
hip_flexion_r.offset            	0.069719413	0.069715039	2.4246462e-05	
knee_angle_r.offset             	-0.00085127008	-0.00088404939	2.5932268e-05	
ankle_angle_r.offset            	-0.054969651	-0.054939354	3.4167565e-05	
hip_flexion_l.offset            	0.0013766667	0.0014633058	4.7678045e-05	
knee_angle_l.offset             	0.063474924	0.063510352	3.711164e-05	
ankle_angle_l.offset            	0.18907023	0.1890237	3.4786814e-05	
stance_load_threshold           	0.15459	0.15456351	3.9334391e-05	
S00111.tib_ant.KL               	1.2482958	1.2479475	0.00061505955	
S00111.tib_ant.L0               	0.76054635	0.76040826	7.2145997e-05	
S00111.tib_ant.KS               	0.00017002216	0.00016796414	1.6076507e-05	
S11000.tib_ant.KL               	1.179496	1.1794251	0.00036418263	
S11000.tib_ant.L0               	0.73093068	0.73092242	5.5622207e-05	
S11000.tib_ant.KS               	0.036314096	0.036320674	3.3823318e-05	
S11111.tib_ant-soleus.KF        	-0.11363026	-0.11362155	5.638415e-05	
S00111.soleus-tib_ant.KS        	-0.83487174	-0.83572426	0.00069090944	
S11000.soleus-tib_ant.KS        	-3.2631293	-3.2633979	0.00083516892	
S00111.gastroc-tib_ant.KS       	-0.33442219	-0.33407398	0.00051522499	
S11000.gastroc-tib_ant.KS       	-1.6577102	-1.6570695	0.00068616495	
S00111.tib_ant-gastroc.KS       	-0.00357534	-0.0036945214	0.0031300902	
S11000.tib_ant-gastroc.KS       	-0.00331551	-0.0035456887	0.0030592725	
S00111.tib_ant-soleus.KS        	-0.0034422657	-0.0032429117	0.0032129646	
S11000.tib_ant-soleus.KS        	-0.0034666	-0.0033248136	0.0030765301	
S00111.gastroc.KL               	0.076253247	0.076732246	0.00052118183	
S00111.gastroc.L0               	0.82887695	0.8287642	0.00028230561	
S00111.gastroc.KF               	1.4106748	1.4106019	3.5694137e-05	
S00111.gastroc.KS               	0.17507486	0.17465985	0.0002589245	
S00111.soleus.KL                	4.0204276	4.0203658	0.0006221009	
S00111.soleus.L0                	0.95617959	0.95624577	0.0001509145	
S00111.soleus.KF                	0.23369922	0.23366598	5.1775975e-05	
S00111.soleus.KS                	0.16283466	0.16217374	0.00040283675	
S11000.gastroc.KL               	0.0088612487	0.0087995413	0.00033669051	
S11000.gastroc.L0               	0.54398469	0.54362882	0.00028442397	
S11000.gastroc.KF               	-1.8241384	-1.8242212	0.00067612832	
S11000.gastroc.KS               	0.25557894	0.25461926	0.00056747736	
S11000.soleus.KL                	0.80077784	0.80128554	0.0011670408	
S11000.soleus.L0                	0.9068765	0.90653437	0.00026295512	
S11000.soleus.KF                	-0.88832143	-0.88966281	0.0010848483	
S11000.soleus.KS                	0.10765468	0.1073979	0.00078818398	
S00011.vasti.KF                 	0.80435998	0.80423412	0.00015346282	
S00011.vasti.C0                 	0.081329036	0.081313746	3.2562388e-05	
S00011.vasti-knee_angle.pos_max 	-0.30257807	-0.30254201	5.1721968e-05	
S00011.hamstrings-pelvis_tilt.KP	0.72497091	0.72443192	0.00059925198	
S00011.hamstrings-pelvis_tilt.KV	0.5694487	0.56941545	3.107609e-05	
S00011.hamstrings-pelvis_tilt.C0	0.027339975	0.027279518	5.8706954e-05	
S00011.glut_max-pelvis_tilt.KP  	1.5161973	1.5168458	0.00049212277	
S00011.glut_max-pelvis_tilt.KV  	0.31640696	0.3164067	3.1226666e-05	
S00011.glut_max-pelvis_tilt.C0  	0.16593517	0.16601165	5.2396725e-05	
S00011.iliopsoas-pelvis_tilt.KP 	-3.4909138	-3.490923	0.00082398119	
S00011.iliopsoas-pelvis_tilt.KV 	-0.54382039	-0.54383642	3.7745081e-05	
S00011.iliopsoas-pelvis_tilt.C0 	0.33630755	0.33642985	8.5456007e-05	
S00100.iliopsoas.C0             	0.33568075	0.33567561	4.542269e-05	
S00100.glut_max.C0              	-0.024890796	-0.024843008	3.1896861e-05	
S11000.iliopsoas.KL             	0.5627708	0.56276335	3.7251757e-05	
S11000.iliopsoas.L0             	0.38934278	0.38930847	4.3820497e-05	
S11000.iliopsoas-pelvis_tilt.P0 	-0.044478849	-0.044499417	3.4081265e-05	
S11000.iliopsoas-pelvis_tilt.KP 	0.01164352	0.01159413	0.00015455481	
S11000.iliopsoas-pelvis_tilt.KV 	0.15033411	0.15039279	3.9638428e-05	
S11000.iliopsoas-hamstrings.KL  	-8.3235084	-8.3223714	0.0014174391	
S11000.iliopsoas-hamstrings.L0  	1.1650669	1.1650648	3.1946894e-05	
S11000.hamstrings.KF            	0.58002099	0.5800049	3.2425841e-05	
S11000.glut_max.KF              	0.62674295	0.62669707	3.4921276e-05	
