pelvis_tilt.offset              	0.025253085	0.025542036	0.0011284608	
hip_flexion_r.offset            	0.069984723	0.070168046	0.0010419184	
knee_angle_r.offset             	-0.0009394835	-0.00058361862	0.0011439499	
ankle_angle_r.offset            	-0.058410078	-0.055543301	0.001503031	
hip_flexion_l.offset            	-0.00015509106	-0.002901522	0.0021266223	
knee_angle_l.offset             	0.056398174	0.05698453	0.0016355972	
ankle_angle_l.offset            	0.18813358	0.18824642	0.0015797293	
stance_load_threshold           	0.15417945	0.15270647	0.00172803	
S00111.tib_ant.KL               	1.1945575	1.2392698	0.028508012	
S00111.tib_ant.L0               	0.76605957	0.76383221	0.0030821623	
S00111.tib_ant.KS               	0.00015652	0.00016197567	0.0012012869	
S11000.tib_ant.KL               	1.2049147	1.1762792	0.01629242	
S11000.tib_ant.L0               	0.74591971	0.74407274	0.0023857806	
S11000.tib_ant.KS               	0.036277447	0.035019073	0.0014939973	
S11111.tib_ant-soleus.KF        	-0.10945079	-0.11172541	0.0025596672	
S00111.soleus-tib_ant.KS        	-0.8157284	-0.83164598	0.032412732	
S11000.soleus-tib_ant.KS        	-3.2877446	-3.2379137	0.037982156	
S00111.gastroc-tib_ant.KS       	-0.33923558	-0.3469435	0.027917823	
S11000.gastroc-tib_ant.KS       	-1.6381787	-1.6589863	0.031858423	
S00111.tib_ant-gastroc.KS       	-0.00395169	-0.00377331	0.23771231	
S11000.tib_ant-gastroc.KS       	-0.00331551	-0.0035865263	0.23234046	
S00111.tib_ant-soleus.KS        	-0.00346517	-0.0032993341	0.24402397	
S11000.tib_ant-soleus.KS        	-0.00313645	-0.0033392963	0.23365788	
S00111.gastroc.L0               	0.84245549	0.82159342	0.012586326	
S00111.gastroc.KF               	1.4131832	1.4124786	0.0016007997	
S00111.gastroc.KS               	0.17333658	0.16941163	0.013813538	
S00111.soleus.L0                	0.93739648	0.94669221	0.0073022036	
S00111.soleus.KF                	0.22562784	0.22667016	0.0023322225	
S00111.soleus.KS                	0.15737117	0.16169687	0.020126224	
S11000.gastroc.KL               	0.00925153	0.0090356379	0.023709488	
S11000.gastroc.L0               	0.49752118	0.52171209	0.013186414	
S11000.gastroc.KF               	-1.7511864	-1.812249	0.031025579	
S11000.gastroc.KS               	0.27887874	0.26822797	0.028197781	
S11000.soleus.KL                	0.84260236	0.78069741	0.054356405	
S11000.soleus.L0                	0.86420121	0.87342851	0.012127958	
S11000.soleus.KF                	-0.94869845	-0.91693698	0.050666623	
S11000.soleus.KS                	0.11302564	0.10886609	0.04403926	
S00011.vasti.KF                 	0.81809615	0.81335317	0.006798018	
S00011.vasti.C0                 	0.083576753	0.084202839	0.0015143086	
S00011.vasti-knee_angle.pos_max 	-0.31219953	-0.30795898	0.0023547983	
S00011.hamstrings-pelvis_tilt.KP	0.74162866	0.71067828	0.026711353	
S00011.hamstrings-pelvis_tilt.KV	0.57304384	0.57000566	0.0013761229	
S00011.hamstrings-pelvis_tilt.C0	0.02778807	0.026303801	0.0029282053	
S00011.glut_max-pelvis_tilt.KP  	1.4797456	1.5032558	0.022256267	
S00011.glut_max-pelvis_tilt.KV  	0.31506122	0.31477	0.0013822625	
S00011.glut_max-pelvis_tilt.C0  	0.15839144	0.15715909	0.0023492519	
S00011.iliopsoas-pelvis_tilt.KP 	-3.5939331	-3.5450859	0.03744321	
S00011.iliopsoas-pelvis_tilt.KV 	-0.54200493	-0.53998282	0.0017231991	
S00011.iliopsoas-pelvis_tilt.C0 	0.34442967	0.34239288	0.003686732	
S00100.iliopsoas.C0             	0.33489303	0.33581269	0.00201555	
S00100.glut_max.C0              	-0.023500244	-0.024810078	0.0015253637	
S11000.iliopsoas.KL             	0.56023221	0.56253631	0.0017218048	
S11000.iliopsoas.L0             	0.39747256	0.39559562	0.0019105941	
S11000.iliopsoas-pelvis_tilt.P0 	-0.044374879	-0.043524723	0.0015354648	
S11000.iliopsoas-pelvis_tilt.KP 	0.01196527	0.011457763	0.0095450918	
S11000.iliopsoas-pelvis_tilt.KV 	0.14265432	0.14127366	0.0017773049	
S11000.iliopsoas-hamstrings.KL  	-8.2440831	-8.2239709	0.062768716	
S11000.iliopsoas-hamstrings.L0  	1.1668163	1.1643225	0.0014245105	
S11000.hamstrings.KF            	0.57415507	0.57546978	0.0013778888	
S11000.glut_max.KF              	0.61998809	0.61821327	0.0015780547	
