pelvis_tilt.offset              	0.021761127	0.021784512	0.00022326487	
hip_flexion_r.offset            	0.072625282	0.072434708	0.00021483769	
knee_angle_r.offset             	-0.00049018886	-0.00040715679	0.00023336812	
ankle_angle_r.offset            	-0.055592748	-0.055569623	0.0003039914	
hip_flexion_l.offset            	-0.0062462945	-0.0069045182	0.00042858992	
knee_angle_l.offset             	0.054264365	0.054335906	0.00032849647	
ankle_angle_l.offset            	0.19180919	0.19189722	0.00031966316	
stance_load_threshold           	0.14625316	0.14578632	0.00035167298	
S00111.tib_ant.KL               	1.2485944	1.2430733	0.0056626889	
S00111.tib_ant.L0               	0.76185249	0.76156906	0.00061988645	
S00111.tib_ant.KS               	0.00016984572	0.00016450731	0.00019791731	
S11000.tib_ant.KL               	1.2275003	1.2269938	0.0032915447	
S11000.tib_ant.L0               	0.73325399	0.733249	0.00047577572	
S11000.tib_ant.KS               	0.036425264	0.036031221	0.00029008265	
S11111.tib_ant-soleus.KF        	-0.11205401	-0.11262664	0.00050757741	
S00111.soleus-tib_ant.KS        	-0.8480917	-0.85312928	0.0062522896	
S11000.soleus-tib_ant.KS        	-3.2953165	-3.299811	0.0077981052	
S00111.gastroc-tib_ant.KS       	-0.33591414	-0.33122366	0.0049759	
S11000.gastroc-tib_ant.KS       	-1.6250061	-1.6189186	0.0063301212	
S00111.tib_ant-gastroc.KS       	-0.00357534	-0.0038408365	0.039159865	
S11000.tib_ant-gastroc.KS       	-0.00366451	-0.0033926786	0.03827492	
S00111.tib_ant-soleus.KS        	-0.00346517	-0.0033471947	0.040199608	
S11000.tib_ant-soleus.KS        	-0.00313645	-0.0033113826	0.03849194	
S00111.gastroc.KL               	0.077593032	0.076760941	0.0050339641	
S00111.gastroc.L0               	0.83567972	0.83518748	0.0025625896	
S00111.gastroc.KF               	1.4069573	1.4073452	0.00032629875	
S00111.gastroc.KS               	0.17132168	0.16949086	0.0025099573	
S00111.soleus.KL                	4.0687675	4.0603488	0.0056115128	
S00111.soleus.L0                	0.97228396	0.97199671	0.0013504218	
S00111.soleus.KF                	0.22450736	0.22523475	0.00047337852	
S00111.soleus.KS                	0.16455548	0.16033945	0.0036644522	
S11000.gastroc.KL               	0.0090403075	0.008691677	0.0039088941	
S11000.gastroc.L0               	0.53235084	0.5336275	0.0026225753	
S11000.gastroc.KF               	-1.7279016	-1.7306271	0.0060576512	
S11000.soleus.KL                	0.79443017	0.77523	0.010265443	
S11000.soleus.L0                	0.90785861	0.90750851	0.0024185165	
S11000.soleus.KF                	-0.88125391	-0.89457229	0.0098177187	
S00011.vasti.KF                 	0.836012	0.83643243	0.0013324923	
S00011.vasti.C0                 	0.082257785	0.081891322	0.00028736217	
S00011.vasti-knee_angle.pos_max 	-0.30683786	-0.30598762	0.00046215001	
S00011.hamstrings-pelvis_tilt.KP	0.72801548	0.71906731	0.0052570793	
S00011.hamstrings-pelvis_tilt.KV	0.56866672	0.56869146	0.00027362404	
S00011.hamstrings-pelvis_tilt.C0	0.026161864	0.026563008	0.00054400084	
S00011.glut_max-pelvis_tilt.KP  	1.4961666	1.4985637	0.0044456008	
S00011.glut_max-pelvis_tilt.KV  	0.30944254	0.30985596	0.00029200804	
S00011.glut_max-pelvis_tilt.C0  	0.1566712	0.15720535	0.00047319399	
S00011.iliopsoas-pelvis_tilt.KP 	-3.5172999	-3.5170452	0.0074077241	
S00011.iliopsoas-pelvis_tilt.KV 	-0.54548753	-0.54501031	0.00033575625	
S00011.iliopsoas-pelvis_tilt.C0 	0.3312781	0.33182411	0.00073696379	
S00100.iliopsoas.C0             	0.33463774	0.33474486	0.00040220967	
S00100.glut_max.C0              	-0.024389894	-0.024543494	0.0002941385	
S11000.iliopsoas.KL             	0.56087688	0.56023315	0.00035743046	
S11000.iliopsoas.L0             	0.39439168	0.39422481	0.00038761581	
S11000.iliopsoas-pelvis_tilt.P0 	-0.04523789	-0.045276835	0.00030058804	
S11000.iliopsoas-pelvis_tilt.KP 	0.01082572	0.011223782	0.0015832794	
S11000.iliopsoas-pelvis_tilt.KV 	0.14403143	0.143783	0.00035892081	
S11000.iliopsoas-hamstrings.KL  	-8.3300534	-8.3236416	0.012696323	
S11000.iliopsoas-hamstrings.L0  	1.1675037	1.1679396	0.00028156069	
S11000.hamstrings.KF            	0.57561099	0.57583228	0.00027465794	
S11000.glut_max.KF              	0.61754271	0.61769184	0.00032043139	
