pelvis_tilt.offset              	0.021387707	0.022218428	0.0012884123	
hip_flexion_r.offset            	0.068494531	0.068258265	0.0012120332	
knee_angle_r.offset             	-7.9365269e-05	0.00076512035	0.0013248518	
ankle_angle_r.offset            	-0.057496003	-0.056319552	0.0017339358	
hip_flexion_l.offset            	-0.0091951534	-0.0079344748	0.002457144	
knee_angle_l.offset             	0.055881786	0.057858618	0.0018969077	
ankle_angle_l.offset            	0.18671479	0.18658272	0.0018095238	
stance_load_threshold           	0.15397324	0.15306651	0.0019945082	
S00111.tib_ant.KL               	1.232762	1.2488618	0.032998515	
S00111.tib_ant.L0               	0.76230261	0.76080564	0.0035436578	
S00111.tib_ant.KS               	0.00015652	0.00016208815	0.0014311327	
S11000.tib_ant.KL               	1.187382	1.2116529	0.018791543	
S11000.tib_ant.L0               	0.73712148	0.73525204	0.0027386064	
S11000.tib_ant.KS               	0.036863441	0.035586435	0.0017515734	
S11111.tib_ant-soleus.KF        	-0.11292085	-0.11220736	0.0029805752	
S00111.soleus-tib_ant.KS        	-0.8774573	-0.86273927	0.037980507	
S00111.gastroc-tib_ant.KS       	-0.32171493	-0.34177039	0.033115571	
S11000.soleus-tib_ant.KS        	-3.269366	-3.2780899	0.043759544	
S11000.gastroc-tib_ant.KS       	-1.6230635	-1.6773052	0.036622087	
S00111.tib_ant-soleus.KS        	-0.00313515	-0.0033379237	0.2907142	
S00111.tib_ant-gastroc.KS       	-0.00357534	-0.0037297073	0.2831949	
S11000.tib_ant-soleus.KS        	-0.0034666	-0.0033729985	0.27836471	
S11000.tib_ant-gastroc.KS       	-0.00366451	-0.0035054645	0.27679522	
S00111.soleus.KL                	3.9680794	4.028828	0.032306697	
S00111.soleus.L0                	0.96604709	0.96605736	0.0083015269	
S00111.soleus.KF                	0.22557973	0.22902476	0.0026714095	
S00111.soleus.KS                	0.14946728	0.15397269	0.023905056	
S00111.gastroc.KL               	0.07523758	0.079936557	0.035396818	
S00111.gastroc.L0               	0.86254152	0.84651558	0.014518506	
S00111.gastroc.KF               	1.4149182	1.411863	0.0018501483	
S00111.gastroc.KS               	0.17739288	0.16739391	0.016362055	
S11000.soleus.KL                	0.76235452	0.78524637	0.064197224	
S11000.soleus.L0                	0.86464685	0.8990999	0.014025307	
S11000.soleus.KF                	-0.95885434	-0.88584852	0.059629469	
S11000.soleus.KS                	0.1022613	0.10556095	0.052446637	
S11000.gastroc.KL               	0.00925153	0.0088006272	0.028245695	
S11000.gastroc.L0               	0.51113198	0.52865211	0.015272366	
S11000.gastroc.KF               	-1.8567912	-1.8432518	0.036033518	
S11000.gastroc.KS               	0.27887874	0.27443649	0.033448214	
S00011.vasti.KF                 	0.80978292	0.81660871	0.0078390309	
S00011.vasti.C0                 	0.081067568	0.082323861	0.0017762721	
S00011.vasti-knee_angle.pos_max 	-0.30642994	-0.30386861	0.0027168231	
S00011.hamstrings-pelvis_tilt.KP	0.70498879	0.69576318	0.031321334	
S00011.hamstrings-pelvis_tilt.KV	0.56680069	0.56672959	0.001583004	
S00011.hamstrings-pelvis_tilt.C0	0.02514159	0.026440667	0.0034731276	
S00011.glut_max-pelvis_tilt.KP  	1.467375	1.484227	0.025647483	
S00011.glut_max-pelvis_tilt.KV  	0.31376186	0.31393097	0.0016016739	
S00011.glut_max-pelvis_tilt.C0  	0.15209401	0.15899248	0.0027126069	
S00011.iliopsoas-pelvis_tilt.KP 	-3.5353191	-3.4783056	0.043150474	
S00011.iliopsoas-pelvis_tilt.KV 	-0.54587701	-0.54481902	0.0019707817	
S00011.iliopsoas-pelvis_tilt.C0 	0.33696601	0.3336932	0.0042540266	
S00100.iliopsoas.C0             	0.33981697	0.33737486	0.0023293701	
S00100.glut_max.C0              	-0.023943273	-0.024410417	0.0017998926	
S11000.iliopsoas.KL             	0.55872371	0.55843118	0.0019953606	
S11000.iliopsoas.L0             	0.39228826	0.38959234	0.0022189909	
S11000.iliopsoas-pelvis_tilt.P0 	-0.043399829	-0.044245553	0.0017834365	
S11000.iliopsoas-pelvis_tilt.KP 	0.01082572	0.011205313	0.011370341	
S11000.iliopsoas-pelvis_tilt.KV 	0.14529533	0.14599505	0.0020591043	
S11000.iliopsoas-hamstrings.KL  	-8.2967734	-8.2317887	0.072764895	
S11000.iliopsoas-hamstrings.L0  	1.1658648	1.1657831	0.0016567426	
S11000.hamstrings.KF            	0.57909472	0.57687235	0.0015984204	
S11000.glut_max.KF              	0.62579654	0.62271356	0.0018093903	
