pelvis_tilt.offset              	0.025724447	0.023698656	0.0010921051	
hip_flexion_r.offset            	0.070620392	0.070492688	0.0010235364	
knee_angle_r.offset             	0.00064887173	-0.00027817246	0.0011176689	
ankle_angle_r.offset            	-0.058146364	-0.057419472	0.0014641854	
hip_flexion_l.offset            	-0.009399937	-0.011149151	0.0020813356	
knee_angle_l.offset             	0.060876635	0.057018132	0.0015998713	
ankle_angle_l.offset            	0.18868359	0.18740033	0.0015316923	
stance_load_threshold           	0.1580978	0.15506832	0.001687094	
S00111.tib_ant.KL               	1.2555266	1.2403281	0.027916552	
S00111.tib_ant.L0               	0.75381415	0.75688005	0.003001701	
S00111.tib_ant.KS               	0.000173	0.00016527549	0.0011823141	
S11000.tib_ant.KL               	1.2146466	1.2175647	0.015890244	
S11000.tib_ant.L0               	0.73778554	0.73366506	0.0023211628	
S11000.tib_ant.KS               	0.036447267	0.035232102	0.001465336	
S11111.tib_ant-soleus.KF        	-0.11088211	-0.11341238	0.0025038279	
S00111.soleus-tib_ant.KS        	-0.83783387	-0.86078494	0.03178622	
S00111.gastroc-tib_ant.KS       	-0.3393474	-0.34032392	0.027473517	
S11000.soleus-tib_ant.KS        	-3.2460773	-3.2741795	0.036877525	
S11000.gastroc-tib_ant.KS       	-1.6820484	-1.6422235	0.030922766	
S00111.tib_ant-soleus.KS        	-0.00346517	-0.0032454277	0.24017004	
S00111.tib_ant-gastroc.KS       	-0.00395169	-0.0037537351	0.23395806	
S11000.tib_ant-soleus.KS        	-0.00313645	-0.0032234578	0.22996766	
S11000.tib_ant-gastroc.KS       	-0.00366451	-0.0035267163	0.22867105	
S00111.soleus.KL                	3.9903991	3.9934563	0.027403608	
S00111.soleus.L0                	0.97689357	0.96752924	0.0069529819	
S00111.soleus.KF                	0.22447086	0.2265383	0.0022491327	
S00111.soleus.KS                	0.14946728	0.15551457	0.019794599	
S00111.gastroc.KL               	0.08315732	0.079378844	0.029251683	
S00111.gastroc.L0               	0.85998177	0.83345446	0.012251536	
S00111.gastroc.KF               	1.4130052	1.4124608	0.0015615151	
S00111.gastroc.KS               	0.17739288	0.17327696	0.013575343	
S11000.soleus.KL                	0.76235452	0.81299098	0.053345518	
S11000.soleus.L0                	0.90826283	0.89718736	0.011865655	
S11000.soleus.KF                	-0.86753488	-0.91600435	0.049684042	
S11000.soleus.KS                	0.11302564	0.1091645	0.043339133	
S11000.gastroc.KL               	0.00925153	0.0088167467	0.023334995	
S11000.gastroc.L0               	0.53064665	0.52619595	0.012833902	
S11000.gastroc.KF               	-1.8005182	-1.8124879	0.030381188	
S11000.gastroc.KS               	0.26028043	0.27473697	0.027719157	
S00011.vasti.KF                 	0.80288377	0.80456351	0.0066199947	
S00011.vasti.C0                 	0.081434444	0.080613374	0.0014857131	
S00011.vasti-knee_angle.pos_max 	-0.29894024	-0.30194642	0.0022953048	
S00011.hamstrings-pelvis_tilt.KP	0.71226269	0.72866408	0.026174439	
S00011.hamstrings-pelvis_tilt.KV	0.56727164	0.5671746	0.0013324313	
S00011.hamstrings-pelvis_tilt.C0	0.02778807	0.026418878	0.0028774203	
S00011.glut_max-pelvis_tilt.KP  	1.4734619	1.4885507	0.021624732	
S00011.glut_max-pelvis_tilt.KV  	0.31483319	0.31704388	0.001360049	
S00011.glut_max-pelvis_tilt.C0  	0.15724603	0.15695866	0.0022915935	
S00011.iliopsoas-pelvis_tilt.KP 	-3.5051614	-3.5207066	0.036135245	
S00011.iliopsoas-pelvis_tilt.KV 	-0.54239296	-0.54363574	0.0016658213	
S00011.iliopsoas-pelvis_tilt.C0 	0.33970033	0.34112299	0.0036042132	
S00100.iliopsoas.C0             	0.33746718	0.33608321	0.0019567333	
S00100.glut_max.C0              	-0.024270924	-0.024391755	0.001497461	
S11000.iliopsoas.KL             	0.56082755	0.55977133	0.0016866719	
S11000.iliopsoas.L0             	0.38708833	0.39110757	0.0018708014	
S11000.iliopsoas-pelvis_tilt.P0 	-0.04641831	-0.045555695	0.0014881498	
S11000.iliopsoas-pelvis_tilt.KP 	0.01082572	0.011246205	0.0093940741	
S11000.iliopsoas-pelvis_tilt.KV 	0.14472563	0.14620945	0.0017365739	
S11000.iliopsoas-hamstrings.KL  	-8.3022967	-8.2503148	0.061158711	
S11000.iliopsoas-hamstrings.L0  	1.1637712	1.1636408	0.0013955342	
S11000.hamstrings.KF            	0.57679573	0.57653528	0.0013478628	
S11000.glut_max.KF              	0.62589679	0.62476197	0.0015307504	
