pelvis_tilt.offset              	0.024329794	0.024342756	3.9329204e-05	
hip_flexion_r.offset            	0.070631816	0.070640941	3.7699459e-05	
knee_angle_r.offset             	0.00068393825	0.00066754451	4.0119865e-05	
ankle_angle_r.offset            	-0.057648492	-0.057615581	5.2336758e-05	
hip_flexion_l.offset            	-0.0096852849	-0.009660637	7.3575729e-05	
knee_angle_l.offset             	0.057144469	0.057123238	6.0164818e-05	
ankle_angle_l.offset            	0.18554433	0.18556275	5.4811505e-05	
stance_load_threshold           	0.1504741	0.15046161	6.0367431e-05	
S00111.tib_ant.KL               	1.2644377	1.2647437	0.00098078544	
S00111.tib_ant.L0               	0.75588262	0.75588443	0.00010690583	
S00111.tib_ant.KS               	0.000173	0.00016785196	2.6700044e-05	
S11000.tib_ant.KL               	1.2465933	1.2467246	0.00055980231	
S11000.tib_ant.L0               	0.73155294	0.73148461	8.4178674e-05	
S11000.tib_ant.KS               	0.036042521	0.036126102	5.1233732e-05	
S11111.tib_ant-soleus.KF        	-0.1126665	-0.11277237	9.127168e-05	
S00111.soleus-tib_ant.KS        	-0.88346925	-0.88347406	0.0011134073	
S00111.gastroc-tib_ant.KS       	-0.3347831	-0.33542772	0.00083409177	
S11000.soleus-tib_ant.KS        	-3.2368471	-3.236954	0.0013196854	
S11000.gastroc-tib_ant.KS       	-1.6449089	-1.6432069	0.0010921151	
S00111.tib_ant-soleus.KS        	-0.00313515	-0.0033852101	0.0054005419	
S00111.tib_ant-gastroc.KS       	-0.00357534	-0.0037706267	0.0052609567	
S11000.tib_ant-soleus.KS        	-0.00313645	-0.0033011536	0.0051711473	
S11000.tib_ant-gastroc.KS       	-0.00331551	-0.0035309104	0.005142028	
S00111.soleus.KL                	3.9870634	3.9862415	0.000957128	
S00111.soleus.L0                	0.98197927	0.98207729	0.00024862389	
S00111.soleus.KF                	0.23107202	0.23108239	8.0018912e-05	
S00111.soleus.KS                	0.15364706	0.15212798	0.00062095574	
S00111.gastroc.KL               	0.080843511	0.079199547	0.00080117764	
S00111.gastroc.L0               	0.85751717	0.85757966	0.00043891686	
S00111.gastroc.KF               	1.4114785	1.4115392	5.3873096e-05	
S00111.gastroc.KS               	0.17158646	0.17163344	0.00043158986	
S11000.soleus.KL                	0.79206888	0.79128616	0.001806924	
S11000.soleus.L0                	0.88783499	0.88756691	0.00043344436	
S11000.soleus.KF                	-0.93494107	-0.93278709	0.0016745487	
S11000.soleus.KS                	0.11052754	0.11014656	0.001195181	
S11000.gastroc.KL               	0.00925153	0.0088926258	0.00053888323	
S11000.gastroc.L0               	0.5017343	0.50217871	0.00043209983	
S11000.gastroc.KF               	-1.8123753	-1.812398	0.0010698668	
S11000.gastroc.KS               	0.26233892	0.26231919	0.00090442859	
S00011.vasti.KF                 	0.81645843	0.81593798	0.00023275212	
S00011.vasti.C0                 	0.080493023	0.080415716	4.8569258e-05	
S00011.vasti-knee_angle.pos_max 	-0.30035871	-0.30025903	8.2066209e-05	
S00011.hamstrings-pelvis_tilt.KP	0.72338493	0.72304185	0.00091199111	
S00011.hamstrings-pelvis_tilt.KV	0.56350564	0.56349613	4.8984067e-05	
S00011.hamstrings-pelvis_tilt.C0	0.025834819	0.025873306	9.6094031e-05	
S00011.glut_max-pelvis_tilt.KP  	1.4397024	1.4399492	0.00077381665	
S00011.glut_max-pelvis_tilt.KV  	0.31779296	0.31769781	5.0221022e-05	
S00011.glut_max-pelvis_tilt.C0  	0.1545882	0.15455685	7.9192145e-05	
S00011.iliopsoas-pelvis_tilt.KP 	-3.5557435	-3.5563955	0.0012587208	
S00011.iliopsoas-pelvis_tilt.KV 	-0.54105053	-0.54103531	5.9393384e-05	
S00011.iliopsoas-pelvis_tilt.C0 	0.34625868	0.34642355	0.00012790199	
S00100.iliopsoas.C0             	0.33874311	0.33877831	7.0356018e-05	
S00100.glut_max.C0              	-0.025383858	-0.025402357	5.0799645e-05	
S11000.iliopsoas.KL             	0.55773415	0.55763817	5.8475018e-05	
S11000.iliopsoas.L0             	0.39141528	0.39139742	6.5480861e-05	
S11000.iliopsoas-pelvis_tilt.P0 	-0.042542281	-0.042554322	5.2384475e-05	
S11000.iliopsoas-pelvis_tilt.KP 	0.011351461	0.011468464	0.00023508692	
S11000.iliopsoas-pelvis_tilt.KV 	0.14495418	0.14486482	6.2908111e-05	
S11000.iliopsoas-hamstrings.KL  	-8.2267052	-8.222097	0.0022021771	
S11000.iliopsoas-hamstrings.L0  	1.1638936	1.1638055	5.0021401e-05	
S11000.hamstrings.KF            	0.57268933	0.57263746	4.9858602e-05	
S11000.glut_max.KF              	0.62399193	0.62407163	5.8667774e-05	
