pelvis_tilt.offset              	0.024475408	0.024500624	2.9213886e-05	
hip_flexion_r.offset            	0.070631888	0.070598354	2.7278881e-05	
knee_angle_r.offset             	0.00070063704	0.00070225333	2.865588e-05	
ankle_angle_r.offset            	-0.057621879	-0.057597353	3.7910682e-05	
hip_flexion_l.offset            	-0.0097157557	-0.0097215542	5.2914894e-05	
knee_angle_l.offset             	0.057175699	0.057193212	4.4492469e-05	
ankle_angle_l.offset            	0.18557452	0.18551112	3.9562999e-05	
stance_load_threshold           	0.15045924	0.15047957	4.3033877e-05	
S00111.tib_ant.KL               	1.2655906	1.2649758	0.00070287113	
S00111.tib_ant.L0               	0.75565651	0.7555537	7.7583317e-05	
S00111.tib_ant.KS               	0.00016614702	0.00016625671	1.7762792e-05	
S11000.tib_ant.KL               	1.2457354	1.2458801	0.00040796421	
S11000.tib_ant.L0               	0.73148138	0.73159947	6.1018711e-05	
S11000.tib_ant.KS               	0.036109079	0.036076291	3.7262614e-05	
S11111.tib_ant-soleus.KF        	-0.1129807	-0.11292051	6.543636e-05	
S00111.soleus-tib_ant.KS        	-0.88368947	-0.88261054	0.00080130197	
S00111.gastroc-tib_ant.KS       	-0.333069	-0.33375425	0.00059445855	
S11000.soleus-tib_ant.KS        	-3.2352334	-3.2347818	0.00094314268	
S11000.gastroc-tib_ant.KS       	-1.6435148	-1.6426071	0.00079521745	
S00111.tib_ant-soleus.KS        	-0.00313515	-0.0032962719	0.0035586929	
S00111.tib_ant-gastroc.KS       	-0.00395169	-0.0038107389	0.0034668725	
S11000.tib_ant-soleus.KS        	-0.00313645	-0.0032657328	0.0034075775	
S11000.tib_ant-gastroc.KS       	-0.00366451	-0.003425734	0.0033884281	
S00111.soleus.KL                	3.9871561	3.9879232	0.00069313035	
S00111.soleus.L0                	0.9821671	0.98224532	0.00017702163	
S00111.soleus.KF                	0.23109341	0.23110809	5.7205162e-05	
S00111.soleus.KS                	0.15493668	0.15380787	0.00045731865	
S00111.gastroc.KL               	0.078554499	0.078811314	0.0005788582	
S00111.gastroc.L0               	0.85799538	0.85786963	0.00031595905	
S00111.gastroc.KF               	1.4115626	1.4115169	3.8796643e-05	
S00111.gastroc.KS               	0.17120107	0.1713312	0.00030569236	
S11000.soleus.KL                	0.79181352	0.79247157	0.0012862414	
S11000.soleus.L0                	0.8888142	0.8888648	0.0003125694	
S11000.soleus.KF                	-0.93184974	-0.93149772	0.0012131393	
S11000.soleus.KS                	0.11302564	0.11043625	0.00086198077	
S11000.gastroc.KL               	0.00837043	0.0086857812	0.00036988467	
S11000.gastroc.L0               	0.50098969	0.50099156	0.00031276768	
S11000.gastroc.KF               	-1.8152723	-1.8144586	0.00077147556	
S11000.gastroc.KS               	0.26095122	0.26120959	0.00064743665	
S00011.vasti.KF                 	0.81532601	0.8155834	0.00016846946	
S00011.vasti.C0                 	0.080594461	0.080491925	3.4716267e-05	
S00011.vasti-knee_angle.pos_max 	-0.30024835	-0.30015861	5.9099614e-05	
S00011.hamstrings-pelvis_tilt.KP	0.72416866	0.72296363	0.0006553846	
S00011.hamstrings-pelvis_tilt.KV	0.56350194	0.56352263	3.6109746e-05	
S00011.hamstrings-pelvis_tilt.C0	0.02597628	0.025996957	6.944174e-05	
S00011.glut_max-pelvis_tilt.KP  	1.4400005	1.4395103	0.00056444619	
S00011.glut_max-pelvis_tilt.KV  	0.31769694	0.31773958	3.6062534e-05	
S00011.glut_max-pelvis_tilt.C0  	0.15447133	0.15452109	5.6714224e-05	
S00011.iliopsoas-pelvis_tilt.KP 	-3.5569975	-3.5546159	0.00089888802	
S00011.iliopsoas-pelvis_tilt.KV 	-0.54097684	-0.5410187	4.322563e-05	
S00011.iliopsoas-pelvis_tilt.C0 	0.34619935	0.34620559	9.2977331e-05	
S00100.iliopsoas.C0             	0.338779	0.33874738	5.0349589e-05	
S00100.glut_max.C0              	-0.02541294	-0.025434476	3.6269652e-05	
S11000.iliopsoas.KL             	0.55750412	0.55752975	4.2500232e-05	
S11000.iliopsoas.L0             	0.39116246	0.39130614	4.7716207e-05	
S11000.iliopsoas-pelvis_tilt.P0 	-0.042644111	-0.042638771	3.7413371e-05	
S11000.iliopsoas-pelvis_tilt.KP 	0.01159261	0.011545041	0.00016774327	
S11000.iliopsoas-pelvis_tilt.KV 	0.14481835	0.14476606	4.5322601e-05	
S11000.iliopsoas-hamstrings.KL  	-8.2252907	-8.2227704	0.0015911812	
S11000.iliopsoas-hamstrings.L0  	1.163792	1.1637924	3.6136865e-05	
S11000.hamstrings.KF            	0.57263439	0.57263087	3.6153696e-05	
S11000.glut_max.KF              	0.62399177	0.62403612	4.2682143e-05	
