pelvis_tilt.offset              	0.018386267	0.018621622	0.0012855569	
hip_flexion_r.offset            	0.066266163	0.068114303	0.0012087036	
knee_angle_r.offset             	-0.00033434149	0.00064883194	0.0013260019	
ankle_angle_r.offset            	-0.061016138	-0.05890839	0.0017309291	
hip_flexion_l.offset            	-0.0045100651	-0.0056293952	0.00246426	
knee_angle_l.offset             	0.057279324	0.055068334	0.0018953964	
ankle_angle_l.offset            	0.18573076	0.18589782	0.0018091343	
stance_load_threshold           	0.15153522	0.15257463	0.0019827216	
S00111.tib_ant.KL               	1.2651443	1.2408939	0.033066588	
S00111.tib_ant.L0               	0.76293615	0.76909298	0.0035458501	
S00111.tib_ant.KS               	0.00015652	0.00016728592	0.0014211212	
S11000.tib_ant.KL               	1.1863331	1.1935999	0.018694475	
S11000.tib_ant.L0               	0.73370376	0.73431303	0.0027371527	
S11000.tib_ant.KS               	0.033800373	0.035776046	0.001743027	
S11111.tib_ant-soleus.KF        	-0.11018559	-0.10880343	0.0029717053	
S11000.soleus-tib_ant.KS        	-3.287805	-3.3169697	0.043816249	
S11000.gastroc-tib_ant.KS       	-1.7088133	-1.6974651	0.036722373	
S00111.tib_ant-gastroc.KS       	-0.00395169	-0.0037838327	0.28121375	
S11000.tib_ant-gastroc.KS       	-0.00366451	-0.0035089409	0.27485884	
S00111.tib_ant-soleus.KS        	-0.00313515	-0.003233505	0.28868044	
S11000.tib_ant-soleus.KS        	-0.00313645	-0.0032875926	0.27641735	
S00111.gastroc.KL               	0.07523758	0.076942032	0.035150877	
S00111.gastroc.L0               	0.84564189	0.85627617	0.014522304	
S00111.gastroc.KF               	1.4083503	1.4099047	0.0018478052	
S00111.gastroc.KS               	0.16049832	0.1648037	0.016259662	
S00111.soleus.KL                	4.0685085	4.0855526	0.032374945	
S00111.soleus.L0                	0.97424917	0.977822	0.0082786604	
S00111.soleus.KF                	0.23074076	0.2321743	0.0026791851	
S00111.soleus.KS                	0.14946728	0.15790077	0.023747985	
S11000.gastroc.KL               	0.00837043	0.0085266786	0.028048139	
S11000.gastroc.L0               	0.50389435	0.51594737	0.015268015	
S11000.gastroc.KF               	-1.8381659	-1.8239513	0.035906835	
S11000.gastroc.KS               	0.25256339	0.26977321	0.033234477	
S11000.soleus.KL                	0.80736918	0.78116846	0.063799497	
S11000.soleus.L0                	0.88482074	0.89456127	0.014002241	
S11000.soleus.KF                	-0.90080347	-0.91783635	0.059328426	
S11000.soleus.KS                	0.11302564	0.10590939	0.052083804	
S00011.vasti.KF                 	0.80982491	0.81717588	0.007847662	
S00011.vasti.C0                 	0.085257666	0.084613117	0.0017698156	
S00011.vasti-knee_angle.pos_max 	-0.30718578	-0.30640218	0.0027114529	
S00011.hamstrings-pelvis_tilt.KP	0.72143833	0.70460697	0.03119872	
S00011.hamstrings-pelvis_tilt.KV	0.56436304	0.56458849	0.0015848186	
S00011.hamstrings-pelvis_tilt.C0	0.02514159	0.026517509	0.0034516972	
S00011.glut_max-pelvis_tilt.KP  	1.5209541	1.4932294	0.025701249	
S00011.glut_max-pelvis_tilt.KV  	0.31479247	0.31438243	0.0016015218	
S00011.glut_max-pelvis_tilt.C0  	0.15798775	0.1579641	0.002711553	
S00011.iliopsoas-pelvis_tilt.KP 	-3.4227379	-3.4604153	0.043168852	
S00011.iliopsoas-pelvis_tilt.KV 	-0.54365615	-0.54462823	0.0019661048	
S00011.iliopsoas-pelvis_tilt.C0 	0.32954298	0.32715821	0.0042613657	
S00100.iliopsoas.C0             	0.33472523	0.33578986	0.0023278883	
S00100.glut_max.C0              	-0.025814895	-0.024987545	0.0017905773	
S11000.iliopsoas.KL             	0.55950114	0.55997907	0.0019920128	
S11000.iliopsoas.L0             	0.38710477	0.38872404	0.0022175728	
S11000.iliopsoas-pelvis_tilt.P0 	-0.04290833	-0.042745134	0.0017778049	
S11000.iliopsoas-pelvis_tilt.KP 	0.01082572	0.011101649	0.011290917	
S11000.iliopsoas-pelvis_tilt.KV 	0.143793	0.14474591	0.0020473218	
S11000.iliopsoas-hamstrings.KL  	-8.3250299	-8.241385	0.072371704	
S11000.iliopsoas-hamstrings.L0  	1.1653628	1.1636343	0.0016657925	
S11000.hamstrings.KF            	0.57321707	0.57498852	0.0015839474	
S11000.glut_max.KF              	0.62134473	0.62146564	0.0018054676	
