pelvis_tilt.offset              	0.017379452	0.018136609	0.0012721607	
hip_flexion_r.offset            	0.066780333	0.067846617	0.0011971477	
knee_angle_r.offset             	-0.0004774705	6.9292171e-05	0.0013131458	
ankle_angle_r.offset            	-0.061067517	-0.059279469	0.0017133793	
hip_flexion_l.offset            	-0.0089759855	-0.0053937378	0.0024382348	
knee_angle_l.offset             	0.059733511	0.055792094	0.0018733671	
ankle_angle_l.offset            	0.18896118	0.18563565	0.0017898035	
stance_load_threshold           	0.15323968	0.15173942	0.0019626443	
S00111.tib_ant.KL               	1.3119505	1.2501898	0.032714117	
S00111.tib_ant.L0               	0.76935538	0.7674323	0.0035113417	
S00111.tib_ant.KS               	0.000173	0.00016473201	0.001402061	
S11000.tib_ant.KL               	1.1807131	1.1830921	0.018487309	
S11000.tib_ant.L0               	0.73728683	0.73460652	0.0027088226	
S11000.tib_ant.KS               	0.034064414	0.035311051	0.0017222312	
S11111.tib_ant-soleus.KF        	-0.11642115	-0.10862505	0.0029361024	
S11000.soleus-tib_ant.KS        	-3.3257868	-3.3247908	0.043339311	
S11000.gastroc-tib_ant.KS       	-1.6919829	-1.6954078	0.036272834	
S00111.tib_ant-gastroc.KS       	-0.00357534	-0.003841872	0.27744206	
S11000.tib_ant-gastroc.KS       	-0.00366451	-0.0035149734	0.27117238	
S00111.tib_ant-soleus.KS        	-0.00346517	-0.003219538	0.28480861	
S11000.tib_ant-soleus.KS        	-0.0034666	-0.0032769479	0.27270999	
S00111.gastroc.KL               	0.08315732	0.07948032	0.034680915	
S00111.gastroc.L0               	0.85105223	0.85370963	0.014352175	
S00111.gastroc.KF               	1.4090441	1.4094248	0.0018267517	
S00111.gastroc.KS               	0.16049832	0.16148484	0.016045047	
S00111.soleus.KL                	4.1403605	4.0858944	0.032023717	
S00111.soleus.L0                	0.97533063	0.97456035	0.0081799135	
S00111.soleus.KF                	0.23138169	0.23206687	0.0026538833	
S00111.soleus.KS                	0.14946728	0.15910066	0.023434456	
S11000.gastroc.KL               	0.00925153	0.008752499	0.027671972	
S11000.gastroc.L0               	0.52896765	0.51107742	0.015092762	
S11000.gastroc.KF               	-1.8042864	-1.83447	0.035541734	
S11000.gastroc.KS               	0.27887874	0.25585468	0.032806262	
S11000.soleus.KL                	0.77802015	0.79322054	0.062984331	
S11000.soleus.L0                	0.88155901	0.89906388	0.013848282	
S11000.soleus.KF                	-0.95885434	-0.91095591	0.058577504	
S11000.soleus.KS                	0.11302564	0.10830745	0.051386791	
S00011.vasti.KF                 	0.81390562	0.81894251	0.0077662744	
S00011.vasti.C0                 	0.082307314	0.084700716	0.00174831	
S00011.vasti-knee_angle.pos_max 	-0.30648459	-0.30541825	0.0026819667	
S00011.hamstrings-pelvis_tilt.KP	0.70831245	0.71015168	0.030831335	
S00011.hamstrings-pelvis_tilt.KV	0.56690413	0.56454879	0.0015667477	
S00011.hamstrings-pelvis_tilt.C0	0.02514159	0.026131053	0.0034064241	
S00011.glut_max-pelvis_tilt.KP  	1.5059283	1.5054642	0.025417329	
S00011.glut_max-pelvis_tilt.KV  	0.31696067	0.31420121	0.0015829007	
S00011.glut_max-pelvis_tilt.C0  	0.15672901	0.1579388	0.0026818395	
S00011.iliopsoas-pelvis_tilt.KP 	-3.4335662	-3.4452525	0.042680136	
S00011.iliopsoas-pelvis_tilt.KV 	-0.54637673	-0.54417728	0.0019415056	
S00011.iliopsoas-pelvis_tilt.C0 	0.32330906	0.3265943	0.0042202998	
S00100.iliopsoas.C0             	0.33887443	0.33697336	0.0023043741	
S00100.glut_max.C0              	-0.02588599	-0.024816518	0.0017677991	
S11000.iliopsoas.KL             	0.56055818	0.56046369	0.0019705657	
S11000.iliopsoas.L0             	0.38764852	0.38885034	0.0021914401	
S11000.iliopsoas-pelvis_tilt.P0 	-0.04199752	-0.043441815	0.0017569327	
S11000.iliopsoas-pelvis_tilt.KP 	0.010852595	0.011609766	0.011139597	
S11000.iliopsoas-pelvis_tilt.KV 	0.14338537	0.1441147	0.0020228019	
S11000.iliopsoas-hamstrings.KL  	-8.3878569	-8.287751	0.0716819	
S11000.iliopsoas-hamstrings.L0  	1.1586864	1.1635895	0.0016466536	
S11000.hamstrings.KF            	0.57658536	0.57412596	0.0015670641	
S11000.glut_max.KF              	0.61942876	0.62074166	0.0017851279	
