pelvis_tilt.offset              	0.017271727	0.01805126	0.0012598583	
hip_flexion_r.offset            	0.06660956	0.067466177	0.0011842261	
knee_angle_r.offset             	-0.0015513916	0.00037612659	0.0012974031	
ankle_angle_r.offset            	-0.0589114	-0.05891942	0.0016977164	
hip_flexion_l.offset            	-0.0078066395	-0.0060066285	0.0024117079	
knee_angle_l.offset             	0.057907383	0.056840569	0.0018556548	
ankle_angle_l.offset            	0.18418848	0.18577563	0.0017717733	
stance_load_threshold           	0.15335991	0.15192987	0.0019414071	
S00111.tib_ant.KL               	1.1877143	1.2666445	0.032378761	
S00111.tib_ant.L0               	0.76844592	0.76819194	0.0034719034	
S00111.tib_ant.KS               	0.000173	0.00016272405	0.0013841036	
S11000.tib_ant.KL               	1.1579309	1.1780302	0.018298349	
S11000.tib_ant.L0               	0.73810215	0.73513546	0.0026798877	
S11000.tib_ant.KS               	0.03462686	0.034586117	0.0017028596	
S11111.tib_ant-soleus.KF        	-0.10874135	-0.10897996	0.0029099031	
S11000.soleus-tib_ant.KS        	-3.3210988	-3.3150527	0.042925727	
S11000.gastroc-tib_ant.KS       	-1.7060737	-1.6925066	0.035854214	
S00111.tib_ant-gastroc.KS       	-0.00357534	-0.0036411017	0.27388861	
S11000.tib_ant-gastroc.KS       	-0.00331551	-0.0034460792	0.26769924	
S00111.tib_ant-soleus.KS        	-0.00346517	-0.0032738095	0.28116081	
S11000.tib_ant-soleus.KS        	-0.0034666	-0.0033425952	0.26921715	
S00111.gastroc.KL               	0.07523758	0.080865914	0.034237683	
S00111.gastroc.L0               	0.86894842	0.85014933	0.014207796	
S00111.gastroc.KF               	1.4100772	1.410163	0.001805733	
S00111.gastroc.KS               	0.16049832	0.16312812	0.015844182	
S00111.soleus.KL                	4.0836773	4.0931928	0.031749731	
S00111.soleus.L0                	0.96670339	0.97169831	0.0080865867	
S00111.soleus.KF                	0.22711641	0.23116217	0.002624071	
S00111.soleus.KS                	0.14946728	0.15805024	0.023139802	
S11000.gastroc.KL               	0.00837043	0.0089374253	0.02731757	
S11000.gastroc.L0               	0.51235682	0.513356	0.014926415	
S11000.gastroc.KF               	-1.8699239	-1.8323405	0.035134084	
S11000.gastroc.KS               	0.25812398	0.26445153	0.032402706	
S11000.soleus.KL                	0.84260236	0.77931859	0.062215066	
S11000.soleus.L0                	0.90435264	0.89631456	0.013743037	
S11000.soleus.KF                	-0.95885434	-0.91645965	0.057884432	
S11000.soleus.KS                	0.11285228	0.10825105	0.050729974	
S00011.vasti.KF                 	0.82037858	0.81965779	0.0076769771	
S00011.vasti.C0                 	0.080146235	0.083984619	0.0017298178	
S00011.vasti-knee_angle.pos_max 	-0.30778121	-0.30510083	0.0026584888	
S00011.hamstrings-pelvis_tilt.KP	0.69395981	0.71241514	0.030459098	
S00011.hamstrings-pelvis_tilt.KV	0.56715632	0.56483317	0.0015499839	
S00011.hamstrings-pelvis_tilt.C0	0.026640778	0.025694639	0.0033636126	
S00011.glut_max-pelvis_tilt.KP  	1.5640649	1.5150056	0.02517008	
S00011.glut_max-pelvis_tilt.KV  	0.31670993	0.31502236	0.0015676776	
S00011.glut_max-pelvis_tilt.C0  	0.15879862	0.15634315	0.0026578586	
S00011.iliopsoas-pelvis_tilt.KP 	-3.3939412	-3.426515	0.042219502	
S00011.iliopsoas-pelvis_tilt.KV 	-0.54515856	-0.54476416	0.0019208309	
S00011.iliopsoas-pelvis_tilt.C0 	0.31620964	0.32521867	0.0041743335	
S00100.iliopsoas.C0             	0.33603242	0.3374213	0.0022797124	
S00100.glut_max.C0              	-0.025326309	-0.024959072	0.0017461522	
S11000.iliopsoas.KL             	0.56088931	0.55979651	0.0019489785	
S11000.iliopsoas.L0             	0.39093703	0.38926646	0.0021708584	
S11000.iliopsoas-pelvis_tilt.P0 	-0.04504416	-0.043078902	0.001737368	
S11000.iliopsoas-pelvis_tilt.KP 	0.01196527	0.011364278	0.010997003	
S11000.iliopsoas-pelvis_tilt.KV 	0.14268169	0.14430019	0.0019997764	
S11000.iliopsoas-hamstrings.KL  	-8.3348296	-8.3165458	0.070992061	
S11000.iliopsoas-hamstrings.L0  	1.1641922	1.1629983	0.0016345098	
S11000.hamstrings.KF            	0.57449994	0.57479665	0.0015515377	
S11000.glut_max.KF              	0.61940935	0.62070665	0.0017663771	
