pelvis_tilt.offset              	0.018143172	0.017223367	0.0010003301	
hip_flexion_r.offset            	0.066509392	0.066316931	0.00093637706	
knee_angle_r.offset             	0.00094454932	0.00038807415	0.0010188741	
ankle_angle_r.offset            	-0.062636678	-0.061772475	0.0013398921	
hip_flexion_l.offset            	-0.0090480224	-0.0078885982	0.0019030622	
knee_angle_l.offset             	0.050006167	0.051826165	0.0014712896	
ankle_angle_l.offset            	0.1850371	0.18424668	0.0014014942	
stance_load_threshold           	0.15508833	0.15385665	0.0015305278	
S00111.tib_ant.KL               	1.3001859	1.2970789	0.025145659	
S00111.tib_ant.L0               	0.74306203	0.74842594	0.0028253103	
S00111.tib_ant.KS               	0.000173	0.00016326096	0.0010460803	
S11000.tib_ant.KL               	1.1593174	1.1653072	0.014486219	
S11000.tib_ant.L0               	0.73546928	0.73778835	0.0021079045	
S11000.tib_ant.KS               	0.034501781	0.034711068	0.0013145188	
S11111.tib_ant-soleus.KF        	-0.10545129	-0.11192042	0.0022779668	
S11000.soleus-tib_ant.KS        	-3.3549417	-3.3464788	0.033871623	
S11000.gastroc-tib_ant.KS       	-1.7164338	-1.6967812	0.028225521	
S00111.tib_ant-gastroc.KS       	-0.00357534	-0.0037306169	0.20699964	
S11000.tib_ant-gastroc.KS       	-0.00366451	-0.0034792567	0.20232183	
S00111.tib_ant-soleus.KS        	-0.00313515	-0.003299893	0.21249582	
S11000.tib_ant-soleus.KS        	-0.00313645	-0.0033039354	0.20346904	
S00111.gastroc.KL               	0.079380812	0.07906072	0.025892533	
S00111.gastroc.L0               	0.8546152	0.85150034	0.011193167	
S00111.gastroc.KF               	1.41036	1.4094737	0.0014158155	
S00111.gastroc.KS               	0.16049832	0.16354903	0.012054898	
S00111.soleus.KL                	4.0517312	4.0469659	0.025064754	
S00111.soleus.L0                	0.97016964	0.9646458	0.0063574608	
S00111.soleus.KF                	0.22582169	0.22916391	0.002077948	
S00111.soleus.KS                	0.14946728	0.15960999	0.017565832	
S11000.gastroc.KL               	0.00925153	0.0087499947	0.020646356	
S11000.gastroc.L0               	0.54324262	0.53367145	0.011684873	
S11000.gastroc.KF               	-1.8340429	-1.8291438	0.027731184	
S11000.gastroc.KS               	0.27344463	0.26268308	0.02464633	
S11000.soleus.KL                	0.76235452	0.79192661	0.047665768	
S11000.soleus.L0                	0.89980495	0.90054809	0.010858671	
S11000.soleus.KF                	-0.89515438	-0.90056764	0.044519758	
S11000.soleus.KS                	0.1022613	0.10860076	0.038361317	
S00011.vasti.KF                 	0.81697812	0.81747888	0.0060624708	
S00011.vasti.C0                 	0.08229737	0.082147996	0.0013528735	
S00011.vasti-knee_angle.pos_max 	-0.30509362	-0.30719	0.0020912189	
S00011.hamstrings-pelvis_tilt.KP	0.74097446	0.71841899	0.02351406	
S00011.hamstrings-pelvis_tilt.KV	0.56222501	0.56513796	0.0012145517	
S00011.hamstrings-pelvis_tilt.C0	0.026633297	0.026326039	0.0025568422	
S00011.glut_max-pelvis_tilt.KP  	1.5327891	1.5208467	0.019794313	
S00011.glut_max-pelvis_tilt.KV  	0.31379168	0.3138875	0.001226314	
S00011.glut_max-pelvis_tilt.C0  	0.15524636	0.1545348	0.0020894653	
S00011.iliopsoas-pelvis_tilt.KP 	-3.4314931	-3.416179	0.033384018	
S00011.iliopsoas-pelvis_tilt.KV 	-0.54656003	-0.5475703	0.0015176843	
S00011.iliopsoas-pelvis_tilt.C0 	0.3235501	0.31800398	0.0032935141	
S00100.iliopsoas.C0             	0.33369623	0.33472542	0.0017821562	
S00100.glut_max.C0              	-0.025386024	-0.02542928	0.0013395997	
S11000.iliopsoas.KL             	0.56256058	0.56197698	0.0015449786	
S11000.iliopsoas.L0             	0.38708323	0.38743087	0.0017167312	
S11000.iliopsoas-pelvis_tilt.P0 	-0.042965686	-0.043993585	0.0013479832	
S11000.iliopsoas-pelvis_tilt.KP 	0.01082572	0.01139158	0.0083124504	
S11000.iliopsoas-pelvis_tilt.KV 	0.14314581	0.14480263	0.0015882409	
S11000.iliopsoas-hamstrings.KL  	-8.2974468	-8.326959	0.055812474	
S11000.iliopsoas-hamstrings.L0  	1.1641089	1.1639487	0.001288433	
S11000.hamstrings.KF            	0.57636569	0.57656738	0.0012257106	
S11000.glut_max.KF              	0.61615895	0.61832209	0.0014071467	
