pelvis_tilt.offset              	0.018644988	0.018466378	0.00043372661	
hip_flexion_r.offset            	0.065756019	0.065520823	0.00041573272	
knee_angle_r.offset             	6.9752625e-05	-0.00059884305	0.00044958503	
ankle_angle_r.offset            	-0.05927104	-0.05974749	0.00058622923	
hip_flexion_l.offset            	-0.0079461474	-0.00840642	0.00083214359	
knee_angle_l.offset             	0.051838917	0.051345406	0.00065368744	
ankle_angle_l.offset            	0.18593857	0.18509926	0.00061345686	
stance_load_threshold           	0.15497226	0.15602692	0.00067722917	
S00111.tib_ant.KL               	1.2977636	1.3018431	0.010784004	
S00111.tib_ant.L0               	0.73741391	0.73861555	0.0013510146	
S00111.tib_ant.KS               	0.000173	0.00016499277	0.0004173215	
S11000.tib_ant.KL               	1.1463901	1.1461981	0.0063862357	
S11000.tib_ant.L0               	0.74150287	0.74160251	0.00093781892	
S11000.tib_ant.KS               	0.035222959	0.035244814	0.00056406996	
S11111.tib_ant-soleus.KF        	-0.11068729	-0.11086462	0.0010031062	
S11000.soleus-tib_ant.KS        	-3.3428398	-3.3383319	0.014964007	
S11000.gastroc-tib_ant.KS       	-1.7068633	-1.7331503	0.012291555	
S00111.tib_ant-gastroc.KS       	-0.00357534	-0.0037717339	0.082578496	
S11000.tib_ant-gastroc.KS       	-0.00331551	-0.0034473247	0.080712376	
S00111.tib_ant-soleus.KS        	-0.00346517	-0.0032942277	0.084771088	
S11000.tib_ant-soleus.KS        	-0.0034666	-0.0032904398	0.081170029	
S00111.gastroc.KL               	0.08315732	0.080329922	0.010397575	
S00111.gastroc.L0               	0.86259572	0.8663242	0.0048802086	
S00111.gastroc.KF               	1.4134438	1.4131032	0.00063347112	
S00111.gastroc.KS               	0.16298196	0.16503854	0.0049532473	
S00111.soleus.KL                	4.0113391	4.0235886	0.011177305	
S00111.soleus.L0                	0.97996465	0.9774621	0.002786407	
S00111.soleus.KF                	0.22843	0.22869267	0.00091353499	
S00111.soleus.KS                	0.16108482	0.15857009	0.0072534246	
S11000.gastroc.KL               	0.00925153	0.008867138	0.0082376867	
S11000.gastroc.L0               	0.54933627	0.54580402	0.0050559187	
S11000.gastroc.KF               	-1.8000723	-1.8102937	0.012316826	
S11000.gastroc.KS               	0.27256828	0.26795166	0.010215089	
S11000.soleus.KL                	0.81477684	0.80328701	0.020198335	
S11000.soleus.L0                	0.91697593	0.90719545	0.0047215393	
S11000.soleus.KF                	-0.92734241	-0.90855654	0.019160497	
S11000.soleus.KS                	0.11302564	0.10856722	0.015381934	
S00011.vasti.KF                 	0.81493403	0.81980718	0.0026316542	
S00011.vasti.C0                 	0.082644176	0.082278872	0.00058258364	
S00011.vasti-knee_angle.pos_max 	-0.30888299	-0.30855857	0.00091360932	
S00011.hamstrings-pelvis_tilt.KP	0.73917772	0.7294264	0.010154476	
S00011.hamstrings-pelvis_tilt.KV	0.56155527	0.56232763	0.00054184523	
S00011.hamstrings-pelvis_tilt.C0	0.026200281	0.026752885	0.0010621514	
S00011.glut_max-pelvis_tilt.KP  	1.5504076	1.5542094	0.0087255634	
S00011.glut_max-pelvis_tilt.KV  	0.31438679	0.31402435	0.00053785111	
S00011.glut_max-pelvis_tilt.C0  	0.15357513	0.15345822	0.00090686494	
S00011.iliopsoas-pelvis_tilt.KP 	-3.4539166	-3.4585793	0.014752927	
S00011.iliopsoas-pelvis_tilt.KV 	-0.54620422	-0.54664142	0.00066606903	
S00011.iliopsoas-pelvis_tilt.C0 	0.32290634	0.32262149	0.0014499749	
S00100.iliopsoas.C0             	0.3346665	0.33403338	0.00077980224	
S00100.glut_max.C0              	-0.02588599	-0.025284211	0.00057140224	
S11000.iliopsoas.KL             	0.56433273	0.5649422	0.00068314222	
S11000.iliopsoas.L0             	0.38865127	0.38834194	0.00076639877	
S11000.iliopsoas-pelvis_tilt.P0 	-0.044048848	-0.043138213	0.00057939507	
S11000.iliopsoas-pelvis_tilt.KP 	0.01196527	0.011787731	0.0033205733	
S11000.iliopsoas-pelvis_tilt.KV 	0.14552935	0.145865	0.00069664397	
S11000.iliopsoas-hamstrings.KL  	-8.1984849	-8.2002167	0.024532926	
S11000.iliopsoas-hamstrings.L0  	1.1613275	1.1609591	0.00057182816	
S11000.hamstrings.KF            	0.57304324	0.57315319	0.00054087355	
S11000.glut_max.KF              	0.61785465	0.61827613	0.00061904711	
