pelvis_tilt.offset              	0.018122855	0.018352464	0.000366001	
hip_flexion_r.offset            	0.064729565	0.065087575	0.00035163488	
knee_angle_r.offset             	-0.00087724551	-0.000933055	0.00038076983	
ankle_angle_r.offset            	-0.060192378	-0.059766958	0.00049590033	
hip_flexion_l.offset            	-0.0073242002	-0.0077304569	0.00069854608	
knee_angle_l.offset             	0.051492797	0.051464753	0.00054969517	
ankle_angle_l.offset            	0.18399919	0.1840845	0.00051622236	
stance_load_threshold           	0.15512446	0.15539277	0.00057000434	
S00111.tib_ant.KL               	1.3047531	1.3010013	0.00904278	
S00111.tib_ant.L0               	0.73863861	0.73729538	0.0011443158	
S00111.tib_ant.KS               	0.000173	0.00016745947	0.00034359101	
S11000.tib_ant.KL               	1.140405	1.1470155	0.0053472306	
S11000.tib_ant.L0               	0.73903443	0.74005792	0.00079234911	
S11000.tib_ant.KS               	0.035411791	0.03615414	0.00047615274	
S11111.tib_ant-soleus.KF        	-0.1101519	-0.11052954	0.00084236572	
S11000.soleus-tib_ant.KS        	-3.3281983	-3.3243963	0.012637178	
S11000.gastroc-tib_ant.KS       	-1.7466388	-1.7393953	0.010344164	
S00111.tib_ant-gastroc.KS       	-0.00357534	-0.0037388494	0.067988195	
S11000.tib_ant-gastroc.KS       	-0.00331551	-0.0034201901	0.06645179	
S00111.tib_ant-soleus.KS        	-0.00313515	-0.0032068324	0.069793389	
S11000.tib_ant-soleus.KS        	-0.00313645	-0.0032949878	0.066828581	
S00111.gastroc.KL               	0.07523758	0.078374558	0.0085883005	
S00111.gastroc.L0               	0.87019531	0.86814128	0.0041154344	
S00111.gastroc.KF               	1.4132491	1.4131989	0.00053646056	
S00111.gastroc.KS               	0.16049832	0.16161551	0.0041108372	
S00111.soleus.KL                	4.0234012	4.0172656	0.009377012	
S00111.soleus.L0                	0.9782725	0.9787215	0.0023601072	
S00111.soleus.KF                	0.22967884	0.22975978	0.00077647295	
S00111.soleus.KS                	0.14946728	0.1541838	0.0060408627	
S11000.gastroc.KL               	0.00925153	0.008830331	0.0067826926	
S11000.gastroc.L0               	0.53802169	0.54196856	0.0042287712	
S11000.gastroc.KF               	-1.8348093	-1.8198886	0.010357267	
S11000.gastroc.KS               	0.27316708	0.26449177	0.0085378693	
S11000.soleus.KL                	0.80029262	0.8113982	0.017008457	
S11000.soleus.L0                	0.90514092	0.90805895	0.0039684643	
S11000.soleus.KF                	-0.87377608	-0.90169536	0.016117455	
S11000.soleus.KS                	0.1022613	0.10766734	0.012703764	
S00011.vasti.KF                 	0.81826458	0.81885601	0.0022145944	
S00011.vasti.C0                 	0.081692207	0.081832421	0.00048591152	
S00011.vasti-knee_angle.pos_max 	-0.30981601	-0.30899057	0.00076568595	
S00011.hamstrings-pelvis_tilt.KP	0.71133966	0.72234515	0.0085036992	
S00011.hamstrings-pelvis_tilt.KV	0.562749	0.56208681	0.00045916057	
S00011.hamstrings-pelvis_tilt.C0	0.02618167	0.026455787	0.00088731676	
S00011.glut_max-pelvis_tilt.KP  	1.5622175	1.5551792	0.0073581908	
S00011.glut_max-pelvis_tilt.KV  	0.31419913	0.31458722	0.00045149551	
S00011.glut_max-pelvis_tilt.C0  	0.15324645	0.15301903	0.00075998091	
S00011.iliopsoas-pelvis_tilt.KP 	-3.4407048	-3.4429035	0.012378103	
S00011.iliopsoas-pelvis_tilt.KV 	-0.54538255	-0.54664623	0.00056343857	
S00011.iliopsoas-pelvis_tilt.C0 	0.32142233	0.31985057	0.0012175706	
S00100.iliopsoas.C0             	0.33319869	0.33343226	0.000656137	
S00100.glut_max.C0              	-0.024437975	-0.024737029	0.00047852111	
S11000.iliopsoas.KL             	0.56414507	0.5641491	0.0005741338	
S11000.iliopsoas.L0             	0.38999552	0.38896563	0.0006464703	
S11000.iliopsoas-pelvis_tilt.P0 	-0.043128281	-0.043209127	0.00048780137	
S11000.iliopsoas-pelvis_tilt.KP 	0.01196527	0.011134121	0.0027357313	
S11000.iliopsoas-pelvis_tilt.KV 	0.14566281	0.14579998	0.00058447174	
S11000.iliopsoas-hamstrings.KL  	-8.1734998	-8.1862701	0.020713751	
S11000.iliopsoas-hamstrings.L0  	1.1607562	1.1604091	0.00048764307	
S11000.hamstrings.KF            	0.57313717	0.57278472	0.00046022359	
S11000.glut_max.KF              	0.61782218	0.61876117	0.00052410496	
