pelvis_tilt.offset              	0.018656812	0.018004773	0.00031561467	
hip_flexion_r.offset            	0.0658134	0.065474959	0.00030240597	
knee_angle_r.offset             	-0.00082415211	-0.001181183	0.00032853664	
ankle_angle_r.offset            	-0.060191836	-0.060067994	0.00042510851	
hip_flexion_l.offset            	-0.0079574656	-0.0078389468	0.00060126747	
knee_angle_l.offset             	0.051653064	0.05158408	0.00047110007	
ankle_angle_l.offset            	0.18385822	0.18425546	0.00044223533	
stance_load_threshold           	0.1553312	0.1554885	0.00048695946	
S00111.tib_ant.KL               	1.3070599	1.3015357	0.0077356936	
S00111.tib_ant.L0               	0.73724263	0.73715104	0.00098739478	
S00111.tib_ant.KS               	0.000173	0.00016441485	0.00028966998	
S11000.tib_ant.KL               	1.1471183	1.1470816	0.0045761432	
S11000.tib_ant.L0               	0.74020569	0.73973104	0.0006830263	
S11000.tib_ant.KS               	0.035797952	0.035726347	0.00040795055	
S11111.tib_ant-soleus.KF        	-0.11072012	-0.11034822	0.00072228986	
S11000.soleus-tib_ant.KS        	-3.3271155	-3.3210185	0.010878132	
S11000.gastroc-tib_ant.KS       	-1.7252558	-1.7398558	0.0088662544	
S00111.tib_ant-gastroc.KS       	-0.00395169	-0.0037004685	0.057317694	
S11000.tib_ant-gastroc.KS       	-0.00366451	-0.0035721723	0.056022421	
S00111.tib_ant-soleus.KS        	-0.00313515	-0.0031988946	0.058839565	
S11000.tib_ant-soleus.KS        	-0.0034666	-0.0032709309	0.056340075	
S00111.gastroc.KL               	0.079185191	0.079347148	0.0072629499	
S00111.gastroc.L0               	0.86156886	0.86542612	0.0035206989	
S00111.gastroc.KF               	1.4140712	1.4137094	0.00046236992	
S00111.gastroc.KS               	0.16212221	0.1615551	0.0034856581	
S00111.soleus.KL                	3.9942049	4.0081634	0.0080451849	
S00111.soleus.L0                	0.98109059	0.97895182	0.0020195335	
S00111.soleus.KF                	0.22867375	0.2294337	0.00066433317	
S00111.soleus.KS                	0.15083394	0.15196686	0.0051342461	
S11000.gastroc.KL               	0.00925153	0.0087100195	0.0057186542	
S11000.gastroc.L0               	0.54463228	0.54198	0.0036223672	
S11000.gastroc.KF               	-1.8213673	-1.8272586	0.0088894737	
S11000.gastroc.KS               	0.25882101	0.25940056	0.0073073137	
S11000.soleus.KL                	0.82327329	0.83493534	0.014564316	
S11000.soleus.L0                	0.91289378	0.90745869	0.0033976683	
S11000.soleus.KF                	-0.91857025	-0.91160127	0.013827828	
S11000.soleus.KS                	0.10443377	0.10888956	0.010739632	
S00011.vasti.KF                 	0.81524061	0.81753661	0.0018997582	
S00011.vasti.C0                 	0.083104153	0.082640479	0.0004175362	
S00011.vasti-knee_angle.pos_max 	-0.30885239	-0.3087382	0.00065603707	
S00011.hamstrings-pelvis_tilt.KP	0.70852294	0.72265159	0.0072869646	
S00011.hamstrings-pelvis_tilt.KV	0.56276461	0.56235873	0.00039467549	
S00011.hamstrings-pelvis_tilt.C0	0.027252874	0.026355543	0.00075824554	
S00011.glut_max-pelvis_tilt.KP  	1.5603569	1.5579505	0.0063074342	
S00011.glut_max-pelvis_tilt.KV  	0.31415133	0.31436992	0.00038637251	
S00011.glut_max-pelvis_tilt.C0  	0.15308592	0.15302123	0.00065046172	
S00011.iliopsoas-pelvis_tilt.KP 	-3.4413413	-3.4370901	0.010611989	
S00011.iliopsoas-pelvis_tilt.KV 	-0.54673544	-0.54616042	0.00048158565	
S00011.iliopsoas-pelvis_tilt.C0 	0.31914284	0.31908058	0.0010486946	
S00100.iliopsoas.C0             	0.33366003	0.33286229	0.00056284774	
S00100.glut_max.C0              	-0.025206767	-0.025251298	0.00040945625	
S11000.iliopsoas.KL             	0.5646127	0.56360604	0.00049456728	
S11000.iliopsoas.L0             	0.39016646	0.38975287	0.00055803968	
S11000.iliopsoas-pelvis_tilt.P0 	-0.043685884	-0.043389037	0.00041750623	
S11000.iliopsoas-pelvis_tilt.KP 	0.011511132	0.011504039	0.0023083593	
S11000.iliopsoas-pelvis_tilt.KV 	0.14593422	0.145911	0.00050001599	
S11000.iliopsoas-hamstrings.KL  	-8.1842995	-8.1994639	0.017729499	
S11000.iliopsoas-hamstrings.L0  	1.1600722	1.1597177	0.00042559978	
S11000.hamstrings.KF            	0.57321677	0.57297087	0.00039502252	
S11000.glut_max.KF              	0.61789157	0.61828456	0.00045111386	
