pelvis_tilt.offset              	0.018653031	0.018410145	0.000177236	
hip_flexion_r.offset            	0.066060705	0.065877102	0.00016764696	
knee_angle_r.offset             	-0.00087133887	-0.0010197555	0.0001836376	
ankle_angle_r.offset            	-0.060422909	-0.060115974	0.00023458602	
hip_flexion_l.offset            	-0.0081678326	-0.008060734	0.00033830206	
knee_angle_l.offset             	0.052097155	0.051805616	0.00026907663	
ankle_angle_l.offset            	0.18481855	0.18459391	0.00024590771	
stance_load_threshold           	0.15540356	0.15523002	0.00027280859	
S00111.tib_ant.KL               	1.2983525	1.2948122	0.0042317235	
S00111.tib_ant.L0               	0.73826376	0.73865441	0.00055046847	
S00111.tib_ant.KS               	0.000173	0.00016429201	0.00014456574	
S11000.tib_ant.KL               	1.1451014	1.143148	0.0025348592	
S11000.tib_ant.L0               	0.74115358	0.74125939	0.00038287922	
S11000.tib_ant.KS               	0.035274799	0.03512831	0.00022869682	
S11111.tib_ant-soleus.KF        	-0.10902142	-0.10896958	0.00040380276	
S11000.soleus-tib_ant.KS        	-3.3521201	-3.3468238	0.0060983854	
S11000.gastroc-tib_ant.KS       	-1.723426	-1.7289063	0.0049046862	
S00111.tib_ant-gastroc.KS       	-0.00395169	-0.0037381728	0.028600304	
S11000.tib_ant-gastroc.KS       	-0.00331551	-0.0034914101	0.027953982	
S00111.tib_ant-soleus.KS        	-0.00313515	-0.0032534522	0.029359663	
S11000.tib_ant-soleus.KS        	-0.0034666	-0.003302178	0.028112478	
S00111.gastroc.KL               	0.078113239	0.07953022	0.0037551219	
S00111.gastroc.L0               	0.87141899	0.87350194	0.0020034055	
S00111.gastroc.KF               	1.4146028	1.4142225	0.00025875624	
S00111.gastroc.KS               	0.16272194	0.16152845	0.0018135157	
S00111.soleus.KL                	4.0014507	4.0016083	0.004555515	
S00111.soleus.L0                	0.9777618	0.97855355	0.0011304657	
S00111.soleus.KF                	0.22862094	0.22867393	0.0003701861	
S00111.soleus.KS                	0.15073341	0.15131153	0.0026927289	
S11000.gastroc.KL               	0.00837043	0.0088659248	0.0028574197	
S11000.gastroc.L0               	0.54353521	0.54469945	0.0020064058	
S11000.gastroc.KF               	-1.7927534	-1.7853097	0.005203068	
S11000.gastroc.KS               	0.25723418	0.26440492	0.0040318592	
S11000.soleus.KL                	0.81187545	0.81837079	0.008080745	
S11000.soleus.L0                	0.91448138	0.91226846	0.0018889095	
S11000.soleus.KF                	-0.91511003	-0.91432561	0.0077162308	
S11000.soleus.KS                	0.1052438	0.10689001	0.0055579508	
S00011.vasti.KF                 	0.82250597	0.82068264	0.001067551	
S00011.vasti.C0                 	0.080923214	0.081278322	0.00023220282	
S00011.vasti-knee_angle.pos_max 	-0.30880744	-0.30823203	0.00036487557	
S00011.hamstrings-pelvis_tilt.KP	0.73223439	0.73378045	0.004086786	
S00011.hamstrings-pelvis_tilt.KV	0.56280623	0.56244497	0.00022005558	
S00011.hamstrings-pelvis_tilt.C0	0.026173077	0.026165152	0.00041832325	
S00011.glut_max-pelvis_tilt.KP  	1.5489879	1.5532153	0.0035831695	
S00011.glut_max-pelvis_tilt.KV  	0.31425898	0.31442812	0.00021696716	
S00011.glut_max-pelvis_tilt.C0  	0.1539093	0.15385741	0.0003601618	
S00011.iliopsoas-pelvis_tilt.KP 	-3.4160018	-3.4151155	0.0060454827	
S00011.iliopsoas-pelvis_tilt.KV 	-0.54572201	-0.54574737	0.00026937577	
S00011.iliopsoas-pelvis_tilt.C0 	0.31928441	0.31919725	0.00058938121	
S00100.iliopsoas.C0             	0.33185799	0.3320102	0.00031609638	
S00100.glut_max.C0              	-0.0255458	-0.025532123	0.00022834647	
S11000.iliopsoas.KL             	0.56415166	0.56430283	0.00027564364	
S11000.iliopsoas.L0             	0.39086147	0.39077118	0.00031621189	
S11000.iliopsoas-pelvis_tilt.P0 	-0.042478815	-0.042834155	0.00023445221	
S11000.iliopsoas-pelvis_tilt.KP 	0.01196527	0.01143033	0.0011657	
S11000.iliopsoas-pelvis_tilt.KV 	0.14578381	0.14577741	0.00028279624	
S11000.iliopsoas-hamstrings.KL  	-8.1907782	-8.1831058	0.0099258124	
S11000.iliopsoas-hamstrings.L0  	1.1590349	1.1592213	0.00024167994	
S11000.hamstrings.KF            	0.57350205	0.5733401	0.00022026916	
S11000.glut_max.KF              	0.61964066	0.61941249	0.00025360902	
