pelvis_tilt.offset              	0.018420462	0.018408275	9.5500493e-05	
hip_flexion_r.offset            	0.066175849	0.066147738	9.0192012e-05	
knee_angle_r.offset             	-0.0010087175	-0.0010099399	9.8669132e-05	
ankle_angle_r.offset            	-0.060706448	-0.060497197	0.0001259933	
hip_flexion_l.offset            	-0.0082974172	-0.0081736053	0.00018298758	
knee_angle_l.offset             	0.051723673	0.051952942	0.00014499136	
ankle_angle_l.offset            	0.1838498	0.18416529	0.00013080679	
stance_load_threshold           	0.15514777	0.15520608	0.0001435102	
S00111.tib_ant.KL               	1.2979206	1.2969537	0.0022329115	
S00111.tib_ant.L0               	0.73671061	0.73750677	0.0002949956	
S00111.tib_ant.KS               	0.00015652	0.00016762482	6.7407998e-05	
S11000.tib_ant.KL               	1.1442489	1.1445207	0.0013426376	
S11000.tib_ant.L0               	0.74243859	0.74219296	0.00020596244	
S11000.tib_ant.KS               	0.034860553	0.03499324	0.00012109791	
S11111.tib_ant-soleus.KF        	-0.10824499	-0.108499	0.0002137436	
S11000.soleus-tib_ant.KS        	-3.3649382	-3.3621115	0.0033395878	
S11000.gastroc-tib_ant.KS       	-1.7344972	-1.7328642	0.0026507483	
S00111.tib_ant-gastroc.KS       	-0.00395169	-0.0037997095	0.01332299	
S11000.tib_ant-gastroc.KS       	-0.00366451	-0.0033513018	0.01302189	
S00111.tib_ant-soleus.KS        	-0.00313515	-0.0033431094	0.01367667	
S11000.tib_ant-soleus.KS        	-0.0034666	-0.0032789343	0.013095707	
S00111.gastroc.KL               	0.077917139	0.076590956	0.0019164571	
S00111.gastroc.L0               	0.86979985	0.8715013	0.0010727552	
S00111.gastroc.KF               	1.4140705	1.4142584	0.000141285	
S00111.gastroc.KS               	0.16209484	0.16153113	0.00091176824	
S00111.soleus.KL                	4.0103929	4.0059672	0.0024518397	
S00111.soleus.L0                	0.97994494	0.97868303	0.00059401078	
S00111.soleus.KF                	0.22718696	0.2273478	0.00020484523	
S00111.soleus.KS                	0.15209239	0.15138611	0.0013816434	
S11000.gastroc.KL               	0.0084123475	0.0086044378	0.001339405	
S11000.gastroc.L0               	0.54551701	0.5450862	0.0010607311	
S11000.gastroc.KF               	-1.7729506	-1.7748525	0.0028301742	
S11000.gastroc.KS               	0.2647172	0.26231746	0.0021258762	
S11000.soleus.KL                	0.80110437	0.79849533	0.0043667258	
S11000.soleus.L0                	0.91567004	0.91541182	0.0010031805	
S11000.soleus.KF                	-0.90845052	-0.9134754	0.0040725061	
S11000.soleus.KS                	0.1098989	0.10816002	0.0028462102	
S00011.vasti.KF                 	0.81827408	0.81875455	0.0005731555	
S00011.vasti.C0                 	0.08176415	0.081522062	0.00012248778	
S00011.vasti-knee_angle.pos_max 	-0.30950643	-0.30922582	0.00019527823	
S00011.hamstrings-pelvis_tilt.KP	0.73404575	0.73259324	0.0022050686	
S00011.hamstrings-pelvis_tilt.KV	0.56291879	0.56299949	0.00011829673	
S00011.hamstrings-pelvis_tilt.C0	0.025806971	0.025877157	0.0002213797	
S00011.glut_max-pelvis_tilt.KP  	1.5521935	1.5520407	0.0019219016	
S00011.glut_max-pelvis_tilt.KV  	0.31376292	0.31374819	0.00011734047	
S00011.glut_max-pelvis_tilt.C0  	0.15284365	0.15289737	0.00019400618	
S00011.iliopsoas-pelvis_tilt.KP 	-3.4005595	-3.40193	0.0032350283	
S00011.iliopsoas-pelvis_tilt.KV 	-0.54577651	-0.54573038	0.00014498246	
S00011.iliopsoas-pelvis_tilt.C0 	0.32010724	0.32021438	0.00031217798	
S00100.iliopsoas.C0             	0.33241792	0.33236432	0.00017045002	
S00100.glut_max.C0              	-0.025375203	-0.025385904	0.00012014789	
S11000.iliopsoas.KL             	0.56309212	0.56324976	0.00015026859	
S11000.iliopsoas.L0             	0.39052079	0.39065085	0.00016850659	
S11000.iliopsoas-pelvis_tilt.P0 	-0.043091556	-0.043013635	0.00012525782	
S11000.iliopsoas-pelvis_tilt.KP 	0.01082572	0.011511118	0.00056636627	
S11000.iliopsoas-pelvis_tilt.KV 	0.14472403	0.14504397	0.00015248841	
S11000.iliopsoas-hamstrings.KL  	-8.1933498	-8.1904111	0.0052471538	
S11000.iliopsoas-hamstrings.L0  	1.1589975	1.1590028	0.00013122816	
S11000.hamstrings.KF            	0.57303538	0.57294698	0.00011898399	
S11000.glut_max.KF              	0.62061144	0.62057583	0.00014057502	
