pelvis_tilt.offset              	0.022280867	0.022298628	1.841684e-05	
hip_flexion_r.offset            	0.072287266	0.072313585	1.7678639e-05	
knee_angle_r.offset             	-0.0017686419	-0.0017885164	1.9223202e-05	
ankle_angle_r.offset            	-0.057198212	-0.057211837	2.4892602e-05	
hip_flexion_l.offset            	-0.010974911	-0.01106916	3.4195206e-05	
knee_angle_l.offset             	0.055132479	0.055144972	2.7915914e-05	
ankle_angle_l.offset            	0.18722063	0.1872476	2.519222e-05	
stance_load_threshold           	0.15375239	0.15378444	2.7487267e-05	
S00111.tib_ant.KL               	1.2893171	1.289708	0.00047123479	
S00111.tib_ant.L0               	0.77146418	0.77144439	5.2235535e-05	
S00111.tib_ant.KS               	0.00015652	0.00016664145	1.00743e-05	
S11000.tib_ant.KL               	1.2106723	1.2106218	0.00026980886	
S11000.tib_ant.L0               	0.73406512	0.7340567	3.9411915e-05	
S11000.tib_ant.KS               	0.034671918	0.034667464	2.4855209e-05	
S11111.tib_ant-soleus.KF        	-0.11341595	-0.11342225	4.4837697e-05	
S00111.soleus-tib_ant.KS        	-0.86221452	-0.86140001	0.00052550654	
S11000.soleus-tib_ant.KS        	-3.2189134	-3.2201106	0.00062629752	
S00111.gastroc-tib_ant.KS       	-0.34228692	-0.34258762	0.00040247008	
S11000.gastroc-tib_ant.KS       	-1.6243553	-1.6244603	0.00051759291	
S00111.tib_ant-gastroc.KS       	-0.00357534	-0.0036672832	0.0018939361	
S11000.tib_ant-gastroc.KS       	-0.00331551	-0.0034202276	0.0018508586	
S00111.tib_ant-soleus.KS        	-0.00313515	-0.003268009	0.0019437096	
S11000.tib_ant-soleus.KS        	-0.0034666	-0.0033088102	0.0018611882	
S00111.gastroc.KL               	0.077398963	0.077641984	0.00038829967	
S00111.gastroc.L0               	0.82074152	0.82080823	0.00020127788	
S00111.gastroc.KS               	0.17329811	0.17340672	0.00020780298	
S00111.soleus.KL                	3.9815564	3.9811373	0.00045965353	
S00111.soleus.L0                	0.98765203	0.98764351	0.00012225483	
S00111.soleus.KS                	0.15838257	0.15819498	0.00030160786	
S11000.gastroc.KL               	0.0089119892	0.0089148341	0.00022594684	
S11000.gastroc.L0               	0.52621764	0.52570409	0.00020954137	
S11000.gastroc.KF               	-1.8299993	-1.8303122	0.00051159333	
S11000.gastroc.KS               	0.2553993	0.25584268	0.00042882612	
S11000.soleus.KL                	0.80854462	0.80911939	0.00087073975	
S11000.soleus.L0                	0.89771656	0.89779374	0.00019562093	
S11000.soleus.KF                	-0.88319966	-0.88338459	0.0007971965	
S11000.soleus.KS                	0.11181293	0.11166091	0.0005546945	
S00011.vasti.KF                 	0.81351965	0.81339372	0.0001040595	
S00011.vasti.C0                 	0.082571867	0.082597791	2.2458047e-05	
S00011.vasti-knee_angle.pos_max 	-0.30855937	-0.30855133	4.0338546e-05	
S00011.hamstrings-pelvis_tilt.KP	0.71484997	0.71430077	0.00043633682	
S00011.hamstrings-pelvis_tilt.KV	0.56529864	0.56527394	2.3224044e-05	
S00011.hamstrings-pelvis_tilt.C0	0.025379775	0.025269626	4.3301766e-05	
S00011.glut_max-pelvis_tilt.KP  	1.5028579	1.5024133	0.00036269246	
S00011.glut_max-pelvis_tilt.KV  	0.30718123	0.30716808	2.3126002e-05	
S00011.glut_max-pelvis_tilt.C0  	0.15198344	0.15196303	3.7029266e-05	
S00011.iliopsoas-pelvis_tilt.KP 	-3.5237819	-3.5232568	0.00067138945	
S00011.iliopsoas-pelvis_tilt.KV 	-0.54214525	-0.54215897	2.7859927e-05	
S00011.iliopsoas-pelvis_tilt.C0 	0.3303716	0.33031981	6.0043822e-05	
S00100.iliopsoas.C0             	0.33157483	0.33154839	3.4664964e-05	
S00100.glut_max.C0              	-0.0238022	-0.023825821	2.4126052e-05	
S11000.iliopsoas.KL             	0.56410755	0.56412203	2.8730281e-05	
S11000.iliopsoas.L0             	0.39458062	0.39454658	3.2583173e-05	
S11000.iliopsoas-pelvis_tilt.P0 	-0.04615341	-0.046160945	2.566914e-05	
S11000.iliopsoas-pelvis_tilt.KP 	0.011749304	0.011747675	0.00011018043	
S11000.iliopsoas-pelvis_tilt.KV 	0.13831999	0.1383012	2.8425367e-05	
S11000.iliopsoas-hamstrings.KL  	-8.4721011	-8.4702727	0.0010701621	
S11000.iliopsoas-hamstrings.L0  	1.164539	1.1645559	2.2839562e-05	
S11000.hamstrings.KF            	0.57771948	0.57772185	2.2680476e-05	
S11000.glut_max.KF              	0.62283181	0.62284191	2.6172145e-05	
