pelvis_tilt.offset              	0.021098384	0.021084283	1.527321e-05	
hip_flexion_r.offset            	0.069106486	0.069099297	1.4410427e-05	
knee_angle_r.offset             	0.00063688281	0.00065531005	1.5770817e-05	
ankle_angle_r.offset            	-0.0570976	-0.057100583	2.062249e-05	
hip_flexion_l.offset            	-0.0060691961	-0.0060856785	2.9220769e-05	
knee_angle_l.offset             	0.057111066	0.057102479	2.2513077e-05	
ankle_angle_l.offset            	0.18785748	0.18787425	2.1562998e-05	
stance_load_threshold           	0.15221877	0.15226376	2.3692114e-05	
S00111.tib_ant.KL               	1.2498988	1.2494767	0.00039346151	
S00111.tib_ant.L0               	0.76395414	0.76402355	4.2195746e-05	
S00111.tib_ant.KS               	0.00018036644	0.00016476071	1.7141138e-05	
S11000.tib_ant.KL               	1.1984975	1.1983649	0.00022367107	
S11000.tib_ant.L0               	0.73848421	0.73850055	3.2603111e-05	
S11000.tib_ant.KS               	0.035466352	0.035488918	2.09065e-05	
S11111.tib_ant-soleus.KF        	-0.11090902	-0.11087729	3.550756e-05	
S00111.soleus-tib_ant.KS        	-0.85144491	-0.8514562	0.00045378514	
S11000.soleus-tib_ant.KS        	-3.2734215	-3.2734366	0.00052100029	
S00111.tib_ant-soleus.KS        	-0.0012977627	-0.0033001616	0.0034819783	
S11000.tib_ant-soleus.KS        	-0.0057900857	-0.0033015246	0.0033340645	
S00111.tib_ant-gastroc.KS       	-0.00035334297	-0.0037635176	0.0033919172	
S11000.tib_ant-gastroc.KS       	-0.0029080606	-0.0034900056	0.0033152662	
S00111.gastroc-tib_ant.KS       	-0.33847284	-0.3386473	0.00039621545	
S11000.gastroc-tib_ant.KS       	-1.684954	-1.6848188	0.0004355431	
S00111.soleus.KL                	4.0337108	4.0343168	0.00038493965	
S00111.soleus.L0                	0.96777556	0.96778415	9.8995521e-05	
S00111.soleus.KF                	0.22837583	0.22835326	3.1867622e-05	
S00111.soleus.KS                	0.15718888	0.15733398	0.00028616807	
S00111.gastroc.KL               	0.079206342	0.079197451	0.00042393021	
S00111.gastroc.L0               	0.8390917	0.83881242	0.00017260095	
S00111.gastroc.KF               	1.4108941	1.4109021	2.1984939e-05	
S00111.gastroc.KS               	0.16903694	0.1689456	0.00019577859	
S11000.soleus.KL                	0.80241092	0.80247844	0.00076726913	
S11000.soleus.L0                	0.89855058	0.89856048	0.00016712757	
S11000.soleus.KF                	-0.91321894	-0.91319461	0.00071250876	
S11000.soleus.KS                	0.10715053	0.10764347	0.00062813787	
S11000.gastroc.KL               	0.0087077955	0.0088109813	0.00033830741	
S11000.gastroc.L0               	0.52387239	0.52370651	0.00018200852	
S11000.gastroc.KF               	-1.8160345	-1.8163202	0.00042789853	
S11000.gastroc.KS               	0.26560849	0.2655988	0.00040031543	
S00011.vasti.KF                 	0.82012865	0.8199773	9.3468068e-05	
S00011.vasti.C0                 	0.084112828	0.084129782	2.1171556e-05	
S00011.vasti-knee_angle.pos_max 	-0.30536533	-0.30540968	3.2295921e-05	
S00011.hamstrings-pelvis_tilt.KP	0.70685224	0.70631301	0.0003734017	
S00011.hamstrings-pelvis_tilt.KV	0.56679117	0.5667698	1.8830359e-05	
S00011.hamstrings-pelvis_tilt.C0	0.02642531	0.02646483	4.1567953e-05	
S00011.glut_max-pelvis_tilt.KP  	1.4936902	1.4940513	0.00030549599	
S00011.glut_max-pelvis_tilt.KV  	0.31400377	0.31400002	1.909932e-05	
S00011.glut_max-pelvis_tilt.C0  	0.15956135	0.15962183	3.2183616e-05	
S00011.iliopsoas-pelvis_tilt.KP 	-3.4928698	-3.4930323	0.00051472472	
S00011.iliopsoas-pelvis_tilt.KV 	-0.54350994	-0.5435024	2.3456263e-05	
S00011.iliopsoas-pelvis_tilt.C0 	0.33179458	0.33180903	5.0553976e-05	
S00100.iliopsoas.C0             	0.33782	0.33785909	2.772448e-05	
S00100.glut_max.C0              	-0.024666095	-0.02465332	2.1516828e-05	
S11000.iliopsoas.KL             	0.56096142	0.56097945	2.3702562e-05	
S11000.iliopsoas.L0             	0.39094769	0.3909029	2.6351428e-05	
S11000.iliopsoas-pelvis_tilt.P0 	-0.044214665	-0.044207911	2.1281677e-05	
S11000.iliopsoas-pelvis_tilt.KP 	0.011377871	0.0113955	0.00013618409	
S11000.iliopsoas-pelvis_tilt.KV 	0.14507997	0.14503447	2.4410051e-05	
S11000.iliopsoas-hamstrings.KL  	-8.2546303	-8.2549252	0.0008638148	
S11000.iliopsoas-hamstrings.L0  	1.1659038	1.1659051	1.9749648e-05	
S11000.hamstrings.KF            	0.57513938	0.57509984	1.8961592e-05	
S11000.glut_max.KF              	0.62126971	0.62126484	2.1540614e-05	
