pelvis_tilt.offset              	0.023275347	0.022924766	0.0011912654	
hip_flexion_r.offset            	0.072213269	0.074043679	0.0011448552	
knee_angle_r.offset             	0.0039394486	0.0013125399	0.0012275525	
ankle_angle_r.offset            	-0.05919179	-0.05776556	0.0015933068	
hip_flexion_l.offset            	0.0027024416	0.0010075186	0.0023056629	
knee_angle_l.offset             	0.05931133	0.05850182	0.0017515185	
ankle_angle_l.offset            	0.18388859	0.1853575	0.0016767204	
stance_load_threshold           	0.14976799	0.15084365	0.0018479812	
S00111.tib_ant.KL               	1.2598322	1.256342	0.030459447	
S00111.tib_ant.L0               	0.76911967	0.76643228	0.0032671214	
S00111.tib_ant.KS               	0.00015652	0.00016889579	0.0012811484	
S11000.tib_ant.KL               	1.197956	1.2180011	0.017379857	
S11000.tib_ant.L0               	0.73083598	0.72838798	0.0025695006	
S11000.tib_ant.KS               	0.034686789	0.035790838	0.0015946093	
S11111.tib_ant-soleus.KF        	-0.10894646	-0.11170172	0.002748036	
S00111.soleus-tib_ant.KS        	-0.81545024	-0.8280062	0.034593904	
S11000.soleus-tib_ant.KS        	-3.1992448	-3.2434667	0.040528978	
S00111.gastroc-tib_ant.KS       	-0.34302732	-0.34181841	0.029865727	
S11000.gastroc-tib_ant.KS       	-1.6960427	-1.6708418	0.033742213	
S00111.tib_ant-gastroc.KS       	-0.00395169	-0.0037433163	0.25351541	
S11000.tib_ant-gastroc.KS       	-0.00331551	-0.0034897766	0.24778644	
S00111.tib_ant-soleus.KS        	-0.00346517	-0.0032712482	0.26024667	
S11000.tib_ant-soleus.KS        	-0.0034666	-0.0033347306	0.24919144	
S00111.gastroc.L0               	0.85754314	0.83481959	0.013415877	
S00111.gastroc.KS               	0.17739288	0.17260261	0.014743706	
S00111.soleus.L0                	0.93882059	0.94832743	0.0077320149	
S00111.soleus.KS                	0.14946728	0.15909639	0.021467226	
S11000.gastroc.KL               	0.00925153	0.0090957805	0.025285706	
S11000.gastroc.L0               	0.50950356	0.52292029	0.014067419	
S11000.gastroc.KF               	-1.7688649	-1.8054212	0.033218717	
S11000.gastroc.KS               	0.27887874	0.26559645	0.030075959	
S11000.soleus.KL                	0.76235452	0.79810888	0.057920427	
S11000.soleus.L0                	0.87293621	0.88232722	0.013091939	
S11000.soleus.KF                	-0.86753488	-0.90512016	0.054024647	
S11000.soleus.KS                	0.11302564	0.1089484	0.04696733	
S00011.vasti.KF                 	0.80909165	0.80958458	0.0072346897	
S00011.vasti.C0                 	0.084276784	0.085659851	0.0016326464	
S00011.vasti-knee_angle.pos_max 	-0.30935723	-0.30596121	0.0025049563	
S00011.hamstrings-pelvis_tilt.KP	0.7365924	0.69873149	0.028618989	
S00011.hamstrings-pelvis_tilt.KV	0.5658421	0.56934288	0.0014690093	
S00011.hamstrings-pelvis_tilt.C0	0.026667079	0.026318486	0.0031216766	
S00011.glut_max-pelvis_tilt.KP  	1.5402586	1.5134243	0.023654023	
S00011.glut_max-pelvis_tilt.KV  	0.31748328	0.31714221	0.0014994464	
S00011.glut_max-pelvis_tilt.C0  	0.16563822	0.16149485	0.0025082813	
S00011.iliopsoas-pelvis_tilt.KP 	-3.5873329	-3.5600565	0.039840373	
S00011.iliopsoas-pelvis_tilt.KV 	-0.54243713	-0.54256168	0.0018218851	
S00011.iliopsoas-pelvis_tilt.C0 	0.33755414	0.33670962	0.0039242963	
S00100.iliopsoas.C0             	0.33629535	0.33517046	0.0021772066	
S00100.glut_max.C0              	-0.02342065	-0.024471368	0.0016266622	
S11000.iliopsoas.KL             	0.5614729	0.56119862	0.0018445996	
S11000.iliopsoas.L0             	0.39127473	0.38970504	0.0020396961	
S11000.iliopsoas-pelvis_tilt.P0 	-0.044028702	-0.045009126	0.0016315112	
S11000.iliopsoas-pelvis_tilt.KP 	0.01082572	0.011389617	0.010179556	
S11000.iliopsoas-pelvis_tilt.KV 	0.13778275	0.14043461	0.0019108605	
S11000.iliopsoas-hamstrings.KL  	-8.1086068	-8.173765	0.067354534	
S11000.iliopsoas-hamstrings.L0  	1.1614883	1.1630814	0.0015323365	
S11000.hamstrings.KF            	0.57485568	0.57549012	0.0014697234	
S11000.glut_max.KF              	0.61759975	0.6192928	0.0016667647	
