pelvis_tilt.offset              	0.026116039	0.024573072	0.0011280962	
hip_flexion_r.offset            	0.076539439	0.077704157	0.0011293801	
knee_angle_r.offset             	0.0025942143	0.0013928639	0.0011647078	
ankle_angle_r.offset            	-0.058005951	-0.057660265	0.0015028399	
hip_flexion_l.offset            	0.0055554393	0.0012360957	0.0021856663	
knee_angle_l.offset             	0.054015193	0.05542002	0.001660874	
ankle_angle_l.offset            	0.18761488	0.1876519	0.0015880699	
stance_load_threshold           	0.14843343	0.14853608	0.0017411219	
S00111.tib_ant.KL               	1.2429486	1.2722964	0.028517887	
S00111.tib_ant.L0               	0.76252549	0.76443556	0.0030739431	
S00111.tib_ant.KS               	0.00015652	0.00016773942	0.0011626159	
S11000.tib_ant.KL               	1.2004589	1.1938172	0.016447935	
S11000.tib_ant.L0               	0.72488079	0.72724471	0.0024821581	
S11000.tib_ant.KS               	0.037012542	0.035588159	0.0014836859	
S11111.tib_ant-soleus.KF        	-0.11131266	-0.10975449	0.0025822046	
S00111.soleus-tib_ant.KS        	-0.80888339	-0.83467056	0.031988624	
S11000.soleus-tib_ant.KS        	-3.3045866	-3.2817561	0.038419765	
S00111.gastroc-tib_ant.KS       	-0.32171493	-0.33006265	0.027326508	
S11000.gastroc-tib_ant.KS       	-1.7690597	-1.7031165	0.031886911	
S00111.tib_ant-gastroc.KS       	-0.00395169	-0.0037757877	0.23005956	
S11000.tib_ant-gastroc.KS       	-0.00331551	-0.0035633172	0.22486064	
S00111.tib_ant-soleus.KS        	-0.00313515	-0.0032854506	0.23616802	
S11000.tib_ant-soleus.KS        	-0.00313645	-0.0032534844	0.22613565	
S00111.gastroc.L0               	0.80267115	0.81396204	0.012647084	
S00111.gastroc.KS               	0.17739288	0.17485128	0.013467692	
S00111.soleus.L0                	0.93644856	0.93291806	0.0074753804	
S00111.soleus.KS                	0.16090307	0.15825577	0.019581213	
S11000.gastroc.KL               	0.00925153	0.0087317475	0.022946566	
S11000.gastroc.L0               	0.52552123	0.51111418	0.01316556	
S11000.gastroc.KF               	-1.7525927	-1.761988	0.031447843	
S11000.gastroc.KS               	0.25231886	0.26427668	0.027498035	
S11000.soleus.KL                	0.79462395	0.78887902	0.053283948	
S11000.soleus.L0                	0.91859221	0.9088835	0.012378662	
S11000.soleus.KF                	-0.95885434	-0.93185993	0.049890385	
S11000.soleus.KS                	0.11302564	0.10904801	0.042650731	
S00011.vasti.KF                 	0.80474939	0.81176936	0.0068212498	
S00011.vasti.C0                 	0.085237454	0.083447632	0.0015286369	
S00011.vasti-knee_angle.pos_max 	-0.30936434	-0.31174498	0.002397244	
S00011.hamstrings-pelvis_tilt.KP	0.7224704	0.70452528	0.026639046	
S00011.hamstrings-pelvis_tilt.KV	0.56465212	0.56502131	0.0013993839	
S00011.hamstrings-pelvis_tilt.C0	0.02514159	0.025924608	0.0028513481	
S00011.glut_max-pelvis_tilt.KP  	1.4535211	1.4696745	0.022364443	
S00011.glut_max-pelvis_tilt.KV  	0.3223695	0.32242756	0.0014567693	
S00011.glut_max-pelvis_tilt.C0  	0.16381524	0.16266238	0.0023609507	
S00011.iliopsoas-pelvis_tilt.KP 	-3.6396675	-3.621513	0.038012455	
S00011.iliopsoas-pelvis_tilt.KV 	-0.54306903	-0.54204478	0.00172459	
S00011.iliopsoas-pelvis_tilt.C0 	0.34839948	0.33929528	0.0037098392	
S00100.iliopsoas.C0             	0.33560823	0.33676691	0.0020513562	
S00100.glut_max.C0              	-0.0244531	-0.024343115	0.0014964012	
S11000.iliopsoas.KL             	0.55906877	0.56040012	0.0017479142	
S11000.iliopsoas.L0             	0.38556913	0.38705746	0.0019276384	
S11000.iliopsoas-pelvis_tilt.P0 	-0.04238011	-0.044346409	0.0015256051	
S11000.iliopsoas-pelvis_tilt.KP 	0.01082572	0.011303425	0.009239141	
S11000.iliopsoas-pelvis_tilt.KV 	0.13778275	0.13914797	0.0018032793	
S11000.iliopsoas-hamstrings.KL  	-8.3116203	-8.2589279	0.063407022	
S11000.iliopsoas-hamstrings.L0  	1.163486	1.1630178	0.0014530616	
S11000.hamstrings.KF            	0.57719148	0.57642203	0.0013910151	
S11000.glut_max.KF              	0.6178959	0.61785746	0.0015595706	
