pelvis_tilt.offset              	0.020988755	0.022173221	0.00053499562	
hip_flexion_r.offset            	0.080863504	0.080172548	0.00056586538	
knee_angle_r.offset             	0.0017272922	0.0019808552	0.00055090364	
ankle_angle_r.offset            	-0.055687042	-0.055722602	0.00071952416	
hip_flexion_l.offset            	0.00075517653	-8.613355e-06	0.001039784	
knee_angle_l.offset             	0.050934362	0.051362669	0.00080611975	
ankle_angle_l.offset            	0.18991983	0.18951889	0.00075220491	
stance_load_threshold           	0.14813628	0.14890862	0.0008230817	
S00111.tib_ant.KL               	1.242287	1.2540888	0.013499002	
S00111.tib_ant.L0               	0.76004405	0.75836999	0.0014619451	
S00111.tib_ant.KS               	0.00015652	0.00016677337	0.00051389723	
S11000.tib_ant.KL               	1.221268	1.2250505	0.0077867148	
S11000.tib_ant.L0               	0.72067092	0.721463	0.0011993903	
S11000.tib_ant.KS               	0.036083865	0.035589151	0.00068854578	
S11111.tib_ant-soleus.KF        	-0.10736274	-0.10802181	0.0012131855	
S00111.soleus-tib_ant.KS        	-0.84512045	-0.83863585	0.014793118	
S11000.soleus-tib_ant.KS        	-3.2619455	-3.2517635	0.018097991	
S00111.gastroc-tib_ant.KS       	-0.32528235	-0.3254136	0.012235293	
S11000.gastroc-tib_ant.KS       	-1.6640766	-1.681801	0.015053675	
S00111.tib_ant-gastroc.KS       	-0.00357534	-0.0037017232	0.10168963	
S11000.tib_ant-gastroc.KS       	-0.00366451	-0.0035302264	0.099391628	
S00111.tib_ant-soleus.KS        	-0.00313515	-0.0032947762	0.10438965	
S11000.tib_ant-soleus.KS        	-0.00313645	-0.0032512238	0.099955199	
S00111.gastroc.L0               	0.80690518	0.8110409	0.0059634235	
S00111.gastroc.KS               	0.17184606	0.17437185	0.0060352795	
S00111.soleus.L0                	0.91947141	0.92519117	0.0035338301	
S00111.soleus.KS                	0.16520068	0.16126513	0.0087977035	
S11000.gastroc.KL               	0.00925153	0.0087926503	0.010143324	
S11000.gastroc.L0               	0.5223686	0.51755751	0.0061519682	
S11000.gastroc.KF               	-1.8546565	-1.8402551	0.015075193	
S11000.gastroc.KS               	0.27887874	0.26837876	0.012437361	
S11000.soleus.KL                	0.82043647	0.80818127	0.024440505	
S11000.soleus.L0                	0.89414922	0.89806557	0.0058496839	
S11000.soleus.KF                	-0.86753488	-0.89935243	0.023009151	
S11000.soleus.KS                	0.11302564	0.10772463	0.018895223	
S00011.vasti.KF                 	0.80981955	0.80652119	0.0032024763	
S00011.vasti.C0                 	0.084871042	0.085249766	0.00070602518	
S00011.vasti-knee_angle.pos_max 	-0.31404141	-0.31444067	0.0011480215	
S00011.hamstrings-pelvis_tilt.KP	0.67715706	0.69118821	0.012386082	
S00011.hamstrings-pelvis_tilt.KV	0.56346926	0.56327035	0.00066926207	
S00011.hamstrings-pelvis_tilt.C0	0.025380065	0.026000217	0.0012869127	
S00011.glut_max-pelvis_tilt.KP  	1.4703969	1.4634856	0.010561904	
S00011.glut_max-pelvis_tilt.KV  	0.32513054	0.32368623	0.00070751948	
S00011.glut_max-pelvis_tilt.C0  	0.1638209	0.16432114	0.0011148512	
S00011.iliopsoas-pelvis_tilt.KP 	-3.6001835	-3.6224235	0.017909867	
S00011.iliopsoas-pelvis_tilt.KV 	-0.54272468	-0.5416362	0.00081365789	
S00011.iliopsoas-pelvis_tilt.C0 	0.33993199	0.34078471	0.0017635161	
S00100.iliopsoas.C0             	0.34127129	0.34062899	0.00097554144	
S00100.glut_max.C0              	-0.024162555	-0.024296109	0.00068804628	
S11000.iliopsoas.KL             	0.55480146	0.55556523	0.00083662965	
S11000.iliopsoas.L0             	0.38543737	0.38646814	0.00092105596	
S11000.iliopsoas-pelvis_tilt.P0 	-0.043763767	-0.044026331	0.00071596281	
S11000.iliopsoas-pelvis_tilt.KP 	0.011415995	0.011155967	0.0040860292	
S11000.iliopsoas-pelvis_tilt.KV 	0.13859918	0.13899107	0.00083820571	
S11000.iliopsoas-hamstrings.KL  	-8.2528461	-8.2909749	0.030503925	
S11000.iliopsoas-hamstrings.L0  	1.1626508	1.162258	0.00068841808	
S11000.hamstrings.KF            	0.57819752	0.57752894	0.00065892833	
S11000.glut_max.KF              	0.61857831	0.61811433	0.00074199684	
