pelvis_tilt.offset              	0.021615298	0.021663315	0.00038701855	
hip_flexion_r.offset            	0.081098048	0.080335913	0.00041623334	
knee_angle_r.offset             	0.0016985324	0.0020076779	0.00039500514	
ankle_angle_r.offset            	-0.056005199	-0.056479087	0.00051124776	
hip_flexion_l.offset            	-0.00062015559	-0.0010434736	0.00074381561	
knee_angle_l.offset             	0.050728621	0.050441226	0.00058106175	
ankle_angle_l.offset            	0.18967287	0.18961469	0.00053743642	
stance_load_threshold           	0.14804272	0.14877765	0.00058388788	
S00111.tib_ant.KL               	1.2226395	1.2302562	0.0096987945	
S00111.tib_ant.L0               	0.75603093	0.7560849	0.0010560843	
S00111.tib_ant.KS               	0.000173	0.00016400646	0.00035116952	
S11000.tib_ant.KL               	1.2373611	1.2352906	0.0055781961	
S11000.tib_ant.L0               	0.71910755	0.71956429	0.00087459561	
S11000.tib_ant.KS               	0.034441211	0.034790824	0.00049338687	
S11111.tib_ant-soleus.KF        	-0.10661667	-0.1080778	0.00086958771	
S00111.soleus-tib_ant.KS        	-0.82346248	-0.82486844	0.010548998	
S11000.soleus-tib_ant.KS        	-3.2555421	-3.2558763	0.012874075	
S00111.gastroc-tib_ant.KS       	-0.32674792	-0.33339522	0.0084982723	
S11000.gastroc-tib_ant.KS       	-1.6597896	-1.6634711	0.010741791	
S00111.tib_ant-gastroc.KS       	-0.00395169	-0.0037487575	0.069488078	
S11000.tib_ant-gastroc.KS       	-0.00331551	-0.0034882221	0.067917775	
S00111.tib_ant-soleus.KS        	-0.00346517	-0.00325785	0.071333096	
S11000.tib_ant-soleus.KS        	-0.0034666	-0.0034019146	0.06830288	
S00111.gastroc.L0               	0.8015941	0.8023453	0.0042546386	
S00111.gastroc.KS               	0.17388712	0.17569837	0.0041951139	
S00111.soleus.L0                	0.92299722	0.9235574	0.0025350655	
S00111.soleus.KS                	0.15833757	0.16224788	0.0061111797	
S11000.gastroc.KL               	0.00837043	0.0087406363	0.0069321515	
S11000.gastroc.L0               	0.51871444	0.51589394	0.0044040565	
S11000.gastroc.KF               	-1.8466682	-1.8422563	0.010860815	
S11000.gastroc.KS               	0.26750638	0.2702855	0.0087193916	
S11000.soleus.KL                	0.83278578	0.80317353	0.017347035	
S11000.soleus.L0                	0.90332994	0.90005742	0.0041778053	
S11000.soleus.KF                	-0.89286264	-0.89537311	0.016256203	
S11000.soleus.KS                	0.1022613	0.10506825	0.012965178	
S00011.vasti.KF                 	0.81021137	0.80825033	0.0022749156	
S00011.vasti.C0                 	0.085038092	0.084928522	0.00049576862	
S00011.vasti-knee_angle.pos_max 	-0.31257303	-0.31328569	0.00082432123	
S00011.hamstrings-pelvis_tilt.KP	0.70706371	0.69322602	0.0087821844	
S00011.hamstrings-pelvis_tilt.KV	0.56306095	0.56255226	0.00048326567	
S00011.hamstrings-pelvis_tilt.C0	0.027403051	0.026470483	0.00090054507	
S00011.glut_max-pelvis_tilt.KP  	1.4653715	1.4732082	0.0075700423	
S00011.glut_max-pelvis_tilt.KV  	0.32347608	0.32330393	0.000508408	
S00011.glut_max-pelvis_tilt.C0  	0.16519092	0.16468558	0.00079685632	
S00011.iliopsoas-pelvis_tilt.KP 	-3.5951397	-3.6091451	0.012822	
S00011.iliopsoas-pelvis_tilt.KV 	-0.54277567	-0.54415097	0.00059167452	
S00011.iliopsoas-pelvis_tilt.C0 	0.34213376	0.34043184	0.0012563282	
S00100.iliopsoas.C0             	0.34409868	0.34331609	0.00070683012	
S00100.glut_max.C0              	-0.023928995	-0.024204059	0.0004863689	
S11000.iliopsoas.KL             	0.55542883	0.55460343	0.00061062931	
S11000.iliopsoas.L0             	0.38757518	0.3871784	0.00066294237	
S11000.iliopsoas-pelvis_tilt.P0 	-0.043839592	-0.043888128	0.0005130888	
S11000.iliopsoas-pelvis_tilt.KP 	0.01082572	0.011289842	0.0027951061	
S11000.iliopsoas-pelvis_tilt.KV 	0.13938563	0.13983586	0.00059629509	
S11000.iliopsoas-hamstrings.KL  	-8.3083241	-8.3103604	0.021766306	
S11000.iliopsoas-hamstrings.L0  	1.1625967	1.1621991	0.0004908545	
S11000.hamstrings.KF            	0.5779647	0.57777659	0.00047305394	
S11000.glut_max.KF              	0.61682542	0.61740053	0.00053222713	
