pelvis_tilt.offset              	0.022486509	0.022477217	2.5821929e-05	
hip_flexion_r.offset            	0.079471834	0.079490201	2.868721e-05	
knee_angle_r.offset             	0.0017136918	0.0017226924	2.7049488e-05	
ankle_angle_r.offset            	-0.055331299	-0.055320696	3.5329323e-05	
hip_flexion_l.offset            	-0.00076400487	-0.00074433589	5.1345727e-05	
knee_angle_l.offset             	0.050014972	0.050036598	3.9940098e-05	
ankle_angle_l.offset            	0.18948945	0.18944211	3.6981045e-05	
stance_load_threshold           	0.14904704	0.1490291	4.0032543e-05	
S00111.tib_ant.KL               	1.2649804	1.2643533	0.00067300352	
S00111.tib_ant.L0               	0.75589176	0.75583539	7.1039426e-05	
S00111.tib_ant.KS               	0.000173	0.00016515465	1.6277353e-05	
S11000.tib_ant.KL               	1.2319302	1.2318157	0.00038839067	
S11000.tib_ant.L0               	0.71842526	0.71843678	6.1852143e-05	
S11000.tib_ant.KS               	0.036068026	0.036101659	3.4874269e-05	
S11111.tib_ant-soleus.KF        	-0.10702296	-0.10703294	5.867685e-05	
S00111.soleus-tib_ant.KS        	-0.81324228	-0.81378219	0.0007038577	
S11000.soleus-tib_ant.KS        	-3.2340032	-3.2344481	0.00087170788	
S00111.gastroc-tib_ant.KS       	-0.32545758	-0.32515345	0.00051471962	
S11000.gastroc-tib_ant.KS       	-1.6352223	-1.6351462	0.0007332027	
S00111.tib_ant-gastroc.KS       	-0.00357534	-0.0036759488	0.0031772996	
S11000.tib_ant-gastroc.KS       	-0.00331551	-0.0035347196	0.0031054062	
S00111.tib_ant-soleus.KS        	-0.00313515	-0.0032654499	0.0032614424	
S11000.tib_ant-soleus.KS        	-0.0034666	-0.0033170416	0.003122949	
S00111.gastroc.L0               	0.81389489	0.81377099	0.00029546274	
S00111.gastroc.KS               	0.17517049	0.17508657	0.00025889646	
S00111.soleus.L0                	0.92128293	0.92145878	0.00016482467	
S00111.soleus.KS                	0.16289308	0.16279662	0.00038473666	
S11000.gastroc.KL               	0.008832545	0.0087869052	0.00033773886	
S11000.gastroc.L0               	0.51644235	0.5167912	0.00028938693	
S11000.gastroc.KF               	-1.8458493	-1.8454062	0.00074627459	
S11000.gastroc.KS               	0.26566128	0.26642944	0.00059337021	
S11000.soleus.KL                	0.78111158	0.78128215	0.0011602718	
S11000.soleus.L0                	0.89760743	0.89747233	0.00027592763	
S11000.soleus.KF                	-0.87230402	-0.87249741	0.0010771545	
S11000.soleus.KS                	0.10513974	0.10505982	0.00076782624	
S00011.vasti.KF                 	0.80751194	0.80767551	0.00015140147	
S00011.vasti.C0                 	0.085607968	0.085580745	3.2079807e-05	
S00011.vasti-knee_angle.pos_max 	-0.31264833	-0.31263823	5.6508811e-05	
S00011.hamstrings-pelvis_tilt.KP	0.70223127	0.70229767	0.00060479442	
S00011.hamstrings-pelvis_tilt.KV	0.56432617	0.56433619	3.3201459e-05	
S00011.hamstrings-pelvis_tilt.C0	0.026566679	0.02651203	5.8103685e-05	
S00011.glut_max-pelvis_tilt.KP  	1.4900976	1.4889999	0.00052514961	
S00011.glut_max-pelvis_tilt.KV  	0.32148	0.3214736	3.6024189e-05	
S00011.glut_max-pelvis_tilt.C0  	0.16400042	0.16401798	5.3502155e-05	
S00011.iliopsoas-pelvis_tilt.KP 	-3.5997169	-3.5998074	0.00087234154	
S00011.iliopsoas-pelvis_tilt.KV 	-0.54395599	-0.54393014	4.0246746e-05	
S00011.iliopsoas-pelvis_tilt.C0 	0.34000035	0.33998466	8.3967709e-05	
S00100.iliopsoas.C0             	0.343554	0.34356287	4.7894986e-05	
S00100.glut_max.C0              	-0.024615255	-0.024591981	3.2456846e-05	
S11000.iliopsoas.KL             	0.55580706	0.55580435	4.1631803e-05	
S11000.iliopsoas.L0             	0.38640064	0.38641258	4.5422323e-05	
S11000.iliopsoas-pelvis_tilt.P0 	-0.043718008	-0.043716324	3.5177177e-05	
S11000.iliopsoas-pelvis_tilt.KP 	0.011371603	0.011399794	0.00015422976	
S11000.iliopsoas-pelvis_tilt.KV 	0.13996011	0.13994968	3.939903e-05	
S11000.iliopsoas-hamstrings.KL  	-8.2839986	-8.2846606	0.0015182665	
S11000.iliopsoas-hamstrings.L0  	1.1627091	1.1627123	3.3761737e-05	
S11000.hamstrings.KF            	0.5769184	0.5769363	3.2285147e-05	
S11000.glut_max.KF              	0.6177039	0.61773338	3.6421417e-05	
