pelvis_tilt.offset              	0.022457487	0.022469855	1.7847418e-05	
hip_flexion_r.offset            	0.079529266	0.07953122	2.1041717e-05	
knee_angle_r.offset             	0.0016813271	0.0016940594	1.890785e-05	
ankle_angle_r.offset            	-0.055449833	-0.055442105	2.4893035e-05	
hip_flexion_l.offset            	-0.0005430879	-0.00055306949	3.6331731e-05	
knee_angle_l.offset             	0.050234319	0.050297104	2.8159818e-05	
ankle_angle_l.offset            	0.18949315	0.18949862	2.6351643e-05	
stance_load_threshold           	0.14905062	0.14904144	2.8458974e-05	
S00111.tib_ant.KL               	1.2682991	1.2683407	0.00052007518	
S00111.tib_ant.L0               	0.75614743	0.75617726	4.9926708e-05	
S00111.tib_ant.KS               	0.00016992114	0.00016008067	8.7533197e-06	
S11000.tib_ant.KL               	1.2313866	1.2317182	0.00026873576	
S11000.tib_ant.L0               	0.7184921	0.71845429	4.3078578e-05	
S11000.tib_ant.KS               	0.035960006	0.035989735	2.4672183e-05	
S11111.tib_ant-soleus.KF        	-0.10716159	-0.10716736	4.1256221e-05	
S00111.soleus-tib_ant.KS        	-0.81460357	-0.81350945	0.00047987202	
S11000.soleus-tib_ant.KS        	-3.2358115	-3.2356438	0.00060261981	
S00111.gastroc-tib_ant.KS       	-0.32636734	-0.32557463	0.00034578758	
S11000.gastroc-tib_ant.KS       	-1.636994	-1.6374086	0.00051198672	
S00111.tib_ant-gastroc.KS       	-0.00395169	-0.0037793032	0.0014562622	
S11000.tib_ant-gastroc.KS       	-0.00331551	-0.0034408891	0.0014227791	
S00111.tib_ant-soleus.KS        	-0.00346517	-0.0032958313	0.0014931304	
S11000.tib_ant-soleus.KS        	-0.0034666	-0.0033047667	0.0014301749	
S00111.gastroc.L0               	0.81353214	0.8135878	0.00020567803	
S00111.gastroc.KS               	0.1753013	0.17529252	0.00017470127	
S00111.soleus.L0                	0.92193824	0.92187001	0.00011568208	
S00111.soleus.KS                	0.16299387	0.16301343	0.0002631591	
S11000.gastroc.KL               	0.0083983967	0.008685784	0.00021428794	
S11000.gastroc.L0               	0.51825199	0.51821065	0.00020365224	
S11000.gastroc.KF               	-1.8438335	-1.8434206	0.0005236262	
S11000.gastroc.KS               	0.26562244	0.26609047	0.00040746324	
S11000.soleus.KL                	0.78115076	0.7810598	0.00081545475	
S11000.soleus.L0                	0.89716592	0.89730438	0.00018804843	
S11000.soleus.KF                	-0.87138899	-0.87216863	0.00074077102	
S11000.soleus.KS                	0.10527337	0.10612313	0.00055762552	
S00011.vasti.KF                 	0.8072233	0.80719791	0.00010490573	
S00011.vasti.C0                 	0.085620815	0.085590721	2.2095339e-05	
S00011.vasti-knee_angle.pos_max 	-0.3124549	-0.31245739	4.015089e-05	
S00011.hamstrings-pelvis_tilt.KP	0.7031798	0.70309142	0.00042586212	
S00011.hamstrings-pelvis_tilt.KV	0.56437531	0.56438829	2.4133617e-05	
S00011.hamstrings-pelvis_tilt.C0	0.026631207	0.026621169	4.0801178e-05	
S00011.glut_max-pelvis_tilt.KP  	1.4896472	1.4896068	0.0003630412	
S00011.glut_max-pelvis_tilt.KV  	0.32151247	0.3215713	2.501169e-05	
S00011.glut_max-pelvis_tilt.C0  	0.16408279	0.16408688	3.7864938e-05	
S00011.iliopsoas-pelvis_tilt.KP 	-3.60221	-3.60241	0.00062420586	
S00011.iliopsoas-pelvis_tilt.KV 	-0.5437515	-0.54376581	2.9124515e-05	
S00011.iliopsoas-pelvis_tilt.C0 	0.33992021	0.33989685	5.7712813e-05	
S00100.iliopsoas.C0             	0.3437112	0.34372488	3.5060707e-05	
S00100.glut_max.C0              	-0.024538045	-0.02454443	2.2218321e-05	
S11000.iliopsoas.KL             	0.55581672	0.55581449	2.8326228e-05	
S11000.iliopsoas.L0             	0.3863982	0.38638066	3.1390267e-05	
S11000.iliopsoas-pelvis_tilt.P0 	-0.04368482	-0.043713615	2.4555593e-05	
S11000.iliopsoas-pelvis_tilt.KP 	0.011075308	0.01093874	0.00010662863	
S11000.iliopsoas-pelvis_tilt.KV 	0.13967012	0.13969466	2.9186394e-05	
S11000.iliopsoas-hamstrings.KL  	-8.2849019	-8.282866	0.0010422603	
S11000.iliopsoas-hamstrings.L0  	1.1626752	1.162675	2.3642189e-05	
S11000.hamstrings.KF            	0.57700032	0.57697862	2.2491143e-05	
S11000.glut_max.KF              	0.6178003	0.61780926	2.5575263e-05	
