pelvis_tilt.offset              	0.023623041	0.023801354	8.9146601e-05	
hip_flexion_r.offset            	0.069464525	0.069298746	8.4073703e-05	
knee_angle_r.offset             	0.0026394624	0.0026183018	9.657349e-05	
ankle_angle_r.offset            	-0.060850368	-0.061016129	0.00012310822	
hip_flexion_l.offset            	-0.0084376973	-0.0085285865	0.00017930038	
knee_angle_l.offset             	0.060759315	0.060724857	0.00013604741	
ankle_angle_l.offset            	0.18807365	0.18796488	0.00013280168	
stance_load_threshold           	0.15063154	0.1505238	0.00013939028	
S00111.tib_ant.KL               	1.2347737	1.2341785	0.0024466487	
S00111.tib_ant.L0               	0.7747601	0.77445182	0.00024820684	
S00111.tib_ant.KS               	0.00015652	0.0001674466	6.3309794e-05	
S11000.tib_ant.KL               	1.1651014	1.1655461	0.0013408309	
S11000.tib_ant.L0               	0.7341187	0.73420416	0.00019070532	
S11000.tib_ant.KS               	0.034564863	0.03452341	0.00011620414	
S11111.tib_ant-soleus.KF        	-0.10796643	-0.10788791	0.00021583443	
S00111.soleus-tib_ant.KS        	-0.84643742	-0.84740498	0.0025573302	
S11000.soleus-tib_ant.KS        	-3.2673332	-3.2660705	0.0030846238	
S00111.gastroc-tib_ant.KS       	-0.3225534	-0.32377348	0.0017006081	
S11000.gastroc-tib_ant.KS       	-1.6431559	-1.6466484	0.0026391441	
S00111.tib_ant-gastroc.KS       	-0.00395169	-0.0037905537	0.012508917	
S11000.tib_ant-gastroc.KS       	-0.003619837	-0.0034631119	0.012226211	
S00111.tib_ant-soleus.KS        	-0.00313515	-0.0033171418	0.01284096	
S11000.tib_ant-soleus.KS        	-0.0034666	-0.0033230217	0.012295498	
S00111.gastroc.KL               	0.076218095	0.077127346	0.0018491671	
S00111.gastroc.L0               	0.81801655	0.81679929	0.0010205589	
S00111.gastroc.KF               	1.4086746	1.4085862	0.00012861232	
S00111.soleus.KL                	4.1036973	4.1033895	0.0023340247	
S00111.soleus.L0                	0.96101838	0.9619315	0.00057273788	
S00111.soleus.KF                	0.23287355	0.23292447	0.00019466979	
S11000.gastroc.KL               	0.00925153	0.0088874358	0.0012604284	
S11000.gastroc.L0               	0.51397323	0.51196492	0.0010743037	
S11000.gastroc.KF               	-1.841919	-1.8436272	0.0024482252	
S11000.soleus.KL                	0.80723692	0.80533855	0.0042957948	
S11000.soleus.L0                	0.92606755	0.92521505	0.00098966313	
S11000.soleus.KF                	-0.90720245	-0.91319642	0.0040169472	
S00011.vasti.KF                 	0.84767875	0.84724777	0.00057383087	
S00011.vasti.C0                 	0.084173505	0.084460694	0.00012302686	
S00011.vasti-knee_angle.pos_max 	-0.29864654	-0.2987806	0.00019751798	
S00011.hamstrings-pelvis_tilt.KP	0.70374677	0.70516795	0.0022136703	
S00011.hamstrings-pelvis_tilt.KV	0.5678785	0.56805673	0.00011121953	
S00011.hamstrings-pelvis_tilt.C0	0.025831121	0.02585873	0.00021554215	
S00011.glut_max-pelvis_tilt.KP  	1.4752962	1.4757047	0.0017675587	
S00011.glut_max-pelvis_tilt.KV  	0.31353396	0.31364403	0.00011977945	
S00011.glut_max-pelvis_tilt.C0  	0.15458928	0.15447784	0.00018958662	
S00011.iliopsoas-pelvis_tilt.KP 	-3.504573	-3.4997519	0.0031429624	
S00011.iliopsoas-pelvis_tilt.KV 	-0.54813353	-0.54811755	0.00013958465	
S00011.iliopsoas-pelvis_tilt.C0 	0.33443038	0.33483085	0.0002982261	
S00100.iliopsoas.C0             	0.33566864	0.33563675	0.00016909498	
S00100.glut_max.C0              	-0.024946125	-0.025095088	0.00011837715	
S11000.iliopsoas.KL             	0.55989442	0.55995444	0.00014364181	
S11000.iliopsoas.L0             	0.39046607	0.39033453	0.0001586905	
S11000.iliopsoas-pelvis_tilt.P0 	-0.04323684	-0.043223634	0.00012185614	
S11000.iliopsoas-pelvis_tilt.KP 	0.011176037	0.0113507	0.0005382774	
S11000.iliopsoas-pelvis_tilt.KV 	0.14228711	0.14229751	0.00014389721	
S11000.iliopsoas-hamstrings.KL  	-8.2679372	-8.2596028	0.0052748383	
S11000.iliopsoas-hamstrings.L0  	1.173071	1.1732464	0.00011689032	
S11000.hamstrings.KF            	0.57282455	0.57279435	0.00011915935	
S11000.glut_max.KF              	0.62057902	0.62048173	0.0001332204	
