pelvis_tilt.offset              	0.023822305	0.023859484	4.3974989e-05	
hip_flexion_r.offset            	0.069171302	0.069164864	4.1634294e-05	
knee_angle_r.offset             	0.0027572357	0.0027699289	4.8605932e-05	
ankle_angle_r.offset            	-0.060777943	-0.060851122	6.0891076e-05	
hip_flexion_l.offset            	-0.0083109704	-0.0084614254	8.7565435e-05	
knee_angle_l.offset             	0.06091077	0.060905165	6.7957304e-05	
ankle_angle_l.offset            	0.18774304	0.18767377	6.5903505e-05	
stance_load_threshold           	0.15078297	0.1508162	6.9466064e-05	
S00111.tib_ant.KL               	1.2327913	1.232865	0.0012270572	
S00111.tib_ant.L0               	0.7747029	0.77474586	0.00012198733	
S00111.tib_ant.KS               	0.000173	0.00016281718	2.7314986e-05	
S11000.tib_ant.KL               	1.1668797	1.1665795	0.00067058185	
S11000.tib_ant.L0               	0.733964	0.73387377	9.3837799e-05	
S11000.tib_ant.KS               	0.034372509	0.034385248	5.7276186e-05	
S11111.tib_ant-soleus.KF        	-0.10747592	-0.10762327	0.00010719207	
S00111.soleus-tib_ant.KS        	-0.84206261	-0.84148568	0.0012906157	
S11000.soleus-tib_ant.KS        	-3.2778768	-3.2744099	0.0015248646	
S00111.gastroc-tib_ant.KS       	-0.32269292	-0.3221443	0.00080057184	
S11000.gastroc-tib_ant.KS       	-1.6446297	-1.6460161	0.0012975056	
S00111.tib_ant-gastroc.KS       	-0.0037882327	-0.0037789343	0.0053652484	
S11000.tib_ant-gastroc.KS       	-0.00331551	-0.0034781649	0.0052439214	
S00111.tib_ant-soleus.KS        	-0.00313515	-0.0032932949	0.0055075283	
S11000.tib_ant-soleus.KS        	-0.0034666	-0.0034089458	0.0052736086	
S00111.gastroc.KL               	0.075820958	0.077051902	0.00088522723	
S00111.gastroc.L0               	0.82027357	0.82059793	0.00053272472	
S00111.gastroc.KF               	1.4082922	1.4084468	6.4120663e-05	
S00111.soleus.KL                	4.0994678	4.1020899	0.0011709828	
S00111.soleus.L0                	0.96268609	0.96239903	0.00028469167	
S00111.soleus.KF                	0.23252414	0.23269715	9.5543094e-05	
S11000.gastroc.KL               	0.0089168003	0.0088524624	0.00055776311	
S11000.gastroc.L0               	0.51431057	0.51460232	0.00054638703	
S11000.gastroc.KF               	-1.8429714	-1.8416977	0.001198591	
S11000.soleus.KL                	0.79766908	0.79680613	0.0021663686	
S11000.soleus.L0                	0.92551615	0.92566527	0.00049235124	
S11000.soleus.KF                	-0.90853285	-0.91081969	0.0019637293	
S00011.vasti.KF                 	0.84752958	0.84817746	0.00028648359	
S00011.vasti.C0                 	0.084264477	0.084337475	6.0654008e-05	
S00011.vasti-knee_angle.pos_max 	-0.29876042	-0.29866497	9.6749893e-05	
S00011.hamstrings-pelvis_tilt.KP	0.70432514	0.70480091	0.0010968739	
S00011.hamstrings-pelvis_tilt.KV	0.56792022	0.56807762	5.5366473e-05	
S00011.hamstrings-pelvis_tilt.C0	0.025630249	0.025471857	0.00010764287	
S00011.glut_max-pelvis_tilt.KP  	1.4744337	1.4737988	0.00085864233	
S00011.glut_max-pelvis_tilt.KV  	0.3140086	0.31395727	6.0632353e-05	
S00011.glut_max-pelvis_tilt.C0  	0.15480552	0.15470606	9.3517848e-05	
S00011.iliopsoas-pelvis_tilt.KP 	-3.5055176	-3.5049233	0.0015622257	
S00011.iliopsoas-pelvis_tilt.KV 	-0.54776032	-0.54767272	7.0283512e-05	
S00011.iliopsoas-pelvis_tilt.C0 	0.33444897	0.33419948	0.00014795461	
S00100.iliopsoas.C0             	0.33559539	0.33560691	8.4391702e-05	
S00100.glut_max.C0              	-0.025420399	-0.025458857	6.0056077e-05	
S11000.iliopsoas.KL             	0.55986556	0.55985576	7.1263634e-05	
S11000.iliopsoas.L0             	0.39038602	0.39046559	7.7772355e-05	
S11000.iliopsoas-pelvis_tilt.P0 	-0.043212372	-0.04321533	6.1651406e-05	
S11000.iliopsoas-pelvis_tilt.KP 	0.011690756	0.011725786	0.00025691424	
S11000.iliopsoas-pelvis_tilt.KV 	0.14191358	0.1418104	7.4905972e-05	
S11000.iliopsoas-hamstrings.KL  	-8.2660752	-8.2675244	0.0026624563	
S11000.iliopsoas-hamstrings.L0  	1.173055	1.1731513	5.7937627e-05	
S11000.hamstrings.KF            	0.57311805	0.57311479	6.1044724e-05	
S11000.glut_max.KF              	0.62041308	0.62045118	6.6275404e-05	
