Step	Best	Median	Predicted	Progress
0	77.8517	123.583	0	0
1	82.5865	106.295	2449.98	-0.0573312
2	90.7322	102.736	3310.86	-0.0735927
3	64.8306	107.163	2459.45	-0.0542226
4	65.2776	99.8313	-1506.49	0.0449123
5	24.8686	98.8773	-3610.17	0.110324
6	54.6677	99.6996	-2784.43	0.0833389
7	60.0853	96.6266	-2360.99	0.0744289
8	47.4752	100.603	-2014.44	0.0666118
9	67.5687	99.8971	-1802.66	0.0611279
10	79.4586	97.2419	-1669.98	0.057029
11	76.3139	97.7674	-1372.74	0.0459182
12	50.1324	96.9711	-1025	0.0347048
13	47.198	95.1101	-894.492	0.0315118
14	15.6312	94.6894	-1245.67	0.0438018
15	69.8749	96.7268	-898.264	0.0325371
16	58.9971	99.8729	-804.202	0.0294644
17	75.212	97.6132	-430.214	0.0153879
18	58.3499	96.25	-180.201	0.0076452
19	31.8901	89.9461	-432.156	0.0156284
20	52.0823	95.9689	-476.213	0.0170089
21	52.0299	93.6467	-501.154	0.017669
22	62.4846	95.9357	-342.41	0.0132299
23	49.5904	89.8192	-412.603	0.0154009
24	54.4222	93.24	-363.032	0.0139756
25	64.3388	94.33	-324.063	0.0125218
26	47.3627	92.6597	-328.67	0.0129877
27	45.7979	91.8422	-355.855	0.0140247
28	50.6225	89.9791	-330.18	0.0131586
29	59.9391	93.1756	-317.005	0.0124909
30	48	92.5283	-293.381	0.0117921
31	43.5745	92.494	-328.811	0.0130671
32	45.9052	88.63	-331.622	0.0131066
33	62.8355	90.0181	-306.713	0.0124
34	34.86	94.2575	-326.424	0.0130903
35	41.8728	89.8324	-340.073	0.0137317
36	18.9847	90.6548	-354.691	0.0144092
37	33.3189	89.563	-368.534	0.0150333
38	35.6246	88.3644	-399.484	0.0162964
39	39.255	80.405	-416.981	0.0166781
40	34.3087	88.3757	-425.171	0.0172961
41	15.2219	88.6269	-441.273	0.0180206
42	45.2897	90.1083	-427.013	0.0176005
43	45.021	88.8866	-413.644	0.0170229
44	35.6486	88.6833	-411.532	0.0168047
45	37.9864	81.0984	-391.465	0.0162083
46	43.5358	89.9344	-379.556	0.0158677
47	44.4461	85.1478	-349.816	0.0150635
48	33.8604	84.7234	-347.023	0.0150486
49	55.9659	86.7543	-342.78	0.0148579
50	49.4835	85.2214	-338.68	0.0146785
51	39.7014	85.6339	-325.943	0.0143452
52	56.7465	92.9309	-317.747	0.0140565
53	30.6863	84.5968	-313.506	0.0139706
54	52.2231	90.7439	-299.832	0.0133806
55	42.1897	82.8646	-297.281	0.0133537
56	26.0127	91.8767	-313.15	0.0141406
57	42.8381	82.3621	-298.596	0.0135345
58	28.0796	90.5919	-304.545	0.0138338
59	32.7124	87.1558	-297.351	0.0136282
60	65.2609	84.6278	-286.023	0.0132166
61	18.6035	84.5367	-298.656	0.0138165
62	41.0798	84.8674	-287.283	0.0133936
63	39.2125	78.5839	-276.334	0.0128025
64	19.2795	83.7338	-283.358	0.0133414
65	49.0604	88.2233	-277.295	0.0129563
66	15.4075	84.1924	-284.599	0.0135218
67	35.7349	83.2054	-278.774	0.0131389
68	54.485	83.4081	-270.238	0.0127071
69	30.0411	82.2714	-260.39	0.0123471
70	60.4753	83.4834	-247.324	0.011729
71	21.0174	83.2872	-251.305	0.0120096
72	24.7955	84.8274	-246.746	0.0118895
73	28.0739	85.03	-238.156	0.011459
74	22.1799	82.1523	-241.303	0.0117396
75	22.4446	83.1969	-246.29	0.0121347
76	46.1221	83.2259	-236.937	0.0116318
77	51.6538	80.8859	-233.64	0.0114546
78	23.3849	85.2695	-232.024	0.0114935
79	60.1025	80.6284	-223.247	0.0111725
80	39.2443	81.1933	-220.983	0.0111541
81	18.8725	77.5449	-224.24	0.0112987
82	35.223	77.8448	-221.966	0.0112799
83	34.7466	79.7962	-216.506	0.0110324
84	27.0866	82.5023	-212.22	0.0108111
85	35.5223	84.1979	-202.055	0.0103587
86	36.6417	83.667	-200.222	0.0102937
87	22.9475	83.5947	-192.986	0.00995628
88	23.0424	78.8957	-189.154	0.00982999
89	15.5839	84.016	-198.655	0.010386
90	27.4239	81.6683	-190.01	0.00992758
91	48.5763	83.3146	-187.814	0.00983214
92	25.5992	78.6203	-183.803	0.00968129
93	20.5973	78.4894	-181.133	0.00962966
94	40.701	80.4406	-174.143	0.00926126
95	50.2874	77.4771	-169.484	0.00908205
96	57.583	78.0882	-167.425	0.00900876
97	44.4327	76.684	-162.753	0.00882219
98	30.8232	78.2322	-157.773	0.00864122
99	35.0654	82.9037	-154.396	0.00852384
100	37.475	82.5234	-150.796	0.00836037
101	16.2402	81.0036	-151.751	0.0084459
102	51.9119	78.5296	-148.159	0.00828
103	29.9513	76.7544	-145.532	0.00814965
104	28.6833	77.3106	-143.774	0.00805638
105	29.6829	76.1431	-139.958	0.00789188
106	18.9705	78.7618	-140.577	0.007941
107	34.6645	78.8179	-136.941	0.00778319
108	36.7748	76.4529	-131.488	0.00752314
109	29.9608	76.7839	-132.875	0.00758049
110	15.2152	77.6573	-136.21	0.00779102
111	42.8135	81.6833	-132.243	0.0075789
112	41.9182	80.3573	-125.764	0.0072753
113	16.8514	75.5834	-131.108	0.00755291
114	35.0032	81.6992	-126.153	0.00731756
115	29.3112	79.0602	-124.553	0.00723602
116	37.9683	81.6558	-117.892	0.00692752
117	28.2072	76.7822	-108.856	0.00652596
118	17.5444	76.851	-112.599	0.00670682
119	22.0661	76.2088	-110.562	0.00662715
120	39.115	75.6452	-106.156	0.00645325
121	22.2817	75.7493	-105.246	0.00643071
122	39.9967	82.3492	-104.1	0.00638551
123	18.3543	75.9728	-105.03	0.00644233
124	36.1986	76.1801	-103.961	0.00639061
125	29.3126	77.7351	-102.938	0.00634758
126	20.2633	74.2389	-104.983	0.00645991
127	15.7182	75.6135	-105.715	0.00650936
128	34.2399	75.6416	-105.498	0.00650191
129	21.9139	76.268	-105.474	0.00651426
130	19.7821	76.9276	-106.104	0.00655995
131	35.8773	75.5441	-104.698	0.00649262
132	17.5102	76.8933	-106.619	0.00660327
133	23.7804	75.6082	-104.56	0.00650502
134	26.5848	77.4439	-102.018	0.00639164
135	17.5791	75.2039	-101.414	0.00637862
136	20.7903	75.4212	-101.642	0.00640719
137	17.639	74.6947	-100.986	0.00638808
138	35.1621	74.6048	-99.6255	0.00633356
139	15.1057	80.2544	-100.684	0.00639104
140	16.2866	73.7067	-102.877	0.00651095
141	19.2048	75.0127	-103.968	0.00657264
142	18.1327	66.4799	-104.781	0.00663238
143	23.3523	75.3525	-104.138	0.00660048
144	20.0822	69.5219	-103.269	0.00656461
145	16.2328	75.1691	-104.565	0.00664096
146	41.5764	75.0504	-103.762	0.00660799
147	13.9984	76.0686	-104.594	0.00666259
148	16.2662	75.3793	-105.716	0.00673494
149	22.3126	74.6705	-105.088	0.00670728
150	20.4693	75.1858	-103.914	0.00665375
151	15.3785	74.48	-105.583	0.00675257
152	31.9859	73.5874	-104.497	0.00670263
153	20.4668	73.6227	-103.577	0.0066694
154	40.9575	72.6452	-102.816	0.00664502
155	24.8084	76.2561	-102.031	0.00660531
156	16.8448	70.8971	-102.584	0.00665726
157	15.6551	71.3536	-103.193	0.00669721
158	18.1594	71.3578	-101.77	0.00664017
159	24.8147	74.9039	-100.102	0.00653689
160	18.4155	65.9289	-99.3872	0.00648299
161	17.7713	72.0197	-98.4819	0.00645175
162	26.8487	75.4296	-97.0205	0.00641185
163	26.5177	75.1162	-96.5595	0.00639046
164	21.0133	67.2478	-96.0117	0.00636693
165	45.8507	72.1622	-95.0882	0.00633721
166	36.2513	60.6695	-94.6036	0.00631766
167	31.1641	74.1741	-94.108	0.00630244
168	17.0003	64.4058	-93.8807	0.00629694
169	18.3804	74.0404	-92.9961	0.00624993
170	42.2432	75.6237	-92.7052	0.00623863
171	19.7965	74.8796	-92.2306	0.00622768
172	45.2423	71.2648	-91.3188	0.00619104
173	22.7333	68.9766	-90.4787	0.0061644
174	35.3376	72.2743	-89.8971	0.00614504
175	30.6755	72.4882	-88.966	0.00609166
176	13.7946	73.4013	-89.9362	0.00616574
177	21.4516	66.9248	-88.5026	0.00607946
178	20.8714	68.6551	-87.5738	0.00601942
179	16.1222	58.4522	-86.657	0.00598464
180	17.5714	73.2749	-86.0598	0.0059645
181	17.5701	61.2315	-85.2514	0.00592542
182	17.1569	67.2781	-85.7079	0.00595293
183	29.2276	73.4517	-85.517	0.00595288
184	15.4201	66.8284	-85.3639	0.00595235
185	23.7219	66.8416	-84.8754	0.00592996
186	20.9576	65.9109	-82.8759	0.00582023
187	19.3484	69.741	-81.9136	0.00575684
188	16.5179	61.6238	-81.1389	0.00569808
189	21.2255	71.7247	-80.8006	0.00568637
190	18.892	68.4024	-80.068	0.00567278
191	21.0766	66.5363	-79.9996	0.00566506
192	40.5131	73.8527	-79.1122	0.00562285
193	21.2269	68.1799	-77.9794	0.00558055
194	15.0904	61.089	-77.8641	0.00558554
195	16.5417	65.3158	-77.3841	0.00557744
196	16.5995	65.1612	-77.2818	0.00557943
197	22.9875	61.1301	-75.9734	0.00552982
198	17.3355	71.6678	-75.0054	0.00549175
199	27.8603	67.9317	-73.6208	0.00541204
200	16.7005	65.5087	-72.193	0.00532699
201	16.1822	61.6128	-72.2277	0.00532314
202	17.1717	66.0531	-71.2057	0.00527119
203	21.1023	64.3191	-70.5943	0.00524137
204	16.199	72.4763	-69.717	0.00518381
205	17.963	60.3304	-68.1628	0.00511402
206	16.2791	60.1037	-67.8268	0.00508975
207	16.1745	58.0679	-67.4412	0.00507613
208	28.9299	60.9871	-66.5655	0.00504681
209	16.5632	73.5552	-65.4832	0.0050011
210	14.8204	67.616	-65.119	0.00499016
211	19.94	62.9706	-64.5368	0.00495557
212	18.1779	61.0337	-64.3152	0.00495262
213	27.0291	60.4658	-63.8213	0.00494044
214	15.8553	61.5919	-63.1799	0.00491641
215	16.0966	61.5357	-62.0001	0.00487111
216	16.1451	57.7177	-62.1203	0.00488035
217	16.6915	65.7166	-61.3665	0.00482886
218	15.3448	55.8468	-60.7365	0.00479542
219	17.6866	59.8987	-59.8656	0.00476495
220	16.0366	63.7163	-59.3938	0.00474908
221	15.3971	63.2542	-59.2444	0.0047495
222	17.1124	61.6666	-58.0555	0.00470489
223	18.5701	66.3858	-57.3622	0.00467155
224	15.2549	60.2323	-57.3011	0.00467013
225	13.9774	65.5285	-57.6533	0.00469357
226	16.3839	63.1221	-56.7544	0.00464733
227	14.7133	60.0041	-56.3662	0.00463198
228	31.0467	61.1089	-55.0461	0.00457636
229	12.4282	60.23	-55.475	0.00460178
230	17.8082	60.6011	-54.9311	0.0045789
231	14.0903	59.0722	-54.4652	0.00456402
232	25.6417	57.371	-54.1268	0.00454927
233	16.0548	60.5662	-53.8853	0.00454305
234	16.5902	57.1009	-53.3942	0.00452125
235	17.2513	57.0732	-53.2517	0.00451942
236	21.0732	55.9622	-52.508	0.00448582
237	14.3641	58.8581	-51.7239	0.00444926
238	19.1295	61.2826	-51.3005	0.00443392
239	15.3694	57.4276	-50.9831	0.00441276
240	15.4437	57.827	-50.6989	0.00439502
241	15.5226	67.5264	-50.6421	0.00439733
242	21.3959	61.8339	-50.2693	0.00438412
243	15.0914	57.5207	-48.8534	0.00431746
244	13.691	57.995	-48.8546	0.00432879
245	14.454	58.5217	-48.3583	0.00429948
246	17.3297	58.4258	-47.705	0.00426167
247	16.4011	57.1927	-46.9064	0.0042157
248	19.5058	57.0896	-46.3651	0.00418563
249	14.9546	59.2019	-46.2835	0.00418076
250	21.204	66.3393	-45.546	0.00414672
251	29.2126	57.2206	-45.3824	0.00413767
252	13.7082	60.8432	-45.1725	0.00413383
253	16.8202	61.1115	-44.7085	0.00411039
254	18.7548	59.4701	-44.299	0.00409578
255	28.012	53.6637	-43.7534	0.00407799
256	17.7571	58.6489	-43.4599	0.00406791
257	24.7157	55.387	-43.1428	0.00405175
258	17.3006	60.455	-42.6838	0.00403189
259	16.2026	55.5512	-42.4986	0.00402779
260	23.9094	59.2549	-42.1815	0.00401699
261	13.6681	56.6412	-41.5044	0.00397685
262	15.9623	50.1769	-41.1877	0.00396071
263	16.6812	56.7021	-41.1074	0.00395697
264	21.3278	59.3474	-40.6786	0.00393242
265	17.4239	57.1945	-39.8938	0.00389634
266	20.6513	55.6664	-39.5781	0.00388645
267	20.659	57.4135	-39.6518	0.00389014
268	14.4803	51.5025	-39.0748	0.00386171
269	19.0799	51.5044	-38.7194	0.00383018
