pelvis_tilt.offset              	0.021986549	0.020242415	0.0010964261	
hip_flexion_r.offset            	0.067941255	0.069063276	0.0010318062	
knee_angle_r.offset             	0.0014718287	0.0010825858	0.0011306151	
ankle_angle_r.offset            	-0.059834595	-0.058721842	0.0014803777	
hip_flexion_l.offset            	-0.01088654	-0.0055634866	0.0020945137	
knee_angle_l.offset             	0.064158951	0.06120857	0.0016207516	
ankle_angle_l.offset            	0.18498829	0.18640586	0.0015453705	
stance_load_threshold           	0.15226218	0.15260348	0.0016971274	
S00111.tib_ant.KL               	1.2301979	1.2199567	0.028139741	
S00111.tib_ant.L0               	0.75940234	0.76358872	0.0030247511	
S00111.tib_ant.KS               	0.00015652	0.00016808268	0.0012103185	
S11000.tib_ant.KL               	1.2186703	1.1859271	0.016053388	
S11000.tib_ant.L0               	0.73283865	0.73533493	0.0023453688	
S11000.tib_ant.KS               	0.034342786	0.035174584	0.0014882597	
S11111.tib_ant-soleus.KF        	-0.10865436	-0.11205084	0.0025467366	
S00111.soleus-tib_ant.KS        	-0.85442602	-0.85698708	0.032348287	
S00111.gastroc-tib_ant.KS       	-0.35557966	-0.34959913	0.028050499	
S11000.soleus-tib_ant.KS        	-3.2427711	-3.2591268	0.037448896	
S11000.gastroc-tib_ant.KS       	-1.6497728	-1.6942406	0.031117962	
S00111.tib_ant-soleus.KS        	-0.00346517	-0.0033012111	0.24585883	
S00111.tib_ant-gastroc.KS       	-0.00357534	-0.0037339328	0.23949971	
S11000.tib_ant-soleus.KS        	-0.00313645	-0.0032748521	0.23541479	
S11000.tib_ant-gastroc.KS       	-0.00366451	-0.003472673	0.23408746	
S00111.soleus.KL                	4.0014001	4.0312616	0.027642595	
S00111.soleus.L0                	0.98030754	0.97262001	0.0070854246	
S00111.soleus.KF                	0.22744251	0.22892945	0.0022772877	
S00111.soleus.KS                	0.16220381	0.15569778	0.020235918	
S00111.gastroc.KL               	0.07523758	0.078647894	0.029939548	
S00111.gastroc.L0               	0.82772991	0.84775969	0.012440182	
S00111.gastroc.KF               	1.4123049	1.4111908	0.0015776691	
S00111.gastroc.KS               	0.16320856	0.16296595	0.013859838	
S11000.soleus.KL                	0.84192475	0.78659833	0.054436979	
S11000.soleus.L0                	0.89841802	0.91570213	0.012006201	
S11000.soleus.KF                	-0.86753488	-0.93803214	0.050583722	
S11000.soleus.KS                	0.11302564	0.11020808	0.044359717	
S11000.gastroc.KL               	0.00925153	0.0087800195	0.023887626	
S11000.gastroc.L0               	0.53520852	0.51961164	0.013002951	
S11000.gastroc.KF               	-1.8036682	-1.8009299	0.030718237	
S11000.gastroc.KS               	0.27887874	0.26044223	0.02832269	
S00011.vasti.KF                 	0.80427804	0.81575225	0.0066958107	
S00011.vasti.C0                 	0.086732569	0.085186896	0.0015100887	
S00011.vasti-knee_angle.pos_max 	-0.30476532	-0.30514195	0.0023216287	
S00011.hamstrings-pelvis_tilt.KP	0.74162866	0.72278326	0.026601612	
S00011.hamstrings-pelvis_tilt.KV	0.56840984	0.56764449	0.0013536198	
S00011.hamstrings-pelvis_tilt.C0	0.026260077	0.026923024	0.0029406112	
S00011.glut_max-pelvis_tilt.KP  	1.5017341	1.5224305	0.021954524	
S00011.glut_max-pelvis_tilt.KV  	0.31437591	0.31423159	0.0013708176	
S00011.glut_max-pelvis_tilt.C0  	0.15706745	0.15749019	0.002313834	
S00011.iliopsoas-pelvis_tilt.KP 	-3.4512711	-3.4768086	0.036885087	
S00011.iliopsoas-pelvis_tilt.KV 	-0.54675341	-0.54575733	0.0016851879	
S00011.iliopsoas-pelvis_tilt.C0 	0.32653501	0.32607641	0.003643668	
S00100.iliopsoas.C0             	0.3383398	0.337914	0.0019886735	
S00100.glut_max.C0              	-0.02588599	-0.024767955	0.0015281068	
S11000.iliopsoas.KL             	0.55891242	0.56058882	0.0016982304	
S11000.iliopsoas.L0             	0.38706059	0.38853232	0.001895381	
S11000.iliopsoas-pelvis_tilt.P0 	-0.042896646	-0.043321574	0.0015193243	
S11000.iliopsoas-pelvis_tilt.KP 	0.01196527	0.011700518	0.0096162468	
S11000.iliopsoas-pelvis_tilt.KV 	0.14819759	0.14602392	0.0017629464	
S11000.iliopsoas-hamstrings.KL  	-8.2595207	-8.24047	0.062013295	
S11000.iliopsoas-hamstrings.L0  	1.1695787	1.1680981	0.0014181172	
S11000.hamstrings.KF            	0.57928628	0.57749307	0.0013563302	
S11000.glut_max.KF              	0.61935148	0.62057126	0.0015453248	
