pelvis_tilt.offset              	0.024123377	0.024254366	0.00074348146	
hip_flexion_r.offset            	0.072617016	0.07241007	0.00070483506	
knee_angle_r.offset             	0.0050909591	0.0047324654	0.00076791217	
ankle_angle_r.offset            	-0.05992091	-0.060200307	0.0010068317	
hip_flexion_l.offset            	-0.0079949119	-0.0069100033	0.001422764	
knee_angle_l.offset             	0.059092739	0.059095122	0.0010915674	
ankle_angle_l.offset            	0.18631759	0.18439759	0.0010532786	
stance_load_threshold           	0.15505257	0.15446352	0.0011614594	
S00111.tib_ant.KL               	1.2333371	1.2594642	0.018955592	
S00111.tib_ant.L0               	0.74994054	0.74662362	0.0020966346	
S00111.tib_ant.KS               	0.00015652	0.0001662654	0.00077040088	
S11000.tib_ant.KL               	1.1943511	1.1887394	0.01076385	
S11000.tib_ant.L0               	0.73065033	0.73168474	0.001570727	
S11000.tib_ant.KS               	0.035662649	0.036291349	0.00098218975	
S11111.tib_ant-soleus.KF        	-0.11408363	-0.11201527	0.001691003	
S00111.soleus-tib_ant.KS        	-0.87829756	-0.86049475	0.021397738	
S00111.gastroc-tib_ant.KS       	-0.32171493	-0.3364487	0.018179272	
S11000.soleus-tib_ant.KS        	-3.2488371	-3.2727781	0.02524497	
S11000.gastroc-tib_ant.KS       	-1.7223091	-1.6797015	0.021070751	
S00111.tib_ant-soleus.KS        	-0.00313515	-0.0032659655	0.15649533	
S00111.tib_ant-gastroc.KS       	-0.00357534	-0.0037916267	0.15244759	
S11000.tib_ant-soleus.KS        	-0.0034666	-0.003204056	0.14984744	
S11000.tib_ant-gastroc.KS       	-0.00366451	-0.0035077697	0.14900256	
S00111.soleus.KL                	4.0374273	4.0320476	0.018673904	
S00111.soleus.L0                	0.96603942	0.96765698	0.0047572668	
S00111.soleus.KF                	0.22909262	0.22762649	0.0015431607	
S00111.soleus.KS                	0.14946728	0.157827	0.012994969	
S00111.gastroc.KL               	0.08315732	0.081305361	0.019080621	
S00111.gastroc.L0               	0.85542146	0.84391842	0.0083241089	
S00111.gastroc.KF               	1.4074649	1.4086146	0.0010592006	
S00111.gastroc.KS               	0.1637951	0.16827298	0.0089660744	
S11000.soleus.KL                	0.78881722	0.80638817	0.035434826	
S11000.soleus.L0                	0.89378409	0.88653577	0.0080490096	
S11000.soleus.KF                	-0.91249289	-0.90217286	0.033113051	
S11000.soleus.KS                	0.11302564	0.10715507	0.028268109	
S11000.gastroc.KL               	0.00837043	0.008781958	0.01520547	
S11000.gastroc.L0               	0.52032857	0.51534305	0.0086866146	
S11000.gastroc.KF               	-1.8376412	-1.8277277	0.020548512	
S11000.gastroc.KS               	0.25916798	0.26527969	0.018247268	
S00011.vasti.KF                 	0.83499166	0.83451331	0.0044915846	
S00011.vasti.C0                 	0.081524018	0.082226341	0.0010116978	
S00011.vasti-knee_angle.pos_max 	-0.31342563	-0.31217709	0.0015856399	
S00011.hamstrings-pelvis_tilt.KP	0.71067303	0.73059455	0.01741908	
S00011.hamstrings-pelvis_tilt.KV	0.57119053	0.5696645	0.00091461549	
S00011.hamstrings-pelvis_tilt.C0	0.025948372	0.026335852	0.0018912574	
S00011.glut_max-pelvis_tilt.KP  	1.498822	1.4875025	0.014649249	
S00011.glut_max-pelvis_tilt.KV  	0.31751474	0.31573643	0.00092268363	
S00011.glut_max-pelvis_tilt.C0  	0.1631439	0.16258409	0.001564435	
S00011.iliopsoas-pelvis_tilt.KP 	-3.6273581	-3.6322631	0.025099809	
S00011.iliopsoas-pelvis_tilt.KV 	-0.54398773	-0.54378995	0.0011321109	
S00011.iliopsoas-pelvis_tilt.C0 	0.33620291	0.33385103	0.0024637871	
S00100.iliopsoas.C0             	0.34107762	0.34223664	0.0013397208	
S00100.glut_max.C0              	-0.024808954	-0.025047823	0.00099721549	
S11000.iliopsoas.KL             	0.56257447	0.56208743	0.0011445583	
S11000.iliopsoas.L0             	0.38352363	0.3855926	0.0012887443	
S11000.iliopsoas-pelvis_tilt.P0 	-0.045485828	-0.04435629	0.0010174255	
S11000.iliopsoas-pelvis_tilt.KP 	0.01082572	0.011701902	0.0061225721	
S11000.iliopsoas-pelvis_tilt.KV 	0.14511261	0.14485177	0.0011830633	
S11000.iliopsoas-hamstrings.KL  	-8.4183731	-8.3808288	0.042017206	
S11000.iliopsoas-hamstrings.L0  	1.1653673	1.1630808	0.00096421713	
S11000.hamstrings.KF            	0.58179931	0.58230666	0.0009403013	
S11000.glut_max.KF              	0.62079248	0.6202836	0.0010358535	
