pelvis_tilt.offset              	0.019588942	0.019692131	0.00049078165	
hip_flexion_r.offset            	0.069378723	0.069354658	0.00045866203	
knee_angle_r.offset             	0.0017227426	0.0016959796	0.00050660894	
ankle_angle_r.offset            	-0.058823645	-0.059406163	0.00066679352	
hip_flexion_l.offset            	-0.006391853	-0.0050975571	0.00093594657	
knee_angle_l.offset             	0.060636291	0.062257298	0.00073700136	
ankle_angle_l.offset            	0.18803096	0.18751773	0.0006890472	
stance_load_threshold           	0.1522173	0.15172904	0.00075857898	
S00111.tib_ant.KL               	1.2481003	1.222912	0.012324074	
S00111.tib_ant.L0               	0.7527698	0.7548518	0.0013644437	
S00111.tib_ant.KS               	0.00015652	0.0001643608	0.00049239499	
S11000.tib_ant.KL               	1.2106333	1.2102588	0.0071917526	
S11000.tib_ant.L0               	0.72589519	0.72635424	0.0010867251	
S11000.tib_ant.KS               	0.036510003	0.035977654	0.00065547549	
S11111.tib_ant-soleus.KF        	-0.11094399	-0.1119055	0.0011299755	
S00111.soleus-tib_ant.KS        	-0.85156542	-0.82916849	0.014098024	
S00111.gastroc-tib_ant.KS       	-0.33153544	-0.34379405	0.011793478	
S11000.soleus-tib_ant.KS        	-3.273824	-3.2997821	0.016553967	
S11000.gastroc-tib_ant.KS       	-1.7168445	-1.7106016	0.013849754	
S00111.tib_ant-soleus.KS        	-0.00346517	-0.0031996207	0.10002157	
S00111.tib_ant-gastroc.KS       	-0.00395169	-0.0037808062	0.097434523	
S11000.tib_ant-soleus.KS        	-0.00313645	-0.0032714695	0.095772671	
S11000.tib_ant-gastroc.KS       	-0.00366451	-0.0034413839	0.095232682	
S00111.soleus.KL                	4.0278395	4.0093437	0.012325345	
S00111.soleus.L0                	0.98042903	0.97749733	0.0031174065	
S00111.soleus.KF                	0.2262192	0.22746414	0.0010153645	
S00111.soleus.KS                	0.16193756	0.1620897	0.0084452767	
S00111.gastroc.KL               	0.08315732	0.079868041	0.012230495	
S00111.gastroc.L0               	0.85336129	0.8630193	0.0055172801	
S00111.gastroc.KF               	1.4087324	1.4100357	0.00070212046	
S00111.gastroc.KS               	0.16049832	0.16281463	0.0058126318	
S11000.soleus.KL                	0.81671863	0.82150228	0.023429359	
S11000.soleus.L0                	0.9072803	0.91255544	0.0053413394	
S11000.soleus.KF                	-0.91998625	-0.90135813	0.021895296	
S11000.soleus.KS                	0.10811482	0.10672182	0.018117168	
S11000.gastroc.KL               	0.00925153	0.0089601732	0.0097190433	
S11000.gastroc.L0               	0.52622763	0.51744327	0.005719534	
S11000.gastroc.KF               	-1.8605055	-1.8620608	0.013660866	
S11000.gastroc.KS               	0.27414398	0.26980227	0.01192842	
S00011.vasti.KF                 	0.81036618	0.81106607	0.0029333318	
S00011.vasti.C0                 	0.084180087	0.084361281	0.00066076395	
S00011.vasti-knee_angle.pos_max 	-0.30608748	-0.30590826	0.001032502	
S00011.hamstrings-pelvis_tilt.KP	0.72809032	0.7290449	0.011443979	
S00011.hamstrings-pelvis_tilt.KV	0.56708233	0.56808223	0.00060662112	
S00011.hamstrings-pelvis_tilt.C0	0.025782275	0.027118525	0.0012334806	
S00011.glut_max-pelvis_tilt.KP  	1.4538715	1.4642854	0.0097773286	
S00011.glut_max-pelvis_tilt.KV  	0.31399327	0.31478343	0.00061349822	
S00011.glut_max-pelvis_tilt.C0  	0.15725823	0.15869844	0.0010339106	
S00011.iliopsoas-pelvis_tilt.KP 	-3.4508296	-3.4362657	0.016404013	
S00011.iliopsoas-pelvis_tilt.KV 	-0.5468717	-0.54673639	0.00074980123	
S00011.iliopsoas-pelvis_tilt.C0 	0.32031498	0.31703638	0.0016417074	
S00100.iliopsoas.C0             	0.33995361	0.34026142	0.00089268028	
S00100.glut_max.C0              	-0.02588599	-0.025259228	0.00065791716	
S11000.iliopsoas.KL             	0.56308261	0.56294945	0.00076387603	
S11000.iliopsoas.L0             	0.3906777	0.39002855	0.00084077129	
S11000.iliopsoas-pelvis_tilt.P0 	-0.045229208	-0.045333189	0.0006703037	
S11000.iliopsoas-pelvis_tilt.KP 	0.01196527	0.01125089	0.0039159325	
S11000.iliopsoas-pelvis_tilt.KV 	0.14786225	0.14704446	0.00079547978	
S11000.iliopsoas-hamstrings.KL  	-8.2904313	-8.3553844	0.027730614	
S11000.iliopsoas-hamstrings.L0  	1.1672307	1.167367	0.00062744304	
S11000.hamstrings.KF            	0.57873243	0.57926392	0.00060960596	
S11000.glut_max.KF              	0.61843821	0.61841072	0.00069562328	
