pelvis_tilt.offset              	0.024266929	0.024325944	0.00073881559	
hip_flexion_r.offset            	0.073167295	0.073627537	0.00070736661	
knee_angle_r.offset             	0.003098039	0.0043502734	0.0007668477	
ankle_angle_r.offset            	-0.058862483	-0.058718258	0.0010116236	
hip_flexion_l.offset            	-0.0035242776	-0.0037849192	0.0014256829	
knee_angle_l.offset             	0.057873323	0.057375504	0.0010878651	
ankle_angle_l.offset            	0.18289498	0.1834415	0.0010518579	
stance_load_threshold           	0.15455661	0.15247866	0.0011587656	
S00111.tib_ant.KL               	1.2401097	1.2625635	0.019005016	
S00111.tib_ant.L0               	0.7385029	0.74310645	0.0021255253	
S00111.tib_ant.KS               	0.000173	0.00016194633	0.00074155925	
S11000.tib_ant.KL               	1.2121988	1.2043312	0.010852783	
S11000.tib_ant.L0               	0.73015032	0.72965716	0.0015748544	
S11000.tib_ant.KS               	0.036342884	0.035684629	0.00097684798	
S11111.tib_ant-soleus.KF        	-0.11620972	-0.11455963	0.0016805188	
S00111.soleus-tib_ant.KS        	-0.88017226	-0.87253097	0.021185436	
S00111.gastroc-tib_ant.KS       	-0.35464143	-0.34029453	0.017745337	
S11000.soleus-tib_ant.KS        	-3.2082542	-3.219605	0.025278041	
S11000.gastroc-tib_ant.KS       	-1.7445603	-1.7556787	0.02124912	
S00111.tib_ant-soleus.KS        	-0.00313515	-0.0033618082	0.15063588	
S00111.tib_ant-gastroc.KS       	-0.00395169	-0.0038815109	0.1467397	
S11000.tib_ant-soleus.KS        	-0.0034666	-0.003268364	0.1442369	
S11000.tib_ant-gastroc.KS       	-0.00366451	-0.0035261755	0.14342365	
S00111.soleus.KL                	3.9757047	4.007569	0.018706662	
S00111.soleus.L0                	0.97587028	0.97819639	0.004776442	
S00111.soleus.KF                	0.22977102	0.23045178	0.0015580054	
S00111.soleus.KS                	0.14946728	0.15529402	0.012627036	
S00111.gastroc.KL               	0.07523758	0.078830115	0.018395654	
S00111.gastroc.L0               	0.83431718	0.82903872	0.0083482481	
S00111.gastroc.KF               	1.408804	1.4095421	0.0010572126	
S00111.gastroc.KS               	0.17739288	0.17396383	0.008749674	
S11000.soleus.KL                	0.77519418	0.8003641	0.034904918	
S11000.soleus.L0                	0.88065809	0.89166296	0.0080568878	
S11000.soleus.KF                	-0.93744168	-0.9153142	0.032702486	
S11000.soleus.KS                	0.11302564	0.1060487	0.027243992	
S11000.gastroc.KL               	0.00925153	0.0085821238	0.014636602	
S11000.gastroc.L0               	0.51719828	0.51737779	0.0086708824	
S11000.gastroc.KF               	-1.7931229	-1.8037867	0.020701414	
S11000.gastroc.KS               	0.26875681	0.26506055	0.017794013	
S00011.vasti.KF                 	0.83963967	0.83661629	0.0044648954	
S00011.vasti.C0                 	0.08171368	0.081435988	0.0010010224	
S00011.vasti-knee_angle.pos_max 	-0.31576696	-0.31547168	0.0015932125	
S00011.hamstrings-pelvis_tilt.KP	0.67099736	0.69739564	0.017393637	
S00011.hamstrings-pelvis_tilt.KV	0.57193132	0.57149986	0.00093213193	
S00011.hamstrings-pelvis_tilt.C0	0.02514159	0.026323814	0.0018411523	
S00011.glut_max-pelvis_tilt.KP  	1.4656648	1.4722613	0.01473397	
S00011.glut_max-pelvis_tilt.KV  	0.31543814	0.31716879	0.00092942646	
S00011.glut_max-pelvis_tilt.C0  	0.16295595	0.16224769	0.0015762526	
S00011.iliopsoas-pelvis_tilt.KP 	-3.6168208	-3.627684	0.024970246	
S00011.iliopsoas-pelvis_tilt.KV 	-0.54265323	-0.54304105	0.0011317361	
S00011.iliopsoas-pelvis_tilt.C0 	0.33700457	0.34133078	0.0025364472	
S00100.iliopsoas.C0             	0.34373608	0.3434716	0.0013550087	
S00100.glut_max.C0              	-0.024595827	-0.024857968	0.00098127316	
S11000.iliopsoas.KL             	0.56383292	0.56306494	0.0011381849	
S11000.iliopsoas.L0             	0.38250899	0.38384102	0.0013058363	
S11000.iliopsoas-pelvis_tilt.P0 	-0.043707624	-0.044256758	0.0010149653	
S11000.iliopsoas-pelvis_tilt.KP 	0.01082572	0.011335867	0.0058954607	
S11000.iliopsoas-pelvis_tilt.KV 	0.14561555	0.14424023	0.0011784979	
S11000.iliopsoas-hamstrings.KL  	-8.3761974	-8.3776764	0.041837944	
S11000.iliopsoas-hamstrings.L0  	1.1632771	1.1628929	0.0009608746	
S11000.hamstrings.KF            	0.58355777	0.58395953	0.00094947654	
S11000.glut_max.KF              	0.62229873	0.62252236	0.0010406496	
