pelvis_tilt.offset              	0.023675408	0.023687612	5.7818693e-05	
hip_flexion_r.offset            	0.074909905	0.075021707	5.6328854e-05	
knee_angle_r.offset             	0.0024948144	0.0025337282	6.1949249e-05	
ankle_angle_r.offset            	-0.058838908	-0.058745581	8.0187496e-05	
hip_flexion_l.offset            	-0.0069008812	-0.0067903123	0.00011626866	
knee_angle_l.offset             	0.055181284	0.055228926	8.9010797e-05	
ankle_angle_l.offset            	0.18281099	0.18286567	8.2424651e-05	
stance_load_threshold           	0.1532302	0.15335738	9.1601465e-05	
S00111.tib_ant.KL               	1.2762885	1.2730052	0.0015017949	
S00111.tib_ant.L0               	0.73781542	0.73774971	0.00017320645	
S00111.tib_ant.KS               	0.00015944634	0.00016532856	3.9200105e-05	
S11000.tib_ant.KL               	1.2188372	1.2186639	0.0008956366	
S11000.tib_ant.L0               	0.72725783	0.72721791	0.00012726895	
S11000.tib_ant.KS               	0.03547402	0.035566453	7.8036194e-05	
S11111.tib_ant-soleus.KF        	-0.11529108	-0.11520267	0.00013668652	
S00111.soleus-tib_ant.KS        	-0.87337802	-0.87364513	0.0016426762	
S00111.gastroc-tib_ant.KS       	-0.34093611	-0.33925081	0.0012731314	
S11000.soleus-tib_ant.KS        	-3.211223	-3.2100769	0.0020579572	
S11000.gastroc-tib_ant.KS       	-1.7348656	-1.7340607	0.0016966714	
S00111.tib_ant-soleus.KS        	-0.00346517	-0.0033091459	0.0079350894	
S00111.tib_ant-gastroc.KS       	-0.00395169	-0.0037191693	0.0077299409	
S11000.tib_ant-soleus.KS        	-0.0034666	-0.0033881283	0.007598025	
S11000.tib_ant-gastroc.KS       	-0.00366451	-0.0034529694	0.0075552239	
S00111.soleus.KL                	4.0024133	4.0034927	0.0014861987	
S00111.soleus.L0                	0.97548534	0.97508325	0.00037347996	
S00111.soleus.KF                	0.22779313	0.22776808	0.0001216262	
S00111.soleus.KS                	0.15846007	0.15771517	0.00094421311	
S00111.gastroc.KL               	0.075858426	0.077661677	0.0011845721	
S00111.gastroc.L0               	0.82783369	0.82750335	0.0006950377	
S00111.gastroc.KF               	1.4114605	1.4114558	8.585947e-05	
S00111.gastroc.KS               	0.17368198	0.17331754	0.00063800079	
S11000.soleus.KL                	0.82226501	0.81955138	0.0027222459	
S11000.soleus.L0                	0.88374339	0.88383301	0.00062917318	
S11000.soleus.KF                	-0.92437291	-0.92114642	0.0025387795	
S11000.soleus.KS                	0.10635398	0.10794603	0.0017769333	
S11000.gastroc.KL               	0.00925153	0.0088691831	0.00078715205	
S11000.gastroc.L0               	0.54695096	0.54550647	0.00071126952	
S11000.gastroc.KF               	-1.8235698	-1.825465	0.001645193	
S11000.gastroc.KS               	0.26022557	0.26376627	0.0013227461	
S00011.vasti.KF                 	0.84407636	0.84368949	0.00033831957	
S00011.vasti.C0                 	0.081576764	0.081675503	7.431765e-05	
S00011.vasti-knee_angle.pos_max 	-0.31865411	-0.31843855	0.00013578802	
S00011.hamstrings-pelvis_tilt.KP	0.67829724	0.67882541	0.0013779251	
S00011.hamstrings-pelvis_tilt.KV	0.57275066	0.57280881	7.520925e-05	
S00011.hamstrings-pelvis_tilt.C0	0.025658227	0.025680541	0.00014158915	
S00011.glut_max-pelvis_tilt.KP  	1.450275	1.4506394	0.0012346997	
S00011.glut_max-pelvis_tilt.KV  	0.31751106	0.31755503	7.3640203e-05	
S00011.glut_max-pelvis_tilt.C0  	0.16547634	0.16558332	0.00012381178	
S00011.iliopsoas-pelvis_tilt.KP 	-3.6210402	-3.6205457	0.0019579676	
S00011.iliopsoas-pelvis_tilt.KV 	-0.5482334	-0.54819776	9.6022965e-05	
S00011.iliopsoas-pelvis_tilt.C0 	0.33916402	0.33914743	0.00019619389	
S00100.iliopsoas.C0             	0.34583329	0.34585159	0.00011084795	
S00100.glut_max.C0              	-0.0241008	-0.024094911	7.7336866e-05	
S11000.iliopsoas.KL             	0.56351812	0.56354279	9.1753218e-05	
S11000.iliopsoas.L0             	0.38090363	0.3808793	0.00010794288	
S11000.iliopsoas-pelvis_tilt.P0 	-0.043838181	-0.043772976	7.938925e-05	
S11000.iliopsoas-pelvis_tilt.KP 	0.011933287	0.011648784	0.00034397444	
S11000.iliopsoas-pelvis_tilt.KV 	0.14273481	0.14285997	9.5844134e-05	
S11000.iliopsoas-hamstrings.KL  	-8.512146	-8.5079305	0.0034694997	
S11000.iliopsoas-hamstrings.L0  	1.1640147	1.1640117	7.5315287e-05	
S11000.hamstrings.KF            	0.58392918	0.58388125	7.688259e-05	
S11000.glut_max.KF              	0.62615576	0.62616467	8.8307316e-05	
