pelvis_tilt.offset              	0.023681677	0.023663988	3.1925617e-05	
hip_flexion_r.offset            	0.074943036	0.074928863	3.1035234e-05	
knee_angle_r.offset             	0.0025038611	0.0025224037	3.4337861e-05	
ankle_angle_r.offset            	-0.058797864	-0.058785783	4.3505882e-05	
hip_flexion_l.offset            	-0.006754746	-0.0067748473	6.3255233e-05	
knee_angle_l.offset             	0.055266033	0.055277519	4.8787298e-05	
ankle_angle_l.offset            	0.18272218	0.18273581	4.5309013e-05	
stance_load_threshold           	0.15329448	0.15328103	5.0737805e-05	
S00111.tib_ant.KL               	1.2724774	1.2721163	0.00082045014	
S00111.tib_ant.L0               	0.73774932	0.73772511	9.458339e-05	
S00111.tib_ant.KS               	0.000173	0.0001645679	1.9531247e-05	
S11000.tib_ant.KL               	1.2162186	1.216895	0.00049430232	
S11000.tib_ant.L0               	0.72700301	0.72703036	7.0510525e-05	
S11000.tib_ant.KS               	0.035536561	0.03552677	4.2880953e-05	
S11111.tib_ant-soleus.KF        	-0.11492822	-0.11507842	7.550584e-05	
S00111.soleus-tib_ant.KS        	-0.87138001	-0.87233115	0.00090352866	
S00111.gastroc-tib_ant.KS       	-0.33973069	-0.33964807	0.00069989344	
S11000.soleus-tib_ant.KS        	-3.2106905	-3.2107118	0.001134337	
S11000.gastroc-tib_ant.KS       	-1.7337935	-1.7349185	0.00092635212	
S00111.tib_ant-soleus.KS        	-0.00313515	-0.0032865619	0.003920019	
S00111.tib_ant-gastroc.KS       	-0.00395169	-0.0037261009	0.0038188059	
S11000.tib_ant-soleus.KS        	-0.0034666	-0.0032246465	0.0037535235	
S11000.tib_ant-gastroc.KS       	-0.00331551	-0.0035048042	0.0037324536	
S00111.soleus.KL                	3.9988815	3.998395	0.00082730934	
S00111.soleus.L0                	0.97439364	0.97455451	0.00020599504	
S00111.soleus.KF                	0.2277006	0.22771038	6.6622378e-05	
S00111.soleus.KS                	0.15886744	0.1586373	0.00052045701	
S00111.gastroc.KL               	0.078836246	0.077822577	0.00065093347	
S00111.gastroc.L0               	0.82671776	0.82612459	0.00039406159	
S00111.gastroc.KF               	1.4116452	1.4115817	4.7280694e-05	
S00111.gastroc.KS               	0.17213455	0.17208113	0.00034702028	
S11000.soleus.KL                	0.82316676	0.82388422	0.0014976325	
S11000.soleus.L0                	0.88363002	0.88396218	0.00034203621	
S11000.soleus.KF                	-0.91395531	-0.91640838	0.001396128	
S11000.soleus.KS                	0.10331065	0.10486756	0.00097242143	
S11000.gastroc.KL               	0.00837043	0.0087842964	0.0004037812	
S11000.gastroc.L0               	0.5487503	0.54873836	0.00040502695	
S11000.gastroc.KF               	-1.8270862	-1.8268898	0.00089939133	
S11000.gastroc.KS               	0.26109621	0.25977289	0.00072364575	
S00011.vasti.KF                 	0.84338875	0.84396633	0.00018648344	
S00011.vasti.C0                 	0.08146194	0.08146578	4.1323166e-05	
S00011.vasti-knee_angle.pos_max 	-0.31807291	-0.31828053	7.5054687e-05	
S00011.hamstrings-pelvis_tilt.KP	0.67965261	0.68179193	0.00076732379	
S00011.hamstrings-pelvis_tilt.KV	0.57271129	0.57271657	4.1551647e-05	
S00011.hamstrings-pelvis_tilt.C0	0.02578378	0.025819344	7.8043677e-05	
S00011.glut_max-pelvis_tilt.KP  	1.4485953	1.4480196	0.00067868794	
S00011.glut_max-pelvis_tilt.KV  	0.31750463	0.31746692	4.0481735e-05	
S00011.glut_max-pelvis_tilt.C0  	0.16560421	0.16562989	6.7699391e-05	
S00011.iliopsoas-pelvis_tilt.KP 	-3.6186961	-3.6168239	0.0010700703	
S00011.iliopsoas-pelvis_tilt.KV 	-0.54815614	-0.54816649	5.2776806e-05	
S00011.iliopsoas-pelvis_tilt.C0 	0.3392196	0.33911636	0.00010752136	
S00100.iliopsoas.C0             	0.3459669	0.34590102	6.1668343e-05	
S00100.glut_max.C0              	-0.024077051	-0.024086221	4.2972811e-05	
S11000.iliopsoas.KL             	0.56346537	0.56357487	5.0222395e-05	
S11000.iliopsoas.L0             	0.38094748	0.38093675	5.8799213e-05	
S11000.iliopsoas-pelvis_tilt.P0 	-0.043724121	-0.043715062	4.3476953e-05	
S11000.iliopsoas-pelvis_tilt.KP 	0.01142615	0.011389107	0.00018888718	
S11000.iliopsoas-pelvis_tilt.KV 	0.14299836	0.14296642	5.2941698e-05	
S11000.iliopsoas-hamstrings.KL  	-8.5135964	-8.5109305	0.0019335366	
S11000.iliopsoas-hamstrings.L0  	1.1640783	1.1641075	4.1591114e-05	
S11000.hamstrings.KF            	0.58377498	0.58386847	4.1826867e-05	
S11000.glut_max.KF              	0.62612644	0.62617166	4.8609501e-05	
