pelvis_tilt.offset              	0.023646656	0.023690556	2.286146e-05	
hip_flexion_r.offset            	0.074903392	0.074947217	2.268664e-05	
knee_angle_r.offset             	0.0024937457	0.002457764	2.5072896e-05	
ankle_angle_r.offset            	-0.058742176	-0.058732783	3.1320706e-05	
hip_flexion_l.offset            	-0.0067466695	-0.0067735041	4.5663922e-05	
knee_angle_l.offset             	0.055171836	0.055164964	3.5852685e-05	
ankle_angle_l.offset            	0.18269923	0.18262295	3.3475394e-05	
stance_load_threshold           	0.15329042	0.15332403	3.6835173e-05	
S00111.tib_ant.KL               	1.2731596	1.2742309	0.00059977083	
S00111.tib_ant.L0               	0.73769715	0.73772804	6.8465317e-05	
S00111.tib_ant.KS               	0.00016326667	0.00016245755	1.338421e-05	
S11000.tib_ant.KL               	1.2172199	1.216968	0.00036202055	
S11000.tib_ant.L0               	0.72685602	0.72691524	5.1858027e-05	
S11000.tib_ant.KS               	0.035582295	0.035551897	3.09857e-05	
S11111.tib_ant-soleus.KF        	-0.11485439	-0.11482445	5.5419511e-05	
S00111.soleus-tib_ant.KS        	-0.8718999	-0.87182	0.00064957975	
S00111.gastroc-tib_ant.KS       	-0.340055	-0.33971899	0.00050417763	
S11000.soleus-tib_ant.KS        	-3.2094056	-3.2096555	0.00081785725	
S11000.gastroc-tib_ant.KS       	-1.7341791	-1.7342334	0.00067075814	
S00111.tib_ant-soleus.KS        	-0.00346517	-0.0033171049	0.0026435364	
S00111.tib_ant-gastroc.KS       	-0.00357534	-0.0037619589	0.0025754776	
S11000.tib_ant-soleus.KS        	-0.0034666	-0.0033331061	0.0025313136	
S11000.tib_ant-gastroc.KS       	-0.00366451	-0.003443041	0.0025171713	
S00111.soleus.KL                	4.0001205	4.0006624	0.00060106605	
S00111.soleus.L0                	0.97462772	0.974456	0.00014948168	
S00111.soleus.KF                	0.22774801	0.2276705	4.8085656e-05	
S00111.soleus.KS                	0.15822686	0.15880011	0.00037679154	
S00111.gastroc.KL               	0.07894819	0.078923633	0.00047667537	
S00111.gastroc.L0               	0.82702927	0.82662441	0.00028871286	
S00111.gastroc.KF               	1.4115595	1.4116113	3.4251036e-05	
S00111.gastroc.KS               	0.17234439	0.17211913	0.00025149552	
S11000.soleus.KL                	0.82584243	0.82347479	0.0010807597	
S11000.soleus.L0                	0.88306748	0.88311773	0.00025047164	
S11000.soleus.KF                	-0.91646474	-0.91730847	0.0010104644	
S11000.soleus.KS                	0.10574256	0.10579579	0.00071429402	
S11000.gastroc.KL               	0.008551743	0.0089354639	0.00028500104	
S11000.gastroc.L0               	0.5488779	0.54864962	0.00029755167	
S11000.gastroc.KF               	-1.8254885	-1.8264378	0.00065359956	
S11000.gastroc.KS               	0.26172879	0.26186578	0.00052416854	
S00011.vasti.KF                 	0.84360035	0.84377969	0.00013518607	
S00011.vasti.C0                 	0.081458506	0.081426171	3.0288367e-05	
S00011.vasti-knee_angle.pos_max 	-0.31817083	-0.31821688	5.4581605e-05	
S00011.hamstrings-pelvis_tilt.KP	0.68120742	0.68142695	0.00055573765	
S00011.hamstrings-pelvis_tilt.KV	0.57274893	0.57273255	2.9964269e-05	
S00011.hamstrings-pelvis_tilt.C0	0.0257299	0.025789849	5.6932164e-05	
S00011.glut_max-pelvis_tilt.KP  	1.4478344	1.4483401	0.00049224038	
S00011.glut_max-pelvis_tilt.KV  	0.31756872	0.31756472	2.9724278e-05	
S00011.glut_max-pelvis_tilt.C0  	0.16563796	0.16570182	4.8635292e-05	
S00011.iliopsoas-pelvis_tilt.KP 	-3.6163951	-3.6157813	0.0007769072	
S00011.iliopsoas-pelvis_tilt.KV 	-0.54824082	-0.54823837	3.8413437e-05	
S00011.iliopsoas-pelvis_tilt.C0 	0.3393138	0.33921806	7.8182614e-05	
S00100.iliopsoas.C0             	0.34581964	0.34586172	4.5111637e-05	
S00100.glut_max.C0              	-0.024089912	-0.024124343	3.1266169e-05	
S11000.iliopsoas.KL             	0.56345153	0.56343758	3.6756786e-05	
S11000.iliopsoas.L0             	0.38100636	0.38093756	4.2679913e-05	
S11000.iliopsoas-pelvis_tilt.P0 	-0.043667009	-0.043691523	3.141639e-05	
S11000.iliopsoas-pelvis_tilt.KP 	0.011501091	0.011549219	0.00013588398	
S11000.iliopsoas-pelvis_tilt.KV 	0.14292514	0.14295839	3.853623e-05	
S11000.iliopsoas-hamstrings.KL  	-8.5155698	-8.5154567	0.00141205	
S11000.iliopsoas-hamstrings.L0  	1.1640597	1.1641019	3.018225e-05	
S11000.hamstrings.KF            	0.58382416	0.5838454	3.0521673e-05	
S11000.glut_max.KF              	0.62608935	0.62613027	3.5639501e-05	
