pelvis_tilt.offset              	0.023285489	0.023256453	2.85627e-05	
hip_flexion_r.offset            	0.068579514	0.068568925	2.6793108e-05	
knee_angle_r.offset             	0.0010117623	0.0009375675	3.2249005e-05	
ankle_angle_r.offset            	-0.055554728	-0.055497652	4.0117764e-05	
hip_flexion_l.offset            	-0.00051340659	-0.00060075072	5.6092944e-05	
knee_angle_l.offset             	0.055332438	0.055379849	4.3071516e-05	
ankle_angle_l.offset            	0.18646143	0.18651744	4.1441167e-05	
stance_load_threshold           	0.15698641	0.15693519	4.6706121e-05	
S00111.tib_ant.KL               	1.207839	1.208699	0.0007293916	
S00111.tib_ant.L0               	0.75363479	0.75365872	7.5969012e-05	
S00111.tib_ant.KS               	0.000173	0.00016422078	1.3706961e-05	
S11000.tib_ant.KL               	1.2029916	1.2025807	0.00041053213	
S11000.tib_ant.L0               	0.73695663	0.73698626	5.8280227e-05	
S11000.tib_ant.KS               	0.036905319	0.03690101	3.9526982e-05	
S11111.tib_ant-soleus.KF        	-0.10975059	-0.10965718	6.8762392e-05	
S00111.soleus-tib_ant.KS        	-0.87914858	-0.87976062	0.00076805592	
S11000.soleus-tib_ant.KS        	-3.3470983	-3.3451405	0.00098035577	
S00111.gastroc-tib_ant.KS       	-0.33866334	-0.3382718	0.00061477521	
S11000.gastroc-tib_ant.KS       	-1.6866512	-1.6871515	0.00087444152	
S00111.tib_ant-gastroc.KS       	-0.00395169	-0.0037240064	0.0026254464	
S11000.tib_ant-gastroc.KS       	-0.00366451	-0.0035053684	0.0025659676	
S00111.tib_ant-soleus.KS        	-0.00346517	-0.0033104045	0.0026947138	
S11000.tib_ant-soleus.KS        	-0.00313645	-0.0033140848	0.0025803938	
S00111.gastroc.KL               	0.079930044	0.080095071	0.00055229085	
S00111.gastroc.L0               	0.8157881	0.81612999	0.00032351962	
S00111.gastroc.KF               	1.4102294	1.410255	3.9067583e-05	
S00111.soleus.KL                	4.000351	4.0008435	0.00075565297	
S00111.soleus.L0                	0.96422968	0.9643368	0.00018114793	
S00111.soleus.KF                	0.23116195	0.23116995	6.2308764e-05	
S11000.gastroc.KL               	0.0086140471	0.0087281712	0.0003006194	
S11000.gastroc.L0               	0.5461123	0.54576116	0.00033217159	
S11000.gastroc.KF               	-1.825187	-1.8244828	0.00081044688	
S11000.soleus.KL                	0.8186692	0.81992383	0.0013906024	
S11000.soleus.L0                	0.92562823	0.92505254	0.00033392214	
S11000.soleus.KF                	-0.94224835	-0.94201779	0.0012440753	
S00011.vasti.KF                 	0.82848948	0.82811202	0.00017535171	
S00011.vasti.C0                 	0.080830363	0.08081792	3.775389e-05	
S00011.vasti-knee_angle.pos_max 	-0.30428483	-0.30424872	6.0816215e-05	
S00011.hamstrings-pelvis_tilt.KP	0.73061061	0.73029247	0.00076207372	
S00011.hamstrings-pelvis_tilt.KV	0.57298491	0.57297703	3.8430275e-05	
S00011.hamstrings-pelvis_tilt.C0	0.026837035	0.026936497	6.5344965e-05	
S00011.glut_max-pelvis_tilt.KP  	1.4592119	1.4590372	0.0005580099	
S00011.glut_max-pelvis_tilt.KV  	0.31145189	0.31145084	3.7196871e-05	
S00011.glut_max-pelvis_tilt.C0  	0.15533889	0.15528885	5.9104244e-05	
S00011.iliopsoas-pelvis_tilt.KP 	-3.4657683	-3.466089	0.00098568015	
S00011.iliopsoas-pelvis_tilt.KV 	-0.54639525	-0.54638265	4.3927436e-05	
S00011.iliopsoas-pelvis_tilt.C0 	0.33966312	0.33980001	9.8989246e-05	
S00100.iliopsoas.C0             	0.33295699	0.33287107	5.4600189e-05	
S00100.glut_max.C0              	-0.023528922	-0.023550931	3.7531846e-05	
S11000.iliopsoas.KL             	0.56523793	0.56523257	4.5289485e-05	
S11000.iliopsoas.L0             	0.38383446	0.38383143	5.2598114e-05	
S11000.iliopsoas-pelvis_tilt.P0 	-0.045022983	-0.044999061	3.8861995e-05	
S11000.iliopsoas-pelvis_tilt.KP 	0.011160402	0.0111639	0.00015663291	
S11000.iliopsoas-pelvis_tilt.KV 	0.14094865	0.14092823	4.5490868e-05	
S11000.iliopsoas-hamstrings.KL  	-8.0591514	-8.060665	0.0016303584	
S11000.iliopsoas-hamstrings.L0  	1.1656942	1.1656641	3.7386053e-05	
S11000.hamstrings.KF            	0.57751116	0.57750756	3.7088523e-05	
S11000.glut_max.KF              	0.6215317	0.62152246	4.184013e-05	
