pelvis_tilt.offset              	0.018590693	0.021064908	0.0012749092	
hip_flexion_r.offset            	0.068508013	0.069724292	0.0011995704	
knee_angle_r.offset             	0.0010193584	0.00082245616	0.0013152856	
ankle_angle_r.offset            	-0.058181349	-0.056624334	0.001710467	
hip_flexion_l.offset            	-0.013822111	-0.00990676	0.002437885	
knee_angle_l.offset             	0.060698393	0.057386711	0.001877126	
ankle_angle_l.offset            	0.19183455	0.18854832	0.0017919205	
stance_load_threshold           	0.15212936	0.15298522	0.0019667429	
S00111.tib_ant.KL               	1.229241	1.2474843	0.032670286	
S00111.tib_ant.L0               	0.76214655	0.76388599	0.0035063923	
S00111.tib_ant.KS               	0.00015652	0.0001633303	0.0014147524	
S11000.tib_ant.KL               	1.1677162	1.1883878	0.018568558	
S11000.tib_ant.L0               	0.73641612	0.73497365	0.0027222523	
S11000.tib_ant.KS               	0.035029374	0.035382163	0.001732221	
S11111.tib_ant-soleus.KF        	-0.1080887	-0.10985718	0.0029468048	
S00111.soleus-tib_ant.KS        	-0.89402901	-0.84921185	0.037615858	
S11000.soleus-tib_ant.KS        	-3.3583567	-3.3154664	0.043289294	
S00111.gastroc-tib_ant.KS       	-0.32171493	-0.33048874	0.032750065	
S11000.gastroc-tib_ant.KS       	-1.66346	-1.6713226	0.03626794	
S00111.tib_ant-gastroc.KS       	-0.00357534	-0.0037338408	0.27995354	
S11000.tib_ant-gastroc.KS       	-0.00331551	-0.00348861	0.27362711	
S00111.tib_ant-soleus.KS        	-0.00313515	-0.0033400228	0.28738677	
S11000.tib_ant-soleus.KS        	-0.00313645	-0.0032679928	0.27517863	
S00111.gastroc.KL               	0.08315732	0.078853823	0.034991762	
S00111.gastroc.L0               	0.82974755	0.83961385	0.01432454	
S00111.gastroc.KS               	0.17739288	0.17091497	0.016179222	
S00111.soleus.KL                	4.0661983	4.0296653	0.031921433	
S00111.soleus.L0                	0.95953984	0.96870197	0.008215745	
S00111.soleus.KS                	0.16448776	0.15300084	0.023632491	
S11000.gastroc.KL               	0.00837043	0.0089094861	0.027922408	
S11000.gastroc.L0               	0.50210489	0.52518175	0.015109833	
S11000.gastroc.KF               	-1.8143826	-1.7924968	0.03565939	
S11000.gastroc.KS               	0.27887874	0.27413903	0.033065625	
S11000.soleus.KL                	0.80055562	0.79697832	0.063442252	
S11000.soleus.L0                	0.88304197	0.90617791	0.013891017	
S11000.soleus.KF                	-0.95885434	-0.90385447	0.058944401	
S11000.soleus.KS                	0.1022613	0.10880048	0.05184693	
S00011.vasti.KF                 	0.81826079	0.82172707	0.0077658741	
S00011.vasti.C0                 	0.081991807	0.083172639	0.0017541997	
S00011.vasti-knee_angle.pos_max 	-0.30536832	-0.30403069	0.0026919285	
S00011.hamstrings-pelvis_tilt.KP	0.67099736	0.69368662	0.030944764	
S00011.hamstrings-pelvis_tilt.KV	0.56768041	0.5659331	0.0015620996	
S00011.hamstrings-pelvis_tilt.C0	0.02514159	0.026138044	0.0034336131	
S00011.glut_max-pelvis_tilt.KP  	1.4700347	1.4936819	0.025401993	
S00011.glut_max-pelvis_tilt.KV  	0.31460256	0.31258219	0.0015919782	
S00011.glut_max-pelvis_tilt.C0  	0.15630597	0.1586233	0.0026846405	
S00011.iliopsoas-pelvis_tilt.KP 	-3.5742852	-3.5067704	0.042755668	
S00011.iliopsoas-pelvis_tilt.KV 	-0.54205985	-0.54199364	0.0019588547	
S00011.iliopsoas-pelvis_tilt.C0 	0.33807283	0.3329893	0.0042318379	
S00100.iliopsoas.C0             	0.33343163	0.33678447	0.0023055134	
S00100.glut_max.C0              	-0.024033998	-0.025028912	0.0017784646	
S11000.iliopsoas.KL             	0.56278577	0.56309704	0.0019813085	
S11000.iliopsoas.L0             	0.39285126	0.39163995	0.0021865962	
S11000.iliopsoas-pelvis_tilt.P0 	-0.045261298	-0.044257692	0.001764786	
S11000.iliopsoas-pelvis_tilt.KP 	0.01082572	0.011323756	0.011240187	
S11000.iliopsoas-pelvis_tilt.KV 	0.14452311	0.14451565	0.002033412	
S11000.iliopsoas-hamstrings.KL  	-8.1939066	-8.2325162	0.071647343	
S11000.iliopsoas-hamstrings.L0  	1.1663239	1.1668657	0.0016366673	
S11000.hamstrings.KF            	0.57745114	0.57536207	0.0015725019	
S11000.glut_max.KF              	0.61903166	0.62043553	0.001789558	
