pelvis_tilt.offset              	0.021764007	0.021529888	0.00042043546	
hip_flexion_r.offset            	0.072299694	0.072596923	0.00040863118	
knee_angle_r.offset             	0.0018445969	0.0018114149	0.00043676557	
ankle_angle_r.offset            	-0.055263309	-0.053789496	0.00057663903	
hip_flexion_l.offset            	-0.010583669	-0.011339551	0.00082402998	
knee_angle_l.offset             	0.061801927	0.060968477	0.00063008742	
ankle_angle_l.offset            	0.18668813	0.18793546	0.00060144846	
stance_load_threshold           	0.15455612	0.15433017	0.00066762273	
S00111.tib_ant.KL               	1.2488042	1.2408945	0.010859258	
S00111.tib_ant.L0               	0.76950169	0.76647262	0.0011619105	
S00111.tib_ant.KS               	0.00015652	0.00016540795	0.0004260579	
S11000.tib_ant.KL               	1.1994939	1.2145738	0.0063199223	
S11000.tib_ant.L0               	0.73169682	0.73100686	0.00092413872	
S11000.tib_ant.KS               	0.036958775	0.035806978	0.00057361562	
S11111.tib_ant-soleus.KF        	-0.11009459	-0.10818906	0.00098899347	
S00111.soleus-tib_ant.KS        	-0.84357905	-0.83586115	0.012293022	
S11000.soleus-tib_ant.KS        	-3.3534336	-3.3383915	0.014549117	
S00111.gastroc-tib_ant.KS       	-0.33076061	-0.32964602	0.010144401	
S11000.gastroc-tib_ant.KS       	-1.637332	-1.6580377	0.012142562	
S00111.tib_ant-gastroc.KS       	-0.00357534	-0.0037132763	0.084307514	
S11000.tib_ant-gastroc.KS       	-0.00366451	-0.0034914513	0.08240232	
S00111.tib_ant-soleus.KS        	-0.00313515	-0.0032361154	0.086546015	
S11000.tib_ant-soleus.KS        	-0.0034666	-0.0033208968	0.082869558	
S00111.gastroc.KL               	0.07523758	0.07884268	0.010598396	
S00111.gastroc.L0               	0.83255412	0.82186478	0.0047817878	
S00111.gastroc.KS               	0.17133451	0.17133295	0.0050339656	
S00111.soleus.KL                	3.9694842	3.9821529	0.010750523	
S00111.soleus.L0                	0.96350794	0.96990947	0.002675473	
S00111.soleus.KS                	0.14951636	0.15642063	0.0073278878	
S11000.gastroc.KL               	0.00837043	0.0089136362	0.0084098621	
S11000.gastroc.L0               	0.54989184	0.54410802	0.0050350381	
S11000.gastroc.KF               	-1.8212258	-1.8057975	0.011993438	
S11000.gastroc.KS               	0.25709698	0.26371606	0.010384048	
S11000.soleus.KL                	0.78304939	0.82381151	0.020265271	
S11000.soleus.L0                	0.91346729	0.91977899	0.0046531675	
S11000.soleus.KF                	-0.89316785	-0.8992833	0.019131312	
S11000.soleus.KS                	0.10274232	0.1080933	0.015688235	
S00011.vasti.KF                 	0.8242024	0.82637635	0.0025385185	
S00011.vasti.C0                 	0.080364242	0.080310143	0.0005598239	
S00011.vasti-knee_angle.pos_max 	-0.30129984	-0.30134393	0.00091204707	
S00011.hamstrings-pelvis_tilt.KP	0.71279848	0.70676927	0.010129203	
S00011.hamstrings-pelvis_tilt.KV	0.56400292	0.56343569	0.00052684985	
S00011.hamstrings-pelvis_tilt.C0	0.025995789	0.026753283	0.0010760379	
S00011.glut_max-pelvis_tilt.KP  	1.4969972	1.4919295	0.0085419183	
S00011.glut_max-pelvis_tilt.KV  	0.31389739	0.31393508	0.00053260911	
S00011.glut_max-pelvis_tilt.C0  	0.16248235	0.16232879	0.00089812814	
S00011.iliopsoas-pelvis_tilt.KP 	-3.5551914	-3.5765962	0.0145476	
S00011.iliopsoas-pelvis_tilt.KV 	-0.5422723	-0.54161528	0.00066086949	
S00011.iliopsoas-pelvis_tilt.C0 	0.34199579	0.34011225	0.0014156225	
S00100.iliopsoas.C0             	0.33692654	0.33577577	0.00077305058	
S00100.glut_max.C0              	-0.024745897	-0.024813246	0.00057476881	
S11000.iliopsoas.KL             	0.56571258	0.56591625	0.00066274337	
S11000.iliopsoas.L0             	0.39164562	0.39148269	0.00073502953	
S11000.iliopsoas-pelvis_tilt.P0 	-0.045523054	-0.045544553	0.0005741559	
S11000.iliopsoas-pelvis_tilt.KP 	0.01082572	0.011451488	0.0033892489	
S11000.iliopsoas-pelvis_tilt.KV 	0.14514009	0.1444728	0.0006831965	
S11000.iliopsoas-hamstrings.KL  	-8.0087119	-7.9938995	0.024869916	
S11000.iliopsoas-hamstrings.L0  	1.1672635	1.1666421	0.00054100935	
S11000.hamstrings.KF            	0.57367445	0.57396091	0.00053094411	
S11000.glut_max.KF              	0.62073666	0.62138847	0.0006080092	
