pelvis_tilt.offset              	0.025911388	0.024027874	0.0010408067	
hip_flexion_r.offset            	0.067003375	0.068049339	0.00097935417	
knee_angle_r.offset             	0.002414842	0.0026371665	0.0010723477	
ankle_angle_r.offset            	-0.057398402	-0.058102792	0.0014029767	
hip_flexion_l.offset            	-0.0017860664	-0.0018970198	0.0019930127	
knee_angle_l.offset             	0.059189517	0.058576758	0.0015401924	
ankle_angle_l.offset            	0.18403634	0.18600318	0.0014676956	
stance_load_threshold           	0.15153803	0.15111624	0.0016203604	
S00111.tib_ant.KL               	1.2905559	1.2253741	0.026710437	
S00111.tib_ant.L0               	0.75837521	0.76040264	0.0028834109	
S00111.tib_ant.KS               	0.00015652	0.00016193436	0.0011326624	
S11000.tib_ant.KL               	1.2150272	1.2176304	0.015168939	
S11000.tib_ant.L0               	0.73947712	0.73648328	0.0022147716	
S11000.tib_ant.KS               	0.036907193	0.035883489	0.0014001279	
S11111.tib_ant-soleus.KF        	-0.1134035	-0.11271901	0.0023995013	
S00111.soleus-tib_ant.KS        	-0.88313415	-0.84409607	0.03050241	
S00111.gastroc-tib_ant.KS       	-0.32200152	-0.3378465	0.026323366	
S11000.soleus-tib_ant.KS        	-3.2069105	-3.2553239	0.035129691	
S11000.gastroc-tib_ant.KS       	-1.6493715	-1.6581879	0.02947231	
S00111.tib_ant-soleus.KS        	-0.00346517	-0.003292336	0.23008402	
S00111.tib_ant-gastroc.KS       	-0.00357534	-0.0037584687	0.22413291	
S11000.tib_ant-soleus.KS        	-0.00313645	-0.003279549	0.22031009	
S11000.tib_ant-gastroc.KS       	-0.00366451	-0.0034870967	0.21906793	
S00111.soleus.KL                	3.9900163	4.0271585	0.026197946	
S00111.soleus.L0                	0.9689352	0.96561853	0.0066811881	
S00111.soleus.KF                	0.23178816	0.23166206	0.0021672377	
S00111.soleus.KS                	0.16520068	0.1536182	0.018966609	
S00111.gastroc.KL               	0.08315732	0.077848522	0.028021731	
S00111.gastroc.L0               	0.83997999	0.858966	0.011744078	
S00111.gastroc.KF               	1.4138724	1.4115282	0.0014931355	
S00111.gastroc.KS               	0.16049832	0.16708995	0.013006615	
S11000.soleus.KL                	0.76235452	0.80427804	0.051096247	
S11000.soleus.L0                	0.90813201	0.91099354	0.011326679	
S11000.soleus.KF                	-0.86753488	-0.90444799	0.047568821	
S11000.soleus.KS                	0.1022613	0.10542088	0.041518405	
S11000.gastroc.KL               	0.00925153	0.0088509566	0.022355023	
S11000.gastroc.L0               	0.5127901	0.51086677	0.012242839	
S11000.gastroc.KF               	-1.9071362	-1.8711774	0.02890988	
S11000.gastroc.KS               	0.27887874	0.2701501	0.026545086	
S00011.vasti.KF                 	0.80498861	0.80826403	0.0063615518	
S00011.vasti.C0                 	0.081279469	0.080354413	0.0014259424	
S00011.vasti-knee_angle.pos_max 	-0.30666701	-0.30468284	0.0021935122	
S00011.hamstrings-pelvis_tilt.KP	0.74010936	0.71784912	0.02507213	
S00011.hamstrings-pelvis_tilt.KV	0.56703777	0.56687885	0.0012777203	
S00011.hamstrings-pelvis_tilt.C0	0.027454421	0.026369621	0.0027555244	
S00011.glut_max-pelvis_tilt.KP  	1.4682824	1.4590674	0.020838018	
S00011.glut_max-pelvis_tilt.KV  	0.31468693	0.31442521	0.0013005893	
S00011.glut_max-pelvis_tilt.C0  	0.15734068	0.15969622	0.0021834473	
S00011.iliopsoas-pelvis_tilt.KP 	-3.4561193	-3.4768435	0.034842464	
S00011.iliopsoas-pelvis_tilt.KV 	-0.5431922	-0.54301616	0.0015991091	
S00011.iliopsoas-pelvis_tilt.C0 	0.33119781	0.33549319	0.0034371393	
S00100.iliopsoas.C0             	0.3384683	0.33959888	0.0018793993	
S00100.glut_max.C0              	-0.023821087	-0.025015871	0.0014339815	
S11000.iliopsoas.KL             	0.55866968	0.55852805	0.0016119642	
S11000.iliopsoas.L0             	0.39280954	0.39015109	0.0017940418	
S11000.iliopsoas-pelvis_tilt.P0 	-0.04641831	-0.044333953	0.0014328591	
S11000.iliopsoas-pelvis_tilt.KP 	0.01196527	0.011459501	0.0089994924	
S11000.iliopsoas-pelvis_tilt.KV 	0.14958062	0.14805684	0.0016699114	
S11000.iliopsoas-hamstrings.KL  	-8.083833	-8.2035168	0.058580329	
S11000.iliopsoas-hamstrings.L0  	1.1680534	1.1683575	0.0013429503	
S11000.hamstrings.KF            	0.57576824	0.57565796	0.0012825678	
S11000.glut_max.KF              	0.62047618	0.62229015	0.0014592485	
