pelvis_tilt.offset              	0.026144555	0.025930466	0.00075073062	
hip_flexion_r.offset            	0.068525772	0.068412495	0.00069115485	
knee_angle_r.offset             	0.0036685132	0.0037527171	0.00076096513	
ankle_angle_r.offset            	-0.062406509	-0.06138223	0.0010060851	
hip_flexion_l.offset            	0.0010310957	-0.0018628951	0.001417106	
knee_angle_l.offset             	0.057389002	0.057787547	0.0010892259	
ankle_angle_l.offset            	0.18623706	0.18516362	0.0010439269	
stance_load_threshold           	0.15220196	0.15177095	0.0011523823	
S00111.tib_ant.KL               	1.2911807	1.2614346	0.01893854	
S00111.tib_ant.L0               	0.7560909	0.7590793	0.0020413342	
S00111.tib_ant.KS               	0.000173	0.00016317084	0.00077536913	
S11000.tib_ant.KL               	1.236815	1.22691	0.010804325	
S11000.tib_ant.L0               	0.73046773	0.73227421	0.0015891706	
S11000.tib_ant.KS               	0.035378971	0.034945462	0.00098297119	
S11111.tib_ant-soleus.KF        	-0.11219479	-0.11192737	0.0016935169	
S00111.soleus-tib_ant.KS        	-0.8563986	-0.84342403	0.02141605	
S00111.gastroc-tib_ant.KS       	-0.32171493	-0.33207537	0.018232038	
S11000.soleus-tib_ant.KS        	-3.2460666	-3.236884	0.024853382	
S11000.gastroc-tib_ant.KS       	-1.628151	-1.6246054	0.020841127	
S00111.tib_ant-soleus.KS        	-0.00313515	-0.0032450823	0.1575046	
S00111.tib_ant-gastroc.KS       	-0.00357534	-0.0037869524	0.15343076	
S11000.tib_ant-soleus.KS        	-0.0034666	-0.0032542976	0.15081384	
S11000.tib_ant-gastroc.KS       	-0.00331551	-0.0034851304	0.14996351	
S00111.soleus.KL                	4.0315091	4.0058667	0.018677276	
S00111.soleus.L0                	0.95171726	0.95649795	0.0047165502	
S00111.soleus.KF                	0.23177283	0.23046008	0.0015284979	
S00111.soleus.KS                	0.16108311	0.15739296	0.013065341	
S00111.gastroc.KL               	0.08207842	0.079985283	0.019201747	
S00111.gastroc.L0               	0.85154294	0.85856611	0.0082931692	
S00111.gastroc.KF               	1.4144402	1.4136817	0.0010638601	
S00111.gastroc.KS               	0.17146755	0.17036046	0.0090154935	
S11000.soleus.KL                	0.77460404	0.80246808	0.035593	
S11000.soleus.L0                	0.91315599	0.89853463	0.0080007958	
S11000.soleus.KF                	-0.9090037	-0.88744699	0.033212786	
S11000.soleus.KS                	0.11302564	0.10661485	0.028444948	
S11000.gastroc.KL               	0.00925153	0.0087902574	0.015303496	
S11000.gastroc.L0               	0.53114261	0.52343304	0.0086306412	
S11000.gastroc.KF               	-1.8869862	-1.8739768	0.020484632	
S11000.gastroc.KS               	0.25231886	0.26721051	0.018334918	
S00011.vasti.KF                 	0.80179432	0.80064854	0.0044789629	
S00011.vasti.C0                 	0.080438329	0.080168302	0.00099034869	
S00011.vasti-knee_angle.pos_max 	-0.304747	-0.30627515	0.0015503219	
S00011.hamstrings-pelvis_tilt.KP	0.6801614	0.71248044	0.017498686	
S00011.hamstrings-pelvis_tilt.KV	0.5701507	0.56924614	0.00091045126	
S00011.hamstrings-pelvis_tilt.C0	0.02778807	0.027036589	0.0019043265	
S00011.glut_max-pelvis_tilt.KP  	1.4587237	1.4582128	0.014692086	
S00011.glut_max-pelvis_tilt.KV  	0.31539128	0.31547284	0.00092758522	
S00011.glut_max-pelvis_tilt.C0  	0.16334509	0.16236155	0.0015512761	
S00011.iliopsoas-pelvis_tilt.KP 	-3.4417575	-3.4065501	0.024983752	
S00011.iliopsoas-pelvis_tilt.KV 	-0.54430025	-0.54449428	0.0011374963	
S00011.iliopsoas-pelvis_tilt.C0 	0.33561546	0.33614048	0.0024425228	
S00100.iliopsoas.C0             	0.34072803	0.33997731	0.0013280288	
S00100.glut_max.C0              	-0.02588599	-0.024501696	0.0010009266	
S11000.iliopsoas.KL             	0.56126689	0.56037581	0.0011451864	
S11000.iliopsoas.L0             	0.39566833	0.39349042	0.0012822292	
S11000.iliopsoas-pelvis_tilt.P0 	-0.043325689	-0.044170447	0.0010114894	
S11000.iliopsoas-pelvis_tilt.KP 	0.011548802	0.011412124	0.0061619901	
S11000.iliopsoas-pelvis_tilt.KV 	0.14627123	0.1467847	0.0011828193	
S11000.iliopsoas-hamstrings.KL  	-8.0854911	-8.120358	0.041893765	
S11000.iliopsoas-hamstrings.L0  	1.1687709	1.1676006	0.00094985488	
S11000.hamstrings.KF            	0.57812842	0.57684403	0.00090660991	
S11000.glut_max.KF              	0.62085196	0.62177922	0.0010374255	
