pelvis_tilt.offset              	0.026408848	0.026326269	5.5292797e-05	
hip_flexion_r.offset            	0.068310969	0.068348917	4.9690007e-05	
knee_angle_r.offset             	0.0052099581	0.005258317	5.690779e-05	
ankle_angle_r.offset            	-0.063333804	-0.063469525	7.6956651e-05	
hip_flexion_l.offset            	9.3578662e-05	6.8839384e-05	0.0001047822	
knee_angle_l.offset             	0.060324764	0.060317856	8.2581724e-05	
ankle_angle_l.offset            	0.18748344	0.18753795	7.7371445e-05	
stance_load_threshold           	0.15027059	0.15024641	8.4913126e-05	
S00111.tib_ant.KL               	1.2776671	1.2767407	0.0013756375	
S00111.tib_ant.L0               	0.75706466	0.75698003	0.00015575727	
S00111.tib_ant.KS               	0.00015652	0.00016282204	3.843551e-05	
S11000.tib_ant.KL               	1.2432819	1.2429366	0.00080533207	
S11000.tib_ant.L0               	0.73350567	0.73363552	0.00011681478	
S11000.tib_ant.KS               	0.036469553	0.036340268	7.1588033e-05	
S11111.tib_ant-soleus.KF        	-0.11318469	-0.11333509	0.00012513918	
S00111.soleus-tib_ant.KS        	-0.82747581	-0.82658325	0.0015246341	
S00111.gastroc-tib_ant.KS       	-0.34772044	-0.34841381	0.0012752827	
S11000.soleus-tib_ant.KS        	-3.2215472	-3.2193405	0.001798567	
S11000.gastroc-tib_ant.KS       	-1.6296263	-1.6304667	0.0015129871	
S00111.tib_ant-soleus.KS        	-0.00346517	-0.0032669271	0.0077870732	
S00111.tib_ant-gastroc.KS       	-0.00395169	-0.0038350014	0.0075857441	
S11000.tib_ant-soleus.KS        	-0.0034666	-0.0033059518	0.0074562933	
S11000.tib_ant-gastroc.KS       	-0.00366451	-0.0034351622	0.0074142859	
S00111.soleus.KL                	4.0140813	4.0128781	0.0014101232	
S00111.soleus.L0                	0.96678426	0.96709445	0.00034904803	
S00111.soleus.KF                	0.2311274	0.23103879	0.00011168264	
S00111.soleus.KS                	0.15374506	0.15461143	0.00088789496	
S00111.gastroc.KL               	0.080223859	0.080199326	0.0011374982	
S00111.gastroc.L0               	0.83266249	0.83304706	0.0006245035	
S00111.gastroc.KF               	1.4138276	1.4137184	7.7575139e-05	
S00111.gastroc.KS               	0.16630098	0.16665258	0.00061962697	
S11000.soleus.KL                	0.81656412	0.81494731	0.0024970584	
S11000.soleus.L0                	0.90465522	0.90517206	0.00058504432	
S11000.soleus.KF                	-0.9150842	-0.91292357	0.0023726277	
S11000.soleus.KS                	0.10618206	0.10541172	0.001657048	
S11000.gastroc.KL               	0.00837043	0.0085843839	0.00076863413	
S11000.gastroc.L0               	0.5197002	0.52004221	0.00065670826	
S11000.gastroc.KF               	-1.8652923	-1.8633656	0.0014677452	
S11000.gastroc.KS               	0.26089345	0.26142074	0.0012517503	
S00011.vasti.KF                 	0.79683492	0.7964338	0.00032533072	
S00011.vasti.C0                 	0.081123418	0.081069406	6.7621431e-05	
S00011.vasti-knee_angle.pos_max 	-0.30928467	-0.3093079	0.00011873009	
S00011.hamstrings-pelvis_tilt.KP	0.72407436	0.72384662	0.0012984429	
S00011.hamstrings-pelvis_tilt.KV	0.56830302	0.56828558	6.902637e-05	
S00011.hamstrings-pelvis_tilt.C0	0.02733857	0.027277584	0.00012909383	
S00011.glut_max-pelvis_tilt.KP  	1.4248385	1.4249834	0.0010509357	
S00011.glut_max-pelvis_tilt.KV  	0.31493876	0.31493879	6.7770972e-05	
S00011.glut_max-pelvis_tilt.C0  	0.16484233	0.16490289	0.00011887186	
S00011.iliopsoas-pelvis_tilt.KP 	-3.4084117	-3.4105684	0.0018288002	
S00011.iliopsoas-pelvis_tilt.KV 	-0.54604884	-0.54619165	8.4200709e-05	
S00011.iliopsoas-pelvis_tilt.C0 	0.34123873	0.34118063	0.00018379069	
S00100.iliopsoas.C0             	0.33801742	0.33789004	9.7980616e-05	
S00100.glut_max.C0              	-0.024214858	-0.02424239	7.3926531e-05	
S11000.iliopsoas.KL             	0.55924736	0.55922126	8.3590758e-05	
S11000.iliopsoas.L0             	0.39216442	0.39222991	9.4846492e-05	
S11000.iliopsoas-pelvis_tilt.P0 	-0.044344408	-0.044371964	7.4223972e-05	
S11000.iliopsoas-pelvis_tilt.KP 	0.011455064	0.011785093	0.00033201885	
S11000.iliopsoas-pelvis_tilt.KV 	0.14335104	0.14324801	9.0296896e-05	
S11000.iliopsoas-hamstrings.KL  	-8.1756906	-8.1743863	0.0030271181	
S11000.iliopsoas-hamstrings.L0  	1.1646348	1.1647117	6.7881555e-05	
S11000.hamstrings.KF            	0.57512858	0.57510418	6.612861e-05	
S11000.glut_max.KF              	0.62007463	0.62007954	7.6799911e-05	
