pelvis_tilt.offset              	0.02166701	0.022350051	0.00096740205	
hip_flexion_r.offset            	0.069073917	0.068575347	0.00091725167	
knee_angle_r.offset             	-0.0012865178	-7.0139071e-05	0.0010011695	
ankle_angle_r.offset            	-0.056739842	-0.056586379	0.0012997962	
hip_flexion_l.offset            	-0.0054137665	-0.0035445389	0.0018556811	
knee_angle_l.offset             	0.053887492	0.055737565	0.0014280092	
ankle_angle_l.offset            	0.1851755	0.18889261	0.0013649245	
stance_load_threshold           	0.14921863	0.14990702	0.0015156109	
S00111.tib_ant.KL               	1.267213	1.3029132	0.024725856	
S00111.tib_ant.L0               	0.76292148	0.76152181	0.0026694056	
S00111.tib_ant.KS               	0.00015652	0.000165286	0.001048509	
S11000.tib_ant.KL               	1.2157186	1.2085625	0.014149782	
S11000.tib_ant.L0               	0.74465642	0.74202231	0.0020605204	
S11000.tib_ant.KS               	0.036384089	0.036173498	0.0013055937	
S11111.tib_ant-soleus.KF        	-0.11444675	-0.11136609	0.0022446615	
S00111.soleus-tib_ant.KS        	-0.8773604	-0.87863878	0.028375103	
S11000.soleus-tib_ant.KS        	-3.3516162	-3.3118932	0.03309836	
S00111.gastroc-tib_ant.KS       	-0.33434037	-0.34188741	0.024436807	
S11000.gastroc-tib_ant.KS       	-1.7171879	-1.723849	0.027369984	
S00111.tib_ant-gastroc.KS       	-0.00395169	-0.0037332626	0.20748039	
S11000.tib_ant-gastroc.KS       	-0.00366451	-0.0034589225	0.20279172	
S00111.tib_ant-soleus.KS        	-0.00313515	-0.00327874	0.21298935	
S11000.tib_ant-soleus.KS        	-0.0034666	-0.0032313194	0.2039416	
S00111.gastroc.KL               	0.07523758	0.080840575	0.02594739	
S00111.gastroc.L0               	0.82131291	0.81830224	0.010984256	
S00111.gastroc.KF               	1.4101945	1.41111	0.0013909341	
S00111.soleus.KL                	4.0024264	4.0126771	0.024567228	
S00111.soleus.L0                	0.97335105	0.97550756	0.0062456018	
S00111.soleus.KF                	0.22949004	0.22781868	0.0020289969	
S11000.gastroc.KL               	0.00925153	0.0087626765	0.020694202	
S11000.gastroc.L0               	0.5104726	0.51070528	0.011432163	
S11000.gastroc.KF               	-1.8227077	-1.8371357	0.026980834	
S11000.soleus.KL                	0.81526501	0.80851927	0.047537041	
S11000.soleus.L0                	0.89097764	0.89757039	0.010701268	
S11000.soleus.KF                	-0.95885434	-0.91411229	0.044404196	
S00011.vasti.KF                 	0.8284722	0.8341525	0.0059597896	
S00011.vasti.C0                 	0.084858683	0.082532233	0.0013422218	
S00011.vasti-knee_angle.pos_max 	-0.30196572	-0.30250945	0.0020436562	
S00011.hamstrings-pelvis_tilt.KP	0.70182451	0.70624733	0.023447427	
S00011.hamstrings-pelvis_tilt.KV	0.56966669	0.5696894	0.0011981025	
S00011.hamstrings-pelvis_tilt.C0	0.027289127	0.026612014	0.0025566007	
S00011.glut_max-pelvis_tilt.KP  	1.5362699	1.5391255	0.019416001	
S00011.glut_max-pelvis_tilt.KV  	0.31470381	0.31504535	0.0012122298	
S00011.glut_max-pelvis_tilt.C0  	0.16064531	0.15906396	0.0020446844	
S00011.iliopsoas-pelvis_tilt.KP 	-3.5652179	-3.5724269	0.03302363	
S00011.iliopsoas-pelvis_tilt.KV 	-0.54371875	-0.54496556	0.0014946104	
S00011.iliopsoas-pelvis_tilt.C0 	0.32679107	0.32705031	0.0031969443	
S00100.iliopsoas.C0             	0.33784324	0.34124078	0.001759734	
S00100.glut_max.C0              	-0.02342065	-0.024252013	0.0013313493	
S11000.iliopsoas.KL             	0.55990391	0.56059268	0.0015004959	
S11000.iliopsoas.L0             	0.39290114	0.39142446	0.0016841526	
S11000.iliopsoas-pelvis_tilt.P0 	-0.04641831	-0.044178647	0.0013362352	
S11000.iliopsoas-pelvis_tilt.KP 	0.011406614	0.011617499	0.008331325	
S11000.iliopsoas-pelvis_tilt.KV 	0.14511593	0.14299614	0.0015390294	
S11000.iliopsoas-hamstrings.KL  	-8.2808418	-8.2349201	0.054976881	
S11000.iliopsoas-hamstrings.L0  	1.1662333	1.1653556	0.0012501268	
S11000.hamstrings.KF            	0.57371286	0.57377627	0.0012064734	
S11000.glut_max.KF              	0.61856719	0.617209	0.0013804105	
