pelvis_tilt.offset              	0.020570725	0.021442591	0.00067922243	
hip_flexion_r.offset            	0.069389814	0.069163114	0.00064627146	
knee_angle_r.offset             	0.00039936069	0.0018845682	0.00070802697	
ankle_angle_r.offset            	-0.056324074	-0.056639345	0.00091827963	
hip_flexion_l.offset            	-0.0046131409	-0.0031181452	0.0013209433	
knee_angle_l.offset             	0.056916336	0.057117942	0.0010065098	
ankle_angle_l.offset            	0.18887414	0.1893961	0.00096448946	
stance_load_threshold           	0.15066242	0.14890292	0.001065266	
S00111.tib_ant.KL               	1.2800127	1.2771742	0.017402246	
S00111.tib_ant.L0               	0.7622952	0.761634	0.0018729876	
S00111.tib_ant.KS               	0.000173	0.00016271625	0.00072066689	
S11000.tib_ant.KL               	1.2030971	1.2220496	0.0099574752	
S11000.tib_ant.L0               	0.74426431	0.74322365	0.0014513178	
S11000.tib_ant.KS               	0.036076558	0.036523048	0.00091227603	
S11111.tib_ant-soleus.KF        	-0.1136236	-0.1121151	0.0015806182	
S00111.soleus-tib_ant.KS        	-0.89402901	-0.87978995	0.019759761	
S11000.soleus-tib_ant.KS        	-3.3861247	-3.3514503	0.023456243	
S00111.gastroc-tib_ant.KS       	-0.34454758	-0.34322648	0.016984834	
S11000.gastroc-tib_ant.KS       	-1.7327015	-1.7433893	0.019195351	
S00111.tib_ant-gastroc.KS       	-0.00395169	-0.003801333	0.14260617	
S11000.tib_ant-gastroc.KS       	-0.00366451	-0.0035124069	0.13938354	
S00111.tib_ant-soleus.KS        	-0.00313515	-0.0034020577	0.1463926	
S11000.tib_ant-soleus.KS        	-0.0034666	-0.0032125127	0.14017387	
S00111.gastroc.KL               	0.08315732	0.0761957	0.017849278	
S00111.gastroc.L0               	0.81316385	0.82162252	0.0077810763	
S00111.gastroc.KF               	1.4114429	1.4096987	0.00097845033	
S00111.soleus.KL                	3.9905365	3.9866302	0.017450868	
S00111.soleus.L0                	0.96613524	0.97097267	0.004366985	
S00111.soleus.KF                	0.22708156	0.22692685	0.001431307	
S11000.gastroc.KL               	0.00925153	0.0089276947	0.014223877	
S11000.gastroc.L0               	0.5214169	0.51591544	0.0080482893	
S11000.gastroc.KF               	-1.844555	-1.8332398	0.01891505	
S11000.soleus.KL                	0.77103857	0.81054194	0.033128192	
S11000.soleus.L0                	0.89363135	0.89277449	0.0075345816	
S11000.soleus.KF                	-0.90825229	-0.90171356	0.031050025	
S00011.vasti.KF                 	0.82592227	0.83169337	0.0042170678	
S00011.vasti.C0                 	0.081381529	0.081305908	0.000947376	
S00011.vasti-knee_angle.pos_max 	-0.30361522	-0.30332184	0.00143524	
S00011.hamstrings-pelvis_tilt.KP	0.74162866	0.72507779	0.016441162	
S00011.hamstrings-pelvis_tilt.KV	0.56955856	0.56967875	0.00084684635	
S00011.hamstrings-pelvis_tilt.C0	0.02778807	0.02574053	0.0017689929	
S00011.glut_max-pelvis_tilt.KP  	1.5403668	1.5433447	0.01365225	
S00011.glut_max-pelvis_tilt.KV  	0.31441864	0.31498975	0.00085622483	
S00011.glut_max-pelvis_tilt.C0  	0.16106013	0.15963467	0.0014373265	
S00011.iliopsoas-pelvis_tilt.KP 	-3.5033104	-3.5627891	0.023405672	
S00011.iliopsoas-pelvis_tilt.KV 	-0.54410816	-0.54543818	0.0010618382	
S00011.iliopsoas-pelvis_tilt.C0 	0.32435953	0.32757936	0.0022585241	
S00100.iliopsoas.C0             	0.33894917	0.34045847	0.0012485515	
S00100.glut_max.C0              	-0.025421983	-0.024716563	0.00092867541	
S11000.iliopsoas.KL             	0.56095703	0.56053597	0.0010585035	
S11000.iliopsoas.L0             	0.39609963	0.39377472	0.0011911532	
S11000.iliopsoas-pelvis_tilt.P0 	-0.044403185	-0.044769303	0.00093601443	
S11000.iliopsoas-pelvis_tilt.KP 	0.01082572	0.011350916	0.0057274851	
S11000.iliopsoas-pelvis_tilt.KV 	0.14179918	0.1435914	0.0010818821	
S11000.iliopsoas-hamstrings.KL  	-8.177388	-8.1894777	0.038811163	
S11000.iliopsoas-hamstrings.L0  	1.1652392	1.1660854	0.00087614698	
S11000.hamstrings.KF            	0.5752472	0.57469574	0.00085497533	
S11000.glut_max.KF              	0.61876196	0.61718442	0.00097583435	
