pelvis_tilt.offset              	0.023626293	0.023599056	0.0011910888	
hip_flexion_r.offset            	0.07066809	0.069415205	0.0011185161	
knee_angle_r.offset             	0.00093340108	0.00058182112	0.0012231217	
ankle_angle_r.offset            	-0.057544734	-0.058323638	0.0016049861	
hip_flexion_l.offset            	-0.0098576743	-0.0086464351	0.0022684092	
knee_angle_l.offset             	0.058327529	0.054580022	0.0017517259	
ankle_angle_l.offset            	0.18342908	0.18641268	0.001666555	
stance_load_threshold           	0.15003745	0.15111549	0.0018356576	
S00111.tib_ant.KL               	1.2156202	1.2322187	0.030492818	
S00111.tib_ant.L0               	0.75440007	0.75927241	0.0032732509	
S00111.tib_ant.KS               	0.00015652	0.00016190625	0.0013127036	
S11000.tib_ant.KL               	1.2555542	1.2229002	0.017417442	
S11000.tib_ant.L0               	0.74354005	0.7400379	0.0025333713	
S11000.tib_ant.KS               	0.036803724	0.035826166	0.0016121179	
S11111.tib_ant-soleus.KF        	-0.10533343	-0.11052122	0.0027567541	
S00111.soleus-tib_ant.KS        	-0.81732058	-0.84392855	0.034987676	
S00111.gastroc-tib_ant.KS       	-0.3403714	-0.34985025	0.03039295	
S11000.soleus-tib_ant.KS        	-3.3170337	-3.2799166	0.040520422	
S11000.gastroc-tib_ant.KS       	-1.6996954	-1.6998637	0.033753371	
S00111.tib_ant-soleus.KS        	-0.00313515	-0.0032625928	0.26665694	
S00111.tib_ant-gastroc.KS       	-0.00357534	-0.0036104446	0.25975988	
S11000.tib_ant-soleus.KS        	-0.00313645	-0.0033114778	0.2553294	
S11000.tib_ant-gastroc.KS       	-0.00366451	-0.0035714198	0.25388979	
S00111.soleus.KL                	4.0775776	4.0549799	0.029893572	
S00111.soleus.L0                	0.97333532	0.97786297	0.0076876615	
S00111.soleus.KF                	0.22692145	0.22730106	0.0024788492	
S00111.soleus.KS                	0.16520068	0.15858608	0.021940433	
S00111.gastroc.KL               	0.07523758	0.080112945	0.032470894	
S00111.gastroc.L0               	0.83382279	0.84779021	0.013402427	
S00111.gastroc.KF               	1.4076921	1.4099088	0.0017066472	
S00111.gastroc.KS               	0.17000233	0.16719368	0.015021392	
S11000.soleus.KL                	0.7724882	0.79138658	0.058982719	
S11000.soleus.L0                	0.89418376	0.89083761	0.012978062	
S11000.soleus.KF                	-0.86753488	-0.93011739	0.054837167	
S11000.soleus.KS                	0.1022613	0.10955127	0.048110207	
S11000.gastroc.KL               	0.00925153	0.0087455917	0.025908345	
S11000.gastroc.L0               	0.51697844	0.53288702	0.014090942	
S11000.gastroc.KF               	-1.8254479	-1.8338788	0.033158226	
S11000.gastroc.KS               	0.25805638	0.25852811	0.030706616	
S00011.vasti.KF                 	0.8094151	0.81103993	0.0072539332	
S00011.vasti.C0                 	0.07992329	0.080781879	0.0016378373	
S00011.vasti-knee_angle.pos_max 	-0.30822023	-0.30509037	0.0025044199	
S00011.hamstrings-pelvis_tilt.KP	0.74162866	0.70225466	0.0287793	
S00011.hamstrings-pelvis_tilt.KV	0.56851977	0.56611877	0.0014596692	
S00011.hamstrings-pelvis_tilt.C0	0.02778807	0.025915991	0.0031879178	
S00011.glut_max-pelvis_tilt.KP  	1.5069242	1.4933754	0.023772581	
S00011.glut_max-pelvis_tilt.KV  	0.31569244	0.31455283	0.0014833805	
S00011.glut_max-pelvis_tilt.C0  	0.1573184	0.16000719	0.002489312	
S00011.iliopsoas-pelvis_tilt.KP 	-3.4565337	-3.4761208	0.039849525	
S00011.iliopsoas-pelvis_tilt.KV 	-0.54146621	-0.54284557	0.0018250308	
S00011.iliopsoas-pelvis_tilt.C0 	0.34149506	0.3284433	0.0039378177	
S00100.iliopsoas.C0             	0.33876071	0.33846624	0.0021546297	
S00100.glut_max.C0              	-0.02342065	-0.024506539	0.0016551761	
S11000.iliopsoas.KL             	0.56134409	0.56431873	0.0018500866	
S11000.iliopsoas.L0             	0.38871858	0.39049491	0.0020454681	
S11000.iliopsoas-pelvis_tilt.P0 	-0.043466296	-0.04479841	0.0016450525	
S11000.iliopsoas-pelvis_tilt.KP 	0.01082572	0.011559509	0.010429591	
S11000.iliopsoas-pelvis_tilt.KV 	0.14221703	0.14496633	0.0019050578	
S11000.iliopsoas-hamstrings.KL  	-8.2585576	-8.2827159	0.067223451	
S11000.iliopsoas-hamstrings.L0  	1.167076	1.1666562	0.0015328484	
S11000.hamstrings.KF            	0.57709335	0.57548569	0.0014651561	
S11000.glut_max.KF              	0.6209445	0.62132619	0.0016746672	
