pelvis_tilt.offset              	0.031593044	0.031859235	0.0003622067	
hip_flexion_r.offset            	0.072197266	0.072985727	0.00031100542	
knee_angle_r.offset             	0.0035148159	0.0034019083	0.00033970397	
ankle_angle_r.offset            	-0.060422381	-0.060365108	0.00044137111	
hip_flexion_l.offset            	-0.00346001	-0.0024272525	0.0006372987	
knee_angle_l.offset             	0.055690959	0.055731471	0.00048627347	
ankle_angle_l.offset            	0.18672701	0.18598924	0.00046065969	
stance_load_threshold           	0.14612522	0.14604059	0.0005083761	
S00111.tib_ant.KL               	1.2753225	1.2805553	0.0082191503	
S00111.tib_ant.L0               	0.75259246	0.75219543	0.00090999055	
S00111.tib_ant.KS               	0.000173	0.00016621277	0.00028767311	
S11000.tib_ant.KL               	1.2442149	1.2358773	0.004703344	
S11000.tib_ant.L0               	0.7333795	0.73249553	0.00070303067	
S11000.tib_ant.KS               	0.035465194	0.03518775	0.00042368973	
S11111.tib_ant-soleus.KF        	-0.10736534	-0.1071007	0.00074868085	
S00111.soleus-tib_ant.KS        	-0.8490742	-0.84377091	0.0091301197	
S00111.gastroc-tib_ant.KS       	-0.32171493	-0.32667185	0.0074979138	
S11000.soleus-tib_ant.KS        	-3.4210082	-3.415799	0.011207187	
S11000.gastroc-tib_ant.KS       	-1.7377701	-1.7502802	0.0091972163	
S00111.tib_ant-soleus.KS        	-0.00346517	-0.0033214298	0.058432742	
S00111.tib_ant-gastroc.KS       	-0.00357534	-0.0038199017	0.0569214	
S11000.tib_ant-soleus.KS        	-0.00313645	-0.0033333167	0.055950534	
S11000.tib_ant-gastroc.KS       	-0.00331551	-0.0034734377	0.055635075	
S00111.soleus.KL                	4.0275922	4.0414629	0.0081231562	
S00111.soleus.L0                	0.95156706	0.95369321	0.0021167284	
S00111.soleus.KF                	0.22167717	0.22126678	0.00070064671	
S00111.soleus.KS                	0.16256579	0.16119776	0.0052106305	
S00111.gastroc.KL               	0.079710608	0.079169093	0.00725099	
S00111.gastroc.L0               	0.84604914	0.84709195	0.0036462422	
S00111.gastroc.KF               	1.4157237	1.4157779	0.00047561157	
S00111.gastroc.KS               	0.17020545	0.1701345	0.0036532838	
S11000.soleus.KL                	0.81028806	0.79213986	0.015112661	
S11000.soleus.L0                	0.90705515	0.9062978	0.0035565111	
S11000.soleus.KF                	-0.92529891	-0.94184463	0.014274655	
S11000.soleus.KS                	0.11302564	0.10559707	0.010720864	
S11000.gastroc.KL               	0.00925153	0.0090194197	0.0056800592	
S11000.gastroc.L0               	0.54913464	0.54678628	0.0037674765	
S11000.gastroc.KF               	-1.8110819	-1.8163724	0.0091838303	
S11000.gastroc.KS               	0.27887874	0.26641016	0.0075198059	
S00011.vasti.KF                 	0.78222881	0.78184199	0.0019861663	
S00011.vasti.C0                 	0.080287294	0.080826071	0.00041424909	
S00011.vasti-knee_angle.pos_max 	-0.31111525	-0.31145135	0.00069461331	
S00011.hamstrings-pelvis_tilt.KP	0.69827332	0.69191603	0.0077091029	
S00011.hamstrings-pelvis_tilt.KV	0.5684734	0.56815985	0.00040665564	
S00011.hamstrings-pelvis_tilt.C0	0.026372862	0.026577426	0.00077225364	
S00011.glut_max-pelvis_tilt.KP  	1.5419533	1.5452251	0.0065727874	
S00011.glut_max-pelvis_tilt.KV  	0.30953642	0.30960455	0.00040733545	
S00011.glut_max-pelvis_tilt.C0  	0.15482114	0.15520344	0.00069985561	
S00011.iliopsoas-pelvis_tilt.KP 	-3.4795614	-3.470089	0.010809957	
S00011.iliopsoas-pelvis_tilt.KV 	-0.54555987	-0.54429072	0.00049771951	
S00011.iliopsoas-pelvis_tilt.C0 	0.33734649	0.33706555	0.0011006348	
S00100.iliopsoas.C0             	0.33442206	0.33417521	0.00059083303	
S00100.glut_max.C0              	-0.024125914	-0.023734435	0.00042586381	
S11000.iliopsoas.KL             	0.57433747	0.57408482	0.00053917297	
S11000.iliopsoas.L0             	0.38399609	0.38346019	0.00057913618	
S11000.iliopsoas-pelvis_tilt.P0 	-0.044343426	-0.0455396	0.00044007655	
S11000.iliopsoas-pelvis_tilt.KP 	0.01196527	0.011466733	0.0022962648	
S11000.iliopsoas-pelvis_tilt.KV 	0.14183927	0.14288927	0.00052386376	
S11000.iliopsoas-hamstrings.KL  	-8.388614	-8.3675495	0.018252192	
S11000.iliopsoas-hamstrings.L0  	1.1672604	1.1673955	0.00040925801	
S11000.hamstrings.KF            	0.57959752	0.57972416	0.00041062159	
S11000.glut_max.KF              	0.61893346	0.61901105	0.00045492236	
