pelvis_tilt.offset              	0.031563095	0.031716251	0.00036030444	
hip_flexion_r.offset            	0.07285022	0.072824704	0.00031022525	
knee_angle_r.offset             	0.0034823658	0.0032950766	0.00033819249	
ankle_angle_r.offset            	-0.060119339	-0.060136411	0.00044002821	
hip_flexion_l.offset            	-0.0018636974	-0.0021766912	0.00063491401	
knee_angle_l.offset             	0.054950209	0.055667446	0.00048365937	
ankle_angle_l.offset            	0.1858457	0.18615783	0.00045914716	
stance_load_threshold           	0.14629511	0.14623149	0.00050622797	
S00111.tib_ant.KL               	1.2722448	1.2773569	0.008173109	
S00111.tib_ant.L0               	0.75342756	0.75225226	0.00090521051	
S00111.tib_ant.KS               	0.000173	0.00016641188	0.00028564565	
S11000.tib_ant.KL               	1.2385964	1.2363649	0.0046894989	
S11000.tib_ant.L0               	0.73341785	0.73295885	0.00070060201	
S11000.tib_ant.KS               	0.03507432	0.035056781	0.00042149104	
S11111.tib_ant-soleus.KF        	-0.10702525	-0.1074025	0.00074477348	
S00111.soleus-tib_ant.KS        	-0.85876735	-0.84439808	0.0090734738	
S00111.gastroc-tib_ant.KS       	-0.32199163	-0.32554722	0.0074594944	
S11000.soleus-tib_ant.KS        	-3.4184312	-3.4172348	0.011143215	
S11000.gastroc-tib_ant.KS       	-1.7423687	-1.7477919	0.0091516385	
S00111.tib_ant-soleus.KS        	-0.00313515	-0.0033551333	0.058020819	
S00111.tib_ant-gastroc.KS       	-0.00395169	-0.0037861281	0.056520132	
S11000.tib_ant-soleus.KS        	-0.0034666	-0.0032848095	0.055556109	
S11000.tib_ant-gastroc.KS       	-0.00366451	-0.0034803544	0.055242874	
S00111.soleus.KL                	4.054599	4.0396387	0.00809152	
S00111.soleus.L0                	0.95231518	0.95293306	0.0021052797	
S00111.soleus.KF                	0.22056704	0.22128975	0.00069980803	
S00111.soleus.KS                	0.16166641	0.16276092	0.0051784682	
S00111.gastroc.KL               	0.08315732	0.080661807	0.0072030987	
S00111.gastroc.L0               	0.85447626	0.84683303	0.0036291609	
S00111.gastroc.KF               	1.4161372	1.4157328	0.00047373509	
S00111.gastroc.KS               	0.16739495	0.17117741	0.0036332774	
S11000.soleus.KL                	0.82544322	0.79993664	0.01503716	
S11000.soleus.L0                	0.90299221	0.90666158	0.0035373043	
S11000.soleus.KF                	-0.93575039	-0.94412365	0.014213977	
S11000.soleus.KS                	0.1022613	0.10753901	0.010650472	
S11000.gastroc.KL               	0.00925153	0.0088948554	0.0056400876	
S11000.gastroc.L0               	0.54646767	0.54612357	0.0037467585	
S11000.gastroc.KF               	-1.8275288	-1.8164603	0.0091354945	
S11000.gastroc.KS               	0.2617032	0.27008584	0.0075032663	
S00011.vasti.KF                 	0.78308845	0.78211378	0.0019748826	
S00011.vasti.C0                 	0.080117819	0.080618706	0.00041280624	
S00011.vasti-knee_angle.pos_max 	-0.31084585	-0.31126914	0.00069052935	
S00011.hamstrings-pelvis_tilt.KP	0.70219549	0.69608458	0.0076827268	
S00011.hamstrings-pelvis_tilt.KV	0.56803358	0.56801105	0.00040524437	
S00011.hamstrings-pelvis_tilt.C0	0.026068998	0.026453828	0.00076846346	
S00011.glut_max-pelvis_tilt.KP  	1.546787	1.5454181	0.0065374576	
S00011.glut_max-pelvis_tilt.KV  	0.31005622	0.30976992	0.00040546699	
S00011.glut_max-pelvis_tilt.C0  	0.15575136	0.15513455	0.00069610469	
S00011.iliopsoas-pelvis_tilt.KP 	-3.4758806	-3.4717627	0.01077021	
S00011.iliopsoas-pelvis_tilt.KV 	-0.5442772	-0.54444052	0.00049595222	
S00011.iliopsoas-pelvis_tilt.C0 	0.33644044	0.33701968	0.0010955598	
S00100.iliopsoas.C0             	0.33461332	0.33426219	0.00058706011	
S00100.glut_max.C0              	-0.024028322	-0.023849382	0.00042359364	
S11000.iliopsoas.KL             	0.57404188	0.57396174	0.00053693256	
S11000.iliopsoas.L0             	0.3838169	0.38384963	0.00057688729	
S11000.iliopsoas-pelvis_tilt.P0 	-0.045129812	-0.045319195	0.00043887239	
S11000.iliopsoas-pelvis_tilt.KP 	0.011250774	0.011340864	0.0022803651	
S11000.iliopsoas-pelvis_tilt.KV 	0.14334572	0.14275624	0.00052205213	
S11000.iliopsoas-hamstrings.KL  	-8.3755892	-8.3760367	0.018150673	
S11000.iliopsoas-hamstrings.L0  	1.1677887	1.1673805	0.00040734423	
S11000.hamstrings.KF            	0.58065691	0.57958108	0.00040856664	
S11000.glut_max.KF              	0.61928984	0.61928437	0.00045313388	
