pelvis_tilt.offset              	0.032485483	0.031886834	0.00023881079	
hip_flexion_r.offset            	0.073682963	0.073474352	0.00020647572	
knee_angle_r.offset             	0.00383898	0.0040056735	0.00023317448	
ankle_angle_r.offset            	-0.061267158	-0.060210492	0.00029449828	
hip_flexion_l.offset            	-0.0017256094	-0.0016707885	0.00042231623	
knee_angle_l.offset             	0.056533276	0.05645856	0.00032342944	
ankle_angle_l.offset            	0.18555549	0.18572552	0.00030557317	
stance_load_threshold           	0.14607891	0.14630088	0.00033880595	
S00111.tib_ant.KL               	1.303024	1.2913137	0.0054983017	
S00111.tib_ant.L0               	0.75084761	0.75239773	0.00060558066	
S00111.tib_ant.KS               	0.00015652	0.00016712673	0.00017828832	
S11000.tib_ant.KL               	1.2348262	1.2368618	0.0031454634	
S11000.tib_ant.L0               	0.73500925	0.7342554	0.00047093779	
S11000.tib_ant.KS               	0.034958798	0.035146404	0.00028051681	
S11111.tib_ant-soleus.KF        	-0.10787799	-0.10776807	0.00049269143	
S00111.soleus-tib_ant.KS        	-0.84149764	-0.83207314	0.0060921592	
S00111.gastroc-tib_ant.KS       	-0.32884114	-0.32607318	0.0048246508	
S11000.soleus-tib_ant.KS        	-3.4214199	-3.4277469	0.0074361976	
S11000.gastroc-tib_ant.KS       	-1.7366055	-1.7405249	0.006100415	
S00111.tib_ant-soleus.KS        	-0.00346517	-0.0032567339	0.03621042	
S00111.tib_ant-gastroc.KS       	-0.00395169	-0.0037511813	0.035273867	
S11000.tib_ant-soleus.KS        	-0.00313645	-0.0032621622	0.034672214	
S11000.tib_ant-gastroc.KS       	-0.00331551	-0.0035078689	0.034476734	
S00111.soleus.KL                	4.0408053	4.0519747	0.0054437316	
S00111.soleus.L0                	0.94884967	0.94992654	0.0014187438	
S00111.soleus.KF                	0.21953638	0.21980943	0.00048156772	
S00111.soleus.KS                	0.16413056	0.16206644	0.0034117292	
S00111.gastroc.KL               	0.081046301	0.078504821	0.0045934212	
S00111.gastroc.L0               	0.85110948	0.84735988	0.0024451453	
S00111.gastroc.KF               	1.4154969	1.4152002	0.00031956096	
S00111.gastroc.KS               	0.17739288	0.1755968	0.0023752401	
S11000.soleus.KL                	0.79484843	0.79315346	0.010083818	
S11000.soleus.L0                	0.91367316	0.91137065	0.0023765568	
S11000.soleus.KF                	-0.95885434	-0.95010988	0.0094455566	
S11000.soleus.KS                	0.10693669	0.10577727	0.0067856655	
S11000.gastroc.KL               	0.00925153	0.0087779906	0.0035227099	
S11000.gastroc.L0               	0.54697939	0.54651841	0.0024825572	
S11000.gastroc.KF               	-1.820011	-1.8257184	0.0061400138	
S11000.gastroc.KS               	0.26794928	0.26966354	0.0049357127	
S00011.vasti.KF                 	0.78397232	0.78368203	0.0013234256	
S00011.vasti.C0                 	0.079931955	0.080192661	0.00027676344	
S00011.vasti-knee_angle.pos_max 	-0.31093178	-0.31014328	0.00046285986	
S00011.hamstrings-pelvis_tilt.KP	0.71836618	0.71898067	0.0052345754	
S00011.hamstrings-pelvis_tilt.KV	0.56687337	0.56717493	0.00027492481	
S00011.hamstrings-pelvis_tilt.C0	0.027652525	0.027299262	0.00051260488	
S00011.glut_max-pelvis_tilt.KP  	1.5489442	1.5575358	0.0043759716	
S00011.glut_max-pelvis_tilt.KV  	0.31003403	0.31004163	0.00027178863	
S00011.glut_max-pelvis_tilt.C0  	0.15636863	0.15622946	0.00046618474	
S00011.iliopsoas-pelvis_tilt.KP 	-3.4666574	-3.4676451	0.0072322333	
S00011.iliopsoas-pelvis_tilt.KV 	-0.54521957	-0.54506816	0.00033187786	
S00011.iliopsoas-pelvis_tilt.C0 	0.33422103	0.33464864	0.00073053129	
S00100.iliopsoas.C0             	0.33503055	0.33505646	0.00039132013	
S00100.glut_max.C0              	-0.024234135	-0.024028794	0.00028420251	
S11000.iliopsoas.KL             	0.57577063	0.57543575	0.00036749173	
S11000.iliopsoas.L0             	0.38463816	0.38452023	0.000385306	
S11000.iliopsoas-pelvis_tilt.P0 	-0.045661598	-0.045551403	0.00029263939	
S11000.iliopsoas-pelvis_tilt.KP 	0.01196527	0.011719221	0.0014325975	
S11000.iliopsoas-pelvis_tilt.KV 	0.1428166	0.14289009	0.00034882695	
S11000.iliopsoas-hamstrings.KL  	-8.3643287	-8.3767634	0.012184128	
S11000.iliopsoas-hamstrings.L0  	1.16846	1.1684786	0.00027961355	
S11000.hamstrings.KF            	0.58008396	0.58002393	0.00027633079	
S11000.glut_max.KF              	0.61861684	0.61857791	0.00030373207	
