pelvis_tilt.offset              	0.03245446	0.031957838	0.00024588311	
hip_flexion_r.offset            	0.074145618	0.073802506	0.00021297809	
knee_angle_r.offset             	0.0036760158	0.0037707311	0.00023932538	
ankle_angle_r.offset            	-0.060354854	-0.060538654	0.00030381934	
hip_flexion_l.offset            	-0.0011980106	-0.0016130358	0.00043251427	
knee_angle_l.offset             	0.056616136	0.056479726	0.00033195502	
ankle_angle_l.offset            	0.18580792	0.18572064	0.00031310156	
stance_load_threshold           	0.14605078	0.1462172	0.00034723551	
S00111.tib_ant.KL               	1.2844573	1.2961166	0.0056870483	
S00111.tib_ant.L0               	0.75139439	0.75161414	0.00062231913	
S00111.tib_ant.KS               	0.00015652	0.00016483973	0.00018175176	
S11000.tib_ant.KL               	1.2334417	1.2351661	0.0032304996	
S11000.tib_ant.L0               	0.73446786	0.7343851	0.00048430923	
S11000.tib_ant.KS               	0.034748925	0.034934821	0.0002880336	
S11111.tib_ant-soleus.KF        	-0.10717117	-0.10746097	0.00050579438	
S00111.soleus-tib_ant.KS        	-0.83311382	-0.82924646	0.006247743	
S00111.gastroc-tib_ant.KS       	-0.32171493	-0.32574538	0.0049403919	
S11000.soleus-tib_ant.KS        	-3.4249057	-3.4226253	0.00762953	
S11000.gastroc-tib_ant.KS       	-1.7406199	-1.7403243	0.0062541111	
S00111.tib_ant-soleus.KS        	-0.00346517	-0.0033210241	0.036913236	
S00111.tib_ant-gastroc.KS       	-0.00357534	-0.0037585196	0.035958507	
S11000.tib_ant-soleus.KS        	-0.0034666	-0.0032216033	0.035345176	
S11000.tib_ant-gastroc.KS       	-0.00366451	-0.003525864	0.035145902	
S00111.soleus.KL                	4.0528526	4.0498098	0.0055810899	
S00111.soleus.L0                	0.94912842	0.94907858	0.0014571253	
S00111.soleus.KF                	0.22077372	0.21998985	0.00049473003	
S00111.soleus.KS                	0.16450668	0.16381659	0.0034888401	
S00111.gastroc.KL               	0.078153065	0.080260285	0.0046991354	
S00111.gastroc.L0               	0.84808807	0.84856672	0.0025065454	
S00111.gastroc.KF               	1.4149592	1.4152685	0.00032766695	
S00111.gastroc.KS               	0.1733345	0.17553181	0.0024292735	
S11000.soleus.KL                	0.77815629	0.78859991	0.010356232	
S11000.soleus.L0                	0.90840026	0.90994369	0.0024418121	
S11000.soleus.KF                	-0.95859475	-0.95467297	0.009666995	
S11000.soleus.KS                	0.11288478	0.10539218	0.0069338494	
S11000.gastroc.KL               	0.00925153	0.0089501147	0.0035915246	
S11000.gastroc.L0               	0.54482079	0.54767918	0.0025429817	
S11000.gastroc.KF               	-1.825475	-1.8247744	0.0063017957	
S11000.gastroc.KS               	0.26950056	0.26832966	0.005056115	
S00011.vasti.KF                 	0.78346954	0.78377689	0.0013585369	
S00011.vasti.C0                 	0.080014466	0.080141224	0.00028344359	
S00011.vasti-knee_angle.pos_max 	-0.31016129	-0.31051198	0.0004751166	
S00011.hamstrings-pelvis_tilt.KP	0.71511646	0.72014936	0.0053879056	
S00011.hamstrings-pelvis_tilt.KV	0.56683394	0.56701771	0.00028407053	
S00011.hamstrings-pelvis_tilt.C0	0.02778807	0.027304443	0.00052594015	
S00011.glut_max-pelvis_tilt.KP  	1.5600545	1.5589524	0.0045088109	
S00011.glut_max-pelvis_tilt.KV  	0.30961628	0.30982799	0.00027971303	
S00011.glut_max-pelvis_tilt.C0  	0.15628047	0.15660403	0.0004793088	
S00011.iliopsoas-pelvis_tilt.KP 	-3.4711888	-3.466122	0.0074122546	
S00011.iliopsoas-pelvis_tilt.KV 	-0.54528333	-0.5450702	0.0003408127	
S00011.iliopsoas-pelvis_tilt.C0 	0.33441611	0.33405851	0.00075314186	
S00100.iliopsoas.C0             	0.33432914	0.33478407	0.00040126215	
S00100.glut_max.C0              	-0.024334634	-0.024396475	0.00029271776	
S11000.iliopsoas.KL             	0.57603655	0.57545394	0.00037837992	
S11000.iliopsoas.L0             	0.38519184	0.38462372	0.00039557842	
S11000.iliopsoas-pelvis_tilt.P0 	-0.04583658	-0.045669245	0.00030049625	
S11000.iliopsoas-pelvis_tilt.KP 	0.01082572	0.011108894	0.0014619229	
S11000.iliopsoas-pelvis_tilt.KV 	0.14240789	0.1424795	0.00035877463	
S11000.iliopsoas-hamstrings.KL  	-8.3885335	-8.3743988	0.012495161	
S11000.iliopsoas-hamstrings.L0  	1.1691966	1.1688928	0.00028908518	
S11000.hamstrings.KF            	0.5799207	0.58006807	0.00028382563	
S11000.glut_max.KF              	0.61889028	0.61877204	0.00031225439	
