pelvis_tilt.offset              	0.033843088	0.034020978	0.00010404197	
hip_flexion_r.offset            	0.073998076	0.073996028	8.5559929e-05	
knee_angle_r.offset             	0.003411384	0.0035045724	9.3068694e-05	
ankle_angle_r.offset            	-0.060760129	-0.060717355	0.00012061272	
hip_flexion_l.offset            	-0.0021204255	-0.0022692974	0.00016782585	
knee_angle_l.offset             	0.05847008	0.058559949	0.00014512206	
ankle_angle_l.offset            	0.18522086	0.18519653	0.00012186006	
stance_load_threshold           	0.14621168	0.1460124	0.00013794231	
S00111.tib_ant.KL               	1.2981376	1.2975576	0.002216437	
S00111.tib_ant.L0               	0.75047297	0.75080691	0.00024615973	
S00111.tib_ant.KS               	0.00015652	0.00016222944	5.3425218e-05	
S11000.tib_ant.KL               	1.2299418	1.2296895	0.0012727722	
S11000.tib_ant.L0               	0.73474981	0.73497223	0.00019071423	
S11000.tib_ant.KS               	0.035879847	0.03596379	0.00011421246	
S11111.tib_ant-soleus.KF        	-0.10823633	-0.10839949	0.00019727819	
S00111.soleus-tib_ant.KS        	-0.83552075	-0.83262914	0.0024659645	
S00111.gastroc-tib_ant.KS       	-0.32691594	-0.32581557	0.0017271967	
S11000.soleus-tib_ant.KS        	-3.4290605	-3.4313859	0.0029538834	
S11000.gastroc-tib_ant.KS       	-1.7515622	-1.7541034	0.0024223091	
S00111.tib_ant-soleus.KS        	-0.00346517	-0.0033625848	0.010825145	
S00111.tib_ant-gastroc.KS       	-0.00395169	-0.0037960917	0.010545257	
S11000.tib_ant-soleus.KS        	-0.00313645	-0.0033055403	0.010365313	
S11000.tib_ant-gastroc.KS       	-0.00331551	-0.00350149	0.010306909	
S00111.soleus.KL                	4.0463021	4.0443317	0.0021951197	
S00111.soleus.L0                	0.94379736	0.94318077	0.00056748656	
S00111.soleus.KF                	0.21851683	0.21851923	0.00019706002	
S00111.soleus.KS                	0.15527773	0.15159959	0.0013530093	
S00111.gastroc.KL               	0.079363226	0.078440691	0.0016803879	
S00111.gastroc.L0               	0.8497347	0.84762242	0.00097107651	
S00111.gastroc.KF               	1.4159102	1.4159648	0.00012862261	
S00111.gastroc.KS               	0.17466058	0.174566	0.00084226801	
S11000.soleus.KL                	0.78363036	0.78952022	0.0040051603	
S11000.soleus.L0                	0.90004931	0.89973017	0.00095434019	
S11000.soleus.KF                	-0.953268	-0.9537029	0.0037075195	
S11000.soleus.KS                	0.10900087	0.10897851	0.0024512584	
S11000.gastroc.KL               	0.00925153	0.0087081004	0.0010692034	
S11000.gastroc.L0               	0.54289552	0.54325606	0.00098844045	
S11000.gastroc.KF               	-1.799019	-1.8014513	0.0025551063	
S11000.gastroc.KS               	0.26899486	0.26848943	0.001964708	
S00011.vasti.KF                 	0.78320384	0.78219825	0.00052003494	
S00011.vasti.C0                 	0.08030209	0.080300633	0.00010075707	
S00011.vasti-knee_angle.pos_max 	-0.31430497	-0.31382063	0.0002024381	
S00011.hamstrings-pelvis_tilt.KP	0.73162905	0.73085215	0.0021066576	
S00011.hamstrings-pelvis_tilt.KV	0.5665369	0.56639405	0.00011389112	
S00011.hamstrings-pelvis_tilt.C0	0.027180685	0.02701122	0.00019853002	
S00011.glut_max-pelvis_tilt.KP  	1.5609536	1.5624016	0.0017759752	
S00011.glut_max-pelvis_tilt.KV  	0.3103711	0.31042372	0.0001124158	
S00011.glut_max-pelvis_tilt.C0  	0.15760621	0.15774291	0.00019045707	
S00011.iliopsoas-pelvis_tilt.KP 	-3.4946958	-3.4956957	0.0030026642	
S00011.iliopsoas-pelvis_tilt.KV 	-0.54452855	-0.54445844	0.00013707869	
S00011.iliopsoas-pelvis_tilt.C0 	0.33035273	0.33004146	0.00030906197	
S00100.iliopsoas.C0             	0.3347477	0.33475407	0.00015523637	
S00100.glut_max.C0              	-0.025184259	-0.02525873	0.00011430589	
S11000.iliopsoas.KL             	0.57607122	0.57616049	0.00014816135	
S11000.iliopsoas.L0             	0.38591876	0.3857132	0.00015853899	
S11000.iliopsoas-pelvis_tilt.P0 	-0.046183482	-0.046162912	0.00011602223	
S11000.iliopsoas-pelvis_tilt.KP 	0.011704202	0.011705801	0.00046973781	
S11000.iliopsoas-pelvis_tilt.KV 	0.14236695	0.14249031	0.00013997826	
S11000.iliopsoas-hamstrings.KL  	-8.4722429	-8.4854432	0.0054613183	
S11000.iliopsoas-hamstrings.L0  	1.1696942	1.1695662	0.00011597407	
S11000.hamstrings.KF            	0.58043297	0.58044588	0.00011377178	
S11000.glut_max.KF              	0.61881197	0.61879735	0.00012181633	
