pelvis_tilt.offset              	0.034275077	0.034223323	3.5852533e-05	
hip_flexion_r.offset            	0.074135032	0.074128961	2.8695067e-05	
knee_angle_r.offset             	0.0035801931	0.0035740882	3.0638295e-05	
ankle_angle_r.offset            	-0.06068683	-0.060648988	4.2026322e-05	
hip_flexion_l.offset            	-0.0015660009	-0.001617028	5.5637127e-05	
knee_angle_l.offset             	0.058565448	0.05852265	4.741433e-05	
ankle_angle_l.offset            	0.184639	0.18468355	4.1612594e-05	
stance_load_threshold           	0.14551062	0.14547158	4.7356147e-05	
S00111.tib_ant.KL               	1.3061602	1.3066845	0.00075666958	
S00111.tib_ant.L0               	0.75099773	0.75117476	8.0923119e-05	
S00111.tib_ant.KS               	0.000173	0.00016280077	1.2266473e-05	
S11000.tib_ant.KL               	1.2304886	1.2305597	0.00042231544	
S11000.tib_ant.L0               	0.73532453	0.73525484	6.4032978e-05	
S11000.tib_ant.KS               	0.036021395	0.036023498	3.8661151e-05	
S11111.tib_ant-soleus.KF        	-0.10905603	-0.10910984	6.7823069e-05	
S00111.soleus-tib_ant.KS        	-0.83572395	-0.83545571	0.00084279305	
S00111.gastroc-tib_ant.KS       	-0.32784355	-0.32734656	0.00053652654	
S11000.soleus-tib_ant.KS        	-3.4254527	-3.4247208	0.00097238555	
S11000.gastroc-tib_ant.KS       	-1.7548478	-1.7538017	0.00082536781	
S00111.tib_ant-soleus.KS        	-0.0032267956	-0.0033149513	0.0023836529	
S00111.tib_ant-gastroc.KS       	-0.00357534	-0.0037228617	0.0023225795	
S11000.tib_ant-soleus.KS        	-0.0034666	-0.0032345677	0.002282514	
S11000.tib_ant-gastroc.KS       	-0.0034618088	-0.003506417	0.0022698191	
S00111.soleus.KL                	4.0453684	4.0457295	0.00071760323	
S00111.soleus.L0                	0.94369873	0.94360755	0.00018797998	
S00111.soleus.KF                	0.21899775	0.21897989	6.6218136e-05	
S00111.soleus.KS                	0.15311692	0.15264173	0.00044764891	
S00111.gastroc.KL               	0.07653251	0.076802433	0.00055708934	
S00111.gastroc.L0               	0.84624475	0.8455546	0.00032369335	
S00111.gastroc.KF               	1.416137	1.4161238	4.3872797e-05	
S00111.gastroc.KS               	0.1733549	0.17336753	0.00027072931	
S11000.soleus.KL                	0.79584988	0.79481926	0.0013620754	
S11000.soleus.L0                	0.89662664	0.89619036	0.00031641463	
S11000.soleus.KF                	-0.95503675	-0.95471299	0.0012494782	
S11000.soleus.KS                	0.10378253	0.10327019	0.00079525127	
S11000.gastroc.KL               	0.0089867469	0.0087785601	0.00027381333	
S11000.gastroc.L0               	0.54500985	0.54478066	0.00033648722	
S11000.gastroc.KF               	-1.8036019	-1.8023438	0.00083728124	
S11000.gastroc.KS               	0.27613666	0.27597146	0.00066166498	
S00011.vasti.KF                 	0.78155416	0.78156487	0.00017178032	
S00011.vasti.C0                 	0.080523825	0.080475799	3.2648901e-05	
S00011.vasti-knee_angle.pos_max 	-0.3155794	-0.31554639	7.3571926e-05	
S00011.hamstrings-pelvis_tilt.KP	0.73098908	0.73095828	0.00068156181	
S00011.hamstrings-pelvis_tilt.KV	0.56620876	0.56619209	3.8841871e-05	
S00011.hamstrings-pelvis_tilt.C0	0.027330568	0.027257306	6.3809477e-05	
S00011.glut_max-pelvis_tilt.KP  	1.5571078	1.5575512	0.00058904117	
S00011.glut_max-pelvis_tilt.KV  	0.31031809	0.31034709	3.6764283e-05	
S00011.glut_max-pelvis_tilt.C0  	0.15654713	0.15660116	6.5826217e-05	
S00011.iliopsoas-pelvis_tilt.KP 	-3.5192389	-3.5194362	0.0010754834	
S00011.iliopsoas-pelvis_tilt.KV 	-0.54467514	-0.5447081	4.7688575e-05	
S00011.iliopsoas-pelvis_tilt.C0 	0.33026742	0.33018012	0.00010289308	
S00100.iliopsoas.C0             	0.33503682	0.33498818	5.2090076e-05	
S00100.glut_max.C0              	-0.024523547	-0.024518381	3.9887502e-05	
S11000.iliopsoas.KL             	0.57659364	0.57650702	5.0670471e-05	
S11000.iliopsoas.L0             	0.38561774	0.38557681	5.2325693e-05	
S11000.iliopsoas-pelvis_tilt.P0 	-0.046192684	-0.046165101	3.772729e-05	
S11000.iliopsoas-pelvis_tilt.KP 	0.01155961	0.011519087	0.00014183914	
S11000.iliopsoas-pelvis_tilt.KV 	0.14207129	0.14208239	4.7116248e-05	
S11000.iliopsoas-hamstrings.KL  	-8.4926437	-8.4931341	0.0017884863	
S11000.iliopsoas-hamstrings.L0  	1.1691948	1.1691647	3.8603522e-05	
S11000.hamstrings.KF            	0.58027813	0.58028448	3.7790301e-05	
S11000.glut_max.KF              	0.61917089	0.61920497	4.0458749e-05	
