pelvis_tilt.offset              	0.019915244	0.018559798	0.0011961259	
hip_flexion_r.offset            	0.069008384	0.067247765	0.0011208492	
knee_angle_r.offset             	0.0031756038	0.0040074607	0.0012314956	
ankle_angle_r.offset            	-0.056935052	-0.056604866	0.0015960684	
hip_flexion_l.offset            	-0.0053954722	-0.0064055411	0.0022532305	
knee_angle_l.offset             	0.0597859	0.059290187	0.0017581005	
ankle_angle_l.offset            	0.18620778	0.18485037	0.0016729667	
stance_load_threshold           	0.15500469	0.15460788	0.0018540262	
S00111.tib_ant.KL               	1.2989708	1.2695306	0.030527687	
S00111.tib_ant.L0               	0.75159335	0.75938798	0.0032721256	
S00111.tib_ant.KS               	0.00015652	0.0001660512	0.0012932289	
S11000.tib_ant.KL               	1.1658877	1.1875309	0.017354677	
S11000.tib_ant.L0               	0.74317878	0.74091973	0.0025169789	
S11000.tib_ant.KS               	0.03371447	0.035656873	0.0016029489	
S11111.tib_ant-soleus.KF        	-0.11088865	-0.10993154	0.0027430453	
S00111.soleus-tib_ant.KS        	-0.84320423	-0.8294499	0.034770825	
S11000.soleus-tib_ant.KS        	-3.3826108	-3.3241613	0.040470856	
S00111.gastroc-tib_ant.KS       	-0.32171493	-0.33965473	0.03007278	
S11000.gastroc-tib_ant.KS       	-1.7490029	-1.7122602	0.033526613	
S00111.tib_ant-gastroc.KS       	-0.00357534	-0.0037046717	0.25590602	
S11000.tib_ant-gastroc.KS       	-0.00366451	-0.0035047469	0.25012302	
S00111.tib_ant-soleus.KS        	-0.00346517	-0.003279758	0.26270075	
S11000.tib_ant-soleus.KS        	-0.00313645	-0.0033281979	0.25154127	
S00111.gastroc.KL               	0.07523758	0.079362914	0.031995716	
S00111.gastroc.L0               	0.83052668	0.84012161	0.013356946	
S00111.gastroc.KF               	1.4079905	1.4093883	0.001710636	
S00111.soleus.KL                	4.0051345	4.0119113	0.029895132	
S00111.soleus.L0                	0.95613727	0.96087655	0.0076878718	
S00111.soleus.KF                	0.22919348	0.22950753	0.002477366	
S11000.gastroc.KL               	0.00925153	0.0090945488	0.025524115	
S11000.gastroc.L0               	0.51619269	0.52451835	0.014028989	
S11000.gastroc.KF               	-1.7771177	-1.8157957	0.03297738	
S11000.soleus.KL                	0.84260236	0.81823776	0.058358153	
S11000.soleus.L0                	0.89314997	0.91440671	0.013057636	
S11000.soleus.KF                	-0.86753488	-0.90939715	0.054404584	
S00011.vasti.KF                 	0.8018383	0.80810302	0.0072466907	
S00011.vasti.C0                 	0.08833627	0.087009362	0.0016372538	
S00011.vasti-knee_angle.pos_max 	-0.30228202	-0.30072214	0.0025124279	
S00011.hamstrings-pelvis_tilt.KP	0.7400838	0.72197267	0.02863482	
S00011.hamstrings-pelvis_tilt.KV	0.56519222	0.56517971	0.0014603685	
S00011.hamstrings-pelvis_tilt.C0	0.02778807	0.027363736	0.0031477782	
S00011.glut_max-pelvis_tilt.KP  	1.5370357	1.5099523	0.023660002	
S00011.glut_max-pelvis_tilt.KV  	0.31162345	0.3136435	0.0014790207	
S00011.glut_max-pelvis_tilt.C0  	0.15623467	0.15874748	0.0025089183	
S00011.iliopsoas-pelvis_tilt.KP 	-3.555898	-3.5976529	0.040406444	
S00011.iliopsoas-pelvis_tilt.KV 	-0.54017996	-0.54446497	0.0018189323	
S00011.iliopsoas-pelvis_tilt.C0 	0.32254393	0.32241668	0.0039516564	
S00100.iliopsoas.C0             	0.3396625	0.33777413	0.0021450924	
S00100.glut_max.C0              	-0.02342065	-0.024612879	0.0016376191	
S11000.iliopsoas.KL             	0.56505605	0.56455652	0.0018433307	
S11000.iliopsoas.L0             	0.39403139	0.39291151	0.002044901	
S11000.iliopsoas-pelvis_tilt.P0 	-0.045360195	-0.046174243	0.0016337024	
S11000.iliopsoas-pelvis_tilt.KP 	0.01082572	0.011106641	0.01027533	
S11000.iliopsoas-pelvis_tilt.KV 	0.14954387	0.14413465	0.0018939255	
S11000.iliopsoas-hamstrings.KL  	-8.4635541	-8.3021141	0.067314697	
S11000.iliopsoas-hamstrings.L0  	1.1655061	1.1671414	0.0015334813	
S11000.hamstrings.KF            	0.57569283	0.57411036	0.001474491	
S11000.glut_max.KF              	0.61932114	0.62038196	0.0016701951	
