pelvis_tilt.offset              	0.020143346	0.020089923	0.00019448095	
hip_flexion_r.offset            	0.070855944	0.071104297	0.0001822116	
knee_angle_r.offset             	0.00093556858	0.0007741974	0.00019897182	
ankle_angle_r.offset            	-0.056042862	-0.056131002	0.00026049587	
hip_flexion_l.offset            	-0.0037846477	-0.0043134707	0.00036965959	
knee_angle_l.offset             	0.058338734	0.058071623	0.00028642061	
ankle_angle_l.offset            	0.19326911	0.1929868	0.00028051881	
stance_load_threshold           	0.15076851	0.15061587	0.00030066844	
S00111.tib_ant.KL               	1.2765858	1.2785715	0.004938603	
S00111.tib_ant.L0               	0.76414087	0.76300946	0.00053059694	
S00111.tib_ant.KS               	0.000173	0.0001681162	0.00016588227	
S11000.tib_ant.KL               	1.1943416	1.1927839	0.0027808899	
S11000.tib_ant.L0               	0.73520016	0.73519866	0.00040652756	
S11000.tib_ant.KS               	0.034591831	0.034433125	0.00026594497	
S11111.tib_ant-soleus.KF        	-0.11138947	-0.11162107	0.00044602621	
S00111.soleus-tib_ant.KS        	-0.88003168	-0.86639444	0.0055212258	
S11000.soleus-tib_ant.KS        	-3.2049106	-3.2079108	0.0065835643	
S00111.gastroc-tib_ant.KS       	-0.32573875	-0.33263236	0.00445416	
S11000.gastroc-tib_ant.KS       	-1.7331927	-1.7351633	0.0056210119	
S00111.tib_ant-gastroc.KS       	-0.00395169	-0.0038161642	0.032818554	
S11000.tib_ant-gastroc.KS       	-0.00331551	-0.0034280321	0.032076905	
S00111.tib_ant-soleus.KS        	-0.00346517	-0.0032114482	0.033689916	
S11000.tib_ant-soleus.KS        	-0.00313645	-0.0032814805	0.032258776	
S00111.gastroc.KL               	0.07633325	0.079480778	0.0043007456	
S00111.gastroc.L0               	0.84516533	0.84458709	0.0022046066	
S00111.gastroc.KF               	1.4126386	1.4127464	0.00027821213	
S00111.gastroc.KS               	0.16049832	0.16282554	0.0022063105	
S00111.soleus.KL                	3.9826971	3.9863474	0.0049399073	
S00111.soleus.L0                	0.9658372	0.96607409	0.0011770701	
S00111.soleus.KF                	0.22346058	0.22251007	0.00040725751	
S00111.soleus.KS                	0.16282398	0.16119093	0.0031958303	
S11000.gastroc.L0               	0.50314196	0.50183565	0.0022466941	
S11000.gastroc.KF               	-1.8206344	-1.817318	0.005575503	
S11000.gastroc.KS               	0.2593527	0.26687217	0.0045889947	
S11000.soleus.L0                	0.91396169	0.917638	0.0020722194	
S11000.soleus.KF                	-0.91497086	-0.91614911	0.0086675711	
S11000.soleus.KS                	0.10497744	0.10801814	0.0063385971	
S00011.vasti.KF                 	0.82527267	0.8254896	0.0011960987	
S00011.vasti.C0                 	0.082380303	0.081887409	0.00025001059	
S00011.vasti-knee_angle.pos_max 	-0.30713702	-0.30683473	0.00040906408	
S00011.hamstrings-pelvis_tilt.KP	0.67973527	0.67993257	0.004467157	
S00011.hamstrings-pelvis_tilt.KV	0.569626	0.56958931	0.0002433535	
S00011.hamstrings-pelvis_tilt.C0	0.025973331	0.026147048	0.00047295236	
S00011.glut_max-pelvis_tilt.KP  	1.4986044	1.5007565	0.0038098671	
S00011.glut_max-pelvis_tilt.KV  	0.31314247	0.31313874	0.00024452089	
S00011.glut_max-pelvis_tilt.C0  	0.15562122	0.15549875	0.00041940582	
S00011.iliopsoas-pelvis_tilt.KP 	-3.5197943	-3.5273474	0.0065648036	
S00011.iliopsoas-pelvis_tilt.KV 	-0.54149707	-0.54181261	0.00030372504	
S00011.iliopsoas-pelvis_tilt.C0 	0.33074592	0.33091685	0.0006281461	
S00100.iliopsoas.C0             	0.33653098	0.33645865	0.0003488289	
S00100.glut_max.C0              	-0.025560871	-0.02548104	0.0002564587	
S11000.iliopsoas.KL             	0.56207861	0.56198039	0.00029015773	
S11000.iliopsoas.L0             	0.38913901	0.38941017	0.00034775044	
S11000.iliopsoas-pelvis_tilt.P0 	-0.04280774	-0.043506424	0.00026788503	
S11000.iliopsoas-pelvis_tilt.KP 	0.01082572	0.011388987	0.0013345497	
S11000.iliopsoas-pelvis_tilt.KV 	0.14726195	0.14716991	0.00030685884	
S11000.iliopsoas-hamstrings.KL  	-8.3825191	-8.3704258	0.010965861	
S11000.iliopsoas-hamstrings.L0  	1.1646441	1.1644492	0.00024935885	
S11000.hamstrings.KF            	0.57714986	0.57727532	0.00023892546	
S11000.glut_max.KF              	0.62022407	0.6202135	0.00027611159	
