pelvis_tilt.offset              	0.023102382	0.02325773	0.00023192722	
hip_flexion_r.offset            	0.065315443	0.065295498	0.00021890201	
knee_angle_r.offset             	-0.0034833007	-0.0034660353	0.00024718925	
ankle_angle_r.offset            	-0.052610256	-0.052614498	0.00031718542	
hip_flexion_l.offset            	-0.0079412176	-0.0070814434	0.00044908657	
knee_angle_l.offset             	0.061656202	0.06153071	0.0003461505	
ankle_angle_l.offset            	0.19297066	0.19265152	0.00033237986	
stance_load_threshold           	0.15408581	0.15484521	0.00035594419	
S00111.tib_ant.KL               	1.2843369	1.2750706	0.0061000158	
S00111.tib_ant.L0               	0.74217803	0.74180198	0.00068871189	
S00111.tib_ant.KS               	0.000173	0.00015946462	0.00018336952	
S11000.tib_ant.KL               	1.1764721	1.1789132	0.0033646233	
S11000.tib_ant.L0               	0.73378601	0.73311669	0.00050254137	
S11000.tib_ant.KS               	0.035982572	0.036321253	0.0003020728	
S11111.tib_ant-soleus.KF        	-0.11240969	-0.11212464	0.00053998511	
S00111.soleus-tib_ant.KS        	-0.89402901	-0.88801438	0.0066483644	
S11000.soleus-tib_ant.KS        	-3.339887	-3.3426953	0.0078204762	
S00111.gastroc-tib_ant.KS       	-0.34275469	-0.34854104	0.0054763857	
S11000.gastroc-tib_ant.KS       	-1.6087677	-1.6024367	0.0059515498	
S00111.tib_ant-gastroc.KS       	-0.00395169	-0.0037086893	0.036276355	
S11000.tib_ant-gastroc.KS       	-0.00366451	-0.0035678913	0.035456565	
S00111.tib_ant-soleus.KS        	-0.00313515	-0.0032179887	0.037239512	
S11000.tib_ant-soleus.KS        	-0.0034666	-0.003383518	0.035657593	
S00111.gastroc.KL               	0.082335641	0.079569696	0.0048141113	
S00111.gastroc.L0               	0.8033897	0.80489576	0.0026299616	
S00111.gastroc.KF               	1.4077182	1.4079165	0.00033464819	
S00111.soleus.KL                	4.0614133	4.0559313	0.0061271505	
S00111.soleus.L0                	0.95937171	0.95938588	0.001506879	
S00111.soleus.KF                	0.23389603	0.23388165	0.00048574869	
S11000.gastroc.KL               	0.00925153	0.0086307139	0.0036251191	
S11000.gastroc.L0               	0.53005097	0.52144765	0.0026315725	
S11000.gastroc.KF               	-1.8036262	-1.8065569	0.0063681683	
S11000.soleus.KL                	0.83370877	0.83418845	0.010549238	
S11000.soleus.L0                	0.9261707	0.93104906	0.0025640792	
S11000.soleus.KF                	-0.92024646	-0.92819446	0.010108518	
S00011.vasti.KF                 	0.85978094	0.85790666	0.0014744197	
S00011.vasti.C0                 	0.086167814	0.085893495	0.00031706214	
S00011.vasti-knee_angle.pos_max 	-0.30022712	-0.30027813	0.00047753613	
S00011.hamstrings-pelvis_tilt.KP	0.69883215	0.70055717	0.0055723272	
S00011.hamstrings-pelvis_tilt.KV	0.57488942	0.57477783	0.0002980892	
S00011.hamstrings-pelvis_tilt.C0	0.026663587	0.026734706	0.00053863742	
S00011.glut_max-pelvis_tilt.KP  	1.5085815	1.5108838	0.0046018248	
S00011.glut_max-pelvis_tilt.KV  	0.3118679	0.31183374	0.00029642914	
S00011.glut_max-pelvis_tilt.C0  	0.16411314	0.16307961	0.00049823237	
S00011.iliopsoas-pelvis_tilt.KP 	-3.5225904	-3.5306162	0.0076218112	
S00011.iliopsoas-pelvis_tilt.KV 	-0.54491216	-0.54523429	0.0003532314	
S00011.iliopsoas-pelvis_tilt.C0 	0.33538851	0.33459674	0.00078389796	
S00100.iliopsoas.C0             	0.34045343	0.34028112	0.00041991497	
S00100.glut_max.C0              	-0.025032251	-0.02500089	0.00029984275	
S11000.iliopsoas.KL             	0.56200282	0.56175562	0.00035110306	
S11000.iliopsoas.L0             	0.39153993	0.39132175	0.00039524046	
S11000.iliopsoas-pelvis_tilt.P0 	-0.043317353	-0.04325517	0.0003153197	
S11000.iliopsoas-pelvis_tilt.KP 	0.01082572	0.011510321	0.0014791689	
S11000.iliopsoas-pelvis_tilt.KV 	0.13836968	0.13852159	0.00037425874	
S11000.iliopsoas-hamstrings.KL  	-8.3624758	-8.3583228	0.013077387	
S11000.iliopsoas-hamstrings.L0  	1.1657727	1.1654389	0.00029670197	
S11000.hamstrings.KF            	0.57870462	0.5787381	0.00028678082	
S11000.glut_max.KF              	0.62132068	0.62135472	0.00032621655	
