pelvis_tilt.offset              	0.023725655	0.023586758	0.00017683083	
hip_flexion_r.offset            	0.065297317	0.065570537	0.00016689438	
knee_angle_r.offset             	-0.0032428129	-0.0033556649	0.00018927196	
ankle_angle_r.offset            	-0.053029039	-0.05325343	0.00024311347	
hip_flexion_l.offset            	-0.0073198848	-0.0076623633	0.00034872796	
knee_angle_l.offset             	0.062281058	0.062172751	0.00026893222	
ankle_angle_l.offset            	0.19191981	0.19215365	0.00025512597	
stance_load_threshold           	0.15529197	0.15500939	0.00027016163	
S00111.tib_ant.KL               	1.2725982	1.2672974	0.0046413306	
S00111.tib_ant.L0               	0.74045697	0.74083981	0.0005303236	
S00111.tib_ant.KS               	0.00016431316	0.00016608673	0.00013276713	
S11000.tib_ant.KL               	1.1753815	1.1757727	0.0025838698	
S11000.tib_ant.L0               	0.73334024	0.73267146	0.00038796349	
S11000.tib_ant.KS               	0.03686343	0.036873137	0.00023103169	
S11111.tib_ant-soleus.KF        	-0.11245611	-0.1128079	0.0004213496	
S00111.soleus-tib_ant.KS        	-0.88072528	-0.88123106	0.0050909648	
S11000.soleus-tib_ant.KS        	-3.3351983	-3.3415582	0.0058838781	
S00111.gastroc-tib_ant.KS       	-0.34705811	-0.34758137	0.004144177	
S11000.gastroc-tib_ant.KS       	-1.6148943	-1.6065769	0.0044739817	
S00111.tib_ant-gastroc.KS       	-0.00357534	-0.0038218955	0.026261335	
S11000.tib_ant-gastroc.KS       	-0.00366451	-0.0034544704	0.025667868	
S00111.tib_ant-soleus.KS        	-0.00346517	-0.0032363231	0.026958576	
S11000.tib_ant-soleus.KS        	-0.0034666	-0.003223862	0.025813389	
S00111.gastroc.KL               	0.07523758	0.078954578	0.0035714694	
S00111.gastroc.L0               	0.80610263	0.8087371	0.0020051392	
S00111.gastroc.KF               	1.4070518	1.4071337	0.00026032605	
S00111.soleus.KL                	4.0437446	4.0493527	0.0046718284	
S00111.soleus.L0                	0.95926836	0.95846307	0.0011466174	
S00111.soleus.KF                	0.2338434	0.23398817	0.00036928277	
S11000.gastroc.KL               	0.008977522	0.0087398233	0.0026272149	
S11000.gastroc.L0               	0.5280459	0.52406947	0.0020300309	
S11000.gastroc.KF               	-1.7997096	-1.8078671	0.0049129072	
S11000.soleus.KL                	0.83713507	0.83024779	0.0079782248	
S11000.soleus.L0                	0.92644431	0.92853074	0.0019578037	
S11000.soleus.KF                	-0.93636102	-0.93196375	0.0077610277	
S00011.vasti.KF                 	0.86089807	0.86034663	0.0011092345	
S00011.vasti.C0                 	0.086363855	0.086356625	0.000242291	
S00011.vasti-knee_angle.pos_max 	-0.30170111	-0.30104663	0.0003674222	
S00011.hamstrings-pelvis_tilt.KP	0.70305686	0.69615618	0.0042648204	
S00011.hamstrings-pelvis_tilt.KV	0.57565216	0.57509303	0.00022939797	
S00011.hamstrings-pelvis_tilt.C0	0.027044111	0.027090239	0.00040772861	
S00011.glut_max-pelvis_tilt.KP  	1.5055859	1.5066853	0.0035045231	
S00011.glut_max-pelvis_tilt.KV  	0.31090014	0.31084178	0.00022829911	
S00011.glut_max-pelvis_tilt.C0  	0.16454085	0.1636629	0.00037801435	
S00011.iliopsoas-pelvis_tilt.KP 	-3.5274796	-3.5238224	0.0058073265	
S00011.iliopsoas-pelvis_tilt.KV 	-0.54531858	-0.54528647	0.00026928226	
S00011.iliopsoas-pelvis_tilt.C0 	0.3343747	0.33483063	0.00059556877	
S00100.iliopsoas.C0             	0.34125867	0.34067579	0.00031948109	
S00100.glut_max.C0              	-0.024758916	-0.024288897	0.00023177896	
S11000.iliopsoas.KL             	0.5618688	0.56170104	0.00026864702	
S11000.iliopsoas.L0             	0.3913427	0.39112243	0.0003054771	
S11000.iliopsoas-pelvis_tilt.P0 	-0.043548094	-0.04321397	0.00024004657	
S11000.iliopsoas-pelvis_tilt.KP 	0.01196527	0.011307341	0.0010796449	
S11000.iliopsoas-pelvis_tilt.KV 	0.1383171	0.13849729	0.00028519823	
S11000.iliopsoas-hamstrings.KL  	-8.3693495	-8.3625629	0.0099013124	
S11000.iliopsoas-hamstrings.L0  	1.1658984	1.1659088	0.00022893939	
S11000.hamstrings.KF            	0.5784208	0.57820496	0.00021770646	
S11000.glut_max.KF              	0.62199709	0.62141483	0.00025082554	
