pelvis_tilt.offset              	0.017918297	0.02027146	0.0013117272	
hip_flexion_r.offset            	0.07041009	0.069793568	0.0012327094	
knee_angle_r.offset             	-0.0012588306	0.0001598441	0.0013513406	
ankle_angle_r.offset            	-0.058966504	-0.055827825	0.0017614566	
hip_flexion_l.offset            	-0.0058308701	-0.0071951322	0.0025162684	
knee_angle_l.offset             	0.06109346	0.056552072	0.0019361117	
ankle_angle_l.offset            	0.19010184	0.18945624	0.0018469694	
stance_load_threshold           	0.15375448	0.15120562	0.0020340257	
S00111.tib_ant.KL               	1.2829081	1.2316792	0.033608854	
S00111.tib_ant.L0               	0.7668842	0.76804485	0.0036303466	
S00111.tib_ant.KS               	0.00015652	0.00016642422	0.0014524132	
S11000.tib_ant.KL               	1.1682837	1.166732	0.019199096	
S11000.tib_ant.L0               	0.74110314	0.73847517	0.0027943184	
S11000.tib_ant.KS               	0.035032622	0.036200466	0.001782468	
S11111.tib_ant-soleus.KF        	-0.11201472	-0.1096592	0.0030344634	
S00111.soleus-tib_ant.KS        	-0.89402901	-0.86598689	0.038695015	
S11000.soleus-tib_ant.KS        	-3.2475356	-3.2774657	0.044805791	
S00111.gastroc-tib_ant.KS       	-0.32171493	-0.32307673	0.033639506	
S11000.gastroc-tib_ant.KS       	-1.6005779	-1.6407824	0.037348186	
S00111.tib_ant-gastroc.KS       	-0.00395169	-0.0038196841	0.28740588	
S11000.tib_ant-gastroc.KS       	-0.00331551	-0.0035479798	0.28091104	
S00111.tib_ant-soleus.KS        	-0.00346517	-0.0032284645	0.29503698	
S11000.tib_ant-soleus.KS        	-0.00313645	-0.0033748287	0.28250387	
S00111.gastroc.L0               	0.7968718	0.81862966	0.014813089	
S00111.gastroc.KF               	1.413329	1.4101207	0.0018870688	
S00111.gastroc.KS               	0.17739288	0.17448286	0.016615166	
S00111.soleus.L0                	1.0089063	0.99844227	0.0085465588	
S00111.soleus.KF                	0.22541066	0.22873108	0.0027401149	
S00111.soleus.KS                	0.16520068	0.15703006	0.024271677	
S11000.gastroc.KL               	0.00925153	0.0088730245	0.028665732	
S11000.gastroc.L0               	0.533932	0.52148512	0.015592468	
S11000.gastroc.KF               	-1.8319376	-1.8433336	0.036755687	
S11000.gastroc.KS               	0.27887874	0.25955936	0.033968708	
S11000.soleus.KL                	0.76872523	0.7896148	0.065231683	
S11000.soleus.L0                	0.89030776	0.8951455	0.014291328	
S11000.soleus.KF                	-0.87421422	-0.88903305	0.060646837	
S11000.soleus.KS                	0.1022613	0.10890999	0.05322924	
S00011.vasti.KF                 	0.80194735	0.80331834	0.0080346356	
S00011.vasti.C0                 	0.080314163	0.083197823	0.0018115381	
S00011.vasti-knee_angle.pos_max 	-0.30424241	-0.30783199	0.002762609	
S00011.hamstrings-pelvis_tilt.KP	0.74162866	0.70742036	0.031846467	
S00011.hamstrings-pelvis_tilt.KV	0.56846755	0.56851476	0.0016178499	
S00011.hamstrings-pelvis_tilt.C0	0.02778807	0.027021715	0.0035275261	
S00011.glut_max-pelvis_tilt.KP  	1.566141	1.5131216	0.026230186	
S00011.glut_max-pelvis_tilt.KV  	0.31709585	0.31444223	0.001643679	
S00011.glut_max-pelvis_tilt.C0  	0.16672777	0.16254557	0.002766997	
S00011.iliopsoas-pelvis_tilt.KP 	-3.5006386	-3.4962224	0.044073821	
S00011.iliopsoas-pelvis_tilt.KV 	-0.54422915	-0.54430231	0.0020090549	
S00011.iliopsoas-pelvis_tilt.C0 	0.33184671	0.33026297	0.0043346245	
S00100.iliopsoas.C0             	0.33638537	0.33454813	0.002375116	
S00100.glut_max.C0              	-0.02342065	-0.025054645	0.0018284505	
S11000.iliopsoas.KL             	0.56085465	0.56086735	0.0020412562	
S11000.iliopsoas.L0             	0.38997665	0.39019767	0.0022519634	
S11000.iliopsoas-pelvis_tilt.P0 	-0.045778263	-0.045145682	0.0018137146	
S11000.iliopsoas-pelvis_tilt.KP 	0.01082572	0.011358877	0.01153953	
S11000.iliopsoas-pelvis_tilt.KV 	0.14942862	0.14750612	0.0020960834	
S11000.iliopsoas-hamstrings.KL  	-8.3696861	-8.297389	0.074019536	
S11000.iliopsoas-hamstrings.L0  	1.1662564	1.166292	0.0016884013	
S11000.hamstrings.KF            	0.57585045	0.574517	0.0016190568	
S11000.glut_max.KF              	0.62120959	0.62154613	0.0018444622	
