pelvis_tilt.offset              	0.016652764	0.017047851	0.00054725488	
hip_flexion_r.offset            	0.066167496	0.066331125	0.00051943475	
knee_angle_r.offset             	0.0010789414	0.0019418012	0.0005578199	
ankle_angle_r.offset            	-0.052709097	-0.052092583	0.00072763939	
hip_flexion_l.offset            	-0.0095311359	-0.011449344	0.0010494697	
knee_angle_l.offset             	0.057495449	0.05769923	0.00079977718	
ankle_angle_l.offset            	0.1847094	0.18593148	0.00075234964	
stance_load_threshold           	0.15292821	0.15322259	0.00084262561	
S00111.tib_ant.KL               	1.2861961	1.2988107	0.013693018	
S00111.tib_ant.L0               	0.76493854	0.76482671	0.0014805048	
S00111.tib_ant.KS               	0.000173	0.00016473253	0.00052981402	
S11000.tib_ant.KL               	1.213863	1.2081375	0.0079354336	
S11000.tib_ant.L0               	0.73814594	0.73739524	0.0011633576	
S11000.tib_ant.KS               	0.035770158	0.036153196	0.00070931858	
S11111.tib_ant-soleus.KF        	-0.11363549	-0.11255075	0.0012225633	
S00111.soleus-tib_ant.KS        	-0.86047392	-0.87063887	0.015497507	
S11000.soleus-tib_ant.KS        	-3.3009685	-3.2772464	0.018654888	
S00111.gastroc-tib_ant.KS       	-0.32171493	-0.33054719	0.012637097	
S11000.gastroc-tib_ant.KS       	-1.7040312	-1.6994205	0.015481366	
S00111.tib_ant-gastroc.KS       	-0.00357534	-0.0037746649	0.10483901	
S11000.tib_ant-gastroc.KS       	-0.00366451	-0.0034523389	0.10246984	
S00111.tib_ant-soleus.KS        	-0.00313515	-0.0033054779	0.10762266	
S11000.tib_ant-soleus.KS        	-0.00313645	-0.0032448774	0.10305087	
S00111.gastroc.L0               	0.80344021	0.80456137	0.005963734	
S00111.gastroc.KF               	1.4125097	1.4124676	0.00077527375	
S00111.gastroc.KS               	0.17723624	0.17427186	0.0062795355	
S00111.soleus.L0                	1.007583	1.0098207	0.00356287	
S00111.soleus.KF                	0.23250478	0.23050912	0.0011438128	
S00111.soleus.KS                	0.15844915	0.15736232	0.0091190413	
S11000.gastroc.KL               	0.00837043	0.008546628	0.010457609	
S11000.gastroc.L0               	0.51251013	0.51358234	0.0063053798	
S11000.gastroc.KF               	-1.866293	-1.8566728	0.015064038	
S11000.gastroc.KS               	0.27887874	0.26660782	0.012826062	
S11000.soleus.KL                	0.83366879	0.81943281	0.025067294	
S11000.soleus.L0                	0.91019007	0.90542375	0.0058699052	
S11000.soleus.KF                	-0.89033851	-0.90299077	0.023804481	
S11000.soleus.KS                	0.10229058	0.10846579	0.019491538	
S00011.vasti.KF                 	0.81321168	0.81510524	0.0032781105	
S00011.vasti.C0                 	0.081957136	0.081140195	0.00072214	
S00011.vasti-knee_angle.pos_max 	-0.30313607	-0.30447227	0.0011289992	
S00011.hamstrings-pelvis_tilt.KP	0.71746263	0.71156548	0.012708427	
S00011.hamstrings-pelvis_tilt.KV	0.57194652	0.57063769	0.00066404618	
S00011.hamstrings-pelvis_tilt.C0	0.026234104	0.02603761	0.0013309763	
S00011.glut_max-pelvis_tilt.KP  	1.5314038	1.5310824	0.010747866	
S00011.glut_max-pelvis_tilt.KV  	0.31545129	0.3146765	0.00066884668	
S00011.glut_max-pelvis_tilt.C0  	0.16361277	0.1633986	0.0011415343	
S00011.iliopsoas-pelvis_tilt.KP 	-3.4562024	-3.418744	0.018327729	
S00011.iliopsoas-pelvis_tilt.KV 	-0.54545069	-0.54492877	0.00081763091	
S00011.iliopsoas-pelvis_tilt.C0 	0.32448297	0.32608934	0.0017944007	
S00100.iliopsoas.C0             	0.32798895	0.3301245	0.00098965409	
S00100.glut_max.C0              	-0.02588599	-0.025292383	0.00071114517	
S11000.iliopsoas.KL             	0.56479773	0.56450824	0.0008462316	
S11000.iliopsoas.L0             	0.38969896	0.38897809	0.00091711799	
S11000.iliopsoas-pelvis_tilt.P0 	-0.04543246	-0.045318126	0.00072417489	
S11000.iliopsoas-pelvis_tilt.KP 	0.01082572	0.011516604	0.0042137608	
S11000.iliopsoas-pelvis_tilt.KV 	0.14877073	0.14861962	0.00086796971	
S11000.iliopsoas-hamstrings.KL  	-8.4724911	-8.4963461	0.031095457	
S11000.iliopsoas-hamstrings.L0  	1.1706547	1.1715887	0.00069705749	
S11000.hamstrings.KF            	0.57280942	0.57307096	0.00065297325	
S11000.glut_max.KF              	0.61795456	0.61886004	0.00076832477	
