pelvis_tilt.offset              	0.024565089	0.024320052	0.00035500058	
hip_flexion_r.offset            	0.069570816	0.069228179	0.00033286103	
knee_angle_r.offset             	0.0022813603	0.002230486	0.00036679508	
ankle_angle_r.offset            	-0.059916966	-0.059795348	0.00047560919	
hip_flexion_l.offset            	-0.01323804	-0.012847438	0.00069156471	
knee_angle_l.offset             	0.05669535	0.056714278	0.00051718565	
ankle_angle_l.offset            	0.18784646	0.18815474	0.00049306036	
stance_load_threshold           	0.147218	0.14739214	0.00056051631	
S00111.tib_ant.KL               	1.2868893	1.287433	0.0091210408	
S00111.tib_ant.L0               	0.76041172	0.76149249	0.00098574978	
S00111.tib_ant.KS               	0.00015652	0.00016558881	0.00034001522	
S11000.tib_ant.KL               	1.20771	1.2129749	0.005129182	
S11000.tib_ant.L0               	0.72955003	0.73050685	0.00077765225	
S11000.tib_ant.KS               	0.035943679	0.03533746	0.00046763996	
S11111.tib_ant-soleus.KF        	-0.10880043	-0.10952661	0.00081266876	
S00111.soleus-tib_ant.KS        	-0.85712396	-0.87025919	0.010096637	
S11000.soleus-tib_ant.KS        	-3.1901445	-3.1947051	0.012095885	
S00111.gastroc-tib_ant.KS       	-0.32171493	-0.3280114	0.0082549765	
S11000.gastroc-tib_ant.KS       	-1.6435968	-1.6607766	0.01012101	
S00111.tib_ant-gastroc.KS       	-0.00357534	-0.0037552516	0.067280905	
S11000.tib_ant-gastroc.KS       	-0.00366451	-0.0034707461	0.065760479	
S00111.tib_ant-soleus.KS        	-0.00346517	-0.0032612662	0.069067319	
S11000.tib_ant-soleus.KS        	-0.00313645	-0.0032506971	0.066133354	
S00111.gastroc.KL               	0.07523758	0.080445007	0.0084904667	
S00111.gastroc.L0               	0.83853442	0.83449949	0.0040173741	
S00111.gastroc.KF               	1.4116382	1.4121811	0.00051223343	
S00111.soleus.KL                	4.0850492	4.094171	0.0092093438	
S00111.soleus.L0                	0.95438066	0.95559677	0.0022602894	
S00111.soleus.KF                	0.22699136	0.22698759	0.00072249791	
S11000.gastroc.KL               	0.00925153	0.0090965915	0.0067120042	
S11000.gastroc.L0               	0.5458568	0.54383904	0.004167158	
S11000.gastroc.KF               	-1.7724903	-1.7760791	0.0099559243	
S11000.soleus.KL                	0.77572738	0.7859424	0.016731521	
S11000.soleus.L0                	0.87374736	0.8686095	0.003874767	
S11000.soleus.KF                	-0.95885434	-0.94326197	0.015647176	
S00011.vasti.KF                 	0.82009253	0.81656458	0.0021547946	
S00011.vasti.C0                 	0.080364702	0.080912449	0.00047529046	
S00011.vasti-knee_angle.pos_max 	-0.31008753	-0.30821106	0.00075169567	
S00011.hamstrings-pelvis_tilt.KP	0.68994901	0.69067227	0.0085327786	
S00011.hamstrings-pelvis_tilt.KV	0.56805819	0.56833556	0.00043600759	
S00011.hamstrings-pelvis_tilt.C0	0.026307363	0.026323838	0.0008761751	
S00011.glut_max-pelvis_tilt.KP  	1.5321263	1.5324799	0.0069899218	
S00011.glut_max-pelvis_tilt.KV  	0.31386602	0.31438027	0.00043833215	
S00011.glut_max-pelvis_tilt.C0  	0.16002187	0.16071999	0.00074966248	
S00011.iliopsoas-pelvis_tilt.KP 	-3.4427906	-3.4496608	0.011868884	
S00011.iliopsoas-pelvis_tilt.KV 	-0.53884558	-0.53868435	0.00054973851	
S00011.iliopsoas-pelvis_tilt.C0 	0.33327035	0.33260689	0.0011943393	
S00100.iliopsoas.C0             	0.33749385	0.33703213	0.00064035698	
S00100.glut_max.C0              	-0.0248473	-0.024551549	0.00046823009	
S11000.iliopsoas.KL             	0.56028675	0.56049361	0.00053558503	
S11000.iliopsoas.L0             	0.38683258	0.3869329	0.00061801861	
S11000.iliopsoas-pelvis_tilt.P0 	-0.042846311	-0.043765964	0.00047898742	
S11000.iliopsoas-pelvis_tilt.KP 	0.01082572	0.011433803	0.0027070054	
S11000.iliopsoas-pelvis_tilt.KV 	0.14391951	0.14352953	0.00056325355	
S11000.iliopsoas-hamstrings.KL  	-8.3340032	-8.3236638	0.020198368	
S11000.iliopsoas-hamstrings.L0  	1.1721064	1.171669	0.00046762557	
S11000.hamstrings.KF            	0.57649705	0.57705988	0.00044782444	
S11000.glut_max.KF              	0.62026636	0.62048722	0.0004891847	
