pelvis_tilt.offset              	0.024656657	0.024444031	0.00031704058	
hip_flexion_r.offset            	0.06924494	0.069638814	0.00029705045	
knee_angle_r.offset             	0.0021374945	0.0016981859	0.00032810425	
ankle_angle_r.offset            	-0.059315132	-0.059363448	0.00042538432	
hip_flexion_l.offset            	-0.013479265	-0.012941693	0.00061925492	
knee_angle_l.offset             	0.056816483	0.056828902	0.00046024048	
ankle_angle_l.offset            	0.1873668	0.1872845	0.00044065063	
stance_load_threshold           	0.14812385	0.14699452	0.00050296206	
S00111.tib_ant.KL               	1.2851889	1.2864922	0.0081370816	
S00111.tib_ant.L0               	0.75921899	0.76011305	0.00087610889	
S00111.tib_ant.KS               	0.00015652	0.00016098243	0.00029393348	
S11000.tib_ant.KL               	1.2136423	1.2105639	0.0046050819	
S11000.tib_ant.L0               	0.73130839	0.73038977	0.00070226027	
S11000.tib_ant.KS               	0.034662843	0.035015927	0.00041584855	
S11111.tib_ant-soleus.KF        	-0.10882514	-0.10796247	0.00072777465	
S00111.soleus-tib_ant.KS        	-0.86737269	-0.86432454	0.0090235586	
S11000.soleus-tib_ant.KS        	-3.1786203	-3.1821369	0.010842793	
S00111.gastroc-tib_ant.KS       	-0.32264803	-0.32576599	0.0072353261	
S11000.gastroc-tib_ant.KS       	-1.634673	-1.6349608	0.0091126704	
S00111.tib_ant-gastroc.KS       	-0.00395169	-0.0037370643	0.058161034	
S11000.tib_ant-gastroc.KS       	-0.00331551	-0.003555341	0.056846699	
S00111.tib_ant-soleus.KS        	-0.00313515	-0.0032345216	0.059705297	
S11000.tib_ant-soleus.KS        	-0.00313645	-0.0032497636	0.057169028	
S00111.gastroc.KL               	0.082034245	0.078329309	0.0073804668	
S00111.gastroc.L0               	0.83057757	0.83690567	0.0036128887	
S00111.gastroc.KF               	1.4115758	1.411634	0.00045521313	
S00111.soleus.KL                	4.0872251	4.0856386	0.0082047856	
S00111.soleus.L0                	0.95362869	0.9540708	0.0020199372	
S00111.soleus.KF                	0.22903917	0.22800132	0.00064377505	
S11000.gastroc.KL               	0.00837043	0.0086558792	0.0058031226	
S11000.gastroc.L0               	0.54802332	0.54297672	0.0036977486	
S11000.gastroc.KF               	-1.7655882	-1.7706465	0.0088947675	
S11000.soleus.KL                	0.78283069	0.77979049	0.014902847	
S11000.soleus.L0                	0.87725277	0.87667572	0.0034718196	
S11000.soleus.KF                	-0.90853258	-0.91229423	0.014068201	
S00011.vasti.KF                 	0.81814813	0.81871552	0.0019407938	
S00011.vasti.C0                 	0.080641168	0.080408234	0.00042169933	
S00011.vasti-knee_angle.pos_max 	-0.30857252	-0.30863416	0.0006751827	
S00011.hamstrings-pelvis_tilt.KP	0.68585686	0.6962726	0.0076055151	
S00011.hamstrings-pelvis_tilt.KV	0.56794579	0.56833528	0.00038926297	
S00011.hamstrings-pelvis_tilt.C0	0.025279987	0.026595676	0.00077476535	
S00011.glut_max-pelvis_tilt.KP  	1.5225419	1.5176575	0.0062699484	
S00011.glut_max-pelvis_tilt.KV  	0.31397924	0.31444156	0.00039550299	
S00011.glut_max-pelvis_tilt.C0  	0.15953374	0.16029693	0.0006759107	
S00011.iliopsoas-pelvis_tilt.KP 	-3.4546388	-3.4669967	0.010611761	
S00011.iliopsoas-pelvis_tilt.KV 	-0.53914159	-0.53892483	0.00048824132	
S00011.iliopsoas-pelvis_tilt.C0 	0.3347525	0.33331205	0.0010759764	
S00100.iliopsoas.C0             	0.33571539	0.33673834	0.00057622189	
S00100.glut_max.C0              	-0.02517384	-0.025266015	0.00041957486	
S11000.iliopsoas.KL             	0.56089123	0.56067183	0.00048191947	
S11000.iliopsoas.L0             	0.38741664	0.3871629	0.00055004241	
S11000.iliopsoas-pelvis_tilt.P0 	-0.043933076	-0.044271976	0.00042799022	
S11000.iliopsoas-pelvis_tilt.KP 	0.01186339	0.011374613	0.0023433736	
S11000.iliopsoas-pelvis_tilt.KV 	0.14333962	0.14307784	0.00050223087	
S11000.iliopsoas-hamstrings.KL  	-8.3339267	-8.3300029	0.018023471	
S11000.iliopsoas-hamstrings.L0  	1.1724226	1.1719843	0.00042101926	
S11000.hamstrings.KF            	0.57755313	0.57765114	0.00039814326	
S11000.glut_max.KF              	0.62006709	0.62040145	0.00043338189	
