pelvis_tilt.offset              	0.022061676	0.022428881	0.00058653882	
hip_flexion_r.offset            	0.07001715	0.07045035	0.00054870221	
knee_angle_r.offset             	0.00061511068	0.00043421012	0.00060453715	
ankle_angle_r.offset            	-0.055679225	-0.055696988	0.0007934194	
hip_flexion_l.offset            	-0.0021040051	-0.0023280186	0.0011310318	
knee_angle_l.offset             	0.058219935	0.057543877	0.00087237208	
ankle_angle_l.offset            	0.18934623	0.18908596	0.00083477192	
stance_load_threshold           	0.15325317	0.15337286	0.00091830724	
S00111.tib_ant.KL               	1.2404112	1.2445735	0.015222833	
S00111.tib_ant.L0               	0.76100867	0.76101404	0.0016192927	
S00111.tib_ant.KS               	0.000173	0.00016867563	0.00062059773	
S11000.tib_ant.KL               	1.1920483	1.1850361	0.0085632896	
S11000.tib_ant.L0               	0.73154309	0.73208629	0.0012654944	
S11000.tib_ant.KS               	0.034943484	0.036159337	0.00079292805	
S11111.tib_ant-soleus.KF        	-0.11095114	-0.11129376	0.0013531315	
S00111.soleus-tib_ant.KS        	-0.84011133	-0.84435212	0.017169574	
S11000.soleus-tib_ant.KS        	-3.2858192	-3.2606347	0.019945296	
S00111.gastroc-tib_ant.KS       	-0.35000499	-0.33497709	0.014645163	
S11000.gastroc-tib_ant.KS       	-1.6849591	-1.67055	0.016760638	
S00111.tib_ant-gastroc.KS       	-0.00395169	-0.0038307438	0.1228043	
S11000.tib_ant-gastroc.KS       	-0.00331551	-0.0034461341	0.12002915	
S00111.tib_ant-soleus.KS        	-0.00346517	-0.0033395725	0.12606496	
S11000.tib_ant-soleus.KS        	-0.00313645	-0.0032654318	0.12070974	
S00111.gastroc.KL               	0.07523758	0.08027369	0.015376329	
S00111.gastroc.L0               	0.80694578	0.82294664	0.0066322668	
S00111.gastroc.KF               	1.4093094	1.4091695	0.00084580196	
S00111.gastroc.KS               	0.16809795	0.16545569	0.0072516801	
S00111.soleus.KL                	4.0302873	4.0039492	0.014761532	
S00111.soleus.L0                	0.97222794	0.97323825	0.0037798239	
S00111.soleus.KF                	0.22333696	0.22403653	0.0012294315	
S00111.soleus.KS                	0.15757291	0.15952691	0.010472925	
S11000.gastroc.L0               	0.52059108	0.50759092	0.0070185426	
S11000.gastroc.KF               	-1.8377669	-1.8216411	0.016452444	
S11000.gastroc.KS               	0.26961638	0.26914093	0.014724504	
S11000.soleus.L0                	0.90579137	0.89765172	0.0064647258	
S11000.soleus.KF                	-0.94940258	-0.93104644	0.026733405	
S11000.soleus.KS                	0.1022613	0.1083244	0.022775061	
S00011.vasti.KF                 	0.81388534	0.81671713	0.0035720351	
S00011.vasti.C0                 	0.083762044	0.083335438	0.00079758544	
S00011.vasti-knee_angle.pos_max 	-0.30193473	-0.30136863	0.0012476842	
S00011.hamstrings-pelvis_tilt.KP	0.67433744	0.68271783	0.014140447	
S00011.hamstrings-pelvis_tilt.KV	0.5678111	0.56730217	0.0007228469	
S00011.hamstrings-pelvis_tilt.C0	0.02778807	0.0265837	0.0015265298	
S00011.glut_max-pelvis_tilt.KP  	1.5104698	1.5115399	0.011867008	
S00011.glut_max-pelvis_tilt.KV  	0.31528173	0.31457619	0.00075072335	
S00011.glut_max-pelvis_tilt.C0  	0.15688401	0.15695201	0.0012453043	
S00011.iliopsoas-pelvis_tilt.KP 	-3.4891735	-3.494913	0.019854338	
S00011.iliopsoas-pelvis_tilt.KV 	-0.54509295	-0.54633265	0.00091071028	
S00011.iliopsoas-pelvis_tilt.C0 	0.33181241	0.3297581	0.0019520413	
S00100.iliopsoas.C0             	0.3398266	0.33991719	0.0010668655	
S00100.glut_max.C0              	-0.024347634	-0.024174297	0.00080452091	
S11000.iliopsoas.KL             	0.55977438	0.56005751	0.0009142333	
S11000.iliopsoas.L0             	0.3887597	0.38962798	0.0010234497	
S11000.iliopsoas-pelvis_tilt.P0 	-0.04493515	-0.045265118	0.0008100513	
S11000.iliopsoas-pelvis_tilt.KP 	0.01196527	0.011442771	0.0049323927	
S11000.iliopsoas-pelvis_tilt.KV 	0.14596982	0.146278	0.00094568303	
S11000.iliopsoas-hamstrings.KL  	-8.3390756	-8.3587738	0.03342408	
S11000.iliopsoas-hamstrings.L0  	1.1665451	1.1663588	0.00074841406	
S11000.hamstrings.KF            	0.57334752	0.57313187	0.00073084211	
S11000.glut_max.KF              	0.6213046	0.62140024	0.00082377183	
