pelvis_tilt.offset              	0.021464762	0.021442065	0.00043685685	
hip_flexion_r.offset            	0.07033301	0.070390951	0.0004122428	
knee_angle_r.offset             	-0.00082852209	-0.00046477293	0.0004517723	
ankle_angle_r.offset            	-0.055709841	-0.055268649	0.00059272013	
hip_flexion_l.offset            	-0.0026274734	-0.00253224	0.0008545099	
knee_angle_l.offset             	0.057555828	0.057098714	0.0006500505	
ankle_angle_l.offset            	0.18769999	0.18835698	0.0006239975	
stance_load_threshold           	0.15491419	0.15456956	0.00068586973	
S00111.tib_ant.KL               	1.2557801	1.2520051	0.011374309	
S00111.tib_ant.L0               	0.75969273	0.7604505	0.0012071343	
S00111.tib_ant.KS               	0.000173	0.00016649315	0.00045078649	
S11000.tib_ant.KL               	1.1876863	1.1901452	0.0063642865	
S11000.tib_ant.L0               	0.73413865	0.73301949	0.0009429144	
S11000.tib_ant.KS               	0.035424937	0.035919926	0.00059228104	
S11111.tib_ant-soleus.KF        	-0.11189448	-0.11132187	0.0010040914	
S00111.soleus-tib_ant.KS        	-0.84747549	-0.83545937	0.012806834	
S11000.soleus-tib_ant.KS        	-3.2617644	-3.255387	0.014829578	
S00111.gastroc-tib_ant.KS       	-0.34721422	-0.33463513	0.01075716	
S11000.gastroc-tib_ant.KS       	-1.6846341	-1.6834487	0.012528665	
S00111.tib_ant-gastroc.KS       	-0.00395169	-0.0038485351	0.089201284	
S11000.tib_ant-gastroc.KS       	-0.00331551	-0.0034553544	0.087185501	
S00111.tib_ant-soleus.KS        	-0.00346517	-0.0033097812	0.091569725	
S11000.tib_ant-soleus.KS        	-0.00313645	-0.0033179257	0.087679861	
S00111.gastroc.KL               	0.08315732	0.080842663	0.011191548	
S00111.gastroc.L0               	0.80300106	0.81856969	0.0050028543	
S00111.gastroc.KF               	1.409454	1.4092469	0.00062944791	
S00111.gastroc.KS               	0.16725991	0.1637553	0.0053254335	
S00111.soleus.KL                	4.018204	4.0105812	0.011066662	
S00111.soleus.L0                	0.9687505	0.97345727	0.0027994849	
S00111.soleus.KF                	0.22429177	0.22381466	0.00091779965	
S00111.soleus.KS                	0.15854923	0.15620093	0.0076849753	
S11000.gastroc.L0               	0.51544738	0.51537095	0.0052323428	
S11000.gastroc.KF               	-1.8132393	-1.8174828	0.0122882	
S11000.gastroc.KS               	0.27161342	0.26424138	0.01085066	
S11000.soleus.L0                	0.89679108	0.89882259	0.0048064871	
S11000.soleus.KF                	-0.92000773	-0.93257041	0.019797318	
S11000.soleus.KS                	0.11302564	0.10687607	0.01657258	
S00011.vasti.KF                 	0.81811752	0.81857919	0.0026574913	
S00011.vasti.C0                 	0.084013505	0.083136789	0.00059120219	
S00011.vasti-knee_angle.pos_max 	-0.30102141	-0.3024483	0.0009356803	
S00011.hamstrings-pelvis_tilt.KP	0.73444914	0.72024852	0.010563908	
S00011.hamstrings-pelvis_tilt.KV	0.56812047	0.56753527	0.00054375256	
S00011.hamstrings-pelvis_tilt.C0	0.027239002	0.026905647	0.0011257606	
S00011.glut_max-pelvis_tilt.KP  	1.5038372	1.5064818	0.00886173	
S00011.glut_max-pelvis_tilt.KV  	0.3137108	0.31366317	0.00055873909	
S00011.glut_max-pelvis_tilt.C0  	0.15505931	0.15600061	0.00093038136	
S00011.iliopsoas-pelvis_tilt.KP 	-3.4802708	-3.4969291	0.014810682	
S00011.iliopsoas-pelvis_tilt.KV 	-0.54516332	-0.54610864	0.00068261055	
S00011.iliopsoas-pelvis_tilt.C0 	0.32947985	0.33002733	0.001468262	
S00100.iliopsoas.C0             	0.34236607	0.3404193	0.00079262488	
S00100.glut_max.C0              	-0.024920266	-0.024651883	0.00059819179	
S11000.iliopsoas.KL             	0.56194678	0.56083476	0.00068310181	
S11000.iliopsoas.L0             	0.38756566	0.38866838	0.00076693524	
S11000.iliopsoas-pelvis_tilt.P0 	-0.045758114	-0.045388061	0.00060296026	
S11000.iliopsoas-pelvis_tilt.KP 	0.01082572	0.011282626	0.0035844933	
S11000.iliopsoas-pelvis_tilt.KV 	0.14780887	0.14707246	0.00070871801	
S11000.iliopsoas-hamstrings.KL  	-8.3761745	-8.3578046	0.02509296	
S11000.iliopsoas-hamstrings.L0  	1.1662388	1.1667371	0.00055726026	
S11000.hamstrings.KF            	0.57378308	0.57320467	0.00054282124	
S11000.glut_max.KF              	0.62110258	0.62097305	0.00061863833	
