pelvis_tilt.offset              	0.021140485	0.021324807	0.00042469815	
hip_flexion_r.offset            	0.069997036	0.070328037	0.00040060454	
knee_angle_r.offset             	-0.0011579747	-0.00049434848	0.00043956201	
ankle_angle_r.offset            	-0.055616717	-0.055335238	0.00057591971	
hip_flexion_l.offset            	-0.00061553698	-0.0024945962	0.0008303701	
knee_angle_l.offset             	0.057165131	0.057102948	0.0006324489	
ankle_angle_l.offset            	0.18929482	0.18833802	0.00060688302	
stance_load_threshold           	0.15521426	0.15457776	0.00066677411	
S00111.tib_ant.KL               	1.2549238	1.2542394	0.011069397	
S00111.tib_ant.L0               	0.76088448	0.76010416	0.0011748493	
S00111.tib_ant.KS               	0.000173	0.00016257738	0.00043728738	
S11000.tib_ant.KL               	1.187234	1.1903653	0.006182518	
S11000.tib_ant.L0               	0.73405998	0.73294947	0.0009159323	
S11000.tib_ant.KS               	0.036740467	0.036007302	0.00057640865	
S11111.tib_ant-soleus.KF        	-0.11087966	-0.11121758	0.00097626739	
S00111.soleus-tib_ant.KS        	-0.84898869	-0.83583159	0.012445878	
S11000.soleus-tib_ant.KS        	-3.2454156	-3.2531769	0.014407132	
S00111.gastroc-tib_ant.KS       	-0.33456189	-0.33465756	0.010448462	
S11000.gastroc-tib_ant.KS       	-1.6686278	-1.6818272	0.01218823	
S00111.tib_ant-gastroc.KS       	-0.00395169	-0.0038400869	0.086530009	
S11000.tib_ant-gastroc.KS       	-0.00331551	-0.0035156833	0.084574591	
S00111.tib_ant-soleus.KS        	-0.00346517	-0.0033207513	0.088827523	
S11000.tib_ant-soleus.KS        	-0.00313645	-0.0032503961	0.085054147	
S00111.gastroc.KL               	0.08315732	0.081221175	0.010857579	
S00111.gastroc.L0               	0.82065143	0.81714885	0.0048786851	
S00111.gastroc.KF               	1.4097226	1.4094825	0.00061179533	
S00111.gastroc.KS               	0.16049832	0.16415531	0.0051706858	
S00111.soleus.KL                	4.0104091	4.0141014	0.010751546	
S00111.soleus.L0                	0.97068882	0.97188015	0.0027226165	
S00111.soleus.KF                	0.22407206	0.2234685	0.00089261819	
S00111.soleus.KS                	0.15265974	0.15610517	0.0074625018	
S11000.gastroc.L0               	0.50382717	0.51345842	0.0050926462	
S11000.gastroc.KF               	-1.8134552	-1.8174636	0.011957457	
S11000.gastroc.KS               	0.26488803	0.26899401	0.010549017	
S11000.soleus.L0                	0.90110836	0.89807633	0.0046675363	
S11000.soleus.KF                	-0.93299248	-0.92967829	0.019231375	
S11000.soleus.KS                	0.1022613	0.10783443	0.016079724	
S00011.vasti.KF                 	0.82104818	0.81929811	0.0025809178	
S00011.vasti.C0                 	0.083847828	0.083240456	0.00057463574	
S00011.vasti-knee_angle.pos_max 	-0.30192712	-0.30218907	0.00090908584	
S00011.hamstrings-pelvis_tilt.KP	0.72216403	0.72334531	0.010299675	
S00011.hamstrings-pelvis_tilt.KV	0.56877186	0.56758722	0.00052902073	
S00011.hamstrings-pelvis_tilt.C0	0.025943231	0.026732888	0.0010929958	
S00011.glut_max-pelvis_tilt.KP  	1.5093325	1.5055836	0.0086172195	
S00011.glut_max-pelvis_tilt.KV  	0.31268399	0.31377604	0.00054247858	
S00011.glut_max-pelvis_tilt.C0  	0.15664407	0.15605069	0.0009038986	
S00011.iliopsoas-pelvis_tilt.KP 	-3.4888071	-3.4999239	0.014401384	
S00011.iliopsoas-pelvis_tilt.KV 	-0.54643986	-0.54603819	0.00066350179	
S00011.iliopsoas-pelvis_tilt.C0 	0.32973969	0.3305226	0.0014280366	
S00100.iliopsoas.C0             	0.34142708	0.3408208	0.00077266458	
S00100.glut_max.C0              	-0.025358071	-0.024720784	0.00058115161	
S11000.iliopsoas.KL             	0.56031356	0.56112659	0.00066431929	
S11000.iliopsoas.L0             	0.38932763	0.38837185	0.00074750456	
S11000.iliopsoas-pelvis_tilt.P0 	-0.045338887	-0.045550676	0.00058610413	
S11000.iliopsoas-pelvis_tilt.KP 	0.011641251	0.01129891	0.003477318	
S11000.iliopsoas-pelvis_tilt.KV 	0.14706976	0.14719512	0.00068948104	
S11000.iliopsoas-hamstrings.KL  	-8.3452102	-8.3615189	0.024404107	
S11000.iliopsoas-hamstrings.L0  	1.1671968	1.1667974	0.00054141148	
S11000.hamstrings.KF            	0.5744573	0.57337225	0.0005272482	
S11000.glut_max.KF              	0.62127475	0.62093799	0.00060220231	
