pelvis_tilt.offset              	0.022063819	0.021813786	0.00011293274	
hip_flexion_r.offset            	0.070956207	0.070735083	0.0001071426	
knee_angle_r.offset             	-0.00096663906	-0.0011167718	0.00012124	
ankle_angle_r.offset            	-0.056230102	-0.056131812	0.00015721108	
hip_flexion_l.offset            	-0.0010972997	-0.00079283511	0.00022747048	
knee_angle_l.offset             	0.056477553	0.056710756	0.00017117653	
ankle_angle_l.offset            	0.18977133	0.18985454	0.00016631405	
stance_load_threshold           	0.15635596	0.15585464	0.00017976509	
S00111.tib_ant.KL               	1.2787825	1.2754591	0.0030112899	
S00111.tib_ant.L0               	0.75762268	0.75753709	0.00031984855	
S00111.tib_ant.KS               	0.000173	0.0001615194	0.00010091562	
S11000.tib_ant.KL               	1.1726493	1.170966	0.001662842	
S11000.tib_ant.L0               	0.73200775	0.73216024	0.00025228083	
S11000.tib_ant.KS               	0.035035225	0.035343047	0.00015473257	
S11111.tib_ant-soleus.KF        	-0.11127418	-0.11123164	0.0002623561	
S00111.soleus-tib_ant.KS        	-0.84138976	-0.84530702	0.0032993562	
S11000.soleus-tib_ant.KS        	-3.2597608	-3.2653109	0.0038776584	
S00111.gastroc-tib_ant.KS       	-0.33835173	-0.33652788	0.0026621549	
S11000.gastroc-tib_ant.KS       	-1.6797279	-1.6789517	0.0032655775	
S00111.tib_ant-gastroc.KS       	-0.00357534	-0.0037650859	0.019963094	
S11000.tib_ant-gastroc.KS       	-0.00331551	-0.0035513193	0.01951195	
S00111.tib_ant-soleus.KS        	-0.00346517	-0.0032579263	0.020493115	
S11000.tib_ant-soleus.KS        	-0.0034666	-0.0033783589	0.019622583	
S00111.gastroc.KL               	0.076912309	0.079798275	0.0026380529	
S00111.gastroc.L0               	0.82556151	0.82665705	0.0013071392	
S00111.gastroc.KF               	1.4096223	1.4096704	0.00016547098	
S00111.gastroc.KS               	0.16302481	0.16313152	0.0013018918	
S00111.soleus.KL                	4.0295428	4.0311434	0.0028760649	
S00111.soleus.L0                	0.97280164	0.97243849	0.00071720646	
S00111.soleus.KF                	0.22305518	0.22315345	0.00023771161	
S00111.soleus.KS                	0.15385986	0.1545577	0.0019076425	
S11000.gastroc.L0               	0.50680843	0.50706996	0.0013502178	
S11000.gastroc.KF               	-1.7802552	-1.7796686	0.0032883465	
S11000.gastroc.KS               	0.2738825	0.27065418	0.0027689682	
S11000.soleus.L0                	0.89079283	0.89072352	0.0012587804	
S11000.soleus.KF                	-0.89808954	-0.89657016	0.0051331772	
S11000.soleus.KS                	0.1022613	0.10853761	0.0038850054	
S00011.vasti.KF                 	0.82105112	0.82103298	0.00067959872	
S00011.vasti.C0                 	0.083815206	0.083880036	0.00015096765	
S00011.vasti-knee_angle.pos_max 	-0.3030344	-0.3031662	0.00024454444	
S00011.hamstrings-pelvis_tilt.KP	0.70256607	0.7088455	0.0027523645	
S00011.hamstrings-pelvis_tilt.KV	0.5678146	0.56805761	0.00014278309	
S00011.hamstrings-pelvis_tilt.C0	0.025626303	0.025451582	0.00028166643	
S00011.glut_max-pelvis_tilt.KP  	1.4840287	1.4835742	0.0023744937	
S00011.glut_max-pelvis_tilt.KV  	0.31378921	0.31379129	0.000144998	
S00011.glut_max-pelvis_tilt.C0  	0.15670153	0.15667662	0.00024125027	
S00011.iliopsoas-pelvis_tilt.KP 	-3.4845479	-3.4874322	0.003864445	
S00011.iliopsoas-pelvis_tilt.KV 	-0.54578701	-0.54572867	0.00017600253	
S00011.iliopsoas-pelvis_tilt.C0 	0.33051456	0.33002618	0.00038223666	
S00100.iliopsoas.C0             	0.34045197	0.34001947	0.00020690696	
S00100.glut_max.C0              	-0.025284671	-0.025134139	0.00015526324	
S11000.iliopsoas.KL             	0.56179308	0.56175145	0.00017920607	
S11000.iliopsoas.L0             	0.38796645	0.38801648	0.00020386043	
S11000.iliopsoas-pelvis_tilt.P0 	-0.045090731	-0.045256816	0.00015588433	
S11000.iliopsoas-pelvis_tilt.KP 	0.011715789	0.011667617	0.00081652607	
S11000.iliopsoas-pelvis_tilt.KV 	0.14626174	0.14623355	0.00018486235	
S11000.iliopsoas-hamstrings.KL  	-8.3241237	-8.3322025	0.006619038	
S11000.iliopsoas-hamstrings.L0  	1.1671987	1.1670517	0.00014526228	
S11000.hamstrings.KF            	0.57287083	0.57284627	0.00014074711	
S11000.glut_max.KF              	0.62082742	0.62096501	0.00016256728	
