pelvis_tilt.offset              	0.02192977	0.021857353	0.00010682682	
hip_flexion_r.offset            	0.070799873	0.070788979	0.00010141933	
knee_angle_r.offset             	-0.0011157151	-0.0010974853	0.00011490848	
ankle_angle_r.offset            	-0.056095444	-0.056173724	0.00014915109	
hip_flexion_l.offset            	-0.0012747323	-0.00093083591	0.00021539396	
knee_angle_l.offset             	0.056563059	0.056637811	0.00016195215	
ankle_angle_l.offset            	0.18995609	0.18984559	0.00015729462	
stance_load_threshold           	0.15602069	0.15588952	0.00017041118	
S00111.tib_ant.KL               	1.2761826	1.2766007	0.0028499212	
S00111.tib_ant.L0               	0.75817791	0.7576716	0.00030275882	
S00111.tib_ant.KS               	0.000173	0.00016295143	9.5064978e-05	
S11000.tib_ant.KL               	1.1703764	1.171896	0.0015792072	
S11000.tib_ant.L0               	0.73179376	0.73219351	0.00023927979	
S11000.tib_ant.KS               	0.035187062	0.035280503	0.00014646005	
S11111.tib_ant-soleus.KF        	-0.11128104	-0.11122378	0.00024828571	
S00111.soleus-tib_ant.KS        	-0.83772795	-0.84301472	0.0031177623	
S11000.soleus-tib_ant.KS        	-3.2622268	-3.2625043	0.0036702244	
S00111.gastroc-tib_ant.KS       	-0.3353666	-0.33610929	0.0025168664	
S11000.gastroc-tib_ant.KS       	-1.6768678	-1.6798014	0.0030917529	
S00111.tib_ant-gastroc.KS       	-0.00395169	-0.0037508786	0.018805163	
S11000.tib_ant-gastroc.KS       	-0.00366451	-0.0034810494	0.018380186	
S00111.tib_ant-soleus.KS        	-0.00313515	-0.0033025782	0.019304439	
S11000.tib_ant-soleus.KS        	-0.0034666	-0.003279234	0.018484401	
S00111.gastroc.KL               	0.080651716	0.079342151	0.0024941342	
S00111.gastroc.L0               	0.82765951	0.82667039	0.0012391027	
S00111.gastroc.KF               	1.4092669	1.4096818	0.00015639681	
S00111.gastroc.KS               	0.16302473	0.1637001	0.0012314628	
S00111.soleus.KL                	4.0280417	4.0302887	0.0027211637	
S00111.soleus.L0                	0.97271737	0.97248628	0.00067799887	
S00111.soleus.KF                	0.2230617	0.22310603	0.00022515817	
S00111.soleus.KS                	0.15561069	0.15396512	0.001802841	
S11000.gastroc.L0               	0.50869769	0.5074524	0.0012787125	
S11000.gastroc.KF               	-1.7769984	-1.7789825	0.0031079256	
S11000.gastroc.KS               	0.27059754	0.26979812	0.0026253248	
S11000.soleus.L0                	0.89141737	0.89071976	0.0011905302	
S11000.soleus.KF                	-0.90228991	-0.90023114	0.0048545278	
S11000.soleus.KS                	0.10887496	0.10797577	0.0036824864	
S00011.vasti.KF                 	0.82153019	0.82080944	0.00064355019	
S00011.vasti.C0                 	0.083944804	0.083888722	0.00014273526	
S00011.vasti-knee_angle.pos_max 	-0.30273926	-0.3030882	0.00023195514	
S00011.hamstrings-pelvis_tilt.KP	0.70858044	0.70815444	0.0026056044	
S00011.hamstrings-pelvis_tilt.KV	0.56809869	0.56800865	0.00013544301	
S00011.hamstrings-pelvis_tilt.C0	0.025770531	0.025611039	0.00026676527	
S00011.glut_max-pelvis_tilt.KP  	1.4842531	1.4837797	0.0022520531	
S00011.glut_max-pelvis_tilt.KV  	0.31382273	0.31373857	0.00013719221	
S00011.glut_max-pelvis_tilt.C0  	0.15680079	0.15688856	0.00022855715	
S00011.iliopsoas-pelvis_tilt.KP 	-3.4982438	-3.4867958	0.0036532508	
S00011.iliopsoas-pelvis_tilt.KV 	-0.5455434	-0.54571359	0.00016640952	
S00011.iliopsoas-pelvis_tilt.C0 	0.33029489	0.3302685	0.00036216412	
S00100.iliopsoas.C0             	0.33997429	0.34016681	0.00019574274	
S00100.glut_max.C0              	-0.025045453	-0.025083623	0.00014693326	
S11000.iliopsoas.KL             	0.56148378	0.56170457	0.00016964318	
S11000.iliopsoas.L0             	0.38790643	0.38810087	0.00019323533	
S11000.iliopsoas-pelvis_tilt.P0 	-0.045130027	-0.04526857	0.00014764371	
S11000.iliopsoas-pelvis_tilt.KP 	0.01196527	0.011406942	0.0007703375	
S11000.iliopsoas-pelvis_tilt.KV 	0.14672486	0.1464172	0.00017539799	
S11000.iliopsoas-hamstrings.KL  	-8.3294531	-8.3266613	0.0062672101	
S11000.iliopsoas-hamstrings.L0  	1.1669949	1.1669974	0.00013752176	
S11000.hamstrings.KF            	0.57298817	0.57284239	0.00013297886	
S11000.glut_max.KF              	0.62102679	0.62093795	0.00015367442	
