pelvis_tilt.offset              	0.022203905	0.022112368	7.9736657e-05	
hip_flexion_r.offset            	0.070616626	0.070604904	7.5882734e-05	
knee_angle_r.offset             	-0.0011133869	-0.0012357304	8.5455833e-05	
ankle_angle_r.offset            	-0.056123344	-0.056074159	0.00011059367	
hip_flexion_l.offset            	-0.0011191916	-0.0010006528	0.00016060184	
knee_angle_l.offset             	0.056329065	0.05622259	0.00012266192	
ankle_angle_l.offset            	0.19026518	0.1902995	0.00011817525	
stance_load_threshold           	0.15595246	0.15610054	0.00012879893	
S00111.tib_ant.KL               	1.2788936	1.2754963	0.0021511483	
S00111.tib_ant.L0               	0.75839085	0.75816463	0.00022322296	
S00111.tib_ant.KS               	0.00015652	0.00016546653	6.3320196e-05	
S11000.tib_ant.KL               	1.1766083	1.1752979	0.0011724086	
S11000.tib_ant.L0               	0.73197511	0.73211983	0.00018161023	
S11000.tib_ant.KS               	0.035609116	0.035545904	0.0001080794	
S11111.tib_ant-soleus.KF        	-0.11142875	-0.11162897	0.00018608442	
S00111.soleus-tib_ant.KS        	-0.84163393	-0.83964653	0.0023261153	
S11000.soleus-tib_ant.KS        	-3.2550091	-3.2563525	0.0027671011	
S00111.gastroc-tib_ant.KS       	-0.33819506	-0.33953244	0.0018188871	
S11000.gastroc-tib_ant.KS       	-1.6817396	-1.6805808	0.0022922635	
S00111.tib_ant-gastroc.KS       	-0.00395169	-0.0038593249	0.012507463	
S11000.tib_ant-gastroc.KS       	-0.00331551	-0.0034199412	0.012224776	
S00111.tib_ant-soleus.KS        	-0.00313515	-0.0033966906	0.01283947	
S11000.tib_ant-soleus.KS        	-0.00313645	-0.0032789629	0.01229408	
S00111.gastroc.KL               	0.08012002	0.081048123	0.0018354964	
S00111.gastroc.L0               	0.82809482	0.8279749	0.00093420666	
S00111.gastroc.KF               	1.4094275	1.4093149	0.00011859595	
S00111.gastroc.KS               	0.16456114	0.16558846	0.00089877404	
S00111.soleus.KL                	4.0323659	4.0331081	0.0020232905	
S00111.soleus.L0                	0.97209616	0.97208216	0.00049552521	
S00111.soleus.KF                	0.22366844	0.22334536	0.0001679499	
S00111.soleus.KS                	0.15222036	0.15257113	0.0013177284	
S11000.gastroc.L0               	0.50518185	0.50699689	0.00094260789	
S11000.gastroc.KF               	-1.7786638	-1.7761981	0.0023303271	
S11000.gastroc.KS               	0.26915199	0.26716728	0.001974249	
S11000.soleus.L0                	0.8900185	0.88922221	0.00088173757	
S11000.soleus.KF                	-0.90739001	-0.90553295	0.0036181861	
S11000.soleus.KS                	0.10325358	0.10796087	0.0026759672	
S00011.vasti.KF                 	0.82004435	0.81940724	0.00048101789	
S00011.vasti.C0                 	0.084142773	0.084081343	0.00010625078	
S00011.vasti-knee_angle.pos_max 	-0.30295275	-0.30284879	0.00017319202	
S00011.hamstrings-pelvis_tilt.KP	0.6996196	0.6993852	0.0019451642	
S00011.hamstrings-pelvis_tilt.KV	0.56806107	0.56797778	0.00010021117	
S00011.hamstrings-pelvis_tilt.C0	0.026235606	0.025883022	0.00019855807	
S00011.glut_max-pelvis_tilt.KP  	1.4844826	1.4858241	0.0017090422	
S00011.glut_max-pelvis_tilt.KV  	0.31433884	0.31415886	0.00010505277	
S00011.glut_max-pelvis_tilt.C0  	0.15608567	0.15626269	0.00017057799	
S00011.iliopsoas-pelvis_tilt.KP 	-3.4925031	-3.4927295	0.002687002	
S00011.iliopsoas-pelvis_tilt.KV 	-0.54549165	-0.545661	0.00012493584	
S00011.iliopsoas-pelvis_tilt.C0 	0.32955677	0.32995648	0.00026943603	
S00100.iliopsoas.C0             	0.34005137	0.34015584	0.00014583491	
S00100.glut_max.C0              	-0.024831873	-0.024920202	0.00011018083	
S11000.iliopsoas.KL             	0.56145024	0.5616204	0.00012479403	
S11000.iliopsoas.L0             	0.38863256	0.38836147	0.00014437976	
S11000.iliopsoas-pelvis_tilt.P0 	-0.045131566	-0.045379567	0.00010886115	
S11000.iliopsoas-pelvis_tilt.KP 	0.011460979	0.011373085	0.00054093295	
S11000.iliopsoas-pelvis_tilt.KV 	0.14589573	0.14574531	0.00013259236	
S11000.iliopsoas-hamstrings.KL  	-8.3322818	-8.3321969	0.0047011914	
S11000.iliopsoas-hamstrings.L0  	1.1668399	1.166734	0.00010269079	
S11000.hamstrings.KF            	0.57286528	0.57293162	9.8761968e-05	
S11000.glut_max.KF              	0.62069369	0.62063221	0.00011446672	
