pelvis_tilt.offset              	0.019269103	0.019879328	0.00056533588	
hip_flexion_r.offset            	0.068812771	0.069308318	0.00053975287	
knee_angle_r.offset             	0.0013366315	0.00053480453	0.00058943666	
ankle_angle_r.offset            	-0.060013957	-0.059984588	0.00076446458	
hip_flexion_l.offset            	-0.0062257272	-0.0057191733	0.0010865702	
knee_angle_l.offset             	0.058812667	0.058257928	0.00083969698	
ankle_angle_l.offset            	0.18971571	0.18957947	0.00079522946	
stance_load_threshold           	0.15262052	0.15230886	0.00088267199	
S00111.tib_ant.KL               	1.2281674	1.2100489	0.01453487	
S00111.tib_ant.L0               	0.74936222	0.74740009	0.0015988392	
S00111.tib_ant.KS               	0.000173	0.00016322691	0.00056743573	
S11000.tib_ant.KL               	1.2025115	1.2064808	0.0083365657	
S11000.tib_ant.L0               	0.74441032	0.74421208	0.0012109989	
S11000.tib_ant.KS               	0.03726336	0.036164372	0.0007512864	
S11111.tib_ant-soleus.KF        	-0.11100248	-0.11103387	0.0013088401	
S00111.soleus-tib_ant.KS        	-0.87124252	-0.86792275	0.01602083	
S11000.soleus-tib_ant.KS        	-3.2375946	-3.2459197	0.019377224	
S00111.gastroc-tib_ant.KS       	-0.35021516	-0.34057903	0.013659246	
S11000.gastroc-tib_ant.KS       	-1.6895153	-1.6822674	0.016152451	
S00111.tib_ant-gastroc.KS       	-0.00357534	-0.0037474325	0.11228399	
S11000.tib_ant-gastroc.KS       	-0.00331551	-0.003427397	0.10974658	
S00111.tib_ant-soleus.KS        	-0.00346517	-0.0032445917	0.11526531	
S11000.tib_ant-soleus.KS        	-0.00313645	-0.0032952131	0.11036886	
S00111.gastroc.KL               	0.08315732	0.079020413	0.014081604	
S00111.gastroc.L0               	0.81163905	0.82049248	0.0064093224	
S00111.gastroc.KF               	1.4137889	1.4128459	0.00081523534	
S00111.soleus.KL                	4.0364562	4.0383736	0.014406629	
S00111.soleus.L0                	0.96785308	0.96940291	0.0036282935	
S00111.soleus.KF                	0.2271735	0.22673336	0.0011884954	
S11000.gastroc.KL               	0.00837043	0.0088351805	0.011199955	
S11000.gastroc.L0               	0.52060102	0.51519819	0.0066533771	
S11000.gastroc.KF               	-1.8303541	-1.8155467	0.01584432	
S11000.soleus.KL                	0.79413381	0.81180175	0.026747176	
S11000.soleus.L0                	0.92093383	0.91836415	0.0061887773	
S11000.soleus.KF                	-0.87924588	-0.88929161	0.025170468	
S00011.vasti.KF                 	0.84939145	0.84950508	0.0035614167	
S00011.vasti.C0                 	0.08125937	0.082602283	0.00078027661	
S00011.vasti-knee_angle.pos_max 	-0.30632317	-0.30560899	0.0012135647	
S00011.hamstrings-pelvis_tilt.KP	0.7378754	0.72558052	0.013414977	
S00011.hamstrings-pelvis_tilt.KV	0.56663268	0.56779331	0.0007017946	
S00011.hamstrings-pelvis_tilt.C0	0.027031631	0.026229675	0.0014153222	
S00011.glut_max-pelvis_tilt.KP  	1.524793	1.5290381	0.01125514	
S00011.glut_max-pelvis_tilt.KV  	0.31463255	0.31509609	0.00070883149	
S00011.glut_max-pelvis_tilt.C0  	0.1634062	0.16168999	0.0011994641	
S00011.iliopsoas-pelvis_tilt.KP 	-3.663096	-3.624927	0.019612799	
S00011.iliopsoas-pelvis_tilt.KV 	-0.5434567	-0.54387158	0.00086713633	
S00011.iliopsoas-pelvis_tilt.C0 	0.33489227	0.33400949	0.0018872685	
S00100.iliopsoas.C0             	0.34026358	0.34018309	0.0010301901	
S00100.glut_max.C0              	-0.024980848	-0.024614101	0.00075162923	
S11000.iliopsoas.KL             	0.56272642	0.56245266	0.00087574094	
S11000.iliopsoas.L0             	0.39276069	0.39324966	0.00098164991	
S11000.iliopsoas-pelvis_tilt.P0 	-0.042856451	-0.0433431	0.00077443103	
S11000.iliopsoas-pelvis_tilt.KP 	0.011215989	0.011675493	0.0045114744	
S11000.iliopsoas-pelvis_tilt.KV 	0.1422849	0.14325397	0.00090376223	
S11000.iliopsoas-hamstrings.KL  	-8.2208161	-8.1932908	0.032154669	
S11000.iliopsoas-hamstrings.L0  	1.1712559	1.1708541	0.00074141982	
S11000.hamstrings.KF            	0.56947909	0.57127954	0.00071127707	
S11000.glut_max.KF              	0.61995171	0.61948351	0.00080656539	
