pelvis_tilt.offset              	0.018865427	0.01918764	0.00035109744	
hip_flexion_r.offset            	0.069911443	0.069928965	0.0003352499	
knee_angle_r.offset             	0.0021506542	0.0018760014	0.00037149454	
ankle_angle_r.offset            	-0.058665859	-0.058784624	0.00047495933	
hip_flexion_l.offset            	-0.0030017738	-0.0045832084	0.00068335605	
knee_angle_l.offset             	0.060781793	0.061056375	0.00053971036	
ankle_angle_l.offset            	0.18994696	0.18976655	0.00049211771	
stance_load_threshold           	0.15078064	0.15139408	0.0005490897	
S00111.tib_ant.KL               	1.2242732	1.2233862	0.0090165467	
S00111.tib_ant.L0               	0.74592258	0.74601623	0.0010059529	
S00111.tib_ant.KS               	0.000173	0.00015976182	0.0003323789	
S11000.tib_ant.KL               	1.2091812	1.207545	0.0052166169	
S11000.tib_ant.L0               	0.74126303	0.74259146	0.00075474085	
S11000.tib_ant.KS               	0.034537942	0.034965152	0.00046322791	
S11111.tib_ant-soleus.KF        	-0.1149338	-0.11394698	0.00081698012	
S00111.soleus-tib_ant.KS        	-0.84402698	-0.8536816	0.0098232779	
S11000.soleus-tib_ant.KS        	-3.2490851	-3.2574763	0.011990211	
S00111.gastroc-tib_ant.KS       	-0.32171493	-0.33382565	0.008332803	
S11000.gastroc-tib_ant.KS       	-1.6599362	-1.6708165	0.01002531	
S00111.tib_ant-gastroc.KS       	-0.00395169	-0.0038140271	0.065769639	
S11000.tib_ant-gastroc.KS       	-0.00331551	-0.0035085485	0.064283364	
S00111.tib_ant-soleus.KS        	-0.00346517	-0.00329989	0.067515926	
S11000.tib_ant-soleus.KS        	-0.0034666	-0.0034012358	0.064647863	
S00111.gastroc.KL               	0.082733837	0.079218961	0.0082998469	
S00111.gastroc.L0               	0.81602656	0.81224827	0.0039948354	
S00111.gastroc.KF               	1.41277	1.4129844	0.00050524113	
S00111.soleus.KL                	4.0341097	4.0287157	0.0089932321	
S00111.soleus.L0                	0.97274663	0.96914968	0.0022392747	
S00111.soleus.KF                	0.22746724	0.22741505	0.00073251098	
S11000.gastroc.KL               	0.00925153	0.0088832531	0.0065612653	
S11000.gastroc.L0               	0.51380611	0.52022144	0.0041523836	
S11000.gastroc.KF               	-1.8379626	-1.8303523	0.0099382951	
S11000.soleus.KL                	0.79648098	0.78112001	0.016464698	
S11000.soleus.L0                	0.91894924	0.92219947	0.0038369539	
S11000.soleus.KF                	-0.91026817	-0.92783681	0.015577273	
S00011.vasti.KF                 	0.8479086	0.84790515	0.0022056642	
S00011.vasti.C0                 	0.081660828	0.081735665	0.0004869442	
S00011.vasti-knee_angle.pos_max 	-0.30425269	-0.30383178	0.00074957475	
S00011.hamstrings-pelvis_tilt.KP	0.73055358	0.71659727	0.0083007159	
S00011.hamstrings-pelvis_tilt.KV	0.56635622	0.5676051	0.00043463702	
S00011.hamstrings-pelvis_tilt.C0	0.02514159	0.026514619	0.00085311383	
S00011.glut_max-pelvis_tilt.KP  	1.5316057	1.5348283	0.0069860537	
S00011.glut_max-pelvis_tilt.KV  	0.31585219	0.31596964	0.0004397652	
S00011.glut_max-pelvis_tilt.C0  	0.16447948	0.16305672	0.00075292099	
S00011.iliopsoas-pelvis_tilt.KP 	-3.6446375	-3.6472127	0.012184334	
S00011.iliopsoas-pelvis_tilt.KV 	-0.54412413	-0.54422793	0.0005361288	
S00011.iliopsoas-pelvis_tilt.C0 	0.33467373	0.33499471	0.0011692155	
S00100.iliopsoas.C0             	0.33880781	0.33977005	0.00063640588	
S00100.glut_max.C0              	-0.024311196	-0.024708765	0.00046482615	
S11000.iliopsoas.KL             	0.56161094	0.56202536	0.00054030863	
S11000.iliopsoas.L0             	0.39317821	0.39348269	0.00060983285	
S11000.iliopsoas-pelvis_tilt.P0 	-0.042799803	-0.042994318	0.000478865	
S11000.iliopsoas-pelvis_tilt.KP 	0.01196527	0.011166572	0.0026461193	
S11000.iliopsoas-pelvis_tilt.KV 	0.14162748	0.14235497	0.00055995676	
S11000.iliopsoas-hamstrings.KL  	-8.2615971	-8.237014	0.020217793	
S11000.iliopsoas-hamstrings.L0  	1.1707016	1.1713885	0.00045950082	
S11000.hamstrings.KF            	0.57181164	0.5708937	0.00044756306	
S11000.glut_max.KF              	0.62048267	0.61962799	0.00050017576	
