pelvis_tilt.offset              	0.021767177	0.02189656	0.0012537667	
hip_flexion_r.offset            	0.071236182	0.069487882	0.0011753985	
knee_angle_r.offset             	0.00056138655	-4.5335341e-05	0.0012958998	
ankle_angle_r.offset            	-0.057285647	-0.056574223	0.001693991	
hip_flexion_l.offset            	-0.0019658401	-0.00053900521	0.0024041867	
knee_angle_l.offset             	0.055558816	0.055698665	0.0018452105	
ankle_angle_l.offset            	0.18621063	0.18578623	0.0017691593	
stance_load_threshold           	0.15172833	0.15350196	0.0019376646	
S00111.tib_ant.KL               	1.2004524	1.2133918	0.032052701	
S00111.tib_ant.L0               	0.77783517	0.77203502	0.0034563023	
S00111.tib_ant.KS               	0.000173	0.00016513346	0.001378997	
S11000.tib_ant.KL               	1.1679636	1.1720005	0.018343091	
S11000.tib_ant.L0               	0.73798535	0.73850238	0.0026650077	
S11000.tib_ant.KS               	0.035158882	0.034418904	0.0016947621	
S11111.tib_ant-soleus.KF        	-0.11191672	-0.11005918	0.0029023498	
S00111.soleus-tib_ant.KS        	-0.81157911	-0.84417518	0.036892324	
S11000.soleus-tib_ant.KS        	-3.2857653	-3.2976222	0.042752118	
S00111.gastroc-tib_ant.KS       	-0.33787733	-0.3335937	0.03196392	
S11000.gastroc-tib_ant.KS       	-1.7571022	-1.7069897	0.035637451	
S00111.tib_ant-gastroc.KS       	-0.00357534	-0.0037554457	0.27287811	
S11000.tib_ant-gastroc.KS       	-0.00366451	-0.0034173333	0.26671157	
S00111.tib_ant-soleus.KS        	-0.00313515	-0.0033177813	0.28012348	
S11000.tib_ant-soleus.KS        	-0.0034666	-0.0033350975	0.26822389	
S00111.gastroc.KL               	0.08315732	0.078709863	0.034112107	
S00111.gastroc.L0               	0.83367485	0.83151691	0.014084496	
S00111.gastroc.KS               	0.16466324	0.17063038	0.015803813	
S00111.soleus.KL                	4.0507598	4.0406833	0.031480537	
S00111.soleus.L0                	0.95697769	0.96243337	0.0080699051	
S00111.soleus.KS                	0.16520068	0.15399679	0.023055287	
S11000.gastroc.KL               	0.00837043	0.008833179	0.027216777	
S11000.gastroc.L0               	0.5375908	0.51811718	0.014828335	
S11000.gastroc.KF               	-1.7774755	-1.8027537	0.035037419	
S11000.gastroc.KS               	0.27887874	0.26756445	0.032272613	
S11000.soleus.KL                	0.76235452	0.81343587	0.062005572	
S11000.soleus.L0                	0.87814415	0.90039612	0.013661614	
S11000.soleus.KF                	-0.86753488	-0.90257884	0.057645354	
S11000.soleus.KS                	0.11302564	0.10776704	0.05054171	
S00011.vasti.KF                 	0.84771892	0.84109304	0.0076721676	
S00011.vasti.C0                 	0.087072977	0.085827641	0.0017273109	
S00011.vasti-knee_angle.pos_max 	-0.3084061	-0.30810998	0.0026560146	
S00011.hamstrings-pelvis_tilt.KP	0.74162866	0.71668088	0.030324961	
S00011.hamstrings-pelvis_tilt.KV	0.56468999	0.5647598	0.0015409382	
S00011.hamstrings-pelvis_tilt.C0	0.02514159	0.026905772	0.00335038	
S00011.glut_max-pelvis_tilt.KP  	1.5239191	1.4951113	0.024961149	
S00011.glut_max-pelvis_tilt.KV  	0.31624591	0.31560309	0.0015609298	
S00011.glut_max-pelvis_tilt.C0  	0.16061627	0.15728714	0.0026408162	
S00011.iliopsoas-pelvis_tilt.KP 	-3.5147294	-3.5337964	0.042005138	
S00011.iliopsoas-pelvis_tilt.KV 	-0.54530224	-0.54524419	0.0019181991	
S00011.iliopsoas-pelvis_tilt.C0 	0.3410207	0.33831949	0.0041336043	
S00100.iliopsoas.C0             	0.33263308	0.33316483	0.0022745829	
S00100.glut_max.C0              	-0.02588599	-0.024585555	0.0017394797	
S11000.iliopsoas.KL             	0.55709366	0.55897094	0.0019390579	
S11000.iliopsoas.L0             	0.39473112	0.39056375	0.0021552334	
S11000.iliopsoas-pelvis_tilt.P0 	-0.045360739	-0.04349451	0.0017311429	
S11000.iliopsoas-pelvis_tilt.KP 	0.01082572	0.011360278	0.010956455	
S11000.iliopsoas-pelvis_tilt.KV 	0.14353968	0.14368546	0.0019869026	
S11000.iliopsoas-hamstrings.KL  	-8.1233771	-8.1841436	0.070688122	
S11000.iliopsoas-hamstrings.L0  	1.1680437	1.1680987	0.0016169666	
S11000.hamstrings.KF            	0.57479664	0.57574661	0.0015449706	
S11000.glut_max.KF              	0.62185138	0.62328647	0.0017712974	
