pelvis_tilt.offset              	0.02278345	0.021797394	0.0012859287	
hip_flexion_r.offset            	0.071100998	0.070256301	0.0012047703	
knee_angle_r.offset             	0.000542281	-0.0011878688	0.0013308595	
ankle_angle_r.offset            	-0.05949282	-0.057714746	0.0017345011	
hip_flexion_l.offset            	0.0022306922	-0.00070097136	0.0024731506	
knee_angle_l.offset             	0.054519548	0.055512236	0.0018920272	
ankle_angle_l.offset            	0.18556803	0.18612413	0.0018146393	
stance_load_threshold           	0.15739646	0.15369438	0.0019927814	
S00111.tib_ant.KL               	1.2666991	1.2001786	0.032773318	
S00111.tib_ant.L0               	0.77678194	0.77307534	0.0035622597	
S00111.tib_ant.KS               	0.000173	0.00016717403	0.001404594	
S11000.tib_ant.KL               	1.1677549	1.1727958	0.018793729	
S11000.tib_ant.L0               	0.73845396	0.73708104	0.0027359733	
S11000.tib_ant.KS               	0.03371447	0.035028251	0.0017311483	
S11111.tib_ant-soleus.KF        	-0.11642115	-0.11267239	0.0029765879	
S00111.soleus-tib_ant.KS        	-0.81137971	-0.84004198	0.037753288	
S11000.soleus-tib_ant.KS        	-3.3382011	-3.2947343	0.043795092	
S00111.gastroc-tib_ant.KS       	-0.32735453	-0.33659428	0.032603859	
S11000.gastroc-tib_ant.KS       	-1.6780793	-1.712863	0.036604612	
S00111.tib_ant-gastroc.KS       	-0.00395169	-0.0037614457	0.27794319	
S11000.tib_ant-gastroc.KS       	-0.00331551	-0.0034673595	0.2716622	
S00111.tib_ant-soleus.KS        	-0.00313515	-0.0033232532	0.28532305	
S11000.tib_ant-soleus.KS        	-0.0034666	-0.0033480259	0.27320258	
S00111.gastroc.KL               	0.07523758	0.081511523	0.03474836	
S00111.gastroc.L0               	0.82249516	0.82782879	0.014444054	
S00111.gastroc.KS               	0.17106863	0.16653889	0.01611962	
S00111.soleus.KL                	4.0111547	4.0155747	0.032261857	
S00111.soleus.L0                	0.95797347	0.95865484	0.0082804741	
S00111.soleus.KS                	0.14946728	0.15681795	0.023501259	
S11000.gastroc.KL               	0.00925153	0.0086462658	0.02772203	
S11000.gastroc.L0               	0.52441089	0.52661404	0.015206202	
S11000.gastroc.KF               	-1.8209185	-1.8137182	0.035881746	
S11000.gastroc.KS               	0.27887874	0.27024533	0.032900189	
S11000.soleus.KL                	0.83147775	0.79627602	0.063313227	
S11000.soleus.L0                	0.87749312	0.88506917	0.014066347	
S11000.soleus.KF                	-0.87381171	-0.90911395	0.058904378	
S11000.soleus.KS                	0.11302564	0.10495055	0.051484448	
S00011.vasti.KF                 	0.86097617	0.85208759	0.0079170011	
S00011.vasti.C0                 	0.084565616	0.086484194	0.0017728889	
S00011.vasti-knee_angle.pos_max 	-0.3065901	-0.30644315	0.0027193445	
S00011.hamstrings-pelvis_tilt.KP	0.71992204	0.70954974	0.031014747	
S00011.hamstrings-pelvis_tilt.KV	0.56479221	0.56604845	0.0015842035	
S00011.hamstrings-pelvis_tilt.C0	0.02778807	0.026594705	0.0034169263	
S00011.glut_max-pelvis_tilt.KP  	1.4983762	1.5080314	0.025592828	
S00011.glut_max-pelvis_tilt.KV  	0.31478124	0.31692463	0.0015996234	
S00011.glut_max-pelvis_tilt.C0  	0.15457555	0.1588092	0.002713356	
S00011.iliopsoas-pelvis_tilt.KP 	-3.5406497	-3.5288038	0.043107439	
S00011.iliopsoas-pelvis_tilt.KV 	-0.54276205	-0.54459466	0.0019645145	
S00011.iliopsoas-pelvis_tilt.C0 	0.33908879	0.34304496	0.0042508758	
S00100.iliopsoas.C0             	0.33112817	0.3328533	0.0023406434	
S00100.glut_max.C0              	-0.023876353	-0.024187056	0.0017768073	
S11000.iliopsoas.KL             	0.56168029	0.55830919	0.001986149	
S11000.iliopsoas.L0             	0.39392359	0.39059469	0.0022163846	
S11000.iliopsoas-pelvis_tilt.P0 	-0.042114503	-0.043584229	0.0017740663	
S11000.iliopsoas-pelvis_tilt.KP 	0.01082572	0.011391888	0.011160052	
S11000.iliopsoas-pelvis_tilt.KV 	0.13838436	0.14145457	0.0020382114	
S11000.iliopsoas-hamstrings.KL  	-8.1190913	-8.1342606	0.072518923	
S11000.iliopsoas-hamstrings.L0  	1.1693058	1.1689106	0.0016586777	
S11000.hamstrings.KF            	0.57699334	0.57635357	0.0015833709	
S11000.glut_max.KF              	0.62537481	0.62466163	0.0018206849	
