pelvis_tilt.offset              	0.020582052	0.020636152	0.001162686	
hip_flexion_r.offset            	0.067688175	0.06738299	0.0011052053	
knee_angle_r.offset             	0.0034643523	3.7384289e-05	0.0012089301	
ankle_angle_r.offset            	-0.057431185	-0.056054002	0.0015753665	
hip_flexion_l.offset            	-0.01019616	-0.0047076007	0.0022355143	
knee_angle_l.offset             	0.060035103	0.058721731	0.0017205028	
ankle_angle_l.offset            	0.18821797	0.18837621	0.001645814	
stance_load_threshold           	0.15106166	0.15070533	0.0018213405	
S00111.tib_ant.KL               	1.238842	1.259897	0.029986897	
S00111.tib_ant.L0               	0.74767624	0.75349743	0.0032565959	
S00111.tib_ant.KS               	0.000173	0.00016214452	0.0012887076	
S11000.tib_ant.KL               	1.2294965	1.207553	0.017069906	
S11000.tib_ant.L0               	0.7429804	0.74125879	0.0024905769	
S11000.tib_ant.KS               	0.03726336	0.034807356	0.0015874338	
S11111.tib_ant-soleus.KF        	-0.10810437	-0.11095392	0.0027148006	
S00111.soleus-tib_ant.KS        	-0.8864249	-0.87471801	0.034309422	
S11000.soleus-tib_ant.KS        	-3.2755449	-3.2906414	0.039801658	
S00111.gastroc-tib_ant.KS       	-0.35557966	-0.34151777	0.02988082	
S11000.gastroc-tib_ant.KS       	-1.655431	-1.6681306	0.03327213	
S00111.tib_ant-gastroc.KS       	-0.00395169	-0.0037129996	0.25501147	
S11000.tib_ant-gastroc.KS       	-0.00331551	-0.0035378527	0.24924869	
S00111.tib_ant-soleus.KS        	-0.00313515	-0.003364811	0.26178245	
S11000.tib_ant-soleus.KS        	-0.0034666	-0.00331244	0.25066198	
S00111.gastroc.KL               	0.08315732	0.07754063	0.031878244	
S00111.gastroc.L0               	0.83888673	0.84697391	0.013177996	
S00111.gastroc.KF               	1.4116255	1.4102597	0.0016872955	
S00111.soleus.KL                	4.0964221	4.056929	0.029386236	
S00111.soleus.L0                	0.98055052	0.97074161	0.0076172548	
S00111.soleus.KF                	0.2291907	0.22820104	0.0024433219	
S11000.gastroc.KL               	0.00837043	0.0087175898	0.025434778	
S11000.gastroc.L0               	0.51622636	0.52173751	0.013867286	
S11000.gastroc.KF               	-1.8868361	-1.8111973	0.032637095	
S11000.soleus.KL                	0.78670149	0.79691586	0.057977393	
S11000.soleus.L0                	0.90046625	0.89875801	0.012810127	
S11000.soleus.KF                	-0.86753488	-0.9314648	0.053888847	
S00011.vasti.KF                 	0.84447672	0.83235177	0.0071690066	
S00011.vasti.C0                 	0.07992329	0.08295638	0.0016200943	
S00011.vasti-knee_angle.pos_max 	-0.30064057	-0.30303912	0.0024682995	
S00011.hamstrings-pelvis_tilt.KP	0.67099736	0.68985144	0.028337455	
S00011.hamstrings-pelvis_tilt.KV	0.56616234	0.56724215	0.0014460441	
S00011.hamstrings-pelvis_tilt.C0	0.02514159	0.026425977	0.0031322775	
S00011.glut_max-pelvis_tilt.KP  	1.5112131	1.4914267	0.023295507	
S00011.glut_max-pelvis_tilt.KV  	0.31347833	0.31422014	0.0014605205	
S00011.glut_max-pelvis_tilt.C0  	0.15727498	0.15719685	0.0024614939	
S00011.iliopsoas-pelvis_tilt.KP 	-3.4911978	-3.4871566	0.039497293	
S00011.iliopsoas-pelvis_tilt.KV 	-0.54518854	-0.54450111	0.0017890865	
S00011.iliopsoas-pelvis_tilt.C0 	0.33209677	0.32791299	0.0038773939	
S00100.iliopsoas.C0             	0.33683717	0.3361967	0.002125695	
S00100.glut_max.C0              	-0.024149053	-0.024328896	0.0016268563	
S11000.iliopsoas.KL             	0.55907798	0.56073084	0.0018185024	
S11000.iliopsoas.L0             	0.39294422	0.39025394	0.0020321313	
S11000.iliopsoas-pelvis_tilt.P0 	-0.042163739	-0.043804931	0.001617147	
S11000.iliopsoas-pelvis_tilt.KP 	0.01196527	0.011412429	0.01023911	
S11000.iliopsoas-pelvis_tilt.KV 	0.14347223	0.14268955	0.0018699511	
S11000.iliopsoas-hamstrings.KL  	-8.1688768	-8.2087949	0.065927828	
S11000.iliopsoas-hamstrings.L0  	1.1634664	1.1643317	0.0015066638	
S11000.hamstrings.KF            	0.5728811	0.57538832	0.0014516945	
S11000.glut_max.KF              	0.62076943	0.62176159	0.0016522321	
