pelvis_tilt.offset              	0.021016366	0.02092871	0.00028223965	
hip_flexion_r.offset            	0.066656329	0.066680926	0.0002727316	
knee_angle_r.offset             	0.00077271311	0.00092487343	0.00029936956	
ankle_angle_r.offset            	-0.056292431	-0.055741756	0.00038467511	
hip_flexion_l.offset            	-0.0077569805	-0.0074884323	0.00055958842	
knee_angle_l.offset             	0.055905935	0.055809534	0.00042917418	
ankle_angle_l.offset            	0.19079204	0.19022571	0.00040204029	
stance_load_threshold           	0.15004366	0.1507464	0.0004447356	
S00111.tib_ant.KL               	1.2540807	1.2610113	0.0072985644	
S00111.tib_ant.L0               	0.75359816	0.75415927	0.00079836384	
S00111.tib_ant.KS               	0.00015652	0.00016086027	0.00027013938	
S11000.tib_ant.KL               	1.1838479	1.1916093	0.0042836078	
S11000.tib_ant.L0               	0.74273571	0.74293662	0.00061334334	
S11000.tib_ant.KS               	0.036018207	0.035578301	0.0003779314	
S11111.tib_ant-soleus.KF        	-0.10828066	-0.10868105	0.00065816023	
S00111.soleus-tib_ant.KS        	-0.88258599	-0.8831283	0.008075639	
S11000.soleus-tib_ant.KS        	-3.2586068	-3.2492187	0.0099289216	
S00111.gastroc-tib_ant.KS       	-0.35557966	-0.35031839	0.006825648	
S11000.gastroc-tib_ant.KS       	-1.704041	-1.7020272	0.0083734423	
S00111.tib_ant-gastroc.KS       	-0.00357534	-0.003781473	0.053453161	
S11000.tib_ant-gastroc.KS       	-0.00366451	-0.0034751845	0.052245216	
S00111.tib_ant-soleus.KS        	-0.00346517	-0.0033569525	0.054872422	
S11000.tib_ant-soleus.KS        	-0.0034666	-0.0032738991	0.052541455	
S00111.gastroc.KL               	0.077168982	0.080746459	0.0067709813	
S00111.gastroc.L0               	0.84795272	0.85155366	0.0032281143	
S00111.gastroc.KF               	1.4117982	1.4112943	0.00041732511	
S00111.soleus.KL                	4.0017323	4.0167808	0.0073271995	
S00111.soleus.L0                	0.96601169	0.96482137	0.0018720626	
S00111.soleus.KF                	0.22572746	0.22542704	0.00059657409	
S11000.gastroc.KL               	0.00837043	0.0087978931	0.0053332513	
S11000.gastroc.L0               	0.51986992	0.52240758	0.0034084478	
S11000.gastroc.KF               	-1.8276683	-1.8264718	0.0081195133	
S11000.soleus.KL                	0.779375	0.79399134	0.013674928	
S11000.soleus.L0                	0.88135347	0.88557886	0.0031443532	
S11000.soleus.KF                	-0.92726841	-0.91512791	0.012710618	
S00011.vasti.KF                 	0.83715803	0.83680011	0.0017787335	
S00011.vasti.C0                 	0.082291923	0.082727896	0.00039241124	
S00011.vasti-knee_angle.pos_max 	-0.30591556	-0.30620163	0.00062580895	
S00011.hamstrings-pelvis_tilt.KP	0.71088382	0.71749269	0.0068577638	
S00011.hamstrings-pelvis_tilt.KV	0.56788003	0.56765257	0.00034895852	
S00011.hamstrings-pelvis_tilt.C0	0.026534563	0.026485587	0.00070591373	
S00011.glut_max-pelvis_tilt.KP  	1.4374325	1.4320161	0.0057690797	
S00011.glut_max-pelvis_tilt.KV  	0.3095268	0.30981346	0.00036507588	
S00011.glut_max-pelvis_tilt.C0  	0.15279712	0.1527414	0.00060885588	
S00011.iliopsoas-pelvis_tilt.KP 	-3.4759393	-3.4641064	0.0097131323	
S00011.iliopsoas-pelvis_tilt.KV 	-0.54577766	-0.54494223	0.00043932635	
S00011.iliopsoas-pelvis_tilt.C0 	0.33053635	0.32969846	0.00097119928	
S00100.iliopsoas.C0             	0.34261386	0.3427854	0.00052934592	
S00100.glut_max.C0              	-0.023901049	-0.023973998	0.00038024872	
S11000.iliopsoas.KL             	0.56254739	0.56225714	0.00045027813	
S11000.iliopsoas.L0             	0.39071475	0.39065704	0.00050087543	
S11000.iliopsoas-pelvis_tilt.P0 	-0.043368418	-0.043452572	0.00039093224	
S11000.iliopsoas-pelvis_tilt.KP 	0.01196527	0.011429596	0.0021531428	
S11000.iliopsoas-pelvis_tilt.KV 	0.14248621	0.14242492	0.00045494193	
S11000.iliopsoas-hamstrings.KL  	-8.2421821	-8.2476688	0.016283631	
S11000.iliopsoas-hamstrings.L0  	1.1627115	1.1625149	0.0003716023	
S11000.hamstrings.KF            	0.57881188	0.57822217	0.00036566559	
S11000.glut_max.KF              	0.62243066	0.6220805	0.00041132393	
