pelvis_tilt.offset              	0.020374433	0.021094505	0.0013398919	
hip_flexion_r.offset            	0.069653885	0.068873595	0.0012640435	
knee_angle_r.offset             	-0.0012374304	0.00029171807	0.0013866372	
ankle_angle_r.offset            	-0.060652037	-0.057965981	0.0018088949	
hip_flexion_l.offset            	-0.0031532071	-0.0083378487	0.0025763398	
knee_angle_l.offset             	0.057457187	0.055954443	0.0019811583	
ankle_angle_l.offset            	0.18830964	0.18830026	0.0018936267	
stance_load_threshold           	0.1528115	0.15247592	0.0020806718	
S00111.tib_ant.KL               	1.2786586	1.2506445	0.03453956	
S00111.tib_ant.L0               	0.76966648	0.7629999	0.0037045944	
S00111.tib_ant.KS               	0.00015652	0.0001629952	0.0014992395	
S11000.tib_ant.KL               	1.2138731	1.1812513	0.019644587	
S11000.tib_ant.L0               	0.73433429	0.7385492	0.0028724128	
S11000.tib_ant.KS               	0.036209347	0.035589277	0.0018320716	
S11111.tib_ant-soleus.KF        	-0.11150601	-0.11030616	0.0031235798	
S00111.soleus-tib_ant.KS        	-0.89402901	-0.86723539	0.039769773	
S11000.soleus-tib_ant.KS        	-3.2065372	-3.2263128	0.04593704	
S00111.gastroc-tib_ant.KS       	-0.34581691	-0.34266043	0.034679767	
S11000.gastroc-tib_ant.KS       	-1.7622045	-1.696225	0.038242252	
S00111.tib_ant-gastroc.KS       	-0.00395169	-0.0036947288	0.29667199	
S11000.tib_ant-gastroc.KS       	-0.00331551	-0.0034299086	0.28996776	
S00111.tib_ant-soleus.KS        	-0.00346517	-0.0033126316	0.30454913	
S11000.tib_ant-soleus.KS        	-0.00313645	-0.0032369394	0.29161194	
S00111.gastroc.KL               	0.08315732	0.080800769	0.037080967	
S00111.gastroc.L0               	0.84153307	0.84243856	0.01518746	
S00111.gastroc.KF               	1.4083338	1.4109722	0.0019299133	
S00111.soleus.KL                	4.0237744	4.0200155	0.033819727	
S00111.soleus.L0                	0.96129238	0.96944931	0.0087044286	
S00111.soleus.KF                	0.22830531	0.22700416	0.0028032466	
S11000.gastroc.KL               	0.00837043	0.0087153918	0.029589879	
S11000.gastroc.L0               	0.53921063	0.52722439	0.015965583	
S11000.gastroc.KF               	-1.7936659	-1.8106736	0.03767854	
S11000.gastroc.KS               	0.26519712	0.26041473	0.035029275	
S11000.soleus.KL                	0.78187062	0.81053913	0.067172989	
S11000.soleus.L0                	0.88935098	0.90835639	0.01466444	
S11000.soleus.KF                	-0.95885434	-0.9019741	0.062429779	
S11000.soleus.KS                	0.1022613	0.10702845	0.054941863	
S00011.vasti.KF                 	0.80843639	0.82734547	0.0082202294	
S00011.vasti.C0                 	0.085840802	0.083288487	0.0018575592	
S00011.vasti-knee_angle.pos_max 	-0.30983968	-0.30457941	0.00283978	
S00011.hamstrings-pelvis_tilt.KP	0.68308434	0.71532401	0.032723226	
S00011.hamstrings-pelvis_tilt.KV	0.56713013	0.56700515	0.0016529283	
S00011.hamstrings-pelvis_tilt.C0	0.02778807	0.026542545	0.0036373773	
S00011.glut_max-pelvis_tilt.KP  	1.4866774	1.4881894	0.026842444	
S00011.glut_max-pelvis_tilt.KV  	0.31295277	0.31445793	0.0016767133	
S00011.glut_max-pelvis_tilt.C0  	0.15497202	0.15883778	0.0028261157	
S00011.iliopsoas-pelvis_tilt.KP 	-3.4840465	-3.5139519	0.04520125	
S00011.iliopsoas-pelvis_tilt.KV 	-0.53992985	-0.54425761	0.0020608782	
S00011.iliopsoas-pelvis_tilt.C0 	0.33209562	0.33411047	0.0044488744	
S00100.iliopsoas.C0             	0.3400969	0.33752909	0.0024357806	
S00100.glut_max.C0              	-0.02588599	-0.025055207	0.0018838278	
S11000.iliopsoas.KL             	0.56236582	0.56129785	0.0020891143	
S11000.iliopsoas.L0             	0.39448528	0.39159418	0.0023140349	
S11000.iliopsoas-pelvis_tilt.P0 	-0.04641831	-0.044558083	0.001866912	
S11000.iliopsoas-pelvis_tilt.KP 	0.01196527	0.011454611	0.011911361	
S11000.iliopsoas-pelvis_tilt.KV 	0.14556539	0.14315884	0.0021432498	
S11000.iliopsoas-hamstrings.KL  	-8.1988649	-8.2476943	0.075798044	
S11000.iliopsoas-hamstrings.L0  	1.1682397	1.1665778	0.0017332019	
S11000.hamstrings.KF            	0.57341061	0.57386957	0.0016639803	
S11000.glut_max.KF              	0.62397393	0.62240403	0.0018952834	
