pelvis_tilt.offset              	0.020682268	0.021542056	0.00079128171	
hip_flexion_r.offset            	0.069994665	0.068946426	0.00074606761	
knee_angle_r.offset             	0.00035736816	-0.0012111734	0.00082437916	
ankle_angle_r.offset            	-0.055875111	-0.056729406	0.0010791766	
hip_flexion_l.offset            	-0.0097980853	-0.011086041	0.0015452765	
knee_angle_l.offset             	0.055771788	0.054870045	0.0011750854	
ankle_angle_l.offset            	0.18970992	0.18863822	0.001128792	
stance_load_threshold           	0.15018315	0.1514332	0.0012351879	
S00111.tib_ant.KL               	1.2870617	1.2759766	0.020550784	
S00111.tib_ant.L0               	0.75341162	0.75665881	0.0022116667	
S00111.tib_ant.KS               	0.00015652	0.00016554189	0.00085238451	
S11000.tib_ant.KL               	1.20288	1.1875235	0.011753327	
S11000.tib_ant.L0               	0.73792241	0.73759173	0.0017052211	
S11000.tib_ant.KS               	0.03485023	0.035755534	0.0010716162	
S11111.tib_ant-soleus.KF        	-0.11148399	-0.10729308	0.0018410309	
S00111.soleus-tib_ant.KS        	-0.86635515	-0.86359667	0.023276575	
S11000.soleus-tib_ant.KS        	-3.2195899	-3.2006134	0.027440831	
S00111.gastroc-tib_ant.KS       	-0.32171493	-0.35021654	0.019850284	
S11000.gastroc-tib_ant.KS       	-1.6825363	-1.6782585	0.022739003	
S00111.tib_ant-gastroc.KS       	-0.00357534	-0.0037184789	0.16867077	
S11000.tib_ant-gastroc.KS       	-0.00366451	-0.0034237156	0.16485912	
S00111.tib_ant-soleus.KS        	-0.00313515	-0.0032960943	0.17314926	
S11000.tib_ant-soleus.KS        	-0.00313645	-0.0032148814	0.16579391	
S00111.gastroc.KL               	0.076742826	0.078319322	0.02110495	
S00111.gastroc.L0               	0.86855355	0.85908914	0.0090591871	
S00111.gastroc.KF               	1.4115688	1.4114756	0.0011514576	
S00111.soleus.KL                	4.0563281	4.028167	0.020027641	
S00111.soleus.L0                	0.98005904	0.97528738	0.0051866007	
S00111.soleus.KF                	0.22253648	0.22468524	0.0016753833	
S11000.gastroc.KL               	0.00837043	0.0087003814	0.016823474	
S11000.gastroc.L0               	0.50257053	0.51456302	0.0094399402	
S11000.gastroc.KF               	-1.819323	-1.8381402	0.022319572	
S11000.gastroc.KS               	0.27539855	0.2626703	0.020109542	
S11000.soleus.KL                	0.82044947	0.80621922	0.0388526	
S11000.soleus.L0                	0.90551169	0.91957866	0.0086825062	
S11000.soleus.KF                	-0.86753488	-0.89996803	0.036415049	
S11000.soleus.KS                	0.1022613	0.10853058	0.031264624	
S00011.vasti.KF                 	0.83897612	0.84019222	0.0048789386	
S00011.vasti.C0                 	0.07992329	0.081379436	0.0010892742	
S00011.vasti-knee_angle.pos_max 	-0.30244702	-0.30273377	0.0016895013	
S00011.hamstrings-pelvis_tilt.KP	0.73713106	0.73020014	0.018952578	
S00011.hamstrings-pelvis_tilt.KV	0.57276655	0.57131909	0.00099665933	
S00011.hamstrings-pelvis_tilt.C0	0.02778807	0.026070512	0.0020856364	
S00011.glut_max-pelvis_tilt.KP  	1.5150447	1.5163583	0.015930678	
S00011.glut_max-pelvis_tilt.KV  	0.31759069	0.31682459	0.0010061117	
S00011.glut_max-pelvis_tilt.C0  	0.16038446	0.16107415	0.0016857753	
S00011.iliopsoas-pelvis_tilt.KP 	-3.4361271	-3.484472	0.026696295	
S00011.iliopsoas-pelvis_tilt.KV 	-0.54378518	-0.54195599	0.0012316226	
S00011.iliopsoas-pelvis_tilt.C0 	0.32895764	0.32723967	0.0026366797	
S00100.iliopsoas.C0             	0.33618702	0.33595174	0.0014488056	
S00100.glut_max.C0              	-0.024177159	-0.024395246	0.0010901673	
S11000.iliopsoas.KL             	0.56413294	0.5637838	0.0012489163	
S11000.iliopsoas.L0             	0.39268998	0.39291551	0.0013726814	
S11000.iliopsoas-pelvis_tilt.P0 	-0.042561985	-0.04323017	0.001095046	
S11000.iliopsoas-pelvis_tilt.KP 	0.01196527	0.011558266	0.0067735844	
S11000.iliopsoas-pelvis_tilt.KV 	0.14514738	0.14403381	0.0012764105	
S11000.iliopsoas-hamstrings.KL  	-8.1256834	-8.1886551	0.04526106	
S11000.iliopsoas-hamstrings.L0  	1.1676131	1.1661752	0.0010289895	
S11000.hamstrings.KF            	0.57166823	0.57244748	0.0010014752	
S11000.glut_max.KF              	0.62310335	0.62186159	0.0011279279	
