pelvis_tilt.offset              	0.02127427	0.021762799	0.00043469186	
hip_flexion_r.offset            	0.070169034	0.069685598	0.00041305785	
knee_angle_r.offset             	0.00076103913	0.0014232733	0.00046553436	
ankle_angle_r.offset            	-0.056634642	-0.05701468	0.0005937336	
hip_flexion_l.offset            	-0.01414931	-0.013389918	0.00085518189	
knee_angle_l.offset             	0.054364517	0.054761268	0.00065409442	
ankle_angle_l.offset            	0.1896333	0.18998547	0.00062502666	
stance_load_threshold           	0.15468496	0.15414717	0.00068586231	
S00111.tib_ant.KL               	1.3099804	1.3039868	0.010829952	
S00111.tib_ant.L0               	0.73839934	0.74009599	0.0013493255	
S00111.tib_ant.KS               	0.00015652	0.00016450932	0.0004012551	
S11000.tib_ant.KL               	1.1786712	1.1767536	0.0064354788	
S11000.tib_ant.L0               	0.73851223	0.73854081	0.00092614186	
S11000.tib_ant.KS               	0.036914659	0.036319349	0.0005689532	
S11111.tib_ant-soleus.KF        	-0.10633444	-0.10699648	0.00097088454	
S00111.soleus-tib_ant.KS        	-0.84576358	-0.87082416	0.012411685	
S11000.soleus-tib_ant.KS        	-3.1819498	-3.1892632	0.01507591	
S00111.gastroc-tib_ant.KS       	-0.35557966	-0.35544382	0.0095502931	
S11000.gastroc-tib_ant.KS       	-1.7309465	-1.7423884	0.012340465	
S00111.tib_ant-gastroc.KS       	-0.00395169	-0.0036866493	0.079397891	
S11000.tib_ant-gastroc.KS       	-0.00366451	-0.0034551848	0.077603643	
S00111.tib_ant-soleus.KS        	-0.00313515	-0.0032620905	0.081506027	
S11000.tib_ant-soleus.KS        	-0.00313645	-0.003322302	0.078043669	
S00111.gastroc.KL               	0.07523758	0.078028598	0.010044338	
S00111.gastroc.L0               	0.88075304	0.87857789	0.0050847385	
S00111.gastroc.KF               	1.4119084	1.4115022	0.00064425556	
S00111.soleus.KL                	4.0416314	4.0297637	0.010924233	
S00111.soleus.L0                	1.0122769	1.0133697	0.0031292667	
S00111.soleus.KF                	0.22734016	0.22710587	0.00094000583	
S11000.gastroc.KL               	0.00925153	0.0088945526	0.0079213442	
S11000.gastroc.L0               	0.52337019	0.53100095	0.0051836703	
S11000.gastroc.KF               	-1.8751112	-1.8837702	0.012163855	
S11000.gastroc.KS               	0.27208086	0.26666361	0.010196199	
S11000.soleus.KL                	0.84260236	0.81539062	0.02020573	
S11000.soleus.L0                	0.90730374	0.91105254	0.004756935	
S11000.soleus.KF                	-0.94279395	-0.91810576	0.019243309	
S11000.soleus.KS                	0.11302564	0.1097683	0.014866376	
S00011.vasti.KF                 	0.85430711	0.85292834	0.002753931	
S00011.vasti.C0                 	0.080919796	0.080085181	0.00056089423	
S00011.vasti-knee_angle.pos_max 	-0.30638535	-0.30677696	0.00093769895	
S00011.hamstrings-pelvis_tilt.KP	0.73347654	0.73061896	0.0096754534	
S00011.hamstrings-pelvis_tilt.KV	0.57310938	0.57350695	0.0005679906	
S00011.hamstrings-pelvis_tilt.C0	0.026936598	0.027062118	0.0010435064	
S00011.glut_max-pelvis_tilt.KP  	1.5540473	1.5593362	0.0088973171	
S00011.glut_max-pelvis_tilt.KV  	0.3186048	0.31893129	0.00055766082	
S00011.glut_max-pelvis_tilt.C0  	0.16441425	0.16296942	0.00091613838	
S00011.iliopsoas-pelvis_tilt.KP 	-3.5799635	-3.5749678	0.014915551	
S00011.iliopsoas-pelvis_tilt.KV 	-0.54132417	-0.54254511	0.00067139699	
S00011.iliopsoas-pelvis_tilt.C0 	0.31731409	0.31685538	0.0015072911	
S00100.iliopsoas.C0             	0.33043076	0.33266213	0.00079825123	
S00100.glut_max.C0              	-0.024725917	-0.024636811	0.00057803858	
S11000.iliopsoas.KL             	0.56440376	0.5646151	0.00067850139	
S11000.iliopsoas.L0             	0.3902229	0.39122024	0.00075843316	
S11000.iliopsoas-pelvis_tilt.P0 	-0.0427185	-0.043077422	0.00059354443	
S11000.iliopsoas-pelvis_tilt.KP 	0.01196527	0.011486959	0.0031970843	
S11000.iliopsoas-pelvis_tilt.KV 	0.14800792	0.14940937	0.00071601199	
S11000.iliopsoas-hamstrings.KL  	-8.1378484	-8.1350714	0.025292852	
S11000.iliopsoas-hamstrings.L0  	1.1706082	1.1705013	0.00057517201	
S11000.hamstrings.KF            	0.57104595	0.57056024	0.00055223368	
S11000.glut_max.KF              	0.6221627	0.62166333	0.00062066063	
