pelvis_tilt.offset              	0.022001604	0.022884852	0.0012202483	
hip_flexion_r.offset            	0.068658005	0.069512301	0.0011436778	
knee_angle_r.offset             	-0.0038973954	-0.0011847382	0.0012620843	
ankle_angle_r.offset            	-0.058111888	-0.056281189	0.0016497887	
hip_flexion_l.offset            	-0.0014687981	-0.0034439317	0.0023322136	
knee_angle_l.offset             	0.056268007	0.054075918	0.0018006291	
ankle_angle_l.offset            	0.19051003	0.19012601	0.0017215878	
stance_load_threshold           	0.15141687	0.15390677	0.0018886217	
S00111.tib_ant.KL               	1.297013	1.2877667	0.03134292	
S00111.tib_ant.L0               	0.76150813	0.76158682	0.0033740672	
S00111.tib_ant.KS               	0.000173	0.00016576323	0.0013440961	
S11000.tib_ant.KL               	1.2069621	1.1860303	0.017856712	
S11000.tib_ant.L0               	0.73936106	0.74131886	0.0026063842	
S11000.tib_ant.KS               	0.035264996	0.034547444	0.0016519614	
S11111.tib_ant-soleus.KF        	-0.1157921	-0.10926148	0.0028175358	
S00111.soleus-tib_ant.KS        	-0.80888339	-0.8413664	0.035908317	
S11000.soleus-tib_ant.KS        	-3.2685908	-3.2784474	0.041617556	
S00111.gastroc-tib_ant.KS       	-0.33373749	-0.33523831	0.031150083	
S11000.gastroc-tib_ant.KS       	-1.7109227	-1.6649989	0.034798852	
S00111.tib_ant-gastroc.KS       	-0.00395169	-0.003789979	0.26597185	
S11000.tib_ant-gastroc.KS       	-0.00331551	-0.0034930118	0.25996138	
S00111.tib_ant-soleus.KS        	-0.00346517	-0.0033268773	0.27303385	
S11000.tib_ant-soleus.KS        	-0.0034666	-0.0032647708	0.26143542	
S00111.gastroc.L0               	0.84700246	0.83115741	0.013770787	
S00111.gastroc.KF               	1.4109779	1.4128378	0.0017586556	
S00111.gastroc.KS               	0.17739288	0.17081425	0.015401956	
S00111.soleus.L0                	0.9443231	0.9542598	0.0078926893	
S00111.soleus.KF                	0.23148313	0.22972184	0.0025433586	
S00111.soleus.KS                	0.1599407	0.15966035	0.022473084	
S11000.gastroc.KL               	0.00837043	0.0086955906	0.026527954	
S11000.gastroc.L0               	0.54153974	0.52666233	0.014469679	
S11000.gastroc.KF               	-1.8260642	-1.7932244	0.034123221	
S11000.gastroc.KS               	0.25231886	0.26627375	0.031450883	
S11000.soleus.KL                	0.84260236	0.82367172	0.060412108	
S11000.soleus.L0                	0.90349216	0.89170164	0.013356642	
S11000.soleus.KF                	-0.86753488	-0.90754707	0.056189187	
S11000.soleus.KS                	0.10668766	0.10684686	0.049264533	
S00011.vasti.KF                 	0.83025055	0.82787952	0.0074166113	
S00011.vasti.C0                 	0.081915836	0.083597026	0.0016734374	
S00011.vasti-knee_angle.pos_max 	-0.3011489	-0.30396618	0.0025871875	
S00011.hamstrings-pelvis_tilt.KP	0.71899297	0.70979701	0.029572833	
S00011.hamstrings-pelvis_tilt.KV	0.57040519	0.56813224	0.0015009309	
S00011.hamstrings-pelvis_tilt.C0	0.02514159	0.02637656	0.0032654044	
S00011.glut_max-pelvis_tilt.KP  	1.4970317	1.5021864	0.024335069	
S00011.glut_max-pelvis_tilt.KV  	0.31155311	0.31355571	0.0015225595	
S00011.glut_max-pelvis_tilt.C0  	0.15567175	0.15915415	0.0025684035	
S00011.iliopsoas-pelvis_tilt.KP 	-3.5062303	-3.5141644	0.040884394	
S00011.iliopsoas-pelvis_tilt.KV 	-0.54093324	-0.54226062	0.0018685608	
S00011.iliopsoas-pelvis_tilt.C0 	0.34049881	0.34092911	0.0040425145	
S00100.iliopsoas.C0             	0.3384571	0.33716489	0.0022153581	
S00100.glut_max.C0              	-0.024086039	-0.024875213	0.0016960121	
S11000.iliopsoas.KL             	0.5614402	0.56194122	0.0018977641	
S11000.iliopsoas.L0             	0.39373974	0.39342863	0.002098834	
S11000.iliopsoas-pelvis_tilt.P0 	-0.043063086	-0.044508176	0.0016852389	
S11000.iliopsoas-pelvis_tilt.KP 	0.01196527	0.011603712	0.010679061	
S11000.iliopsoas-pelvis_tilt.KV 	0.14538852	0.1439835	0.0019463	
S11000.iliopsoas-hamstrings.KL  	-8.2477958	-8.2921379	0.068892876	
S11000.iliopsoas-hamstrings.L0  	1.1695926	1.1680512	0.001572997	
S11000.hamstrings.KF            	0.57817215	0.57653398	0.0015121796	
S11000.glut_max.KF              	0.62717062	0.62329989	0.0017296515	
