pelvis_tilt.offset              	0.021778127	0.0237439	0.00086415478	
hip_flexion_r.offset            	0.070302603	0.068507027	0.00081078174	
knee_angle_r.offset             	-0.00087825365	-0.00053148594	0.00089554508	
ankle_angle_r.offset            	-0.053822272	-0.055729708	0.0011697856	
hip_flexion_l.offset            	-0.0030676307	-0.0046062465	0.0016483324	
knee_angle_l.offset             	0.053409474	0.05277082	0.0012724303	
ankle_angle_l.offset            	0.18995471	0.19102691	0.0012188166	
stance_load_threshold           	0.15125574	0.15145167	0.0013413509	
S00111.tib_ant.KL               	1.2575878	1.2609598	0.022161149	
S00111.tib_ant.L0               	0.76484067	0.76199478	0.0023877643	
S00111.tib_ant.KS               	0.00015652	0.00016245483	0.00091892261	
S11000.tib_ant.KL               	1.2063135	1.1889633	0.012657625	
S11000.tib_ant.L0               	0.73517863	0.73699652	0.0018435291	
S11000.tib_ant.KS               	0.035590209	0.03481274	0.0011541197	
S11111.tib_ant-soleus.KF        	-0.10883295	-0.10852017	0.0019803798	
S00111.soleus-tib_ant.KS        	-0.82239324	-0.82935021	0.025183772	
S11000.soleus-tib_ant.KS        	-3.2461331	-3.2613876	0.029319423	
S00111.gastroc-tib_ant.KS       	-0.32171493	-0.33176479	0.021468812	
S11000.gastroc-tib_ant.KS       	-1.6435448	-1.6562867	0.024672346	
S00111.tib_ant-gastroc.KS       	-0.00395169	-0.0037395279	0.18183749	
S11000.tib_ant-gastroc.KS       	-0.00331551	-0.0036297109	0.1777283	
S00111.tib_ant-soleus.KS        	-0.00346517	-0.0033339085	0.18666558	
S11000.tib_ant-soleus.KS        	-0.0034666	-0.0033310867	0.17873606	
S00111.gastroc.L0               	0.81619714	0.82697203	0.0097490684	
S00111.gastroc.KF               	1.4132181	1.4134285	0.0012467406	
S00111.gastroc.KS               	0.17569927	0.1727499	0.010616702	
S00111.soleus.L0                	0.93579039	0.94745565	0.005615111	
S00111.soleus.KF                	0.22596256	0.22721807	0.0017990138	
S00111.soleus.KS                	0.16305313	0.15836836	0.015440822	
S11000.gastroc.KL               	0.00925153	0.0086706973	0.01813668	
S11000.gastroc.L0               	0.5232497	0.51933905	0.010222503	
S11000.gastroc.KF               	-1.7986957	-1.8117559	0.02410947	
S11000.gastroc.KS               	0.25441898	0.26781099	0.021630087	
S11000.soleus.KL                	0.81334829	0.8015978	0.041804554	
S11000.soleus.L0                	0.89024892	0.88662077	0.0094064065	
S11000.soleus.KF                	-0.9281176	-0.91798871	0.039054513	
S11000.soleus.KS                	0.11302564	0.10807341	0.033700945	
S00011.vasti.KF                 	0.82211509	0.83318719	0.0052138941	
S00011.vasti.C0                 	0.083635568	0.081997156	0.0011677834	
S00011.vasti-knee_angle.pos_max 	-0.30726571	-0.3075148	0.0018375827	
S00011.hamstrings-pelvis_tilt.KP	0.70889522	0.70753342	0.020694624	
S00011.hamstrings-pelvis_tilt.KV	0.56876495	0.56996918	0.0010703335	
S00011.hamstrings-pelvis_tilt.C0	0.02514159	0.026492178	0.002245694	
S00011.glut_max-pelvis_tilt.KP  	1.4549715	1.4760449	0.017174225	
S00011.glut_max-pelvis_tilt.KV  	0.31303423	0.31225121	0.0010766547	
S00011.glut_max-pelvis_tilt.C0  	0.16145913	0.15996342	0.0018112698	
S00011.iliopsoas-pelvis_tilt.KP 	-3.4905477	-3.4999284	0.028843318	
S00011.iliopsoas-pelvis_tilt.KV 	-0.54471334	-0.54272889	0.0013259608	
S00011.iliopsoas-pelvis_tilt.C0 	0.34540246	0.34461483	0.0028799794	
S00100.iliopsoas.C0             	0.33683169	0.33909515	0.0015725272	
S00100.glut_max.C0              	-0.023530685	-0.024504242	0.0011765986	
S11000.iliopsoas.KL             	0.56156528	0.56216265	0.0013425339	
S11000.iliopsoas.L0             	0.39216559	0.39144907	0.0014890276	
S11000.iliopsoas-pelvis_tilt.P0 	-0.042996735	-0.043789023	0.0011823446	
S11000.iliopsoas-pelvis_tilt.KP 	0.01196527	0.011157792	0.0073021071	
S11000.iliopsoas-pelvis_tilt.KV 	0.1490109	0.14702039	0.0013870488	
S11000.iliopsoas-hamstrings.KL  	-8.2800373	-8.3936912	0.049413672	
S11000.iliopsoas-hamstrings.L0  	1.1692749	1.1692659	0.001114765	
S11000.hamstrings.KF            	0.57601525	0.57665319	0.0010678415	
S11000.glut_max.KF              	0.62607981	0.62690891	0.0012515543	
