pelvis_tilt.offset              	0.023915932	0.024123074	0.00087419513	
hip_flexion_r.offset            	0.06842672	0.069063488	0.00081967158	
knee_angle_r.offset             	0.00092678515	0.00018584324	0.00090328063	
ankle_angle_r.offset            	-0.055500082	-0.055633404	0.0011809799	
hip_flexion_l.offset            	-0.0031401035	-0.0038121321	0.0016657694	
knee_angle_l.offset             	0.052432105	0.052032733	0.0012835365	
ankle_angle_l.offset            	0.19132914	0.19104367	0.0012291328	
stance_load_threshold           	0.15336268	0.15149036	0.0013519805	
S00111.tib_ant.KL               	1.2608569	1.2660303	0.022408895	
S00111.tib_ant.L0               	0.76290898	0.76490446	0.0024110534	
S00111.tib_ant.KS               	0.000173	0.00016521074	0.00092296017	
S11000.tib_ant.KL               	1.1918692	1.2006259	0.012837751	
S11000.tib_ant.L0               	0.73732362	0.73692504	0.0018598568	
S11000.tib_ant.KS               	0.035838895	0.035735043	0.0011655359	
S11111.tib_ant-soleus.KF        	-0.10838549	-0.10902108	0.0019987682	
S00111.soleus-tib_ant.KS        	-0.80888339	-0.82460031	0.025365961	
S11000.soleus-tib_ant.KS        	-3.2312435	-3.2478811	0.029648357	
S00111.gastroc-tib_ant.KS       	-0.32171493	-0.33292865	0.02158856	
S11000.gastroc-tib_ant.KS       	-1.6387006	-1.6451145	0.024923369	
S00111.tib_ant-gastroc.KS       	-0.00395169	-0.0037931062	0.18263637	
S11000.tib_ant-gastroc.KS       	-0.00331551	-0.0035505759	0.17850913	
S00111.tib_ant-soleus.KS        	-0.00346517	-0.003267012	0.18748567	
S11000.tib_ant-soleus.KS        	-0.00313645	-0.0032964003	0.17952132	
S00111.gastroc.L0               	0.80955233	0.82134207	0.0098479805	
S00111.gastroc.KF               	1.416663	1.4142856	0.0012570496	
S00111.gastroc.KS               	0.1672015	0.1724172	0.010680829	
S00111.soleus.L0                	0.94211552	0.94320965	0.0056841849	
S00111.soleus.KF                	0.22698258	0.22664554	0.0018147688	
S00111.soleus.KS                	0.16520068	0.16044634	0.015521056	
S11000.gastroc.KL               	0.00925153	0.0086844543	0.018216432	
S11000.gastroc.L0               	0.5295408	0.51754376	0.010313407	
S11000.gastroc.KF               	-1.7980827	-1.789818	0.024337832	
S11000.gastroc.KS               	0.27887874	0.26031018	0.021756835	
S11000.soleus.KL                	0.84260236	0.8050176	0.042106076	
S11000.soleus.L0                	0.88110991	0.87942571	0.009510452	
S11000.soleus.KF                	-0.86753488	-0.92211132	0.039374215	
S11000.soleus.KS                	0.1022613	0.10605478	0.033852827	
S00011.vasti.KF                 	0.82814002	0.83253268	0.0052795753	
S00011.vasti.C0                 	0.082874943	0.081992131	0.0011781944	
S00011.vasti-knee_angle.pos_max 	-0.30862561	-0.30780861	0.0018565879	
S00011.hamstrings-pelvis_tilt.KP	0.69476033	0.71285641	0.02086282	
S00011.hamstrings-pelvis_tilt.KV	0.57051181	0.56981653	0.0010812651	
S00011.hamstrings-pelvis_tilt.C0	0.0275206	0.026829887	0.0022579466	
S00011.glut_max-pelvis_tilt.KP  	1.4852797	1.4659008	0.017331434	
S00011.glut_max-pelvis_tilt.KV  	0.31195132	0.31260518	0.0010861922	
S00011.glut_max-pelvis_tilt.C0  	0.16076564	0.160604	0.0018252049	
S00011.iliopsoas-pelvis_tilt.KP 	-3.519437	-3.5058596	0.029153418	
S00011.iliopsoas-pelvis_tilt.KV 	-0.54016945	-0.54277095	0.0013408361	
S00011.iliopsoas-pelvis_tilt.C0 	0.34513085	0.3446298	0.0029044935	
S00100.iliopsoas.C0             	0.33899856	0.33938808	0.0015875789	
S00100.glut_max.C0              	-0.02588599	-0.024346638	0.0011854884	
S11000.iliopsoas.KL             	0.56131854	0.56190828	0.0013533147	
S11000.iliopsoas.L0             	0.39195561	0.39121535	0.0015012145	
S11000.iliopsoas-pelvis_tilt.P0 	-0.043557944	-0.043617251	0.0011914822	
S11000.iliopsoas-pelvis_tilt.KP 	0.01196527	0.011393781	0.0073344615	
S11000.iliopsoas-pelvis_tilt.KV 	0.14770354	0.14813811	0.0014030278	
S11000.iliopsoas-hamstrings.KL  	-8.4569287	-8.3927329	0.049948155	
S11000.iliopsoas-hamstrings.L0  	1.1705103	1.1692243	0.0011240677	
S11000.hamstrings.KF            	0.5759005	0.57680383	0.001078317	
S11000.glut_max.KF              	0.62688645	0.62677812	0.0012637692	
