pelvis_tilt.offset              	0.025115971	0.024875556	0.00017151617	
hip_flexion_r.offset            	0.0675821	0.067803236	0.00016087281	
knee_angle_r.offset             	0.0010880327	0.001304882	0.00017786737	
ankle_angle_r.offset            	-0.055553343	-0.055369347	0.00023508856	
hip_flexion_l.offset            	-0.0020011265	-0.0024483072	0.00032843122	
knee_angle_l.offset             	0.048370477	0.048129112	0.00026522827	
ankle_angle_l.offset            	0.19342976	0.19356369	0.00024724921	
stance_load_threshold           	0.14724434	0.14664981	0.00027001875	
S00111.tib_ant.KL               	1.2496551	1.2481278	0.0044059979	
S00111.tib_ant.L0               	0.76245666	0.76193945	0.00047278612	
S00111.tib_ant.KS               	0.000173	0.00016799102	0.00015348155	
S11000.tib_ant.KL               	1.228205	1.227841	0.0025691378	
S11000.tib_ant.L0               	0.73707725	0.73689962	0.00036400499	
S11000.tib_ant.KS               	0.035599916	0.035752921	0.00022648269	
S11111.tib_ant-soleus.KF        	-0.11163761	-0.11109172	0.00038998525	
S00111.soleus-tib_ant.KS        	-0.82263726	-0.81712564	0.0046538842	
S11000.soleus-tib_ant.KS        	-3.2992991	-3.3044029	0.0058765799	
S00111.gastroc-tib_ant.KS       	-0.32551104	-0.32715292	0.0038021952	
S11000.gastroc-tib_ant.KS       	-1.6167381	-1.6142612	0.0049981123	
S00111.tib_ant-gastroc.KS       	-0.00395169	-0.0037450845	0.030368104	
S11000.tib_ant-gastroc.KS       	-0.00366451	-0.0034593865	0.029681838	
S00111.tib_ant-soleus.KS        	-0.00346517	-0.0033712086	0.031174416	
S11000.tib_ant-soleus.KS        	-0.0034666	-0.0033404909	0.029850135	
S00111.gastroc.L0               	0.82464222	0.82401243	0.0019356835	
S00111.gastroc.KF               	1.4177578	1.4175929	0.00025436977	
S00111.gastroc.KS               	0.16655623	0.16792076	0.0019196263	
S00111.soleus.L0                	0.9314935	0.93319416	0.0011007125	
S00111.soleus.KF                	0.22657929	0.22681442	0.00035493648	
S00111.soleus.KS                	0.15422312	0.1537243	0.0027942197	
S11000.gastroc.KL               	0.00925153	0.0088461439	0.0030312193	
S11000.gastroc.L0               	0.51174561	0.51263751	0.0020187819	
S11000.gastroc.KF               	-1.8200619	-1.8230664	0.0047787175	
S11000.gastroc.KS               	0.27136988	0.26625678	0.0039798858	
S11000.soleus.KL                	0.7749362	0.77491221	0.0079248748	
S11000.soleus.L0                	0.87991412	0.88208337	0.0018669554	
S11000.soleus.KF                	-0.92290704	-0.92814715	0.0074390793	
S11000.soleus.KS                	0.10246726	0.10844074	0.0057562226	
S00011.vasti.KF                 	0.83033994	0.82908301	0.0010135457	
S00011.vasti.C0                 	0.082407935	0.082462338	0.0002234899	
S00011.vasti-knee_angle.pos_max 	-0.31054291	-0.30998089	0.00036326439	
S00011.hamstrings-pelvis_tilt.KP	0.71331187	0.71311245	0.0040012253	
S00011.hamstrings-pelvis_tilt.KV	0.56929728	0.56922634	0.00021362867	
S00011.hamstrings-pelvis_tilt.C0	0.027029124	0.026507372	0.00041452362	
S00011.glut_max-pelvis_tilt.KP  	1.5103154	1.5075545	0.0034335211	
S00011.glut_max-pelvis_tilt.KV  	0.31408503	0.31443116	0.00021120645	
S00011.glut_max-pelvis_tilt.C0  	0.16123799	0.16114103	0.00036790197	
S00011.iliopsoas-pelvis_tilt.KP 	-3.5388692	-3.5357686	0.0057710942	
S00011.iliopsoas-pelvis_tilt.KV 	-0.54218557	-0.54224791	0.00026346428	
S00011.iliopsoas-pelvis_tilt.C0 	0.33788631	0.33774425	0.00057979983	
S00100.iliopsoas.C0             	0.34245612	0.34208627	0.00031711539	
S00100.glut_max.C0              	-0.025239517	-0.024928563	0.00022602685	
S11000.iliopsoas.KL             	0.56371095	0.5641409	0.00026679045	
S11000.iliopsoas.L0             	0.39322454	0.39287607	0.00029605861	
S11000.iliopsoas-pelvis_tilt.P0 	-0.042637053	-0.04248195	0.00023488627	
S11000.iliopsoas-pelvis_tilt.KP 	0.01196527	0.011417422	0.0012277199	
S11000.iliopsoas-pelvis_tilt.KV 	0.14836163	0.1484874	0.00027818845	
S11000.iliopsoas-hamstrings.KL  	-8.3913868	-8.391606	0.0099578289	
S11000.iliopsoas-hamstrings.L0  	1.1683843	1.1682071	0.00022205586	
S11000.hamstrings.KF            	0.57781311	0.57800021	0.00020995703	
S11000.glut_max.KF              	0.62548318	0.62532457	0.00025342223	
