pelvis_tilt.offset              	0.02513219	0.025137568	6.4679198e-05	
hip_flexion_r.offset            	0.067608905	0.06762367	6.031444e-05	
knee_angle_r.offset             	0.0013056156	0.0014200748	6.8047099e-05	
ankle_angle_r.offset            	-0.05484087	-0.055035694	9.1063186e-05	
hip_flexion_l.offset            	-0.0028204523	-0.0027965671	0.00012268958	
knee_angle_l.offset             	0.048125269	0.048064307	0.00010060935	
ankle_angle_l.offset            	0.19428993	0.19449409	9.6314084e-05	
stance_load_threshold           	0.1462078	0.1462249	0.00010265612	
S00111.tib_ant.KL               	1.2551808	1.2548632	0.0017209302	
S00111.tib_ant.L0               	0.76262465	0.76253887	0.00017882232	
S00111.tib_ant.KS               	0.0001578206	0.00016530475	4.911157e-05	
S11000.tib_ant.KL               	1.2300018	1.2281322	0.00097708538	
S11000.tib_ant.L0               	0.73663314	0.73672668	0.00013668902	
S11000.tib_ant.KS               	0.03508429	0.035093903	8.6504641e-05	
S11111.tib_ant-soleus.KF        	-0.11140025	-0.11135447	0.00014487249	
S00111.soleus-tib_ant.KS        	-0.81683378	-0.81549762	0.0017289734	
S11000.soleus-tib_ant.KS        	-3.2969646	-3.2964129	0.0022346161	
S00111.gastroc-tib_ant.KS       	-0.3281115	-0.32877485	0.0013679591	
S11000.gastroc-tib_ant.KS       	-1.6378836	-1.633515	0.0019593123	
S00111.tib_ant-gastroc.KS       	-0.0036579951	-0.0038029751	0.0096971016	
S11000.tib_ant-gastroc.KS       	-0.00331551	-0.0034902705	0.0094779403	
S00111.tib_ant-soleus.KS        	-0.00313515	-0.0033201172	0.0099544982	
S11000.tib_ant-soleus.KS        	-0.00313645	-0.0033215681	0.0095316453	
S00111.gastroc.L0               	0.82810797	0.82849545	0.00073919629	
S00111.gastroc.KF               	1.4173692	1.4172469	9.6353572e-05	
S00111.gastroc.KS               	0.16995301	0.16965584	0.0007042892	
S00111.soleus.L0                	0.93306188	0.93350338	0.00041132141	
S00111.soleus.KF                	0.22785715	0.22790303	0.00013965741	
S00111.soleus.KS                	0.15190949	0.15203879	0.0010286232	
S11000.gastroc.KL               	0.00837043	0.0087503578	0.0009801488	
S11000.gastroc.L0               	0.5165107	0.51459639	0.00076293229	
S11000.gastroc.KF               	-1.8153189	-1.8177343	0.00181226	
S11000.gastroc.KS               	0.26398771	0.26262389	0.0015071611	
S11000.soleus.KL                	0.78435093	0.78757469	0.0030130346	
S11000.soleus.L0                	0.88199553	0.88101508	0.00069871453	
S11000.soleus.KF                	-0.92542007	-0.92303238	0.0028150596	
S11000.soleus.KS                	0.11188275	0.1085745	0.0020808058	
S00011.vasti.KF                 	0.82632382	0.82671772	0.00039165203	
S00011.vasti.C0                 	0.083134423	0.083032096	8.6108326e-05	
S00011.vasti-knee_angle.pos_max 	-0.31082689	-0.31045233	0.00013691652	
S00011.hamstrings-pelvis_tilt.KP	0.71278491	0.71328634	0.0015064571	
S00011.hamstrings-pelvis_tilt.KV	0.56917242	0.56917417	8.1394353e-05	
S00011.hamstrings-pelvis_tilt.C0	0.025384708	0.025429964	0.00015638598	
S00011.glut_max-pelvis_tilt.KP  	1.5053605	1.5053428	0.0013199542	
S00011.glut_max-pelvis_tilt.KV  	0.31412878	0.31414072	8.0530083e-05	
S00011.glut_max-pelvis_tilt.C0  	0.16035926	0.16023853	0.00014215529	
S00011.iliopsoas-pelvis_tilt.KP 	-3.5544027	-3.550788	0.0021999329	
S00011.iliopsoas-pelvis_tilt.KV 	-0.54299588	-0.54294263	0.00010183205	
S00011.iliopsoas-pelvis_tilt.C0 	0.33810954	0.33800418	0.00021844848	
S00100.iliopsoas.C0             	0.34285786	0.34288243	0.00012033185	
S00100.glut_max.C0              	-0.025473141	-0.025423979	8.6240674e-05	
S11000.iliopsoas.KL             	0.56284805	0.56311775	0.00010576804	
S11000.iliopsoas.L0             	0.39368459	0.39365215	0.00011377161	
S11000.iliopsoas-pelvis_tilt.P0 	-0.042665683	-0.042642474	9.0650839e-05	
S11000.iliopsoas-pelvis_tilt.KP 	0.011635938	0.011482686	0.00042239626	
S11000.iliopsoas-pelvis_tilt.KV 	0.1484342	0.1484931	0.00010383091	
S11000.iliopsoas-hamstrings.KL  	-8.4149973	-8.4105374	0.0037975427	
S11000.iliopsoas-hamstrings.L0  	1.1681425	1.1681112	8.294882e-05	
S11000.hamstrings.KF            	0.57884	0.5788169	8.1865641e-05	
S11000.glut_max.KF              	0.62528586	0.62524541	9.6399816e-05	
