pelvis_tilt.offset              	0.025303555	0.025215615	7.3806111e-05	
hip_flexion_r.offset            	0.067767478	0.067734482	6.860777e-05	
knee_angle_r.offset             	0.0013620568	0.0013732022	7.7443066e-05	
ankle_angle_r.offset            	-0.055201768	-0.055039011	0.0001033109	
hip_flexion_l.offset            	-0.0031249412	-0.0030823477	0.000139781	
knee_angle_l.offset             	0.048103537	0.048202156	0.00011465785	
ankle_angle_l.offset            	0.19424073	0.19435373	0.0001094832	
stance_load_threshold           	0.14645	0.14627574	0.00011705199	
S00111.tib_ant.KL               	1.2532937	1.2486223	0.001955699	
S00111.tib_ant.L0               	0.76269996	0.76270122	0.00020208041	
S00111.tib_ant.KS               	0.000173	0.00016639857	5.3930184e-05	
S11000.tib_ant.KL               	1.2280958	1.2286727	0.0011065503	
S11000.tib_ant.L0               	0.73671825	0.73667869	0.00015511476	
S11000.tib_ant.KS               	0.035072518	0.034968783	9.8248606e-05	
S11111.tib_ant-soleus.KF        	-0.11124669	-0.11140038	0.00016402569	
S00111.soleus-tib_ant.KS        	-0.81167034	-0.81351644	0.0019527198	
S11000.soleus-tib_ant.KS        	-3.3013089	-3.3019028	0.0025380909	
S00111.gastroc-tib_ant.KS       	-0.3294958	-0.32914127	0.001546197	
S11000.gastroc-tib_ant.KS       	-1.6370632	-1.6398907	0.0023205046	
S00111.tib_ant-gastroc.KS       	-0.00395169	-0.0036567265	0.010640715	
S11000.tib_ant-gastroc.KS       	-0.00366451	-0.0034476791	0.0104002	
S00111.tib_ant-soleus.KS        	-0.00346517	-0.0033135323	0.010923108	
S11000.tib_ant-soleus.KS        	-0.0034666	-0.0032446164	0.010459126	
S00111.gastroc.L0               	0.82732817	0.82770013	0.00084273544	
S00111.gastroc.KF               	1.4172422	1.4172337	0.00010905804	
S00111.gastroc.KS               	0.17086507	0.17030832	0.0007966398	
S00111.soleus.L0                	0.93336113	0.93339852	0.00046421555	
S00111.soleus.KF                	0.2284514	0.22833168	0.00016236808	
S00111.soleus.KS                	0.14958603	0.15078256	0.0011644071	
S11000.gastroc.KL               	0.00837043	0.0087875199	0.0010805245	
S11000.gastroc.L0               	0.51451546	0.51471203	0.00086618948	
S11000.gastroc.KF               	-1.8156713	-1.8147761	0.0020643612	
S11000.gastroc.KS               	0.26266814	0.26190222	0.0017099563	
S11000.soleus.KL                	0.78284186	0.78379368	0.0034158271	
S11000.soleus.L0                	0.88048734	0.88104148	0.00079182349	
S11000.soleus.KF                	-0.92294634	-0.91767279	0.0031865063	
S11000.soleus.KS                	0.10825478	0.10863428	0.0023408659	
S00011.vasti.KF                 	0.82622932	0.82628364	0.00044379742	
S00011.vasti.C0                 	0.083502238	0.083405894	0.00010239306	
S00011.vasti-knee_angle.pos_max 	-0.31048147	-0.31050783	0.00015412295	
S00011.hamstrings-pelvis_tilt.KP	0.71097934	0.71238514	0.0017115224	
S00011.hamstrings-pelvis_tilt.KV	0.56924054	0.56928234	9.197491e-05	
S00011.hamstrings-pelvis_tilt.C0	0.025609131	0.025565149	0.00017694799	
S00011.glut_max-pelvis_tilt.KP  	1.5040055	1.5060294	0.0014880975	
S00011.glut_max-pelvis_tilt.KV  	0.31427724	0.3142174	9.1191913e-05	
S00011.glut_max-pelvis_tilt.C0  	0.16016358	0.16011573	0.00016139256	
S00011.iliopsoas-pelvis_tilt.KP 	-3.5529584	-3.5562395	0.0025406914	
S00011.iliopsoas-pelvis_tilt.KV 	-0.54324331	-0.54305877	0.00011564052	
S00011.iliopsoas-pelvis_tilt.C0 	0.33712199	0.33735996	0.00025121458	
S00100.iliopsoas.C0             	0.3431321	0.34288784	0.00013631737	
S00100.glut_max.C0              	-0.025631272	-0.025499736	9.8616644e-05	
S11000.iliopsoas.KL             	0.56277848	0.56287937	0.00012204169	
S11000.iliopsoas.L0             	0.39365836	0.39375603	0.0001301536	
S11000.iliopsoas-pelvis_tilt.P0 	-0.042657323	-0.042545714	0.00010237635	
S11000.iliopsoas-pelvis_tilt.KP 	0.011626148	0.011604317	0.0004739328	
S11000.iliopsoas-pelvis_tilt.KV 	0.14844997	0.14843726	0.00011861924	
S11000.iliopsoas-hamstrings.KL  	-8.408698	-8.412024	0.0042833056	
S11000.iliopsoas-hamstrings.L0  	1.1682435	1.1681674	9.4360446e-05	
S11000.hamstrings.KF            	0.57890293	0.57882235	9.2157083e-05	
S11000.glut_max.KF              	0.62507292	0.62529928	0.00010885027	
