pelvis_tilt.offset              	0.025176606	0.02521863	6.4720117e-05	
hip_flexion_r.offset            	0.067694346	0.067666371	5.9782907e-05	
knee_angle_r.offset             	0.0011820151	0.0012194085	6.7795608e-05	
ankle_angle_r.offset            	-0.054911124	-0.054933409	9.0487703e-05	
hip_flexion_l.offset            	-0.003154999	-0.0030395302	0.00012283123	
knee_angle_l.offset             	0.048166719	0.048214801	0.00010034409	
ankle_angle_l.offset            	0.19446547	0.19432021	9.5970888e-05	
stance_load_threshold           	0.14615066	0.14634106	0.00010271979	
S00111.tib_ant.KL               	1.2484914	1.2503564	0.0017243594	
S00111.tib_ant.L0               	0.7629903	0.7628858	0.00017635076	
S00111.tib_ant.KS               	0.000173	0.0001665467	4.6059655e-05	
S11000.tib_ant.KL               	1.2277224	1.2286261	0.00096415835	
S11000.tib_ant.L0               	0.73648162	0.73672847	0.00013495613	
S11000.tib_ant.KS               	0.034831687	0.034997976	8.6397178e-05	
S11111.tib_ant-soleus.KF        	-0.11127059	-0.11135596	0.00014319043	
S00111.soleus-tib_ant.KS        	-0.81336211	-0.81424196	0.001714896	
S11000.soleus-tib_ant.KS        	-3.3025196	-3.3031725	0.0022319783	
S00111.gastroc-tib_ant.KS       	-0.3290309	-0.32882181	0.0013389557	
S11000.gastroc-tib_ant.KS       	-1.6424746	-1.6405946	0.0020596717	
S00111.tib_ant-gastroc.KS       	-0.00357534	-0.0037472675	0.0090819485	
S11000.tib_ant-gastroc.KS       	-0.00331551	-0.0035184439	0.0088766655	
S00111.tib_ant-soleus.KS        	-0.00346517	-0.0033434622	0.0093229468	
S11000.tib_ant-soleus.KS        	-0.0034666	-0.0032645742	0.0089269479	
S00111.gastroc.L0               	0.82890643	0.82842827	0.00073854371	
S00111.gastroc.KF               	1.4174668	1.4173233	9.5860341e-05	
S00111.gastroc.KS               	0.17166419	0.17115171	0.00069595567	
S00111.soleus.L0                	0.93313409	0.93348644	0.00040478849	
S00111.soleus.KF                	0.22856602	0.22825318	0.00014285572	
S00111.soleus.KS                	0.14982477	0.15034676	0.0010103564	
S11000.gastroc.KL               	0.00925153	0.0086972728	0.00092552226	
S11000.gastroc.L0               	0.5130834	0.51559986	0.0007588907	
S11000.gastroc.KF               	-1.8136695	-1.8137868	0.0018208016	
S11000.gastroc.KS               	0.26292904	0.26211112	0.0014963637	
S11000.soleus.KL                	0.78380135	0.78345549	0.0029960204	
S11000.soleus.L0                	0.87981148	0.87976791	0.00069577972	
S11000.soleus.KF                	-0.91307774	-0.91798246	0.002806595	
S11000.soleus.KS                	0.10907082	0.10686932	0.0020388324	
S00011.vasti.KF                 	0.82601178	0.82636992	0.00038708606	
S00011.vasti.C0                 	0.083691357	0.083610745	9.2500417e-05	
S00011.vasti-knee_angle.pos_max 	-0.3102627	-0.31045483	0.00013517217	
S00011.hamstrings-pelvis_tilt.KP	0.7131608	0.71268688	0.0014947324	
S00011.hamstrings-pelvis_tilt.KV	0.56933007	0.56918356	8.0683174e-05	
S00011.hamstrings-pelvis_tilt.C0	0.025789646	0.025567016	0.00015451547	
S00011.glut_max-pelvis_tilt.KP  	1.5074833	1.5051417	0.0012973783	
S00011.glut_max-pelvis_tilt.KV  	0.31419131	0.31406916	8.007073e-05	
S00011.glut_max-pelvis_tilt.C0  	0.1599659	0.15996854	0.00014193544	
S00011.iliopsoas-pelvis_tilt.KP 	-3.5595133	-3.5574348	0.0022409711	
S00011.iliopsoas-pelvis_tilt.KV 	-0.543032	-0.54297305	0.00010146203	
S00011.iliopsoas-pelvis_tilt.C0 	0.336824	0.33725066	0.00022210508	
S00100.iliopsoas.C0             	0.34309212	0.34302687	0.00011950344	
S00100.glut_max.C0              	-0.025619597	-0.025552268	8.6343622e-05	
S11000.iliopsoas.KL             	0.56254307	0.56272683	0.00010752327	
S11000.iliopsoas.L0             	0.3936809	0.3936725	0.00011343443	
S11000.iliopsoas-pelvis_tilt.P0 	-0.04283159	-0.042706892	8.963927e-05	
S11000.iliopsoas-pelvis_tilt.KP 	0.010908312	0.011168386	0.00041144273	
S11000.iliopsoas-pelvis_tilt.KV 	0.14866363	0.14854833	0.00010312249	
S11000.iliopsoas-hamstrings.KL  	-8.4040025	-8.406567	0.0037556544	
S11000.iliopsoas-hamstrings.L0  	1.1681642	1.1681745	8.2612936e-05	
S11000.hamstrings.KF            	0.5789196	0.57890962	8.0649669e-05	
S11000.glut_max.KF              	0.62510288	0.62524766	9.4852298e-05	
