pelvis_tilt.offset              	0.025263627	0.025273509	6.3877967e-05	
hip_flexion_r.offset            	0.06780491	0.067629671	5.9102885e-05	
knee_angle_r.offset             	0.0012253056	0.0012212304	6.6960204e-05	
ankle_angle_r.offset            	-0.055049622	-0.054995626	8.9022579e-05	
hip_flexion_l.offset            	-0.0028933167	-0.0028413269	0.00012195826	
knee_angle_l.offset             	0.048249362	0.048164921	9.9120226e-05	
ankle_angle_l.offset            	0.19431266	0.19433719	9.4957761e-05	
stance_load_threshold           	0.14614816	0.14619968	0.00010170354	
S00111.tib_ant.KL               	1.2534756	1.2506775	0.0017018484	
S00111.tib_ant.L0               	0.7627045	0.7630336	0.00017392626	
S00111.tib_ant.KS               	0.000173	0.00016732454	4.4827275e-05	
S11000.tib_ant.KL               	1.2266836	1.2286182	0.00095096703	
S11000.tib_ant.L0               	0.73666181	0.73670595	0.00013363313	
S11000.tib_ant.KS               	0.034898889	0.0349383	8.54548e-05	
S11111.tib_ant-soleus.KF        	-0.11133119	-0.11126363	0.00014140141	
S00111.soleus-tib_ant.KS        	-0.81372561	-0.81530102	0.0016929806	
S11000.soleus-tib_ant.KS        	-3.3052332	-3.3057315	0.0022123193	
S00111.gastroc-tib_ant.KS       	-0.32769017	-0.328488	0.0013183578	
S11000.gastroc-tib_ant.KS       	-1.6434049	-1.6420486	0.0020511822	
S00111.tib_ant-gastroc.KS       	-0.00395169	-0.0037831477	0.0088351453	
S11000.tib_ant-gastroc.KS       	-0.00366451	-0.0034531817	0.0086354399	
S00111.tib_ant-soleus.KS        	-0.00313515	-0.0032285774	0.0090695796	
S11000.tib_ant-soleus.KS        	-0.0034666	-0.0032817438	0.0086843509	
S00111.gastroc.L0               	0.82928244	0.82781104	0.00072977686	
S00111.gastroc.KF               	1.4173622	1.4173357	9.4896206e-05	
S00111.gastroc.KS               	0.17259454	0.17137324	0.00068992587	
S00111.soleus.L0                	0.93334985	0.9334322	0.00039984253	
S00111.soleus.KF                	0.22851348	0.22833994	0.00014187379	
S00111.soleus.KS                	0.15131793	0.15093282	0.00099379148	
S11000.gastroc.KL               	0.0091636179	0.0087501004	0.00090271248	
S11000.gastroc.L0               	0.5147657	0.51476457	0.00075403189	
S11000.gastroc.KF               	-1.8094052	-1.8135641	0.0018050888	
S11000.gastroc.KS               	0.26256916	0.26323116	0.0014758711	
S11000.soleus.KL                	0.77985111	0.78444828	0.0029454344	
S11000.soleus.L0                	0.87830688	0.87861326	0.00068955091	
S11000.soleus.KF                	-0.91722023	-0.91999057	0.0027667706	
S11000.soleus.KS                	0.10850911	0.10746304	0.0020087516	
S00011.vasti.KF                 	0.82612021	0.82657155	0.00038186836	
S00011.vasti.C0                 	0.083927801	0.083682665	9.3533986e-05	
S00011.vasti-knee_angle.pos_max 	-0.31079857	-0.31047645	0.00013303736	
S00011.hamstrings-pelvis_tilt.KP	0.71270046	0.7119543	0.0014768859	
S00011.hamstrings-pelvis_tilt.KV	0.56914482	0.56921394	7.9799482e-05	
S00011.hamstrings-pelvis_tilt.C0	0.025678427	0.025704985	0.00015292968	
S00011.glut_max-pelvis_tilt.KP  	1.5030257	1.5047433	0.0012802712	
S00011.glut_max-pelvis_tilt.KV  	0.31413295	0.31397794	7.890481e-05	
S00011.glut_max-pelvis_tilt.C0  	0.16024298	0.15998171	0.00014032372	
S00011.iliopsoas-pelvis_tilt.KP 	-3.5567702	-3.5567544	0.0022198644	
S00011.iliopsoas-pelvis_tilt.KV 	-0.54307574	-0.54303834	0.0001003847	
S00011.iliopsoas-pelvis_tilt.C0 	0.33666484	0.33691085	0.0002209812	
S00100.iliopsoas.C0             	0.34308463	0.34311663	0.00011813981	
S00100.glut_max.C0              	-0.025585447	-0.025454513	8.5325732e-05	
S11000.iliopsoas.KL             	0.56269747	0.56271125	0.00010742458	
S11000.iliopsoas.L0             	0.39387899	0.39375051	0.00011217582	
S11000.iliopsoas-pelvis_tilt.P0 	-0.042800708	-0.042731623	8.8433094e-05	
S11000.iliopsoas-pelvis_tilt.KP 	0.01082572	0.011192538	0.00040486905	
S11000.iliopsoas-pelvis_tilt.KV 	0.14857352	0.14860441	0.00010208886	
S11000.iliopsoas-hamstrings.KL  	-8.4127591	-8.4069001	0.0036975537	
S11000.iliopsoas-hamstrings.L0  	1.1681789	1.1681919	8.1430629e-05	
S11000.hamstrings.KF            	0.57893114	0.57893456	7.947678e-05	
S11000.glut_max.KF              	0.62523786	0.62522025	9.4102578e-05	
