pelvis_tilt.offset              	0.025391689	0.025374445	6.018669e-05	
hip_flexion_r.offset            	0.067534444	0.067614708	5.5459884e-05	
knee_angle_r.offset             	0.001244435	0.0012405956	6.2406871e-05	
ankle_angle_r.offset            	-0.055053477	-0.055065472	8.3764383e-05	
hip_flexion_l.offset            	-0.0026745954	-0.0027943216	0.00011441734	
knee_angle_l.offset             	0.048353383	0.048256937	9.321725e-05	
ankle_angle_l.offset            	0.1942516	0.19426209	8.8694608e-05	
stance_load_threshold           	0.1460871	0.14617207	9.5344835e-05	
S00111.tib_ant.KL               	1.2516296	1.2498925	0.0015914136	
S00111.tib_ant.L0               	0.76322998	0.76305244	0.00016353682	
S00111.tib_ant.KS               	0.00016467871	0.00016741662	4.0999415e-05	
S11000.tib_ant.KL               	1.2275293	1.2279394	0.00089275662	
S11000.tib_ant.L0               	0.73662831	0.7366025	0.0001250707	
S11000.tib_ant.KS               	0.034890471	0.034911505	8.0271069e-05	
S11111.tib_ant-soleus.KF        	-0.11114183	-0.11122504	0.00013254672	
S00111.soleus-tib_ant.KS        	-0.81202268	-0.81371155	0.0015821712	
S11000.soleus-tib_ant.KS        	-3.3034758	-3.302537	0.0020831944	
S00111.gastroc-tib_ant.KS       	-0.33054394	-0.32949871	0.0012300355	
S11000.gastroc-tib_ant.KS       	-1.642726	-1.6440662	0.0019299604	
S00111.tib_ant-gastroc.KS       	-0.00395169	-0.0037775065	0.0080739428	
S11000.tib_ant-gastroc.KS       	-0.00331551	-0.0035330598	0.0078914284	
S00111.tib_ant-soleus.KS        	-0.0032262367	-0.0033419465	0.008288139	
S11000.tib_ant-soleus.KS        	-0.0034666	-0.0033188773	0.0079361099	
S00111.gastroc.L0               	0.82764637	0.82802126	0.00068591549	
S00111.gastroc.KF               	1.4173323	1.4174307	8.9424641e-05	
S00111.gastroc.KS               	0.17396843	0.17261309	0.00065117142	
S00111.soleus.L0                	0.93333965	0.93329967	0.00037260423	
S00111.soleus.KF                	0.22834614	0.22836704	0.00013392274	
S00111.soleus.KS                	0.15116101	0.15084869	0.00092395292	
S11000.gastroc.KL               	0.00837043	0.0087975268	0.00082890684	
S11000.gastroc.L0               	0.5161298	0.5157464	0.00070925797	
S11000.gastroc.KF               	-1.8150544	-1.8136013	0.0017143374	
S11000.gastroc.KS               	0.25909137	0.26073547	0.001388844	
S11000.soleus.KL                	0.78999897	0.78931935	0.0027839596	
S11000.soleus.L0                	0.87738614	0.87837958	0.00065064116	
S11000.soleus.KF                	-0.91106606	-0.91364018	0.0026162374	
S11000.soleus.KS                	0.10534547	0.10788989	0.0018847524	
S00011.vasti.KF                 	0.82654197	0.8263617	0.00035689855	
S00011.vasti.C0                 	0.083762166	0.083799408	8.9852742e-05	
S00011.vasti-knee_angle.pos_max 	-0.31048929	-0.31062305	0.00012542832	
S00011.hamstrings-pelvis_tilt.KP	0.70845608	0.71069976	0.001384521	
S00011.hamstrings-pelvis_tilt.KV	0.56938049	0.56929795	7.4684533e-05	
S00011.hamstrings-pelvis_tilt.C0	0.025892429	0.025675914	0.00014333398	
S00011.glut_max-pelvis_tilt.KP  	1.5056656	1.5062169	0.0011954765	
S00011.glut_max-pelvis_tilt.KV  	0.31407084	0.31399711	7.412087e-05	
S00011.glut_max-pelvis_tilt.C0  	0.16009103	0.16007234	0.00013136231	
S00011.iliopsoas-pelvis_tilt.KP 	-3.5583114	-3.5589717	0.0020933624	
S00011.iliopsoas-pelvis_tilt.KV 	-0.54331795	-0.543218	9.4255617e-05	
S00011.iliopsoas-pelvis_tilt.C0 	0.33651817	0.3365542	0.00021133663	
S00100.iliopsoas.C0             	0.34345834	0.34330484	0.00011144768	
S00100.glut_max.C0              	-0.025494428	-0.025524201	8.0016974e-05	
S11000.iliopsoas.KL             	0.56279382	0.56283777	0.0001003199	
S11000.iliopsoas.L0             	0.39388129	0.3938458	0.00010540207	
S11000.iliopsoas-pelvis_tilt.P0 	-0.042705526	-0.042730532	8.2508934e-05	
S11000.iliopsoas-pelvis_tilt.KP 	0.01082572	0.010977186	0.00037475231	
S11000.iliopsoas-pelvis_tilt.KV 	0.14840591	0.1486213	9.5764401e-05	
S11000.iliopsoas-hamstrings.KL  	-8.4130949	-8.4058344	0.0034891224	
S11000.iliopsoas-hamstrings.L0  	1.1682282	1.168253	7.6296488e-05	
S11000.hamstrings.KF            	0.57904351	0.57896316	7.4638857e-05	
S11000.glut_max.KF              	0.62511284	0.62518139	8.8185191e-05	
