pelvis_tilt.offset              	0.025390393	0.025376038	6.5219438e-05	
hip_flexion_r.offset            	0.067531912	0.067608333	5.9930705e-05	
knee_angle_r.offset             	0.0011793028	0.0012446806	6.7425861e-05	
ankle_angle_r.offset            	-0.055058359	-0.055134389	9.0689559e-05	
hip_flexion_l.offset            	-0.002792088	-0.0027867937	0.00012343172	
knee_angle_l.offset             	0.048404051	0.048322456	0.00010097631	
ankle_angle_l.offset            	0.19429344	0.19424382	9.5840211e-05	
stance_load_threshold           	0.14595605	0.14616302	0.00010320409	
S00111.tib_ant.KL               	1.2515561	1.2506567	0.0017188382	
S00111.tib_ant.L0               	0.76343595	0.7632213	0.00017814462	
S00111.tib_ant.KS               	0.000173	0.00016480806	4.4047289e-05	
S11000.tib_ant.KL               	1.2261294	1.2272162	0.00096583915	
S11000.tib_ant.L0               	0.73647998	0.73660683	0.00013552394	
S11000.tib_ant.KS               	0.035010987	0.034859306	8.6853031e-05	
S11111.tib_ant-soleus.KF        	-0.11123059	-0.11121194	0.00014315662	
S00111.soleus-tib_ant.KS        	-0.81243603	-0.81322639	0.0017104682	
S11000.soleus-tib_ant.KS        	-3.3020685	-3.3009369	0.0022570972	
S00111.gastroc-tib_ant.KS       	-0.33052922	-0.32970108	0.0013268733	
S11000.gastroc-tib_ant.KS       	-1.6423827	-1.6431448	0.0020884077	
S00111.tib_ant-gastroc.KS       	-0.00395169	-0.0037823637	0.0086719949	
S11000.tib_ant-gastroc.KS       	-0.00366451	-0.0034210018	0.0084759602	
S00111.tib_ant-soleus.KS        	-0.00346517	-0.0033464725	0.0089020458	
S11000.tib_ant-soleus.KS        	-0.0034666	-0.0033511906	0.0085239491	
S00111.gastroc.L0               	0.82857078	0.82695471	0.00074562044	
S00111.gastroc.KF               	1.4173232	1.417319	9.6700295e-05	
S00111.gastroc.KS               	0.17422311	0.1729906	0.00070716068	
S00111.soleus.L0                	0.93340989	0.93349633	0.0004018875	
S00111.soleus.KF                	0.22865532	0.22843246	0.00014482802	
S00111.soleus.KS                	0.15069735	0.15071437	0.00099738588	
S11000.gastroc.KL               	0.0084248685	0.0087346069	0.00089163907	
S11000.gastroc.L0               	0.51506435	0.51563133	0.00076795178	
S11000.gastroc.KF               	-1.8092039	-1.8139134	0.0018529961	
S11000.gastroc.KS               	0.25664369	0.26037578	0.0015040644	
S11000.soleus.KL                	0.79101846	0.788271	0.0030145432	
S11000.soleus.L0                	0.87917152	0.87831806	0.00070562228	
S11000.soleus.KF                	-0.90507703	-0.91038868	0.0028456484	
S11000.soleus.KS                	0.10428292	0.10575216	0.0020397726	
S00011.vasti.KF                 	0.82657143	0.82665832	0.00038680853	
S00011.vasti.C0                 	0.083884531	0.083838554	9.7615395e-05	
S00011.vasti-knee_angle.pos_max 	-0.31057114	-0.31063162	0.00013556523	
S00011.hamstrings-pelvis_tilt.KP	0.70972467	0.70929015	0.0015021713	
S00011.hamstrings-pelvis_tilt.KV	0.56946531	0.56935206	8.1027212e-05	
S00011.hamstrings-pelvis_tilt.C0	0.025987898	0.025751034	0.00015499258	
S00011.glut_max-pelvis_tilt.KP  	1.5063563	1.5058785	0.0012928365	
S00011.glut_max-pelvis_tilt.KV  	0.31395834	0.3140273	8.0098258e-05	
S00011.glut_max-pelvis_tilt.C0  	0.16005184	0.16006196	0.00014176804	
S00011.iliopsoas-pelvis_tilt.KP 	-3.5590925	-3.5601783	0.0022725201	
S00011.iliopsoas-pelvis_tilt.KV 	-0.54331096	-0.54329176	0.00010202794	
S00011.iliopsoas-pelvis_tilt.C0 	0.33651308	0.33634627	0.00023045953	
S00100.iliopsoas.C0             	0.34329428	0.34324879	0.00012083418	
S00100.glut_max.C0              	-0.025708027	-0.025540827	8.6698313e-05	
S11000.iliopsoas.KL             	0.56269364	0.56282098	0.00010856296	
S11000.iliopsoas.L0             	0.39393584	0.39389202	0.00011413781	
S11000.iliopsoas-pelvis_tilt.P0 	-0.042555498	-0.042645521	8.9385275e-05	
S11000.iliopsoas-pelvis_tilt.KP 	0.010869238	0.01108658	0.00040378835	
S11000.iliopsoas-pelvis_tilt.KV 	0.14852884	0.14859935	0.00010372309	
S11000.iliopsoas-hamstrings.KL  	-8.4074772	-8.4067516	0.003778493	
S11000.iliopsoas-hamstrings.L0  	1.1683789	1.1682658	8.2399097e-05	
S11000.hamstrings.KF            	0.5790104	0.57900893	8.0877664e-05	
S11000.glut_max.KF              	0.62526361	0.62521105	9.5367917e-05	
