pelvis_tilt.offset              	0.025360619	0.025388623	7.5994418e-05	
hip_flexion_r.offset            	0.067547242	0.067468209	7.0276246e-05	
knee_angle_r.offset             	0.0010993149	0.0011099729	7.8740585e-05	
ankle_angle_r.offset            	-0.055141217	-0.054989346	0.00010538274	
hip_flexion_l.offset            	-0.0024521279	-0.0028160863	0.00014388421	
knee_angle_l.offset             	0.048183293	0.048336718	0.00011847666	
ankle_angle_l.offset            	0.19451064	0.19440213	0.00011188801	
stance_load_threshold           	0.14598073	0.1459807	0.0001201275	
S00111.tib_ant.KL               	1.2506465	1.2492677	0.0020091356	
S00111.tib_ant.L0               	0.76336445	0.76310456	0.00020671685	
S00111.tib_ant.KS               	0.00015652	0.00016504948	4.9595228e-05	
S11000.tib_ant.KL               	1.2240951	1.226397	0.0011268317	
S11000.tib_ant.L0               	0.73661325	0.73665392	0.00015666193	
S11000.tib_ant.KS               	0.034719337	0.034757819	0.00010206944	
S11111.tib_ant-soleus.KF        	-0.11091421	-0.11096708	0.00016762881	
S00111.soleus-tib_ant.KS        	-0.81456427	-0.81352733	0.0019781	
S11000.soleus-tib_ant.KS        	-3.2964519	-3.3001301	0.0026210722	
S00111.gastroc-tib_ant.KS       	-0.33388187	-0.33384787	0.0015511037	
S11000.gastroc-tib_ant.KS       	-1.6448362	-1.6433505	0.0024237879	
S00111.tib_ant-gastroc.KS       	-0.00395169	-0.0037190537	0.0097555623	
S11000.tib_ant-gastroc.KS       	-0.00366451	-0.0035463284	0.0095350215	
S00111.tib_ant-soleus.KS        	-0.00346517	-0.0033083392	0.010014325	
S11000.tib_ant-soleus.KS        	-0.0034666	-0.0033249972	0.0095890028	
S00111.gastroc.L0               	0.82609139	0.82622062	0.00087908496	
S00111.gastroc.KF               	1.4174723	1.4174694	0.00011306256	
S00111.gastroc.KS               	0.17607694	0.17450124	0.00083831405	
S00111.soleus.L0                	0.93261479	0.93362168	0.00046751034	
S00111.soleus.KF                	0.22870434	0.22865301	0.00017009218	
S00111.soleus.KS                	0.14967432	0.15014202	0.0011424717	
S11000.gastroc.KL               	0.0091253622	0.0087251187	0.0010077175	
S11000.gastroc.L0               	0.51789816	0.51792312	0.0009012604	
S11000.gastroc.KF               	-1.8185043	-1.8157311	0.0021683351	
S11000.gastroc.KS               	0.25972144	0.26043949	0.0017627413	
S11000.soleus.KL                	0.78567137	0.79084662	0.0035126784	
S11000.soleus.L0                	0.87818317	0.8783041	0.00082217886	
S11000.soleus.KF                	-0.92070549	-0.91226017	0.0033874287	
S11000.soleus.KS                	0.10369974	0.10588178	0.0023615126	
S00011.vasti.KF                 	0.82697833	0.82696085	0.00045137495	
S00011.vasti.C0                 	0.084047498	0.083903348	0.0001144383	
S00011.vasti-knee_angle.pos_max 	-0.31058947	-0.31063933	0.00015716888	
S00011.hamstrings-pelvis_tilt.KP	0.70699906	0.70864591	0.0017639057	
S00011.hamstrings-pelvis_tilt.KV	0.56958722	0.56960756	9.6757199e-05	
S00011.hamstrings-pelvis_tilt.C0	0.025981002	0.025973369	0.00018102979	
S00011.glut_max-pelvis_tilt.KP  	1.5053414	1.5054637	0.0015030867	
S00011.glut_max-pelvis_tilt.KV  	0.31397366	0.31402011	9.3118619e-05	
S00011.glut_max-pelvis_tilt.C0  	0.1598366	0.15986681	0.00016551409	
S00011.iliopsoas-pelvis_tilt.KP 	-3.5663288	-3.5632346	0.00265587	
S00011.iliopsoas-pelvis_tilt.KV 	-0.54317905	-0.54314583	0.00011942392	
S00011.iliopsoas-pelvis_tilt.C0 	0.33594357	0.33604666	0.00027285915	
S00100.iliopsoas.C0             	0.34315421	0.3432383	0.00014218145	
S00100.glut_max.C0              	-0.025416825	-0.025396761	0.00010148362	
S11000.iliopsoas.KL             	0.56280565	0.56273472	0.00012632699	
S11000.iliopsoas.L0             	0.39402552	0.39395641	0.00013370251	
S11000.iliopsoas-pelvis_tilt.P0 	-0.04225412	-0.042539887	0.00010486671	
S11000.iliopsoas-pelvis_tilt.KP 	0.011636825	0.011460206	0.00046329102	
S11000.iliopsoas-pelvis_tilt.KV 	0.14864728	0.14856801	0.00012101023	
S11000.iliopsoas-hamstrings.KL  	-8.4028525	-8.4005022	0.0044128297	
S11000.iliopsoas-hamstrings.L0  	1.1683578	1.1683	9.5704174e-05	
S11000.hamstrings.KF            	0.57907536	0.57905963	9.420003e-05	
S11000.glut_max.KF              	0.62520449	0.62528178	0.00011115648	
