pelvis_tilt.offset              	0.025387441	0.025346275	6.5109072e-05	
hip_flexion_r.offset            	0.06738228	0.067471955	6.0309017e-05	
knee_angle_r.offset             	0.00098049277	0.0010717624	6.8185899e-05	
ankle_angle_r.offset            	-0.055153354	-0.055067708	9.0302661e-05	
hip_flexion_l.offset            	-0.0025290102	-0.0025479472	0.00012462217	
knee_angle_l.offset             	0.04831267	0.048401472	0.00010167334	
ankle_angle_l.offset            	0.19443091	0.19433441	9.6103203e-05	
stance_load_threshold           	0.14593188	0.14599935	0.00010257222	
S00111.tib_ant.KL               	1.2494408	1.2509414	0.0017335974	
S00111.tib_ant.L0               	0.76343246	0.76319337	0.000177142	
S00111.tib_ant.KS               	0.00015652	0.00016262394	4.1584301e-05	
S11000.tib_ant.KL               	1.2256569	1.2250108	0.00097117947	
S11000.tib_ant.L0               	0.73649157	0.73644615	0.00013475604	
S11000.tib_ant.KS               	0.034735903	0.034732196	8.818328e-05	
S11111.tib_ant-soleus.KF        	-0.11098039	-0.11083313	0.00014456039	
S00111.soleus-tib_ant.KS        	-0.81489111	-0.81295399	0.0016910018	
S11000.soleus-tib_ant.KS        	-3.2985342	-3.3002936	0.0022454154	
S00111.gastroc-tib_ant.KS       	-0.33530082	-0.33582818	0.0013495006	
S11000.gastroc-tib_ant.KS       	-1.6410335	-1.6421972	0.0020779596	
S00111.tib_ant-gastroc.KS       	-0.00357534	-0.0037073802	0.0081738878	
S11000.tib_ant-gastroc.KS       	-0.00331551	-0.003502136	0.0079890734	
S00111.tib_ant-soleus.KS        	-0.00313515	-0.0033323069	0.0083906522	
S11000.tib_ant-soleus.KS        	-0.0034666	-0.0033143147	0.0080342981	
S00111.gastroc.L0               	0.82554924	0.82622494	0.0007566484	
S00111.gastroc.KF               	1.4177219	1.4175759	9.7867385e-05	
S00111.gastroc.KS               	0.17688111	0.17658718	0.00073355201	
S00111.soleus.L0                	0.93276478	0.93357669	0.00039969409	
S00111.soleus.KF                	0.22891856	0.22882629	0.00014626838	
S00111.soleus.KS                	0.15054587	0.15032681	0.00096577657	
S11000.gastroc.KL               	0.00837043	0.0087799501	0.00084796485	
S11000.gastroc.L0               	0.51631109	0.51784489	0.00078191216	
S11000.gastroc.KF               	-1.8179265	-1.8178381	0.001864134	
S11000.gastroc.KS               	0.25787297	0.25928073	0.0015142412	
S11000.soleus.KL                	0.79562583	0.79450647	0.0030284023	
S11000.soleus.L0                	0.87819815	0.87830306	0.00070480737	
S11000.soleus.KF                	-0.90802989	-0.91275405	0.0029329174	
S11000.soleus.KS                	0.1043847	0.10547282	0.0020167266	
S00011.vasti.KF                 	0.82674867	0.82745555	0.00038554849	
S00011.vasti.C0                 	0.083902367	0.083896143	9.8924151e-05	
S00011.vasti-knee_angle.pos_max 	-0.31075725	-0.31063958	0.00013504095	
S00011.hamstrings-pelvis_tilt.KP	0.70732231	0.7065647	0.0015190173	
S00011.hamstrings-pelvis_tilt.KV	0.5696368	0.56964813	8.4613395e-05	
S00011.hamstrings-pelvis_tilt.C0	0.026140024	0.025930547	0.00015557071	
S00011.glut_max-pelvis_tilt.KP  	1.5062047	1.5053262	0.0012869327	
S00011.glut_max-pelvis_tilt.KV  	0.31419471	0.31411316	8.0230268e-05	
S00011.glut_max-pelvis_tilt.C0  	0.15964511	0.15981557	0.00014313503	
S00011.iliopsoas-pelvis_tilt.KP 	-3.561942	-3.5642823	0.0022931254	
S00011.iliopsoas-pelvis_tilt.KV 	-0.54317559	-0.54323735	0.0001025731	
S00011.iliopsoas-pelvis_tilt.C0 	0.33621534	0.33615362	0.00023560462	
S00100.iliopsoas.C0             	0.34358315	0.34336545	0.00012189956	
S00100.glut_max.C0              	-0.025497336	-0.025457653	8.703709e-05	
S11000.iliopsoas.KL             	0.56264228	0.56263363	0.00010897582	
S11000.iliopsoas.L0             	0.39407961	0.39406362	0.0001149736	
S11000.iliopsoas-pelvis_tilt.P0 	-0.042324717	-0.042323143	9.1055019e-05	
S11000.iliopsoas-pelvis_tilt.KP 	0.011428324	0.011552615	0.00039454689	
S11000.iliopsoas-pelvis_tilt.KV 	0.14858744	0.14854004	0.00010330462	
S11000.iliopsoas-hamstrings.KL  	-8.4088413	-8.4054644	0.0037877304	
S11000.iliopsoas-hamstrings.L0  	1.1683712	1.1684666	8.2091146e-05	
S11000.hamstrings.KF            	0.57899203	0.57901858	8.1090513e-05	
S11000.glut_max.KF              	0.62527905	0.62525009	9.5030233e-05	
