pelvis_tilt.offset              	0.025445773	0.025494705	5.4049972e-05	
hip_flexion_r.offset            	0.067423099	0.067363309	5.0430531e-05	
knee_angle_r.offset             	0.0011832607	0.0012912025	5.700936e-05	
ankle_angle_r.offset            	-0.054943941	-0.054968209	7.4936786e-05	
hip_flexion_l.offset            	-0.0029110234	-0.0028483663	0.00010296368	
knee_angle_l.offset             	0.04829508	0.048354427	8.4166217e-05	
ankle_angle_l.offset            	0.19442544	0.19441438	7.9695539e-05	
stance_load_threshold           	0.14588058	0.14591316	8.4439403e-05	
S00111.tib_ant.KL               	1.2479266	1.2482272	0.0014404953	
S00111.tib_ant.L0               	0.76326998	0.76329921	0.00014730923	
S00111.tib_ant.KS               	0.000173	0.00016207308	3.2900512e-05	
S11000.tib_ant.KL               	1.2217875	1.2234757	0.00081934882	
S11000.tib_ant.L0               	0.73633211	0.73636166	0.00011182223	
S11000.tib_ant.KS               	0.034584826	0.0346081	7.3423751e-05	
S11111.tib_ant-soleus.KF        	-0.11096857	-0.11084201	0.00012041888	
S00111.soleus-tib_ant.KS        	-0.81351771	-0.81192266	0.0013944592	
S11000.soleus-tib_ant.KS        	-3.3017095	-3.2974543	0.0018606631	
S00111.gastroc-tib_ant.KS       	-0.33666595	-0.33595828	0.0011235402	
S11000.gastroc-tib_ant.KS       	-1.6424482	-1.6431654	0.0017265584	
S00111.tib_ant-gastroc.KS       	-0.00395169	-0.0037247158	0.006454153	
S11000.tib_ant-gastroc.KS       	-0.00331551	-0.0034721541	0.0063081891	
S00111.tib_ant-soleus.KS        	-0.00346517	-0.0032228004	0.0066252433	
S11000.tib_ant-soleus.KS        	-0.00313645	-0.0032866714	0.0063438782	
S00111.gastroc.L0               	0.82568425	0.82562744	0.00062987922	
S00111.gastroc.KF               	1.4176669	1.4176667	8.1229512e-05	
S00111.gastroc.KS               	0.17739288	0.17685655	0.0006078446	
S00111.soleus.L0                	0.9329747	0.93349306	0.00033185232	
S00111.soleus.KF                	0.2293781	0.22923395	0.00012336761	
S00111.soleus.KS                	0.14974935	0.14993348	0.00078723889	
S11000.gastroc.KL               	0.00925153	0.0090556461	0.00067673817	
S11000.gastroc.L0               	0.51865749	0.51796589	0.0006537426	
S11000.gastroc.KF               	-1.8204985	-1.8172317	0.0015391061	
S11000.gastroc.KS               	0.25964163	0.2594481	0.0012467321	
S11000.soleus.KL                	0.79606252	0.79814034	0.0025394694	
S11000.soleus.L0                	0.8770937	0.87696112	0.00058742272	
S11000.soleus.KF                	-0.91066071	-0.91296269	0.0024134241	
S11000.soleus.KS                	0.10631492	0.10456072	0.0016575543	
S00011.vasti.KF                 	0.82671544	0.82724697	0.00032160131	
S00011.vasti.C0                 	0.084034063	0.08392715	8.1582736e-05	
S00011.vasti-knee_angle.pos_max 	-0.31094898	-0.31088329	0.00011131811	
S00011.hamstrings-pelvis_tilt.KP	0.70498301	0.70262552	0.0012767459	
S00011.hamstrings-pelvis_tilt.KV	0.56957432	0.56968727	7.0780005e-05	
S00011.hamstrings-pelvis_tilt.C0	0.026009088	0.026147117	0.00012944969	
S00011.glut_max-pelvis_tilt.KP  	1.5051061	1.5054703	0.0010717625	
S00011.glut_max-pelvis_tilt.KV  	0.3140663	0.31423148	6.7020102e-05	
S00011.glut_max-pelvis_tilt.C0  	0.15986558	0.15987476	0.00011992549	
S00011.iliopsoas-pelvis_tilt.KP 	-3.5667368	-3.5634864	0.0019010722	
S00011.iliopsoas-pelvis_tilt.KV 	-0.54346891	-0.54341762	8.4759238e-05	
S00011.iliopsoas-pelvis_tilt.C0 	0.33532312	0.33543672	0.00020025523	
S00100.iliopsoas.C0             	0.34329636	0.34340119	0.00010174741	
S00100.glut_max.C0              	-0.025672251	-0.025561945	7.2705723e-05	
S11000.iliopsoas.KL             	0.56230535	0.56244246	9.0320378e-05	
S11000.iliopsoas.L0             	0.39420419	0.39410722	9.5963774e-05	
S11000.iliopsoas-pelvis_tilt.P0 	-0.042396198	-0.04226438	7.6039652e-05	
S11000.iliopsoas-pelvis_tilt.KP 	0.011174539	0.011247756	0.00032265406	
S11000.iliopsoas-pelvis_tilt.KV 	0.14842062	0.14849864	8.5161296e-05	
S11000.iliopsoas-hamstrings.KL  	-8.4059577	-8.4050295	0.0031371462	
S11000.iliopsoas-hamstrings.L0  	1.168419	1.1684687	6.7902274e-05	
S11000.hamstrings.KF            	0.57926552	0.57904576	6.6935719e-05	
S11000.glut_max.KF              	0.62507715	0.62515217	7.8784249e-05	
