pelvis_tilt.offset              	0.025503083	0.025491062	4.9817593e-05	
hip_flexion_r.offset            	0.067383247	0.067388516	4.6870125e-05	
knee_angle_r.offset             	0.0013282302	0.0013334861	5.3007765e-05	
ankle_angle_r.offset            	-0.054962418	-0.054984166	6.9442934e-05	
hip_flexion_l.offset            	-0.0028935137	-0.0028659756	9.547128e-05	
knee_angle_l.offset             	0.048534137	0.048409152	7.7683849e-05	
ankle_angle_l.offset            	0.1943446	0.19441933	7.3561731e-05	
stance_load_threshold           	0.14576128	0.14583089	7.8263252e-05	
S00111.tib_ant.KL               	1.2445342	1.2459142	0.0013390549	
S00111.tib_ant.L0               	0.76325967	0.76322388	0.00013537925	
S00111.tib_ant.KS               	0.00015652	0.00016169076	2.9676115e-05	
S11000.tib_ant.KL               	1.223062	1.2235951	0.00076314686	
S11000.tib_ant.L0               	0.73630716	0.73617301	0.00010410629	
S11000.tib_ant.KS               	0.034429067	0.034532472	6.8704612e-05	
S11111.tib_ant-soleus.KF        	-0.11086435	-0.11074978	0.00011095732	
S00111.soleus-tib_ant.KS        	-0.81600799	-0.81338295	0.0012858947	
S11000.soleus-tib_ant.KS        	-3.2937724	-3.2967055	0.0017239323	
S00111.gastroc-tib_ant.KS       	-0.33758106	-0.33603515	0.0010347159	
S11000.gastroc-tib_ant.KS       	-1.641874	-1.6393176	0.0015967297	
S00111.tib_ant-gastroc.KS       	-0.00357534	-0.0037220581	0.0058129238	
S11000.tib_ant-gastroc.KS       	-0.00366451	-0.0035291514	0.0056814677	
S00111.tib_ant-soleus.KS        	-0.00346517	-0.003283922	0.0059669955	
S11000.tib_ant-soleus.KS        	-0.0034666	-0.0032838099	0.0057135764	
S00111.gastroc.L0               	0.82431608	0.824475	0.00058562762	
S00111.gastroc.KF               	1.417729	1.417586	7.509023e-05	
S00111.gastroc.KS               	0.17739288	0.17684329	0.00055876673	
S00111.soleus.L0                	0.93290091	0.93354928	0.00030741284	
S00111.soleus.KF                	0.22957753	0.22936291	0.00011517279	
S00111.soleus.KS                	0.14946728	0.15018352	0.00072087991	
S11000.gastroc.KL               	0.00837043	0.008914508	0.00061407367	
S11000.gastroc.L0               	0.51881224	0.518717	0.00061078507	
S11000.gastroc.KF               	-1.8193203	-1.8197419	0.0014341353	
S11000.gastroc.KS               	0.26079025	0.26008804	0.0011515498	
S11000.soleus.KL                	0.79185745	0.79687511	0.002357474	
S11000.soleus.L0                	0.87852673	0.87812124	0.00054398292	
S11000.soleus.KF                	-0.90917736	-0.90882941	0.0022393161	
S11000.soleus.KS                	0.10509692	0.10566873	0.001532754	
S00011.vasti.KF                 	0.82740291	0.82744548	0.0002960526	
S00011.vasti.C0                 	0.08404299	0.08395724	7.5495011e-05	
S00011.vasti-knee_angle.pos_max 	-0.31086122	-0.31087907	0.00010316872	
S00011.hamstrings-pelvis_tilt.KP	0.70124115	0.70149223	0.0011896419	
S00011.hamstrings-pelvis_tilt.KV	0.56982499	0.56975846	6.5626537e-05	
S00011.hamstrings-pelvis_tilt.C0	0.026171408	0.026138567	0.00011994488	
S00011.glut_max-pelvis_tilt.KP  	1.5037153	1.5059594	0.00099365845	
S00011.glut_max-pelvis_tilt.KV  	0.3143943	0.31429806	6.2207504e-05	
S00011.glut_max-pelvis_tilt.C0  	0.15953724	0.15964516	0.00011183407	
S00011.iliopsoas-pelvis_tilt.KP 	-3.5694293	-3.5657285	0.0017713023	
S00011.iliopsoas-pelvis_tilt.KV 	-0.54346554	-0.54346418	7.9208315e-05	
S00011.iliopsoas-pelvis_tilt.C0 	0.33518506	0.33533186	0.00018636717	
S00100.iliopsoas.C0             	0.34322744	0.34325731	9.3956987e-05	
S00100.glut_max.C0              	-0.025654328	-0.02555981	6.7622874e-05	
S11000.iliopsoas.KL             	0.56218009	0.56232039	8.4696425e-05	
S11000.iliopsoas.L0             	0.39431387	0.39423825	8.8529054e-05	
S11000.iliopsoas-pelvis_tilt.P0 	-0.042231268	-0.042271781	7.063455e-05	
S11000.iliopsoas-pelvis_tilt.KP 	0.011327896	0.011269244	0.00029823751	
S11000.iliopsoas-pelvis_tilt.KV 	0.1485733	0.14861049	7.8702612e-05	
S11000.iliopsoas-hamstrings.KL  	-8.4008532	-8.4015274	0.0028916689	
S11000.iliopsoas-hamstrings.L0  	1.1685371	1.1685175	6.2688471e-05	
S11000.hamstrings.KF            	0.57917127	0.57910489	6.2546368e-05	
S11000.glut_max.KF              	0.62522801	0.62511071	7.3075951e-05	
