pelvis_tilt.offset              	0.025428264	0.025508954	5.2721851e-05	
hip_flexion_r.offset            	0.067308773	0.067350698	4.9681372e-05	
knee_angle_r.offset             	0.0013458567	0.0012900494	5.6137152e-05	
ankle_angle_r.offset            	-0.055047395	-0.055084711	7.3749729e-05	
hip_flexion_l.offset            	-0.0031173342	-0.0030665789	0.00010196738	
knee_angle_l.offset             	0.048374226	0.048481423	8.2830008e-05	
ankle_angle_l.offset            	0.19460019	0.19446764	7.8238037e-05	
stance_load_threshold           	0.145796	0.14586208	8.2877956e-05	
S00111.tib_ant.KL               	1.2445004	1.2450319	0.0014333542	
S00111.tib_ant.L0               	0.76356845	0.76340259	0.00014321762	
S00111.tib_ant.KS               	0.00015652	0.00016433997	3.0895516e-05	
S11000.tib_ant.KL               	1.2237885	1.2244454	0.00081445466	
S11000.tib_ant.L0               	0.73614035	0.73612204	0.00011165576	
S11000.tib_ant.KS               	0.034525543	0.03443019	7.3490207e-05	
S11111.tib_ant-soleus.KF        	-0.11098975	-0.11085811	0.00011790197	
S00111.soleus-tib_ant.KS        	-0.81525961	-0.81362486	0.001363891	
S11000.soleus-tib_ant.KS        	-3.296551	-3.2970612	0.0018400191	
S00111.gastroc-tib_ant.KS       	-0.33521028	-0.33548318	0.0010922642	
S11000.gastroc-tib_ant.KS       	-1.639088	-1.6403396	0.0016987314	
S00111.tib_ant-gastroc.KS       	-0.0036271835	-0.0036864503	0.0060441257	
S11000.tib_ant-gastroc.KS       	-0.00366451	-0.0035264018	0.0059074196	
S00111.tib_ant-soleus.KS        	-0.00346517	-0.0033388764	0.0062042881	
S11000.tib_ant-soleus.KS        	-0.0034666	-0.0033085187	0.0059408079	
S00111.gastroc.L0               	0.82496074	0.82466436	0.0006240805	
S00111.gastroc.KF               	1.4173834	1.4174769	7.9707024e-05	
S00111.gastroc.KS               	0.17675032	0.17670378	0.00058871	
S00111.soleus.L0                	0.93321425	0.93332069	0.00032520068	
S00111.soleus.KF                	0.2298444	0.22948371	0.00012372502	
S00111.soleus.KS                	0.14986198	0.14985535	0.00075827562	
S11000.gastroc.KL               	0.00925153	0.0087143202	0.0006421627	
S11000.gastroc.L0               	0.52047871	0.5189606	0.00064700492	
S11000.gastroc.KF               	-1.8221501	-1.8212245	0.0015178064	
S11000.gastroc.KS               	0.25853917	0.25860683	0.0012220943	
S11000.soleus.KL                	0.79225061	0.79699553	0.0024981981	
S11000.soleus.L0                	0.87848801	0.87826902	0.00057670313	
S11000.soleus.KF                	-0.90850578	-0.90750054	0.0023855306	
S11000.soleus.KS                	0.10568902	0.10522012	0.0016257587	
S00011.vasti.KF                 	0.8272934	0.82708899	0.00031334226	
S00011.vasti.C0                 	0.084174611	0.084105456	8.0321808e-05	
S00011.vasti-knee_angle.pos_max 	-0.31059326	-0.31076628	0.00010939579	
S00011.hamstrings-pelvis_tilt.KP	0.69986256	0.70185432	0.0012715475	
S00011.hamstrings-pelvis_tilt.KV	0.56985321	0.56977495	6.988431e-05	
S00011.hamstrings-pelvis_tilt.C0	0.026160777	0.026170387	0.00012720302	
S00011.glut_max-pelvis_tilt.KP  	1.5054173	1.5058185	0.0010581562	
S00011.glut_max-pelvis_tilt.KV  	0.31426175	0.31427952	6.6220029e-05	
S00011.glut_max-pelvis_tilt.C0  	0.15932715	0.15939981	0.00011935533	
S00011.iliopsoas-pelvis_tilt.KP 	-3.569591	-3.5685797	0.001888975	
S00011.iliopsoas-pelvis_tilt.KV 	-0.54357527	-0.54348434	8.4073794e-05	
S00011.iliopsoas-pelvis_tilt.C0 	0.33487102	0.33477129	0.00020039998	
S00100.iliopsoas.C0             	0.34308544	0.34332814	9.9238394e-05	
S00100.glut_max.C0              	-0.025562929	-0.02548374	7.2048199e-05	
S11000.iliopsoas.KL             	0.56223108	0.56220065	9.0096471e-05	
S11000.iliopsoas.L0             	0.39434298	0.3943296	9.4448834e-05	
S11000.iliopsoas-pelvis_tilt.P0 	-0.042319101	-0.042243429	7.5086734e-05	
S11000.iliopsoas-pelvis_tilt.KP 	0.011102705	0.011308536	0.00031531486	
S11000.iliopsoas-pelvis_tilt.KV 	0.14853897	0.14857902	8.329469e-05	
S11000.iliopsoas-hamstrings.KL  	-8.4065699	-8.4023968	0.0030766684	
S11000.iliopsoas-hamstrings.L0  	1.1685443	1.1685161	6.653622e-05	
S11000.hamstrings.KF            	0.57917124	0.57912409	6.6211368e-05	
S11000.glut_max.KF              	0.62512901	0.6250819	7.7488436e-05	
