pelvis_tilt.offset              	0.025580442	0.025484767	5.8128755e-05	
hip_flexion_r.offset            	0.067252173	0.067295361	5.4709101e-05	
knee_angle_r.offset             	0.0011494795	0.0011530947	6.1954854e-05	
ankle_angle_r.offset            	-0.055125812	-0.055046315	8.0973678e-05	
hip_flexion_l.offset            	-0.002777003	-0.0030466164	0.00011213191	
knee_angle_l.offset             	0.048568988	0.048618758	9.1183678e-05	
ankle_angle_l.offset            	0.19442306	0.19447625	8.6459957e-05	
stance_load_threshold           	0.14569859	0.14575582	9.1133735e-05	
S00111.tib_ant.KL               	1.2408945	1.2420841	0.0015905648	
S00111.tib_ant.L0               	0.76350232	0.76347548	0.0001582617	
S00111.tib_ant.KS               	0.000173	0.00016447754	3.302742e-05	
S11000.tib_ant.KL               	1.2224354	1.2236638	0.00089842368	
S11000.tib_ant.L0               	0.7360138	0.7360352	0.00012258867	
S11000.tib_ant.KS               	0.034359981	0.034373865	8.0582928e-05	
S11111.tib_ant-soleus.KF        	-0.11105058	-0.11083031	0.00012992119	
S00111.soleus-tib_ant.KS        	-0.81398544	-0.81426972	0.0014930274	
S11000.soleus-tib_ant.KS        	-3.296649	-3.2963487	0.0020198635	
S00111.gastroc-tib_ant.KS       	-0.33514403	-0.33662548	0.0011938307	
S11000.gastroc-tib_ant.KS       	-1.6417476	-1.6429534	0.0018646192	
S00111.tib_ant-gastroc.KS       	-0.00357534	-0.0038511008	0.0064505362	
S11000.tib_ant-gastroc.KS       	-0.00366451	-0.0034476467	0.0063046151	
S00111.tib_ant-soleus.KS        	-0.00313515	-0.0033876372	0.0066214211	
S11000.tib_ant-soleus.KS        	-0.0034666	-0.0033515602	0.0063402297	
S00111.gastroc.L0               	0.82467893	0.82495259	0.00068199728	
S00111.gastroc.KF               	1.4174443	1.4173781	8.7865154e-05	
S00111.gastroc.KS               	0.17660156	0.17708599	0.00063839347	
S00111.soleus.L0                	0.93306977	0.93331123	0.00035648446	
S00111.soleus.KF                	0.22962686	0.22965355	0.00013741787	
S00111.soleus.KS                	0.15128866	0.15091888	0.0008251174	
S11000.gastroc.KL               	0.0084503201	0.0086531685	0.00069105891	
S11000.gastroc.L0               	0.51900515	0.5194798	0.00071286164	
S11000.gastroc.KF               	-1.8207894	-1.8230227	0.0016809055	
S11000.gastroc.KS               	0.25785206	0.25856126	0.0013406747	
S11000.soleus.KL                	0.79637434	0.79441143	0.0027446615	
S11000.soleus.L0                	0.87887378	0.87934467	0.00063664026	
S11000.soleus.KF                	-0.90235885	-0.90415352	0.0026350323	
S11000.soleus.KS                	0.10420832	0.10615561	0.0017821448	
S00011.vasti.KF                 	0.82683293	0.82666339	0.00034602917	
S00011.vasti.C0                 	0.083927147	0.084016283	8.8806733e-05	
S00011.vasti-knee_angle.pos_max 	-0.31069233	-0.31058656	0.00012134995	
S00011.hamstrings-pelvis_tilt.KP	0.69810057	0.69878626	0.0014115235	
S00011.hamstrings-pelvis_tilt.KV	0.57006054	0.56992882	7.7465775e-05	
S00011.hamstrings-pelvis_tilt.C0	0.026187905	0.026080895	0.0001397029	
S00011.glut_max-pelvis_tilt.KP  	1.50374	1.5035755	0.0011653235	
S00011.glut_max-pelvis_tilt.KV  	0.31425488	0.3142263	7.244173e-05	
S00011.glut_max-pelvis_tilt.C0  	0.15938167	0.15940345	0.00013177932	
S00011.iliopsoas-pelvis_tilt.KP 	-3.5709638	-3.5698679	0.0020937263	
S00011.iliopsoas-pelvis_tilt.KV 	-0.54342882	-0.54350817	9.2342054e-05	
S00011.iliopsoas-pelvis_tilt.C0 	0.3342717	0.33439199	0.00022465686	
S00100.iliopsoas.C0             	0.34334125	0.34331758	0.00010868265	
S00100.glut_max.C0              	-0.025487473	-0.025427613	7.9043815e-05	
S11000.iliopsoas.KL             	0.56205097	0.56209512	0.00010007583	
S11000.iliopsoas.L0             	0.3944465	0.39443969	0.00010456538	
S11000.iliopsoas-pelvis_tilt.P0 	-0.042153067	-0.042165633	8.1954301e-05	
S11000.iliopsoas-pelvis_tilt.KP 	0.010909477	0.011523301	0.00034535253	
S11000.iliopsoas-pelvis_tilt.KV 	0.14854677	0.14852684	9.1699567e-05	
S11000.iliopsoas-hamstrings.KL  	-8.4060938	-8.4099515	0.0034013404	
S11000.iliopsoas-hamstrings.L0  	1.1685456	1.1685274	7.2995467e-05	
S11000.hamstrings.KF            	0.57917977	0.57921332	7.2878214e-05	
S11000.glut_max.KF              	0.6249724	0.62502671	8.4692944e-05	
