pelvis_tilt.offset              	0.025406856	0.025441006	5.9566587e-05	
hip_flexion_r.offset            	0.067295815	0.06728879	5.5966258e-05	
knee_angle_r.offset             	0.0011159006	0.001096936	6.3472255e-05	
ankle_angle_r.offset            	-0.054960246	-0.055051023	8.2714594e-05	
hip_flexion_l.offset            	-0.0029749656	-0.0030148994	0.00011472327	
knee_angle_l.offset             	0.048635272	0.048598946	9.3467248e-05	
ankle_angle_l.offset            	0.19448109	0.19445752	8.8438431e-05	
stance_load_threshold           	0.14574793	0.14572559	9.3124879e-05	
S00111.tib_ant.KL               	1.2381471	1.2403294	0.0016345925	
S00111.tib_ant.L0               	0.76316114	0.7633152	0.00016168527	
S00111.tib_ant.KS               	0.00015652	0.00016360477	3.3447581e-05	
S11000.tib_ant.KL               	1.2217164	1.2225885	0.00091655497	
S11000.tib_ant.L0               	0.73600595	0.73606443	0.00012548827	
S11000.tib_ant.KS               	0.034317406	0.034386544	8.2456179e-05	
S11111.tib_ant-soleus.KF        	-0.1109202	-0.11085218	0.00013271164	
S00111.soleus-tib_ant.KS        	-0.81641402	-0.81451569	0.0015216795	
S11000.soleus-tib_ant.KS        	-3.2961096	-3.2955089	0.0020708549	
S00111.gastroc-tib_ant.KS       	-0.33601479	-0.33572742	0.0012168651	
S11000.gastroc-tib_ant.KS       	-1.6417013	-1.6423472	0.0019059184	
S00111.tib_ant-gastroc.KS       	-0.00357534	-0.0037699098	0.0065287151	
S11000.tib_ant-gastroc.KS       	-0.00366451	-0.0034976994	0.0063810165	
S00111.tib_ant-soleus.KS        	-0.00346517	-0.0033561903	0.0067016535	
S11000.tib_ant-soleus.KS        	-0.0034666	-0.0033196477	0.0064170595	
S00111.gastroc.L0               	0.82347279	0.8254896	0.00069836871	
S00111.gastroc.KF               	1.417415	1.4173011	9.015972e-05	
S00111.gastroc.KS               	0.17701813	0.17661722	0.00065002287	
S00111.soleus.L0                	0.93282097	0.9332444	0.00036310526	
S00111.soleus.KF                	0.23006842	0.22980686	0.00014194631	
S00111.soleus.KS                	0.15150194	0.15071079	0.00084016872	
S11000.gastroc.KL               	0.0089585939	0.0086184762	0.0007013006	
S11000.gastroc.L0               	0.51938032	0.51948356	0.00072862283	
S11000.gastroc.KF               	-1.8241056	-1.8238098	0.0017195395	
S11000.gastroc.KS               	0.25871824	0.25757275	0.0013707118	
S11000.soleus.KL                	0.79344741	0.79133062	0.0028041938	
S11000.soleus.L0                	0.87924537	0.87902494	0.00065304915	
S11000.soleus.KF                	-0.90266998	-0.90405708	0.0026973389	
S11000.soleus.KS                	0.10600536	0.10612149	0.0018176232	
S00011.vasti.KF                 	0.82597971	0.82664131	0.00035304397	
S00011.vasti.C0                 	0.084062377	0.084092382	9.0780992e-05	
S00011.vasti-knee_angle.pos_max 	-0.31088886	-0.31069672	0.00012418012	
S00011.hamstrings-pelvis_tilt.KP	0.69766345	0.69938578	0.0014518282	
S00011.hamstrings-pelvis_tilt.KV	0.57002524	0.56999786	8.0345071e-05	
S00011.hamstrings-pelvis_tilt.C0	0.026076547	0.026172765	0.00014341943	
S00011.glut_max-pelvis_tilt.KP  	1.5020156	1.5031959	0.0011940881	
S00011.glut_max-pelvis_tilt.KV  	0.31425602	0.31424081	7.3876574e-05	
S00011.glut_max-pelvis_tilt.C0  	0.15929017	0.15928754	0.000134768	
S00011.iliopsoas-pelvis_tilt.KP 	-3.5740616	-3.5707647	0.0021408574	
S00011.iliopsoas-pelvis_tilt.KV 	-0.54357269	-0.54355457	9.4646846e-05	
S00011.iliopsoas-pelvis_tilt.C0 	0.3342287	0.33423479	0.00023186479	
S00100.iliopsoas.C0             	0.34339811	0.34336045	0.00011084653	
S00100.glut_max.C0              	-0.025290684	-0.025444769	8.0954144e-05	
S11000.iliopsoas.KL             	0.56215827	0.56203406	0.0001023891	
S11000.iliopsoas.L0             	0.39466024	0.39454852	0.00010769966	
S11000.iliopsoas-pelvis_tilt.P0 	-0.042118609	-0.042177627	8.3534464e-05	
S11000.iliopsoas-pelvis_tilt.KP 	0.011304796	0.011400272	0.00035314529	
S11000.iliopsoas-pelvis_tilt.KV 	0.14849866	0.14858983	9.3667719e-05	
S11000.iliopsoas-hamstrings.KL  	-8.4012199	-8.4040274	0.0034939415	
S11000.iliopsoas-hamstrings.L0  	1.1686182	1.1685406	7.4879321e-05	
S11000.hamstrings.KF            	0.57912554	0.57919414	7.4754983e-05	
S11000.glut_max.KF              	0.62508504	0.62503009	8.6814712e-05	
