pelvis_tilt.offset              	0.025348222	0.025428579	5.7688926e-05	
hip_flexion_r.offset            	0.067318859	0.067338022	5.406958e-05	
knee_angle_r.offset             	0.0010272064	0.0011269722	6.1866512e-05	
ankle_angle_r.offset            	-0.054970452	-0.055032256	7.9898094e-05	
hip_flexion_l.offset            	-0.0030991762	-0.0031000104	0.00011147056	
knee_angle_l.offset             	0.048694938	0.048688135	9.0824312e-05	
ankle_angle_l.offset            	0.19445165	0.1943153	8.5580387e-05	
stance_load_threshold           	0.14577584	0.14580246	9.0282202e-05	
S00111.tib_ant.KL               	1.2396417	1.2388775	0.0016039183	
S00111.tib_ant.L0               	0.76385661	0.76333797	0.00015685587	
S00111.tib_ant.KS               	0.00015652	0.0001652765	3.2041495e-05	
S11000.tib_ant.KL               	1.2227352	1.2227307	0.00088718961	
S11000.tib_ant.L0               	0.73600768	0.7360076	0.00012145205	
S11000.tib_ant.KS               	0.034295222	0.034369842	7.9801885e-05	
S11111.tib_ant-soleus.KF        	-0.11072491	-0.11087887	0.00012836832	
S00111.soleus-tib_ant.KS        	-0.81316266	-0.81311563	0.0014852354	
S11000.soleus-tib_ant.KS        	-3.2987785	-3.2962193	0.0020077871	
S00111.gastroc-tib_ant.KS       	-0.33774936	-0.33589117	0.0011788627	
S11000.gastroc-tib_ant.KS       	-1.6452141	-1.6440775	0.0018533272	
S00111.tib_ant-gastroc.KS       	-0.00357534	-0.0037433744	0.0062503604	
S11000.tib_ant-gastroc.KS       	-0.00366451	-0.0034324428	0.0061089521	
S00111.tib_ant-soleus.KS        	-0.00346517	-0.0033310165	0.0064159088	
S11000.tib_ant-soleus.KS        	-0.0034666	-0.0033613228	0.006143457	
S00111.gastroc.L0               	0.82432052	0.8254388	0.00067897459	
S00111.gastroc.KF               	1.417282	1.4173621	8.7695916e-05	
S00111.gastroc.KS               	0.17702184	0.1768352	0.00063025375	
S00111.soleus.L0                	0.93307221	0.93343452	0.00035175339	
S00111.soleus.KF                	0.23005369	0.2299952	0.00013913444	
S00111.soleus.KS                	0.15017735	0.15110183	0.00081205455	
S11000.gastroc.KL               	0.0085417122	0.0089428055	0.00067365589	
S11000.gastroc.L0               	0.52004177	0.51868	0.00070612974	
S11000.gastroc.KF               	-1.8244548	-1.8244762	0.0016762444	
S11000.gastroc.KS               	0.25663172	0.25703528	0.001325008	
S11000.soleus.KL                	0.78632846	0.78849329	0.0027359189	
S11000.soleus.L0                	0.87952252	0.87932031	0.00063245851	
S11000.soleus.KF                	-0.90210371	-0.90464577	0.0026321572	
S11000.soleus.KS                	0.10617882	0.10671714	0.0017565405	
S00011.vasti.KF                 	0.82687957	0.82648982	0.00034347313	
S00011.vasti.C0                 	0.084076779	0.084052396	8.7588361e-05	
S00011.vasti-knee_angle.pos_max 	-0.31080301	-0.31064809	0.0001210742	
S00011.hamstrings-pelvis_tilt.KP	0.69818207	0.69849624	0.0014131314	
S00011.hamstrings-pelvis_tilt.KV	0.57002868	0.56999896	7.8101443e-05	
S00011.hamstrings-pelvis_tilt.C0	0.026348719	0.026138966	0.00013879248	
S00011.glut_max-pelvis_tilt.KP  	1.5037522	1.5034657	0.0011569971	
S00011.glut_max-pelvis_tilt.KV  	0.31416298	0.31420049	7.1528443e-05	
S00011.glut_max-pelvis_tilt.C0  	0.15955133	0.1594561	0.00013044966	
S00011.iliopsoas-pelvis_tilt.KP 	-3.5731125	-3.5715355	0.0020754404	
S00011.iliopsoas-pelvis_tilt.KV 	-0.54355669	-0.54355728	9.162395e-05	
S00011.iliopsoas-pelvis_tilt.C0 	0.33390949	0.3340365	0.00022706726	
S00100.iliopsoas.C0             	0.34331919	0.3433245	0.00010713028	
S00100.glut_max.C0              	-0.02554371	-0.025457509	7.8543389e-05	
S11000.iliopsoas.KL             	0.56192863	0.56194664	9.9974503e-05	
S11000.iliopsoas.L0             	0.39443932	0.394519	0.00010495961	
S11000.iliopsoas-pelvis_tilt.P0 	-0.042178376	-0.04220661	8.0721587e-05	
S11000.iliopsoas-pelvis_tilt.KP 	0.011506618	0.011302121	0.00034115906	
S11000.iliopsoas-pelvis_tilt.KV 	0.14848005	0.14851438	9.0932398e-05	
S11000.iliopsoas-hamstrings.KL  	-8.4033736	-8.4026808	0.0033811845	
S11000.iliopsoas-hamstrings.L0  	1.1684126	1.1685308	7.2688731e-05	
S11000.hamstrings.KF            	0.57906174	0.57915277	7.222816e-05	
S11000.glut_max.KF              	0.62514733	0.62513333	8.4218193e-05	
