pelvis_tilt.offset              	0.025344964	0.025416785	5.7800562e-05	
hip_flexion_r.offset            	0.067388961	0.067375801	5.4091482e-05	
knee_angle_r.offset             	0.0010858047	0.0011236796	6.1938966e-05	
ankle_angle_r.offset            	-0.055047642	-0.055052684	7.9707263e-05	
hip_flexion_l.offset            	-0.0031963091	-0.0030830654	0.0001112637	
knee_angle_l.offset             	0.048719533	0.048734935	9.1242583e-05	
ankle_angle_l.offset            	0.19423289	0.19430848	8.6171914e-05	
stance_load_threshold           	0.14588734	0.14584957	9.0458891e-05	
S00111.tib_ant.KL               	1.2357358	1.2393105	0.0016096529	
S00111.tib_ant.L0               	0.76344974	0.76353492	0.00015820278	
S00111.tib_ant.KS               	0.00015795195	0.00016585711	3.1683452e-05	
S11000.tib_ant.KL               	1.2204375	1.222241	0.00088918534	
S11000.tib_ant.L0               	0.73630228	0.73604945	0.00012142248	
S11000.tib_ant.KS               	0.034259932	0.034370815	7.9703507e-05	
S11111.tib_ant-soleus.KF        	-0.11069633	-0.1108663	0.00012819359	
S00111.soleus-tib_ant.KS        	-0.81360758	-0.81367195	0.0014892421	
S11000.soleus-tib_ant.KS        	-3.2991287	-3.2974085	0.0020077305	
S00111.gastroc-tib_ant.KS       	-0.33770933	-0.33689696	0.0011771239	
S11000.gastroc-tib_ant.KS       	-1.6452758	-1.6441502	0.0018555248	
S00111.tib_ant-gastroc.KS       	-0.00357534	-0.0037719036	0.0061755476	
S11000.tib_ant-gastroc.KS       	-0.00366451	-0.0034764901	0.0060358341	
S00111.tib_ant-soleus.KS        	-0.00346517	-0.003259912	0.0063390944	
S11000.tib_ant-soleus.KS        	-0.00313645	-0.0033450939	0.0060699089	
S00111.gastroc.L0               	0.82575505	0.82622094	0.00068121053	
S00111.gastroc.KF               	1.417259	1.4172493	8.8104291e-05	
S00111.gastroc.KS               	0.17739288	0.17678837	0.00062720766	
S00111.soleus.L0                	0.93370897	0.93351162	0.00035070702	
S00111.soleus.KF                	0.23006076	0.23006552	0.00014080677	
S00111.soleus.KS                	0.15147285	0.1507998	0.00081277466	
S11000.gastroc.KL               	0.00925153	0.0085991766	0.000667898	
S11000.gastroc.L0               	0.51897744	0.51960783	0.00070788838	
S11000.gastroc.KF               	-1.828341	-1.8260747	0.0016872026	
S11000.gastroc.KS               	0.25787517	0.25604022	0.0013280786	
S11000.soleus.KL                	0.78758174	0.78536696	0.0027568189	
S11000.soleus.L0                	0.87855661	0.87873695	0.00063450308	
S11000.soleus.KF                	-0.90390253	-0.90445975	0.0026298909	
S11000.soleus.KS                	0.10705441	0.10591086	0.0017551452	
S00011.vasti.KF                 	0.82641802	0.82647802	0.00034301771	
S00011.vasti.C0                 	0.084276733	0.084132412	8.7612587e-05	
S00011.vasti-knee_angle.pos_max 	-0.31104675	-0.31069644	0.00012086892	
S00011.hamstrings-pelvis_tilt.KP	0.70007233	0.69794562	0.001415714	
S00011.hamstrings-pelvis_tilt.KV	0.56993679	0.57001998	7.8199293e-05	
S00011.hamstrings-pelvis_tilt.C0	0.026359175	0.026263477	0.00013909438	
S00011.glut_max-pelvis_tilt.KP  	1.5021116	1.5026659	0.0011578484	
S00011.glut_max-pelvis_tilt.KV  	0.31406376	0.31416901	7.1577559e-05	
S00011.glut_max-pelvis_tilt.C0  	0.15910163	0.15938704	0.00013050947	
S00011.iliopsoas-pelvis_tilt.KP 	-3.5725613	-3.5722592	0.0020774711	
S00011.iliopsoas-pelvis_tilt.KV 	-0.54347824	-0.54351958	9.1509815e-05	
S00011.iliopsoas-pelvis_tilt.C0 	0.33340673	0.33366144	0.00023086009	
S00100.iliopsoas.C0             	0.34341323	0.34337814	0.00010725022	
S00100.glut_max.C0              	-0.025356277	-0.025420347	7.8521035e-05	
S11000.iliopsoas.KL             	0.5617998	0.56183434	0.00010114837	
S11000.iliopsoas.L0             	0.3947151	0.3946272	0.00010545196	
S11000.iliopsoas-pelvis_tilt.P0 	-0.042314598	-0.042303029	8.0892289e-05	
S11000.iliopsoas-pelvis_tilt.KP 	0.011778154	0.01148346	0.00033959919	
S11000.iliopsoas-pelvis_tilt.KV 	0.14853258	0.14844813	9.1157575e-05	
S11000.iliopsoas-hamstrings.KL  	-8.4001381	-8.4035289	0.0033797673	
S11000.iliopsoas-hamstrings.L0  	1.1684675	1.1685856	7.2577525e-05	
S11000.hamstrings.KF            	0.57912134	0.57915066	7.2515234e-05	
S11000.glut_max.KF              	0.62503258	0.62512173	8.4434228e-05	
