pelvis_tilt.offset              	0.025373446	0.02537857	4.3107941e-05	
hip_flexion_r.offset            	0.067502481	0.067455613	4.0529174e-05	
knee_angle_r.offset             	0.0010671583	0.0010964348	4.5864859e-05	
ankle_angle_r.offset            	-0.055133589	-0.055170622	5.9129403e-05	
hip_flexion_l.offset            	-0.0032100196	-0.0031711726	8.2418058e-05	
knee_angle_l.offset             	0.04875737	0.048736659	6.793566e-05	
ankle_angle_l.offset            	0.19446572	0.19446538	6.4213545e-05	
stance_load_threshold           	0.14572454	0.14574873	6.7332356e-05	
S00111.tib_ant.KL               	1.2344863	1.235326	0.0012322472	
S00111.tib_ant.L0               	0.76362133	0.76378989	0.00011871356	
S00111.tib_ant.KS               	0.00016661974	0.0001627674	2.2355106e-05	
S11000.tib_ant.KL               	1.2226449	1.2221625	0.00066663986	
S11000.tib_ant.L0               	0.73624061	0.73612559	8.958462e-05	
S11000.tib_ant.KS               	0.034299193	0.03428757	5.9100217e-05	
S11111.tib_ant-soleus.KF        	-0.11075158	-0.11057699	9.5963087e-05	
S00111.soleus-tib_ant.KS        	-0.81195778	-0.8133993	0.001098245	
S11000.soleus-tib_ant.KS        	-3.2948655	-3.2951373	0.0014943981	
S00111.gastroc-tib_ant.KS       	-0.33748136	-0.33848584	0.00086702895	
S11000.gastroc-tib_ant.KS       	-1.6472843	-1.6461584	0.0013829079	
S00111.tib_ant-gastroc.KS       	-0.00395169	-0.0038534535	0.0043371195	
S11000.tib_ant-gastroc.KS       	-0.00366451	-0.0035256096	0.0042389753	
S00111.tib_ant-soleus.KS        	-0.00313515	-0.0033136422	0.0044518902	
S11000.tib_ant-soleus.KS        	-0.00313645	-0.0033366371	0.0042628768	
S00111.gastroc.L0               	0.82404221	0.8244177	0.00050645618	
S00111.gastroc.KF               	1.4172641	1.4172063	6.5823586e-05	
S00111.gastroc.KS               	0.17676772	0.17703862	0.00045234245	
S00111.soleus.L0                	0.9335679	0.93327228	0.00025815347	
S00111.soleus.KF                	0.23042033	0.23036641	0.0001071575	
S00111.soleus.KS                	0.15094601	0.15041542	0.00059847029	
S11000.gastroc.KL               	0.0089364031	0.0089695403	0.00047826974	
S11000.gastroc.L0               	0.52001129	0.52038825	0.00052578942	
S11000.gastroc.KF               	-1.8258784	-1.8250688	0.0012622059	
S11000.gastroc.KS               	0.25607048	0.25580992	0.00099093612	
S11000.soleus.KL                	0.77731997	0.78031716	0.0020846201	
S11000.soleus.L0                	0.87712888	0.87756502	0.0004702042	
S11000.soleus.KF                	-0.89338642	-0.89643506	0.0019818055	
S11000.soleus.KS                	0.10419687	0.10594738	0.0013011398	
S00011.vasti.KF                 	0.8262627	0.8258714	0.00025592874	
S00011.vasti.C0                 	0.08425133	0.084265236	6.4959062e-05	
S00011.vasti-knee_angle.pos_max 	-0.31071908	-0.3107685	8.9681594e-05	
S00011.hamstrings-pelvis_tilt.KP	0.69694364	0.69582116	0.0010590243	
S00011.hamstrings-pelvis_tilt.KV	0.57019106	0.5701178	5.8489907e-05	
S00011.hamstrings-pelvis_tilt.C0	0.026360429	0.026507991	0.00010349293	
S00011.glut_max-pelvis_tilt.KP  	1.5035046	1.5035839	0.00086368064	
S00011.glut_max-pelvis_tilt.KV  	0.31419419	0.31428377	5.2637258e-05	
S00011.glut_max-pelvis_tilt.C0  	0.1591032	0.15926992	9.717425e-05	
S00011.iliopsoas-pelvis_tilt.KP 	-3.578607	-3.5798338	0.0015955647	
S00011.iliopsoas-pelvis_tilt.KV 	-0.54360102	-0.54369027	6.8835259e-05	
S00011.iliopsoas-pelvis_tilt.C0 	0.33303948	0.3330132	0.00018167719	
S00100.iliopsoas.C0             	0.34346383	0.34335984	7.983981e-05	
S00100.glut_max.C0              	-0.02551058	-0.025485693	5.8648509e-05	
S11000.iliopsoas.KL             	0.56173765	0.56163342	7.7099538e-05	
S11000.iliopsoas.L0             	0.39472531	0.39468519	7.8508867e-05	
S11000.iliopsoas-pelvis_tilt.P0 	-0.042312995	-0.042289027	6.0274315e-05	
S11000.iliopsoas-pelvis_tilt.KP 	0.011098971	0.01115023	0.0002504935	
S11000.iliopsoas-pelvis_tilt.KV 	0.14828885	0.14824425	6.8268165e-05	
S11000.iliopsoas-hamstrings.KL  	-8.4006277	-8.3995561	0.0025077423	
S11000.iliopsoas-hamstrings.L0  	1.1684576	1.168511	5.3432435e-05	
S11000.hamstrings.KF            	0.57927945	0.57923046	5.3690384e-05	
S11000.glut_max.KF              	0.62526879	0.62521709	6.2789249e-05	
