pelvis_tilt.offset              	0.025319274	0.025368331	4.2621239e-05	
hip_flexion_r.offset            	0.06747814	0.06747786	4.0097173e-05	
knee_angle_r.offset             	0.0010385407	0.0010845443	4.530763e-05	
ankle_angle_r.offset            	-0.05521268	-0.055157736	5.8508941e-05	
hip_flexion_l.offset            	-0.003288252	-0.0031944619	8.1506369e-05	
knee_angle_l.offset             	0.048855492	0.048770148	6.7140132e-05	
ankle_angle_l.offset            	0.19443891	0.19444422	6.3607835e-05	
stance_load_threshold           	0.1457788	0.14574301	6.6514194e-05	
S00111.tib_ant.KL               	1.234693	1.2348086	0.0012199447	
S00111.tib_ant.L0               	0.76386327	0.76375274	0.00011747103	
S00111.tib_ant.KS               	0.000173	0.00016482319	2.2052617e-05	
S11000.tib_ant.KL               	1.2224828	1.2222873	0.00065839312	
S11000.tib_ant.L0               	0.73602625	0.73614341	8.8557053e-05	
S11000.tib_ant.KS               	0.034211198	0.034274727	5.8462215e-05	
S11111.tib_ant-soleus.KF        	-0.11063219	-0.1105731	9.4959309e-05	
S00111.soleus-tib_ant.KS        	-0.81404793	-0.81337312	0.0010853179	
S11000.soleus-tib_ant.KS        	-3.297968	-3.2949169	0.0014774118	
S00111.gastroc-tib_ant.KS       	-0.33749461	-0.33826212	0.0008566038	
S11000.gastroc-tib_ant.KS       	-1.6486419	-1.646931	0.0013669905	
S00111.tib_ant-gastroc.KS       	-0.00357534	-0.0037370497	0.0042774053	
S11000.tib_ant-gastroc.KS       	-0.00331551	-0.0035602758	0.004180603	
S00111.tib_ant-soleus.KS        	-0.00313515	-0.003270607	0.004390585	
S11000.tib_ant-soleus.KS        	-0.00313645	-0.003223738	0.0042041794	
S00111.gastroc.L0               	0.82357814	0.82421945	0.00050186587	
S00111.gastroc.KF               	1.4172489	1.4171841	6.5081045e-05	
S00111.gastroc.KS               	0.17673939	0.17701191	0.00044667817	
S00111.soleus.L0                	0.9333324	0.93329122	0.00025519408	
S00111.soleus.KF                	0.23028401	0.23038511	0.0001059659	
S00111.soleus.KS                	0.15131787	0.15046296	0.00059119957	
S11000.gastroc.KL               	0.00837043	0.0088648034	0.0004723332	
S11000.gastroc.L0               	0.51998781	0.52026242	0.00051931597	
S11000.gastroc.KF               	-1.8233096	-1.8251643	0.0012463856	
S11000.gastroc.KS               	0.25488158	0.25515561	0.00098105394	
S11000.soleus.KL                	0.78151909	0.78007747	0.0020615588	
S11000.soleus.L0                	0.87754747	0.87739911	0.00046510614	
S11000.soleus.KF                	-0.89381427	-0.89593247	0.0019604295	
S11000.soleus.KS                	0.10440123	0.10574251	0.0012852415	
S00011.vasti.KF                 	0.8261595	0.82597835	0.00025328995	
S00011.vasti.C0                 	0.084337499	0.084288529	6.4212074e-05	
S00011.vasti-knee_angle.pos_max 	-0.31080719	-0.31076003	8.8636279e-05	
S00011.hamstrings-pelvis_tilt.KP	0.69480873	0.69602521	0.0010474395	
S00011.hamstrings-pelvis_tilt.KV	0.57016793	0.57014917	5.7924824e-05	
S00011.hamstrings-pelvis_tilt.C0	0.026653379	0.026493095	0.00010256363	
S00011.glut_max-pelvis_tilt.KP  	1.5045898	1.5035533	0.00085268579	
S00011.glut_max-pelvis_tilt.KV  	0.31435608	0.31427625	5.2075728e-05	
S00011.glut_max-pelvis_tilt.C0  	0.15923798	0.15920988	9.6374958e-05	
S00011.iliopsoas-pelvis_tilt.KP 	-3.5815247	-3.5805871	0.0015820543	
S00011.iliopsoas-pelvis_tilt.KV 	-0.54360997	-0.5436824	6.809533e-05	
S00011.iliopsoas-pelvis_tilt.C0 	0.33265569	0.3329119	0.00018020949	
S00100.iliopsoas.C0             	0.34345575	0.3433844	7.883485e-05	
S00100.glut_max.C0              	-0.025494245	-0.025486208	5.7894041e-05	
S11000.iliopsoas.KL             	0.56161995	0.5616599	7.6276332e-05	
S11000.iliopsoas.L0             	0.39467669	0.3946787	7.7689752e-05	
S11000.iliopsoas-pelvis_tilt.P0 	-0.04231307	-0.042279966	5.9692872e-05	
S11000.iliopsoas-pelvis_tilt.KP 	0.011211545	0.011050323	0.00024748812	
S11000.iliopsoas-pelvis_tilt.KV 	0.14835228	0.14824684	6.7481473e-05	
S11000.iliopsoas-hamstrings.KL  	-8.4031669	-8.3994657	0.0024765362	
S11000.iliopsoas-hamstrings.L0  	1.1684499	1.1684996	5.283629e-05	
S11000.hamstrings.KF            	0.57920852	0.57925401	5.3085584e-05	
S11000.glut_max.KF              	0.62517797	0.62521115	6.2055898e-05	
