pelvis_tilt.offset              	0.025327393	0.025355188	4.4586048e-05	
hip_flexion_r.offset            	0.067525116	0.067563105	4.2126552e-05	
knee_angle_r.offset             	0.00096041231	0.0010031553	4.7470129e-05	
ankle_angle_r.offset            	-0.055162126	-0.055109768	6.0711118e-05	
hip_flexion_l.offset            	-0.0033406023	-0.0032889673	8.5354644e-05	
knee_angle_l.offset             	0.049059125	0.048918494	7.0212702e-05	
ankle_angle_l.offset            	0.19427998	0.1943916	6.6213604e-05	
stance_load_threshold           	0.14567382	0.14572922	6.9268059e-05	
S00111.tib_ant.KL               	1.2329809	1.2322579	0.0012963102	
S00111.tib_ant.L0               	0.7639372	0.76372699	0.00012193045	
S00111.tib_ant.KS               	0.00015652	0.00016417541	2.2246865e-05	
S11000.tib_ant.KL               	1.2202605	1.2204813	0.00068992204	
S11000.tib_ant.L0               	0.73606797	0.73613608	9.1987909e-05	
S11000.tib_ant.KS               	0.034171734	0.034237214	6.0708408e-05	
S11111.tib_ant-soleus.KF        	-0.1105025	-0.11062537	9.8677687e-05	
S00111.soleus-tib_ant.KS        	-0.81396355	-0.81577404	0.0011383609	
S11000.soleus-tib_ant.KS        	-3.2927945	-3.2951471	0.0015395749	
S00111.gastroc-tib_ant.KS       	-0.33876266	-0.33742141	0.00088242911	
S11000.gastroc-tib_ant.KS       	-1.647491	-1.6479558	0.0014220645	
S00111.tib_ant-gastroc.KS       	-0.00357534	-0.0038041368	0.0042994036	
S11000.tib_ant-gastroc.KS       	-0.00331551	-0.0034438528	0.0042020665	
S00111.tib_ant-soleus.KS        	-0.00346517	-0.0032831258	0.0044130633	
S11000.tib_ant-soleus.KS        	-0.00313645	-0.0033031326	0.0042257476	
S00111.gastroc.L0               	0.82300971	0.82390897	0.00052507006	
S00111.gastroc.KF               	1.4171888	1.417133	6.7676562e-05	
S00111.gastroc.KS               	0.17730471	0.17685462	0.00045820901	
S00111.soleus.L0                	0.93307736	0.93313874	0.00026413137	
S00111.soleus.KF                	0.23079418	0.23068572	0.00011292466	
S00111.soleus.KS                	0.14946728	0.15048879	0.00061425915	
S11000.gastroc.KL               	0.0084344387	0.0087926209	0.00048172245	
S11000.gastroc.L0               	0.52223295	0.52141936	0.00054519916	
S11000.gastroc.KF               	-1.821854	-1.8204997	0.0013061151	
S11000.gastroc.KS               	0.25438568	0.25459063	0.0010177316	
S11000.soleus.KL                	0.78356176	0.78112123	0.0021617586	
S11000.soleus.L0                	0.87799819	0.87735909	0.00048608301	
S11000.soleus.KF                	-0.88671991	-0.89017542	0.0020895378	
S11000.soleus.KS                	0.10704558	0.10501222	0.0013346944	
S00011.vasti.KF                 	0.82634944	0.82594874	0.00026277263	
S00011.vasti.C0                 	0.084392334	0.084408951	6.7811898e-05	
S00011.vasti-knee_angle.pos_max 	-0.31077167	-0.31059936	9.2198648e-05	
S00011.hamstrings-pelvis_tilt.KP	0.69295842	0.69395277	0.0011092083	
S00011.hamstrings-pelvis_tilt.KV	0.5701476	0.5700745	6.0313924e-05	
S00011.hamstrings-pelvis_tilt.C0	0.02655422	0.026636229	0.00010789798	
S00011.glut_max-pelvis_tilt.KP  	1.5034232	1.504147	0.00088820293	
S00011.glut_max-pelvis_tilt.KV  	0.31426226	0.31423297	5.40281e-05	
S00011.glut_max-pelvis_tilt.C0  	0.15894513	0.15898567	0.00010203421	
S00011.iliopsoas-pelvis_tilt.KP 	-3.5865206	-3.584726	0.0017072046	
S00011.iliopsoas-pelvis_tilt.KV 	-0.54380271	-0.54379674	7.1418654e-05	
S00011.iliopsoas-pelvis_tilt.C0 	0.33245112	0.33271717	0.00019313573	
S00100.iliopsoas.C0             	0.34332392	0.3433842	8.1959871e-05	
S00100.glut_max.C0              	-0.025545288	-0.025626284	6.0965014e-05	
S11000.iliopsoas.KL             	0.56137099	0.56144051	8.0920771e-05	
S11000.iliopsoas.L0             	0.39475102	0.39474019	8.0785034e-05	
S11000.iliopsoas-pelvis_tilt.P0 	-0.042206383	-0.042322709	6.2767691e-05	
S11000.iliopsoas-pelvis_tilt.KP 	0.010952959	0.011124349	0.00025534794	
S11000.iliopsoas-pelvis_tilt.KV 	0.14815936	0.14821672	7.073752e-05	
S11000.iliopsoas-hamstrings.KL  	-8.4010977	-8.3966959	0.0025918551	
S11000.iliopsoas-hamstrings.L0  	1.1684751	1.168487	5.515814e-05	
S11000.hamstrings.KF            	0.5793044	0.57938427	5.6600831e-05	
S11000.glut_max.KF              	0.62505768	0.62513169	6.4879082e-05	
