pelvis_tilt.offset              	0.025351772	0.025340645	3.5853715e-05	
hip_flexion_r.offset            	0.067554224	0.06753386	3.3864163e-05	
knee_angle_r.offset             	0.00089063511	0.00091500569	3.8285399e-05	
ankle_angle_r.offset            	-0.055080383	-0.055031612	4.9021781e-05	
hip_flexion_l.offset            	-0.003492617	-0.0035278631	6.9714398e-05	
knee_angle_l.offset             	0.049081815	0.049173272	5.8462719e-05	
ankle_angle_l.offset            	0.19436571	0.19431144	5.3273791e-05	
stance_load_threshold           	0.14558473	0.14568378	5.5335137e-05	
S00111.tib_ant.KL               	1.2280406	1.2279923	0.0010877173	
S00111.tib_ant.L0               	0.76378694	0.76386632	9.8634361e-05	
S00111.tib_ant.KS               	0.00015652	0.00016278186	1.6714075e-05	
S11000.tib_ant.KL               	1.2183173	1.2186269	0.00056872082	
S11000.tib_ant.L0               	0.73595339	0.73597039	7.4157857e-05	
S11000.tib_ant.KS               	0.034294573	0.034249889	4.8693329e-05	
S11111.tib_ant-soleus.KF        	-0.11060021	-0.11064077	7.8255608e-05	
S00111.soleus-tib_ant.KS        	-0.81534033	-0.81449036	0.00092120305	
S11000.soleus-tib_ant.KS        	-3.2934621	-3.2940686	0.001237912	
S00111.gastroc-tib_ant.KS       	-0.33727296	-0.3373856	0.00069573317	
S11000.gastroc-tib_ant.KS       	-1.6500223	-1.6500065	0.0011501416	
S00111.tib_ant-gastroc.KS       	-0.00395169	-0.0037403901	0.0032017384	
S11000.tib_ant-gastroc.KS       	-0.00366451	-0.0035243516	0.0031292478	
S00111.tib_ant-soleus.KS        	-0.00346517	-0.0033519846	0.0032862489	
S11000.tib_ant-soleus.KS        	-0.00313645	-0.0032578942	0.0031467986	
S00111.gastroc.L0               	0.82263621	0.82291738	0.00042568385	
S00111.gastroc.KF               	1.4172286	1.4172299	5.3737256e-05	
S00111.gastroc.KS               	0.17653883	0.1765718	0.00036050794	
S00111.soleus.L0                	0.93316055	0.93327232	0.00021015465	
S00111.soleus.KF                	0.23108885	0.23108903	9.4748752e-05	
S00111.soleus.KS                	0.15093211	0.15074903	0.00048779461	
S11000.gastroc.KL               	0.0090417662	0.0089157059	0.00037205422	
S11000.gastroc.L0               	0.52113937	0.52164238	0.00044177568	
S11000.gastroc.KF               	-1.8210789	-1.8204906	0.001054874	
S11000.gastroc.KS               	0.25373169	0.2537417	0.00081115279	
S11000.soleus.KL                	0.77960325	0.77844565	0.0017081414	
S11000.soleus.L0                	0.87662236	0.8772184	0.0003874311	
S11000.soleus.KF                	-0.88751551	-0.88803962	0.0016987418	
S11000.soleus.KS                	0.106618	0.1051484	0.0010797604	
S00011.vasti.KF                 	0.8260022	0.82561797	0.00020876422	
S00011.vasti.C0                 	0.084418542	0.084431918	5.4063035e-05	
S00011.vasti-knee_angle.pos_max 	-0.3106337	-0.3107413	7.5001826e-05	
S00011.hamstrings-pelvis_tilt.KP	0.68865162	0.68877091	0.0009368077	
S00011.hamstrings-pelvis_tilt.KV	0.57004464	0.57002577	4.8306598e-05	
S00011.hamstrings-pelvis_tilt.C0	0.02679125	0.026786696	8.641995e-05	
S00011.glut_max-pelvis_tilt.KP  	1.5055759	1.50517	0.00071065498	
S00011.glut_max-pelvis_tilt.KV  	0.31427085	0.314282	4.3087798e-05	
S00011.glut_max-pelvis_tilt.C0  	0.15872542	0.15882586	8.2100948e-05	
S00011.iliopsoas-pelvis_tilt.KP 	-3.5902539	-3.5888805	0.0014198616	
S00011.iliopsoas-pelvis_tilt.KV 	-0.54411321	-0.54398357	5.8350661e-05	
S00011.iliopsoas-pelvis_tilt.C0 	0.33214987	0.3320851	0.00016043846	
S00100.iliopsoas.C0             	0.34340798	0.34338609	6.5178545e-05	
S00100.glut_max.C0              	-0.025568255	-0.025540519	4.8871797e-05	
S11000.iliopsoas.KL             	0.56111347	0.56115852	6.7222999e-05	
S11000.iliopsoas.L0             	0.3948726	0.39484596	6.4434049e-05	
S11000.iliopsoas-pelvis_tilt.P0 	-0.042340312	-0.042324144	5.0150349e-05	
S11000.iliopsoas-pelvis_tilt.KP 	0.011341171	0.011198529	0.00020025137	
S11000.iliopsoas-pelvis_tilt.KV 	0.14828049	0.14818062	5.733385e-05	
S11000.iliopsoas-hamstrings.KL  	-8.3904172	-8.3926633	0.0021062421	
S11000.iliopsoas-hamstrings.L0  	1.1684734	1.1685222	4.3751614e-05	
S11000.hamstrings.KF            	0.57938281	0.57936453	4.5748143e-05	
S11000.glut_max.KF              	0.62507342	0.62506488	5.2037821e-05	
