pelvis_tilt.offset              	0.025238485	0.025232389	3.9486896e-05	
hip_flexion_r.offset            	0.067620835	0.06759576	3.594771e-05	
knee_angle_r.offset             	0.00072870856	0.00071242483	4.2595403e-05	
ankle_angle_r.offset            	-0.055100194	-0.055001102	5.1904678e-05	
hip_flexion_l.offset            	-0.0036841427	-0.0037118093	7.5296965e-05	
knee_angle_l.offset             	0.049393423	0.049418273	6.4237704e-05	
ankle_angle_l.offset            	0.19407372	0.19409974	5.8188141e-05	
stance_load_threshold           	0.14566215	0.14572446	5.915968e-05	
S00111.tib_ant.KL               	1.2210971	1.2215932	0.0012205629	
S00111.tib_ant.L0               	0.76411499	0.76410663	0.00010594445	
S00111.tib_ant.KS               	0.00015846193	0.00016517306	1.6218701e-05	
S11000.tib_ant.KL               	1.2182703	1.2186144	0.00060382566	
S11000.tib_ant.L0               	0.7356837	0.73565512	7.968052e-05	
S11000.tib_ant.KS               	0.034304917	0.034314454	5.2199945e-05	
S11111.tib_ant-soleus.KF        	-0.11054572	-0.11062361	8.3712374e-05	
S00111.soleus-tib_ant.KS        	-0.8130436	-0.81381937	0.0009690519	
S11000.soleus-tib_ant.KS        	-3.2908037	-3.2929194	0.0012945718	
S00111.gastroc-tib_ant.KS       	-0.33601862	-0.33609506	0.00072848324	
S11000.gastroc-tib_ant.KS       	-1.6498049	-1.649415	0.0012319683	
S00111.tib_ant-gastroc.KS       	-0.00357534	-0.0036710493	0.0030413145	
S11000.tib_ant-gastroc.KS       	-0.00331551	-0.0035442337	0.00297228	
S00111.tib_ant-soleus.KS        	-0.00313515	-0.0033150918	0.0031212252	
S11000.tib_ant-soleus.KS        	-0.0034666	-0.0032208365	0.0029888764	
S00111.gastroc.L0               	0.82235768	0.82244963	0.00045941236	
S00111.gastroc.KF               	1.4168466	1.4168843	5.8549505e-05	
S00111.gastroc.KS               	0.17627688	0.17597952	0.00037759652	
S00111.soleus.L0                	0.9339234	0.9337184	0.00022131802	
S00111.soleus.KF                	0.23118831	0.23122098	0.00010203037	
S00111.soleus.KS                	0.1522386	0.15178281	0.00051015814	
S11000.gastroc.KL               	0.0091139054	0.0086760207	0.00037729656	
S11000.gastroc.L0               	0.52293299	0.52236747	0.00047290523	
S11000.gastroc.KF               	-1.826262	-1.8235603	0.0011297425	
S11000.gastroc.KS               	0.2544437	0.25477528	0.00086487392	
S11000.soleus.KL                	0.76890671	0.77138969	0.0018857227	
S11000.soleus.L0                	0.87545149	0.87557831	0.00042716721	
S11000.soleus.KF                	-0.88220691	-0.88277683	0.00184034	
S11000.soleus.KS                	0.10757765	0.10649125	0.0011416012	
S00011.vasti.KF                 	0.82534502	0.82503249	0.00022466988	
S00011.vasti.C0                 	0.084507498	0.084502721	5.7491789e-05	
S00011.vasti-knee_angle.pos_max 	-0.31058849	-0.3106048	7.88093e-05	
S00011.hamstrings-pelvis_tilt.KP	0.68139166	0.6833115	0.0010604063	
S00011.hamstrings-pelvis_tilt.KV	0.57012376	0.57007791	5.2275149e-05	
S00011.hamstrings-pelvis_tilt.C0	0.027068399	0.026982487	9.2180612e-05	
S00011.glut_max-pelvis_tilt.KP  	1.5049181	1.5058767	0.00075441318	
S00011.glut_max-pelvis_tilt.KV  	0.31450806	0.31438844	4.5177151e-05	
S00011.glut_max-pelvis_tilt.C0  	0.15824392	0.1583915	9.1251532e-05	
S00011.iliopsoas-pelvis_tilt.KP 	-3.5953871	-3.5946237	0.0015596152	
S00011.iliopsoas-pelvis_tilt.KV 	-0.54406098	-0.54409806	6.239409e-05	
S00011.iliopsoas-pelvis_tilt.C0 	0.33127693	0.33133913	0.00017530391	
S00100.iliopsoas.C0             	0.34337683	0.34351416	6.9886638e-05	
S00100.glut_max.C0              	-0.025508524	-0.025553548	5.152143e-05	
S11000.iliopsoas.KL             	0.56097538	0.56097759	7.2814609e-05	
S11000.iliopsoas.L0             	0.39520775	0.39506636	7.0092904e-05	
S11000.iliopsoas-pelvis_tilt.P0 	-0.042297086	-0.042290825	5.2759121e-05	
S11000.iliopsoas-pelvis_tilt.KP 	0.011542464	0.011288529	0.00020723445	
S11000.iliopsoas-pelvis_tilt.KV 	0.14840011	0.14826831	6.2060641e-05	
S11000.iliopsoas-hamstrings.KL  	-8.3829851	-8.3847145	0.0022839352	
S11000.iliopsoas-hamstrings.L0  	1.1685764	1.1685582	4.6533816e-05	
S11000.hamstrings.KF            	0.57928092	0.5792488	4.8732733e-05	
S11000.glut_max.KF              	0.62489176	0.62502571	5.6016176e-05	
