pelvis_tilt.offset              	0.025144427	0.025146367	4.2563871e-05	
hip_flexion_r.offset            	0.067577864	0.06759581	3.8927205e-05	
knee_angle_r.offset             	0.00062654507	0.00064588077	4.6313072e-05	
ankle_angle_r.offset            	-0.054985195	-0.055040753	5.5845367e-05	
hip_flexion_l.offset            	-0.0038359089	-0.0038684857	8.1554545e-05	
knee_angle_l.offset             	0.049383304	0.049424891	6.8983373e-05	
ankle_angle_l.offset            	0.19410186	0.19410114	6.2534966e-05	
stance_load_threshold           	0.14565836	0.14571056	6.3366295e-05	
S00111.tib_ant.KL               	1.2207239	1.220016	0.0013250828	
S00111.tib_ant.L0               	0.76448346	0.76421524	0.00011437613	
S00111.tib_ant.KS               	0.00016657986	0.00015964203	1.7226396e-05	
S11000.tib_ant.KL               	1.2178371	1.2180315	0.00065155735	
S11000.tib_ant.L0               	0.73562875	0.73564888	8.5802546e-05	
S11000.tib_ant.KS               	0.034157131	0.034243615	5.6199219e-05	
S11111.tib_ant-soleus.KF        	-0.11066593	-0.11060162	9.0168569e-05	
S00111.soleus-tib_ant.KS        	-0.81684991	-0.81521319	0.0010470893	
S11000.soleus-tib_ant.KS        	-3.2925898	-3.2931839	0.0013982606	
S00111.gastroc-tib_ant.KS       	-0.33611566	-0.33630761	0.00078054032	
S11000.gastroc-tib_ant.KS       	-1.6500375	-1.6498984	0.0013258737	
S00111.tib_ant-gastroc.KS       	-0.00395169	-0.0036976313	0.0032217721	
S11000.tib_ant-gastroc.KS       	-0.00331551	-0.0034848813	0.0031485829	
S00111.tib_ant-soleus.KS        	-0.0032867437	-0.0032269341	0.0033063367	
S11000.tib_ant-soleus.KS        	-0.00313645	-0.0032942897	0.0031661662	
S00111.gastroc.L0               	0.8231581	0.82218722	0.00049337479	
S00111.gastroc.KF               	1.4167875	1.4167777	6.3819421e-05	
S00111.gastroc.KS               	0.17597302	0.17615757	0.0004063917	
S00111.soleus.L0                	0.93341657	0.93384341	0.00023752102	
S00111.soleus.KF                	0.23134847	0.23135056	0.00011001319	
S00111.soleus.KS                	0.15262889	0.1527748	0.00055487203	
S11000.gastroc.KL               	0.0089555825	0.0086024541	0.00040219477	
S11000.gastroc.L0               	0.52284584	0.52303212	0.00051160788	
S11000.gastroc.KF               	-1.823501	-1.8242746	0.0012178263	
S11000.gastroc.KS               	0.25446621	0.25447668	0.00092972853	
S11000.soleus.KL                	0.76897027	0.76894975	0.0020377568	
S11000.soleus.L0                	0.87522056	0.87532189	0.00046064742	
S11000.soleus.KF                	-0.88327256	-0.88046634	0.0019944408	
S11000.soleus.KS                	0.10781427	0.10689997	0.0012243906	
S00011.vasti.KF                 	0.82489175	0.82489255	0.00024242956	
S00011.vasti.C0                 	0.084556388	0.0845792	6.157029e-05	
S00011.vasti-knee_angle.pos_max 	-0.31037044	-0.31054251	8.4629963e-05	
S00011.hamstrings-pelvis_tilt.KP	0.67881228	0.68118712	0.001149869	
S00011.hamstrings-pelvis_tilt.KV	0.57010112	0.5701464	5.6657283e-05	
S00011.hamstrings-pelvis_tilt.C0	0.027115897	0.027028201	9.9549554e-05	
S00011.glut_max-pelvis_tilt.KP  	1.5047154	1.5053065	0.00081065812	
S00011.glut_max-pelvis_tilt.KV  	0.31454168	0.31444662	4.8910226e-05	
S00011.glut_max-pelvis_tilt.C0  	0.15843416	0.15829968	9.9118498e-05	
S00011.iliopsoas-pelvis_tilt.KP 	-3.5998149	-3.5966235	0.0016867346	
S00011.iliopsoas-pelvis_tilt.KV 	-0.54416405	-0.54412138	6.7144124e-05	
S00011.iliopsoas-pelvis_tilt.C0 	0.33084199	0.33095099	0.00019199883	
S00100.iliopsoas.C0             	0.34359787	0.34357396	7.523245e-05	
S00100.glut_max.C0              	-0.025561633	-0.025522549	5.5406173e-05	
S11000.iliopsoas.KL             	0.56081664	0.56091545	7.8933097e-05	
S11000.iliopsoas.L0             	0.39512674	0.39518634	7.5794865e-05	
S11000.iliopsoas-pelvis_tilt.P0 	-0.042250786	-0.042260169	5.656603e-05	
S11000.iliopsoas-pelvis_tilt.KP 	0.01136122	0.011089853	0.00022315412	
S11000.iliopsoas-pelvis_tilt.KV 	0.14826979	0.14828135	6.6802471e-05	
S11000.iliopsoas-hamstrings.KL  	-8.3836497	-8.3840626	0.0024574289	
S11000.iliopsoas-hamstrings.L0  	1.1685893	1.1686384	5.0231543e-05	
S11000.hamstrings.KF            	0.57929681	0.57928449	5.2295803e-05	
S11000.glut_max.KF              	0.62494273	0.62496785	6.0543374e-05	
