pelvis_tilt.offset              	0.025121747	0.025109108	3.8077585e-05	
hip_flexion_r.offset            	0.067554037	0.067592918	3.4308334e-05	
knee_angle_r.offset             	0.00061505509	0.00065472185	4.1269868e-05	
ankle_angle_r.offset            	-0.055061065	-0.055052215	4.9088105e-05	
hip_flexion_l.offset            	-0.0038264702	-0.0037829994	7.2366221e-05	
knee_angle_l.offset             	0.049593799	0.049571823	6.131245e-05	
ankle_angle_l.offset            	0.19406681	0.19403977	5.5293003e-05	
stance_load_threshold           	0.1456886	0.14566104	5.5850172e-05	
S00111.tib_ant.KL               	1.2162389	1.219452	0.0011847845	
S00111.tib_ant.L0               	0.76408749	0.76411423	0.00010179141	
S00111.tib_ant.KS               	0.00017124054	0.00016284076	1.4868547e-05	
S11000.tib_ant.KL               	1.2176397	1.217646	0.00057473037	
S11000.tib_ant.L0               	0.73561444	0.73567602	7.6268733e-05	
S11000.tib_ant.KS               	0.034271211	0.034210698	4.9822326e-05	
S11111.tib_ant-soleus.KF        	-0.11073693	-0.1107265	7.9961935e-05	
S00111.soleus-tib_ant.KS        	-0.81543989	-0.81609487	0.00092784531	
S11000.soleus-tib_ant.KS        	-3.2920055	-3.2925786	0.0012372307	
S00111.gastroc-tib_ant.KS       	-0.33587212	-0.33671562	0.00068515783	
S11000.gastroc-tib_ant.KS       	-1.6502616	-1.6494066	0.00117034	
S00111.tib_ant-gastroc.KS       	-0.00395169	-0.0037471815	0.0027652227	
S11000.tib_ant-gastroc.KS       	-0.00366451	-0.0035249869	0.0027023772	
S00111.tib_ant-soleus.KS        	-0.00313515	-0.0032494904	0.0028377218	
S11000.tib_ant-soleus.KS        	-0.0034666	-0.0032915163	0.0027174289	
S00111.gastroc.L0               	0.82227511	0.82238553	0.00043541285	
S00111.gastroc.KF               	1.4167828	1.4167773	5.7353215e-05	
S00111.gastroc.KS               	0.17610099	0.17675359	0.00035827592	
S00111.soleus.L0                	0.9336986	0.93362421	0.00021052678	
S00111.soleus.KF                	0.23140292	0.23137962	9.7741859e-05	
S00111.soleus.KS                	0.15246239	0.15223535	0.00049180279	
S11000.gastroc.KL               	0.0085359088	0.0088781071	0.00035253672	
S11000.gastroc.L0               	0.5238022	0.52374467	0.00046096377	
S11000.gastroc.KF               	-1.8233823	-1.8237659	0.0010835652	
S11000.gastroc.KS               	0.25471947	0.25389315	0.00082205575	
S11000.soleus.KL                	0.76353367	0.76859713	0.0018168657	
S11000.soleus.L0                	0.87445733	0.8749911	0.00041197443	
S11000.soleus.KF                	-0.87752271	-0.87828819	0.0017800763	
S11000.soleus.KS                	0.10992278	0.10838466	0.0010807328	
S00011.vasti.KF                 	0.82475373	0.82479723	0.00021515404	
S00011.vasti.C0                 	0.084672807	0.084686359	5.4702706e-05	
S00011.vasti-knee_angle.pos_max 	-0.31048952	-0.3105035	7.5167171e-05	
S00011.hamstrings-pelvis_tilt.KP	0.67955432	0.68007999	0.0010407639	
S00011.hamstrings-pelvis_tilt.KV	0.57014356	0.57017246	5.0574512e-05	
S00011.hamstrings-pelvis_tilt.C0	0.026896722	0.026979288	8.8864943e-05	
S00011.glut_max-pelvis_tilt.KP  	1.5074988	1.5048501	0.00071450225	
S00011.glut_max-pelvis_tilt.KV  	0.31437736	0.31438021	4.3400978e-05	
S00011.glut_max-pelvis_tilt.C0  	0.15806706	0.15823197	8.9003224e-05	
S00011.iliopsoas-pelvis_tilt.KP 	-3.6000921	-3.5986942	0.0015242861	
S00011.iliopsoas-pelvis_tilt.KV 	-0.54406176	-0.54415619	5.9429491e-05	
S00011.iliopsoas-pelvis_tilt.C0 	0.33059345	0.33078969	0.0001748641	
S00100.iliopsoas.C0             	0.34356709	0.34342054	6.6812171e-05	
S00100.glut_max.C0              	-0.025427741	-0.025504854	4.8921949e-05	
S11000.iliopsoas.KL             	0.56072259	0.56079367	7.1015575e-05	
S11000.iliopsoas.L0             	0.39525186	0.39529261	6.8185185e-05	
S11000.iliopsoas-pelvis_tilt.P0 	-0.04232586	-0.042311023	4.9958438e-05	
S11000.iliopsoas-pelvis_tilt.KP 	0.011152559	0.011263479	0.00019701561	
S11000.iliopsoas-pelvis_tilt.KV 	0.14828554	0.14824098	5.8864169e-05	
S11000.iliopsoas-hamstrings.KL  	-8.3835418	-8.3848025	0.0021721465	
S11000.iliopsoas-hamstrings.L0  	1.1687078	1.1686675	4.4510543e-05	
S11000.hamstrings.KF            	0.57934086	0.5793681	4.6457995e-05	
S11000.glut_max.KF              	0.6248553	0.62486352	5.3899596e-05	
