pelvis_tilt.offset              	0.025063972	0.025083293	3.5907149e-05	
hip_flexion_r.offset            	0.0676044	0.067583546	3.2391338e-05	
knee_angle_r.offset             	0.00064998849	0.00062912646	3.8852717e-05	
ankle_angle_r.offset            	-0.055027433	-0.055066089	4.6176212e-05	
hip_flexion_l.offset            	-0.0037085134	-0.003845032	6.8289072e-05	
knee_angle_l.offset             	0.049599531	0.049610544	5.8226969e-05	
ankle_angle_l.offset            	0.19400842	0.19403349	5.2091713e-05	
stance_load_threshold           	0.14575269	0.14575409	5.3016973e-05	
S00111.tib_ant.KL               	1.2180979	1.2187616	0.0011342206	
S00111.tib_ant.L0               	0.7641657	0.76404763	9.5456707e-05	
S00111.tib_ant.KS               	0.00016778139	0.0001674459	1.3850123e-05	
S11000.tib_ant.KL               	1.2164038	1.2168629	0.00054472075	
S11000.tib_ant.L0               	0.73562066	0.73561853	7.2400843e-05	
S11000.tib_ant.KS               	0.034244302	0.034230288	4.6935839e-05	
S11111.tib_ant-soleus.KF        	-0.11065602	-0.11068712	7.5332855e-05	
S00111.soleus-tib_ant.KS        	-0.81734509	-0.81659342	0.00087450052	
S11000.soleus-tib_ant.KS        	-3.2933733	-3.2918674	0.0011698072	
S00111.gastroc-tib_ant.KS       	-0.33684121	-0.33712243	0.00064348171	
S11000.gastroc-tib_ant.KS       	-1.6493667	-1.649235	0.0011022668	
S00111.tib_ant-gastroc.KS       	-0.00357534	-0.0037402028	0.0025645011	
S11000.tib_ant-gastroc.KS       	-0.00366451	-0.003537875	0.0025061997	
S00111.tib_ant-soleus.KS        	-0.00313515	-0.0032346487	0.0026317034	
S11000.tib_ant-soleus.KS        	-0.00313645	-0.0032426393	0.0025201529	
S00111.gastroc.L0               	0.822746	0.8228512	0.00041362021	
S00111.gastroc.KF               	1.4167587	1.4167547	5.4237363e-05	
S00111.gastroc.KS               	0.17676483	0.1769353	0.00033777191	
S00111.soleus.L0                	0.93321791	0.93346319	0.00019835195	
S00111.soleus.KF                	0.23152611	0.23151735	9.2797525e-05	
S00111.soleus.KS                	0.1523699	0.15217372	0.00046324181	
S11000.gastroc.KL               	0.0085243358	0.0089543279	0.00033128603	
S11000.gastroc.L0               	0.52361827	0.52402215	0.00043799621	
S11000.gastroc.KF               	-1.8230165	-1.8238983	0.0010193647	
S11000.gastroc.KS               	0.25401837	0.25297857	0.00077303911	
S11000.soleus.KL                	0.76700848	0.77037252	0.0017135603	
S11000.soleus.L0                	0.87509239	0.87491453	0.00038959662	
S11000.soleus.KF                	-0.8801246	-0.87897856	0.0016850918	
S11000.soleus.KS                	0.11124896	0.10969935	0.0010242907	
S00011.vasti.KF                 	0.82455716	0.8246254	0.000204211	
S00011.vasti.C0                 	0.084780288	0.084754805	5.2083663e-05	
S00011.vasti-knee_angle.pos_max 	-0.31052652	-0.31051738	7.0747297e-05	
S00011.hamstrings-pelvis_tilt.KP	0.67867374	0.67958489	0.00098465805	
S00011.hamstrings-pelvis_tilt.KV	0.57020842	0.57018022	4.7850152e-05	
S00011.hamstrings-pelvis_tilt.C0	0.027041205	0.027077465	8.3720856e-05	
S00011.glut_max-pelvis_tilt.KP  	1.5046709	1.5049978	0.00067558879	
S00011.glut_max-pelvis_tilt.KV  	0.31434525	0.31432847	4.0885832e-05	
S00011.glut_max-pelvis_tilt.C0  	0.15812379	0.15816226	8.4313487e-05	
S00011.iliopsoas-pelvis_tilt.KP 	-3.6023954	-3.6006972	0.0014494272	
S00011.iliopsoas-pelvis_tilt.KV 	-0.54425169	-0.54420331	5.6042072e-05	
S00011.iliopsoas-pelvis_tilt.C0 	0.33049657	0.33056438	0.0001666298	
S00100.iliopsoas.C0             	0.34353451	0.34350483	6.2979133e-05	
S00100.glut_max.C0              	-0.025564497	-0.025517779	4.6354008e-05	
S11000.iliopsoas.KL             	0.56085348	0.56080496	6.7007051e-05	
S11000.iliopsoas.L0             	0.39539115	0.39534466	6.4749432e-05	
S11000.iliopsoas-pelvis_tilt.P0 	-0.042305269	-0.04235437	4.7193119e-05	
S11000.iliopsoas-pelvis_tilt.KP 	0.010985904	0.011199448	0.00018537576	
S11000.iliopsoas-pelvis_tilt.KV 	0.14817358	0.14825364	5.5774345e-05	
S11000.iliopsoas-hamstrings.KL  	-8.3829136	-8.3841426	0.0020558964	
S11000.iliopsoas-hamstrings.L0  	1.1686342	1.1687014	4.1985645e-05	
S11000.hamstrings.KF            	0.57938984	0.57939078	4.3876633e-05	
S11000.glut_max.KF              	0.62482599	0.62486251	5.0994872e-05	
