pelvis_tilt.offset              	0.025109981	0.025125039	3.5240924e-05	
hip_flexion_r.offset            	0.067681026	0.067652904	3.1939588e-05	
knee_angle_r.offset             	0.00064641144	0.00066393638	3.7984312e-05	
ankle_angle_r.offset            	-0.055103581	-0.055099555	4.5645339e-05	
hip_flexion_l.offset            	-0.0039215651	-0.0038940838	6.7676849e-05	
knee_angle_l.offset             	0.04969385	0.049672467	5.7906035e-05	
ankle_angle_l.offset            	0.19393152	0.19396772	5.1398978e-05	
stance_load_threshold           	0.14578761	0.14572585	5.2136553e-05	
S00111.tib_ant.KL               	1.2168024	1.2185609	0.0011226276	
S00111.tib_ant.L0               	0.76425055	0.76413941	9.3847301e-05	
S00111.tib_ant.KS               	0.00016989438	0.00016593801	1.3404897e-05	
S11000.tib_ant.KL               	1.2156428	1.2167846	0.00053761055	
S11000.tib_ant.L0               	0.735634	0.73568796	7.1247144e-05	
S11000.tib_ant.KS               	0.034223494	0.034226507	4.6210454e-05	
S11111.tib_ant-soleus.KF        	-0.11087086	-0.11072034	7.3836422e-05	
S00111.soleus-tib_ant.KS        	-0.81427654	-0.81628455	0.00085809495	
S11000.soleus-tib_ant.KS        	-3.2920531	-3.2906386	0.0011551939	
S00111.gastroc-tib_ant.KS       	-0.33645327	-0.33627399	0.00063013635	
S11000.gastroc-tib_ant.KS       	-1.6481944	-1.6497576	0.0010807402	
S00111.tib_ant-gastroc.KS       	-0.00357534	-0.0036938337	0.002467758	
S11000.tib_ant-gastroc.KS       	-0.00331551	-0.0034649551	0.0024116253	
S00111.tib_ant-soleus.KS        	-0.00313515	-0.003347829	0.0025323503	
S11000.tib_ant-soleus.KS        	-0.00313645	-0.0033534389	0.0024250286	
S00111.gastroc.L0               	0.82300087	0.82333082	0.00041009479	
S00111.gastroc.KF               	1.4166527	1.4167203	5.340381e-05	
S00111.gastroc.KS               	0.17639776	0.17622514	0.00033235164	
S00111.soleus.L0                	0.93363278	0.93356051	0.00019559118	
S00111.soleus.KF                	0.23153377	0.23144339	9.1503369e-05	
S00111.soleus.KS                	0.15280038	0.15261948	0.00045566822	
S11000.gastroc.KL               	0.0086477303	0.0088087338	0.0003236745	
S11000.gastroc.L0               	0.52360476	0.52347472	0.0004305118	
S11000.gastroc.KF               	-1.8221976	-1.8224536	0.0010084864	
S11000.gastroc.KS               	0.25231886	0.25323834	0.00075644935	
S11000.soleus.KL                	0.7674781	0.767015	0.0016962545	
S11000.soleus.L0                	0.87478987	0.87495722	0.00038343599	
S11000.soleus.KF                	-0.87987086	-0.88066849	0.001665134	
S11000.soleus.KS                	0.10984906	0.11007541	0.0010192453	
S00011.vasti.KF                 	0.82425871	0.82448267	0.00020341914	
S00011.vasti.C0                 	0.084699509	0.084706881	5.1490278e-05	
S00011.vasti-knee_angle.pos_max 	-0.31053025	-0.31052566	6.9603773e-05	
S00011.hamstrings-pelvis_tilt.KP	0.67998899	0.68017973	0.00096793003	
S00011.hamstrings-pelvis_tilt.KV	0.57015967	0.57016689	4.720538e-05	
S00011.hamstrings-pelvis_tilt.C0	0.026984189	0.027027317	8.2075964e-05	
S00011.glut_max-pelvis_tilt.KP  	1.5039395	1.5046498	0.00066649484	
S00011.glut_max-pelvis_tilt.KV  	0.31430997	0.31434848	4.0110377e-05	
S00011.glut_max-pelvis_tilt.C0  	0.1581345	0.15818516	8.3506029e-05	
S00011.iliopsoas-pelvis_tilt.KP 	-3.6033369	-3.6013724	0.0014494794	
S00011.iliopsoas-pelvis_tilt.KV 	-0.54436173	-0.54428012	5.5464911e-05	
S00011.iliopsoas-pelvis_tilt.C0 	0.33032963	0.33030918	0.00016584051	
S00100.iliopsoas.C0             	0.34331442	0.34340648	6.2419352e-05	
S00100.glut_max.C0              	-0.025505323	-0.025523501	4.5558531e-05	
S11000.iliopsoas.KL             	0.56071192	0.56073593	6.5929865e-05	
S11000.iliopsoas.L0             	0.39534672	0.39538855	6.4325363e-05	
S11000.iliopsoas-pelvis_tilt.P0 	-0.042338019	-0.042331591	4.6440287e-05	
S11000.iliopsoas-pelvis_tilt.KP 	0.011233663	0.011009758	0.00018165935	
S11000.iliopsoas-pelvis_tilt.KV 	0.14813605	0.14824075	5.4930018e-05	
S11000.iliopsoas-hamstrings.KL  	-8.3890431	-8.3860311	0.0020157177	
S11000.iliopsoas-hamstrings.L0  	1.1686231	1.1686536	4.1061401e-05	
S11000.hamstrings.KF            	0.57939607	0.57941921	4.341704e-05	
S11000.glut_max.KF              	0.62487458	0.62485147	5.0923131e-05	
