pelvis_tilt.offset              	0.02515236	0.025143646	3.4797065e-05	
hip_flexion_r.offset            	0.067659856	0.067640259	3.1557615e-05	
knee_angle_r.offset             	0.00064745975	0.00066398541	3.7442199e-05	
ankle_angle_r.offset            	-0.05506899	-0.055113109	4.499041e-05	
hip_flexion_l.offset            	-0.0039547278	-0.003876059	6.6773883e-05	
knee_angle_l.offset             	0.049664331	0.049655918	5.7192894e-05	
ankle_angle_l.offset            	0.19399219	0.19399996	5.0718334e-05	
stance_load_threshold           	0.14563662	0.14575437	5.1450556e-05	
S00111.tib_ant.KL               	1.2180028	1.2183357	0.0011100761	
S00111.tib_ant.L0               	0.76421954	0.76417662	9.2633088e-05	
S00111.tib_ant.KS               	0.0001571943	0.00016857423	1.3181893e-05	
S11000.tib_ant.KL               	1.2175522	1.2168763	0.00053244092	
S11000.tib_ant.L0               	0.73577926	0.73573163	7.0347056e-05	
S11000.tib_ant.KS               	0.034219788	0.034239696	4.5638504e-05	
S11111.tib_ant-soleus.KF        	-0.11065066	-0.11072236	7.2872338e-05	
S00111.soleus-tib_ant.KS        	-0.81441399	-0.81661716	0.00085114401	
S11000.soleus-tib_ant.KS        	-3.2931721	-3.2906679	0.0011408796	
S00111.gastroc-tib_ant.KS       	-0.33679077	-0.33620615	0.00062090723	
S11000.gastroc-tib_ant.KS       	-1.6501324	-1.6501531	0.0010666324	
S00111.tib_ant-gastroc.KS       	-0.00357534	-0.0038536049	0.0024242433	
S11000.tib_ant-gastroc.KS       	-0.00331551	-0.0034628866	0.0023690904	
S00111.tib_ant-soleus.KS        	-0.00313515	-0.0032751708	0.0024876735	
S11000.tib_ant-soleus.KS        	-0.00313645	-0.0033203419	0.0023822491	
S00111.gastroc.L0               	0.8231767	0.82341458	0.00040550526	
S00111.gastroc.KF               	1.416685	1.4166934	5.2748437e-05	
S00111.gastroc.KS               	0.17657085	0.17619178	0.00032807519	
S00111.soleus.L0                	0.93346583	0.93351918	0.00019300979	
S00111.soleus.KF                	0.23144158	0.2314216	9.029002e-05	
S00111.soleus.KS                	0.15228196	0.15281037	0.0004504726	
S11000.gastroc.KL               	0.00925153	0.0087372978	0.00031939514	
S11000.gastroc.L0               	0.52278554	0.52320857	0.00042561173	
S11000.gastroc.KF               	-1.8230876	-1.8225795	0.00099511636	
S11000.gastroc.KS               	0.25427178	0.25354142	0.00074825701	
S11000.soleus.KL                	0.76513085	0.76659421	0.0016776621	
S11000.soleus.L0                	0.87435998	0.87485438	0.00037794622	
S11000.soleus.KF                	-0.88259707	-0.88138286	0.0016484028	
S11000.soleus.KS                	0.10802046	0.10976117	0.0010051508	
S00011.vasti.KF                 	0.82452291	0.82456385	0.00020089466	
S00011.vasti.C0                 	0.084688728	0.084670252	5.0949757e-05	
S00011.vasti-knee_angle.pos_max 	-0.31059015	-0.31056487	6.8834722e-05	
S00011.hamstrings-pelvis_tilt.KP	0.68089317	0.68082142	0.00095468925	
S00011.hamstrings-pelvis_tilt.KV	0.57011867	0.57016197	4.676687e-05	
S00011.hamstrings-pelvis_tilt.C0	0.027163256	0.026966251	8.1185695e-05	
S00011.glut_max-pelvis_tilt.KP  	1.5066887	1.505141	0.00065744282	
S00011.glut_max-pelvis_tilt.KV  	0.31438617	0.31433784	3.9645446e-05	
S00011.glut_max-pelvis_tilt.C0  	0.15825499	0.15825667	8.2627437e-05	
S00011.iliopsoas-pelvis_tilt.KP 	-3.6029236	-3.6018127	0.0014328947	
S00011.iliopsoas-pelvis_tilt.KV 	-0.54431101	-0.54425731	5.4839154e-05	
S00011.iliopsoas-pelvis_tilt.C0 	0.33037034	0.33040866	0.00016441697	
S00100.iliopsoas.C0             	0.34350222	0.34340312	6.1692369e-05	
S00100.glut_max.C0              	-0.025569346	-0.025520262	4.4968493e-05	
S11000.iliopsoas.KL             	0.56072756	0.56074485	6.498199e-05	
S11000.iliopsoas.L0             	0.39535424	0.39540168	6.3509313e-05	
S11000.iliopsoas-pelvis_tilt.P0 	-0.042271417	-0.042315114	4.5791922e-05	
S11000.iliopsoas-pelvis_tilt.KP 	0.011031787	0.011203148	0.00017930585	
S11000.iliopsoas-pelvis_tilt.KV 	0.14825083	0.14824851	5.4365243e-05	
S11000.iliopsoas-hamstrings.KL  	-8.3861299	-8.387745	0.0019923047	
S11000.iliopsoas-hamstrings.L0  	1.1687047	1.168638	4.0520587e-05	
S11000.hamstrings.KF            	0.57943043	0.57941227	4.2817121e-05	
S11000.glut_max.KF              	0.62487814	0.62485681	5.0313777e-05	
