pelvis_tilt.offset              	0.022416367	0.021148417	0.0011552123	
hip_flexion_r.offset            	0.068263291	0.068445073	0.0010928421	
knee_angle_r.offset             	8.9043658e-05	2.3523761e-05	0.0011965369	
ankle_angle_r.offset            	-0.056274883	-0.057225977	0.0015594098	
hip_flexion_l.offset            	-0.0085307542	-0.0064327721	0.0022129268	
knee_angle_l.offset             	0.058807255	0.056869238	0.0017045669	
ankle_angle_l.offset            	0.18639246	0.18614207	0.0016351912	
stance_load_threshold           	0.15285005	0.15300496	0.0017945342	
S00111.tib_ant.KL               	1.3119505	1.2681084	0.029754039	
S00111.tib_ant.L0               	0.75614471	0.75765192	0.0032117586	
S00111.tib_ant.KS               	0.00015652	0.00015750357	0.0012802959	
S11000.tib_ant.KL               	1.2326243	1.218551	0.016959029	
S11000.tib_ant.L0               	0.7376883	0.73922762	0.0024766502	
S11000.tib_ant.KS               	0.0342532	0.035043601	0.0015744503	
S11111.tib_ant-soleus.KF        	-0.11144313	-0.11122057	0.0026901373	
S00111.soleus-tib_ant.KS        	-0.8761858	-0.85178423	0.034181699	
S11000.soleus-tib_ant.KS        	-3.2876848	-3.2466656	0.039564945	
S00111.gastroc-tib_ant.KS       	-0.35557966	-0.34778778	0.029667008	
S11000.gastroc-tib_ant.KS       	-1.6856599	-1.7216388	0.032955902	
S00111.tib_ant-gastroc.KS       	-0.00357534	-0.0037383685	0.25334697	
S11000.tib_ant-gastroc.KS       	-0.00331551	-0.0035050355	0.2476218	
S00111.tib_ant-soleus.KS        	-0.00346517	-0.0032920211	0.26007375	
S11000.tib_ant-soleus.KS        	-0.0034666	-0.0032607783	0.24902587	
S00111.gastroc.KL               	0.08315732	0.078496964	0.031670129	
S00111.gastroc.L0               	0.85855916	0.84006086	0.013093412	
S00111.gastroc.KF               	1.4149438	1.4135873	0.0016639121	
S00111.soleus.KL                	4.0368657	4.0110959	0.029218668	
S00111.soleus.L0                	0.96374215	0.96254577	0.0075155434	
S00111.soleus.KF                	0.22431344	0.22680926	0.0024225181	
S11000.gastroc.KL               	0.00837043	0.0087789133	0.025268747	
S11000.gastroc.L0               	0.52579746	0.51464521	0.013756868	
S11000.gastroc.KF               	-1.8252713	-1.8251645	0.032412862	
S11000.soleus.KL                	0.84260236	0.77900379	0.057544179	
S11000.soleus.L0                	0.92638204	0.91972726	0.012734779	
S11000.soleus.KF                	-0.87942746	-0.90574801	0.053505737	
S00011.vasti.KF                 	0.84063718	0.83608025	0.007115184	
S00011.vasti.C0                 	0.07992329	0.082980502	0.0016037601	
S00011.vasti-knee_angle.pos_max 	-0.30592884	-0.30567366	0.0024538232	
S00011.hamstrings-pelvis_tilt.KP	0.72341828	0.72569107	0.028052595	
S00011.hamstrings-pelvis_tilt.KV	0.56668351	0.56570676	0.001426452	
S00011.hamstrings-pelvis_tilt.C0	0.02514159	0.026604204	0.0031104361	
S00011.glut_max-pelvis_tilt.KP  	1.4844827	1.5055932	0.023240917	
S00011.glut_max-pelvis_tilt.KV  	0.31436536	0.31323565	0.001451405	
S00011.glut_max-pelvis_tilt.C0  	0.15586326	0.15910864	0.0024416165	
S00011.iliopsoas-pelvis_tilt.KP 	-3.531327	-3.5427356	0.039237363	
S00011.iliopsoas-pelvis_tilt.KV 	-0.54090839	-0.54229746	0.0017758051	
S00011.iliopsoas-pelvis_tilt.C0 	0.3198342	0.33092882	0.0038340947	
S00100.iliopsoas.C0             	0.3370063	0.33827639	0.0020962107	
S00100.glut_max.C0              	-0.02342065	-0.02501373	0.0016141395	
S11000.iliopsoas.KL             	0.56206763	0.56138348	0.0018003109	
S11000.iliopsoas.L0             	0.39091179	0.38943128	0.0020086996	
S11000.iliopsoas-pelvis_tilt.P0 	-0.043267616	-0.044611056	0.0016061734	
S11000.iliopsoas-pelvis_tilt.KP 	0.01082572	0.011356354	0.010172158	
S11000.iliopsoas-pelvis_tilt.KV 	0.14526494	0.14465559	0.0018505861	
S11000.iliopsoas-hamstrings.KL  	-8.2383948	-8.3284288	0.065528748	
S11000.iliopsoas-hamstrings.L0  	1.1657474	1.165562	0.0015041387	
S11000.hamstrings.KF            	0.5736159	0.57412241	0.0014352502	
S11000.glut_max.KF              	0.62237506	0.6215844	0.0016343984	
