pelvis_tilt.offset              	0.02198921	0.021529401	0.0014193268	
hip_flexion_r.offset            	0.069413829	0.068166559	0.0013388717	
knee_angle_r.offset             	0.0023190971	0.0010347541	0.0014635781	
ankle_angle_r.offset            	-0.057194869	-0.057393959	0.0019153261	
hip_flexion_l.offset            	-0.0031660183	-0.0065622874	0.0027157471	
knee_angle_l.offset             	0.05943921	0.05770756	0.0020885887	
ankle_angle_l.offset            	0.18880442	0.18666975	0.0020008391	
stance_load_threshold           	0.14885191	0.15220861	0.0021998975	
S00111.tib_ant.KL               	1.2839587	1.2467667	0.036515994	
S00111.tib_ant.L0               	0.75970785	0.76246959	0.0039180037	
S00111.tib_ant.KS               	0.000173	0.00016699488	0.0015880906	
S11000.tib_ant.KL               	1.1949596	1.1973117	0.020773928	
S11000.tib_ant.L0               	0.73713699	0.73814808	0.0030244626	
S11000.tib_ant.KS               	0.036990941	0.035466849	0.0019386149	
S11111.tib_ant-soleus.KF        	-0.11358829	-0.11139872	0.0032950988	
S00111.soleus-tib_ant.KS        	-0.82501008	-0.85294214	0.04207796	
S00111.gastroc-tib_ant.KS       	-0.35557966	-0.34076139	0.036721989	
S11000.soleus-tib_ant.KS        	-3.2452813	-3.2735348	0.048372835	
S11000.gastroc-tib_ant.KS       	-1.7260059	-1.6792203	0.040475449	
S00111.tib_ant-soleus.KS        	-0.00346517	-0.0032463894	0.322598	
S00111.tib_ant-gastroc.KS       	-0.00395169	-0.0038409797	0.31425403	
S11000.tib_ant-soleus.KS        	-0.00313645	-0.0033684968	0.30889409	
S11000.tib_ant-gastroc.KS       	-0.00331551	-0.0035515665	0.30715247	
S00111.soleus.KL                	4.0130167	4.0475683	0.035744146	
S00111.soleus.L0                	0.9777772	0.96830435	0.0091879409	
S00111.soleus.KF                	0.23234444	0.22937693	0.0029585701	
S00111.soleus.KS                	0.14946728	0.15959158	0.026516552	
S00111.gastroc.KL               	0.08315732	0.07844239	0.039276902	
S00111.gastroc.L0               	0.84507091	0.83410319	0.016023792	
S00111.gastroc.KF               	1.4105167	1.411204	0.0020397682	
S00111.gastroc.KS               	0.17024018	0.16908256	0.018142914	
S11000.soleus.KL                	0.79424271	0.80271284	0.071125208	
S11000.soleus.L0                	0.90896481	0.9066513	0.015519597	
S11000.soleus.KF                	-0.9200062	-0.91289985	0.066036314	
S11000.soleus.KS                	0.1022613	0.10629349	0.05819653	
S11000.gastroc.KL               	0.00837043	0.0086704467	0.031343485	
S11000.gastroc.L0               	0.49752118	0.52351252	0.016878822	
S11000.gastroc.KF               	-1.8352477	-1.8363351	0.039699742	
S11000.gastroc.KS               	0.27473027	0.26773467	0.037096914	
S00011.vasti.KF                 	0.81649839	0.81851567	0.0086752133	
S00011.vasti.C0                 	0.080404265	0.082634868	0.0019668876	
S00011.vasti-knee_angle.pos_max 	-0.30217641	-0.30397847	0.0029990765	
S00011.hamstrings-pelvis_tilt.KP	0.72718561	0.71455679	0.034617964	
S00011.hamstrings-pelvis_tilt.KV	0.56754987	0.56680067	0.0017485074	
S00011.hamstrings-pelvis_tilt.C0	0.02514159	0.026235046	0.0038519484	
S00011.glut_max-pelvis_tilt.KP  	1.5132088	1.5085736	0.028378777	
S00011.glut_max-pelvis_tilt.KV  	0.31133537	0.31454697	0.001771697	
S00011.glut_max-pelvis_tilt.C0  	0.16069928	0.15999286	0.0029857504	
S00011.iliopsoas-pelvis_tilt.KP 	-3.4903262	-3.4744951	0.047764586	
S00011.iliopsoas-pelvis_tilt.KV 	-0.53864982	-0.54338257	0.0021783375	
S00011.iliopsoas-pelvis_tilt.C0 	0.32964518	0.33079506	0.0046911407	
S00100.iliopsoas.C0             	0.33450055	0.3374506	0.0025721136	
S00100.glut_max.C0              	-0.02588599	-0.024559956	0.0019946727	
S11000.iliopsoas.KL             	0.56333862	0.56089469	0.0022003571	
S11000.iliopsoas.L0             	0.3877152	0.39034603	0.0024488876	
S11000.iliopsoas-pelvis_tilt.P0 	-0.04452477	-0.044462957	0.0019741783	
S11000.iliopsoas-pelvis_tilt.KP 	0.01196527	0.011257717	0.012617221	
S11000.iliopsoas-pelvis_tilt.KV 	0.14474144	0.14568518	0.0022679904	
S11000.iliopsoas-hamstrings.KL  	-8.2617373	-8.219787	0.08029181	
S11000.iliopsoas-hamstrings.L0  	1.1655825	1.1668199	0.0018337976	
S11000.hamstrings.KF            	0.57709149	0.57571338	0.0017611405	
S11000.glut_max.KF              	0.6232418	0.6226223	0.0020003879	
