pelvis_tilt.offset              	0.020887887	0.021783961	0.0012517189	
hip_flexion_r.offset            	0.068793242	0.067788183	0.0011865613	
knee_angle_r.offset             	0.00082834103	0.0008619082	0.0012965501	
ankle_angle_r.offset            	-0.056159396	-0.057003873	0.0016905893	
hip_flexion_l.offset            	-0.0089931257	-0.0050089797	0.0023965185	
knee_angle_l.offset             	0.054061319	0.056569902	0.0018482338	
ankle_angle_l.offset            	0.1870557	0.1885493	0.0017679944	
stance_load_threshold           	0.15496144	0.15240568	0.0019470095	
S00111.tib_ant.KL               	1.3005188	1.278948	0.032317551	
S00111.tib_ant.L0               	0.75267622	0.76159929	0.0034605186	
S00111.tib_ant.KS               	0.00015652	0.00016386983	0.0013968086	
S11000.tib_ant.KL               	1.2289933	1.2001203	0.01833896	
S11000.tib_ant.L0               	0.74057262	0.74007626	0.0026784801	
S11000.tib_ant.KS               	0.035455236	0.035371609	0.0017105685	
S11111.tib_ant-soleus.KF        	-0.1087013	-0.11013886	0.0029112009	
S00111.soleus-tib_ant.KS        	-0.86918327	-0.87751112	0.037098087	
S11000.soleus-tib_ant.KS        	-3.2968541	-3.2937313	0.04270033	
S00111.gastroc-tib_ant.KS       	-0.35557966	-0.34523093	0.032328444	
S11000.gastroc-tib_ant.KS       	-1.6008006	-1.6807874	0.035668329	
S00111.tib_ant-gastroc.KS       	-0.00357534	-0.0037670331	0.27640276	
S11000.tib_ant-gastroc.KS       	-0.00331551	-0.0034201412	0.27015658	
S00111.tib_ant-soleus.KS        	-0.00313515	-0.0032130824	0.28374172	
S11000.tib_ant-soleus.KS        	-0.0034666	-0.003324311	0.27168842	
S00111.gastroc.KL               	0.07523758	0.079702712	0.034548279	
S00111.gastroc.L0               	0.83886472	0.84228279	0.014174463	
S00111.gastroc.KF               	1.4106547	1.4105015	0.0018073996	
S00111.soleus.KL                	4.0645163	4.0352682	0.031577014	
S00111.soleus.L0                	0.9771109	0.96802665	0.0081400939	
S00111.soleus.KF                	0.22984103	0.22742459	0.0026151041	
S11000.gastroc.KL               	0.00837043	0.008914047	0.02756826	
S11000.gastroc.L0               	0.5402395	0.52651793	0.014920655	
S11000.gastroc.KF               	-1.8500993	-1.8234091	0.035180709	
S11000.soleus.KL                	0.80118297	0.81555648	0.062659631	
S11000.soleus.L0                	0.90631395	0.89277405	0.01371732	
S11000.soleus.KF                	-0.91754992	-0.92554615	0.058199067	
S00011.vasti.KF                 	0.82593407	0.82304059	0.0076757186	
S00011.vasti.C0                 	0.085201244	0.08589874	0.0017362998	
S00011.vasti-knee_angle.pos_max 	-0.30440951	-0.30382855	0.0026457587	
S00011.hamstrings-pelvis_tilt.KP	0.72156897	0.70687612	0.030546599	
S00011.hamstrings-pelvis_tilt.KV	0.5645109	0.565645	0.001549527	
S00011.hamstrings-pelvis_tilt.C0	0.02514159	0.026656472	0.003390067	
S00011.glut_max-pelvis_tilt.KP  	1.5089886	1.5011162	0.025061804	
S00011.glut_max-pelvis_tilt.KV  	0.31203075	0.31419376	0.0015682662	
S00011.glut_max-pelvis_tilt.C0  	0.15783559	0.16215638	0.0026393094	
S00011.iliopsoas-pelvis_tilt.KP 	-3.4847112	-3.508836	0.0424775	
S00011.iliopsoas-pelvis_tilt.KV 	-0.5439355	-0.54393932	0.0019204018	
S00011.iliopsoas-pelvis_tilt.C0 	0.33739118	0.32915896	0.0041485478	
S00100.iliopsoas.C0             	0.33949057	0.33506102	0.0022832769	
S00100.glut_max.C0              	-0.02342065	-0.024747893	0.0017571049	
S11000.iliopsoas.KL             	0.56354458	0.56048456	0.0019456935	
S11000.iliopsoas.L0             	0.39298806	0.39336062	0.0021666956	
S11000.iliopsoas-pelvis_tilt.P0 	-0.043429502	-0.043727902	0.0017401399	
S11000.iliopsoas-pelvis_tilt.KP 	0.01196527	0.011565605	0.011097641	
S11000.iliopsoas-pelvis_tilt.KV 	0.14396463	0.14490841	0.002005227	
S11000.iliopsoas-hamstrings.KL  	-8.2523394	-8.29916	0.070844828	
S11000.iliopsoas-hamstrings.L0  	1.1661944	1.1664143	0.0016167564	
S11000.hamstrings.KF            	0.5746471	0.57528051	0.0015581297	
S11000.glut_max.KF              	0.62269804	0.62158886	0.0017682689	
