pelvis_tilt.offset              	0.020851906	0.020846982	2.3275938e-05	
hip_flexion_r.offset            	0.068328199	0.068341103	2.2307397e-05	
knee_angle_r.offset             	-0.0022324522	-0.0022450604	2.5267435e-05	
ankle_angle_r.offset            	-0.057280958	-0.057253824	3.1826297e-05	
hip_flexion_l.offset            	-0.0081713773	-0.0082114101	4.745586e-05	
knee_angle_l.offset             	0.059729561	0.059703469	3.4947057e-05	
ankle_angle_l.offset            	0.18748779	0.18749197	3.3202027e-05	
stance_load_threshold           	0.15613841	0.15617774	3.8262986e-05	
S00111.tib_ant.KL               	1.2459661	1.2457942	0.00061754153	
S00111.tib_ant.L0               	0.74880869	0.7488105	6.5863465e-05	
S00111.tib_ant.KS               	0.00017141383	0.00016207663	1.3184624e-05	
S11000.tib_ant.KL               	1.2233677	1.2228582	0.00035520424	
S11000.tib_ant.L0               	0.73616696	0.73616628	4.9420341e-05	
S11000.tib_ant.KS               	0.035057806	0.035094319	3.1532286e-05	
S11111.tib_ant-soleus.KF        	-0.10672656	-0.10666848	5.0076119e-05	
S00111.soleus-tib_ant.KS        	-0.87266861	-0.87161542	0.00063152343	
S11000.soleus-tib_ant.KS        	-3.2486391	-3.2484385	0.00082896739	
S00111.gastroc-tib_ant.KS       	-0.33603692	-0.3362577	0.00057134693	
S11000.gastroc-tib_ant.KS       	-1.6344382	-1.6348483	0.00067259447	
S00111.tib_ant-gastroc.KS       	-0.00395169	-0.0037552355	0.0025166551	
S11000.tib_ant-gastroc.KS       	-0.00366451	-0.0035209777	0.0024596347	
S00111.tib_ant-soleus.KS        	-0.00313515	-0.0034112876	0.0025830133	
S11000.tib_ant-soleus.KS        	-0.0034666	-0.0033479869	0.0024733502	
S00111.gastroc.KL               	0.07638203	0.075973007	0.00049726511	
S00111.gastroc.L0               	0.83534652	0.83535532	0.0002806156	
S00111.gastroc.KF               	1.4075656	1.4075478	3.3510068e-05	
S00111.soleus.KL                	4.0795638	4.0792898	0.0006232407	
S00111.soleus.L0                	0.95570087	0.95579182	0.00014311023	
S00111.soleus.KF                	0.22740689	0.22738542	5.029896e-05	
S11000.gastroc.KL               	0.0091744675	0.0089915258	0.00029064304	
S11000.gastroc.L0               	0.51052542	0.51021903	0.00028539587	
S11000.gastroc.KF               	-1.8209819	-1.8207497	0.00067203084	
S11000.soleus.KL                	0.77982875	0.78050402	0.0011437872	
S11000.soleus.L0                	0.89184168	0.89169095	0.00024693761	
S11000.soleus.KF                	-0.91876462	-0.91921764	0.0010505676	
S00011.vasti.KF                 	0.83674036	0.83675089	0.00013753084	
S00011.vasti.C0                 	0.082265082	0.082340659	3.0983115e-05	
S00011.vasti-knee_angle.pos_max 	-0.3093921	-0.30935985	5.0752106e-05	
S00011.hamstrings-pelvis_tilt.KP	0.7090529	0.70957377	0.00057244824	
S00011.hamstrings-pelvis_tilt.KV	0.56502323	0.56499663	2.8267794e-05	
S00011.hamstrings-pelvis_tilt.C0	0.026208008	0.02625912	5.6408027e-05	
S00011.glut_max-pelvis_tilt.KP  	1.4919873	1.4921206	0.00048684554	
S00011.glut_max-pelvis_tilt.KV  	0.31137829	0.31137107	3.072043e-05	
S00011.glut_max-pelvis_tilt.C0  	0.16600206	0.16602039	4.9586608e-05	
S00011.iliopsoas-pelvis_tilt.KP 	-3.5004869	-3.5007061	0.00079528923	
S00011.iliopsoas-pelvis_tilt.KV 	-0.54759168	-0.54762614	3.6250747e-05	
S00011.iliopsoas-pelvis_tilt.C0 	0.34224194	0.34215854	7.7748621e-05	
S00100.iliopsoas.C0             	0.33869304	0.33866517	4.2298909e-05	
S00100.glut_max.C0              	-0.024979887	-0.024990621	3.1581266e-05	
S11000.iliopsoas.KL             	0.55795643	0.5579434	3.5324134e-05	
S11000.iliopsoas.L0             	0.39703465	0.39701856	4.01874e-05	
S11000.iliopsoas-pelvis_tilt.P0 	-0.044731835	-0.044786719	3.1648484e-05	
S11000.iliopsoas-pelvis_tilt.KP 	0.011907392	0.011750817	0.00013604737	
S11000.iliopsoas-pelvis_tilt.KV 	0.14304947	0.14300533	3.7235193e-05	
S11000.iliopsoas-hamstrings.KL  	-8.2273057	-8.2300192	0.0012672748	
S11000.iliopsoas-hamstrings.L0  	1.1652717	1.1652981	3.0550187e-05	
S11000.hamstrings.KF            	0.57480511	0.57480324	2.910589e-05	
S11000.glut_max.KF              	0.62094415	0.62094006	3.203634e-05	
