pelvis_tilt.offset              	0.020364896	0.02043213	0.0012695683	
hip_flexion_r.offset            	0.073072937	0.070476678	0.001198399	
knee_angle_r.offset             	0.00039605518	0.00096184752	0.0013168672	
ankle_angle_r.offset            	-0.055298302	-0.056645931	0.0017081446	
hip_flexion_l.offset            	-0.0054034313	-0.0040737903	0.0024240318	
knee_angle_l.offset             	0.057696563	0.059882052	0.0018731216	
ankle_angle_l.offset            	0.18474465	0.18701341	0.0017877056	
stance_load_threshold           	0.15205239	0.15244174	0.0019745735	
S00111.tib_ant.KL               	1.2244858	1.2110431	0.03259835	
S00111.tib_ant.L0               	0.76806074	0.76930485	0.0035205718	
S00111.tib_ant.KS               	0.000173	0.00016622797	0.0013953714	
S11000.tib_ant.KL               	1.2242357	1.2460278	0.018590507	
S11000.tib_ant.L0               	0.74204094	0.74439639	0.0027135754	
S11000.tib_ant.KS               	0.034608914	0.035663603	0.0017220137	
S11111.tib_ant-soleus.KF        	-0.10952933	-0.10938225	0.0029345661	
S00111.soleus-tib_ant.KS        	-0.80888339	-0.82697351	0.03729475	
S11000.soleus-tib_ant.KS        	-3.2931432	-3.309522	0.043452843	
S00111.gastroc-tib_ant.KS       	-0.34479975	-0.32680574	0.032298723	
S11000.gastroc-tib_ant.KS       	-1.6986105	-1.6891773	0.036134525	
S00111.tib_ant-gastroc.KS       	-0.00357534	-0.0037227761	0.27611825	
S11000.tib_ant-gastroc.KS       	-0.00366451	-0.0035075	0.2698785	
S00111.tib_ant-soleus.KS        	-0.00313515	-0.0033060074	0.28344966	
S11000.tib_ant-soleus.KS        	-0.00313645	-0.003274026	0.27140877	
S00111.gastroc.L0               	0.87952945	0.85964002	0.014317988	
S00111.gastroc.KS               	0.17739288	0.17594754	0.015969571	
S00111.soleus.L0                	0.94357187	0.94310757	0.0083120383	
S00111.soleus.KS                	0.16520068	0.16023315	0.023336401	
S11000.gastroc.KL               	0.00837043	0.0088493295	0.027539961	
S11000.gastroc.L0               	0.51782047	0.53173097	0.015090237	
S11000.gastroc.KF               	-1.7959617	-1.8298716	0.035537987	
S11000.gastroc.KS               	0.25888355	0.26388107	0.032666848	
S11000.soleus.KL                	0.83550528	0.80483956	0.062811324	
S11000.soleus.L0                	0.88079044	0.88654664	0.013927179	
S11000.soleus.KF                	-0.88978916	-0.93302955	0.058421074	
S11000.soleus.KS                	0.1022613	0.10565412	0.051143278	
S00011.vasti.KF                 	0.81658055	0.8160562	0.0077355447	
S00011.vasti.C0                 	0.087425523	0.087703278	0.0017543012	
S00011.vasti-knee_angle.pos_max 	-0.3068452	-0.30631402	0.0026757959	
S00011.hamstrings-pelvis_tilt.KP	0.71730742	0.71545767	0.030810223	
S00011.hamstrings-pelvis_tilt.KV	0.56726863	0.56890559	0.0015652445	
S00011.hamstrings-pelvis_tilt.C0	0.02778807	0.026252216	0.0033919826	
S00011.glut_max-pelvis_tilt.KP  	1.4307897	1.4537534	0.025497552	
S00011.glut_max-pelvis_tilt.KV  	0.31264865	0.31267538	0.0015916456	
S00011.glut_max-pelvis_tilt.C0  	0.15164074	0.15583207	0.0026718164	
S00011.iliopsoas-pelvis_tilt.KP 	-3.4308256	-3.5103124	0.042514102	
S00011.iliopsoas-pelvis_tilt.KV 	-0.54248214	-0.54365736	0.0019450039	
S00011.iliopsoas-pelvis_tilt.C0 	0.33510063	0.33770853	0.0041898707	
S00100.iliopsoas.C0             	0.34092305	0.33874582	0.0023048149	
S00100.glut_max.C0              	-0.02526121	-0.024405076	0.0017620986	
S11000.iliopsoas.KL             	0.56311814	0.55904811	0.0019701689	
S11000.iliopsoas.L0             	0.39494946	0.39382791	0.002188364	
S11000.iliopsoas-pelvis_tilt.P0 	-0.044062204	-0.043997192	0.001755505	
S11000.iliopsoas-pelvis_tilt.KP 	0.01196527	0.01153679	0.011086631	
S11000.iliopsoas-pelvis_tilt.KV 	0.14688983	0.14837008	0.0020272932	
S11000.iliopsoas-hamstrings.KL  	-8.1343221	-8.2701588	0.071707915	
S11000.iliopsoas-hamstrings.L0  	1.1654385	1.1659104	0.001635139	
S11000.hamstrings.KF            	0.57533072	0.57508556	0.0015702817	
S11000.glut_max.KF              	0.62612003	0.62527962	0.0018013045	
