pelvis_tilt.offset              	0.020143993	0.021856172	0.0011856566	
hip_flexion_r.offset            	0.067313647	0.070151021	0.0011234941	
knee_angle_r.offset             	0.0024622684	0.0024707027	0.0012332716	
ankle_angle_r.offset            	-0.056613846	-0.056197856	0.0015924618	
hip_flexion_l.offset            	-0.0063352044	-0.0044570994	0.0022624696	
knee_angle_l.offset             	0.062313711	0.060665689	0.0017508444	
ankle_angle_l.offset            	0.18683309	0.18578773	0.0016748588	
stance_load_threshold           	0.15310185	0.15151069	0.0018470374	
S00111.tib_ant.KL               	1.238149	1.2286732	0.030377374	
S00111.tib_ant.L0               	0.76927177	0.76778746	0.0032906011	
S00111.tib_ant.KS               	0.000173	0.00016721111	0.0012896925	
S11000.tib_ant.KL               	1.2154309	1.2263449	0.017379508	
S11000.tib_ant.L0               	0.74445978	0.74257813	0.0025363876	
S11000.tib_ant.KS               	0.035310493	0.035420414	0.0015994133	
S11111.tib_ant-soleus.KF        	-0.11057176	-0.11039512	0.0027355788	
S00111.soleus-tib_ant.KS        	-0.88773348	-0.81861162	0.034613986	
S11000.soleus-tib_ant.KS        	-3.2440475	-3.3118197	0.040773987	
S00111.gastroc-tib_ant.KS       	-0.32171493	-0.32542476	0.029877817	
S11000.gastroc-tib_ant.KS       	-1.6293021	-1.670839	0.033695921	
S00111.tib_ant-gastroc.KS       	-0.00357534	-0.003651412	0.25520626	
S11000.tib_ant-gastroc.KS       	-0.00331551	-0.0034525816	0.24943907	
S00111.tib_ant-soleus.KS        	-0.00346517	-0.0033411707	0.26198241	
S11000.tib_ant-soleus.KS        	-0.00313645	-0.0033372005	0.25085345	
S00111.gastroc.L0               	0.85842726	0.84532222	0.013384305	
S00111.gastroc.KS               	0.17352564	0.17554669	0.01476601	
S00111.soleus.L0                	0.92287157	0.93045148	0.0078400115	
S00111.soleus.KS                	0.16520068	0.15900094	0.021590631	
S11000.gastroc.KL               	0.00925153	0.0086371696	0.025454293	
S11000.gastroc.L0               	0.51442054	0.51572246	0.014115297	
S11000.gastroc.KF               	-1.8192913	-1.832772	0.033127535	
S11000.gastroc.KS               	0.26462058	0.26390487	0.030237146	
S11000.soleus.KL                	0.80162225	0.8129404	0.058261767	
S11000.soleus.L0                	0.87516757	0.8839901	0.012987784	
S11000.soleus.KF                	-0.88012634	-0.92125513	0.054210674	
S11000.soleus.KS                	0.1022613	0.10817801	0.047275607	
S00011.vasti.KF                 	0.8145512	0.81853678	0.0072434749	
S00011.vasti.C0                 	0.086120594	0.087484676	0.0016280959	
S00011.vasti-knee_angle.pos_max 	-0.30579692	-0.30913902	0.0025076045	
S00011.hamstrings-pelvis_tilt.KP	0.71283812	0.70231606	0.028657841	
S00011.hamstrings-pelvis_tilt.KV	0.56903639	0.56867136	0.0014641206	
S00011.hamstrings-pelvis_tilt.C0	0.02514159	0.027011828	0.003139522	
S00011.glut_max-pelvis_tilt.KP  	1.4649546	1.4451675	0.023767849	
S00011.glut_max-pelvis_tilt.KV  	0.31036398	0.3119099	0.0014846427	
S00011.glut_max-pelvis_tilt.C0  	0.15369093	0.15441217	0.0025002633	
S00011.iliopsoas-pelvis_tilt.KP 	-3.5626711	-3.5072757	0.039757094	
S00011.iliopsoas-pelvis_tilt.KV 	-0.54177072	-0.54357445	0.0018192615	
S00011.iliopsoas-pelvis_tilt.C0 	0.33416621	0.3355236	0.0039207237	
S00100.iliopsoas.C0             	0.34234362	0.33877417	0.0021490895	
S00100.glut_max.C0              	-0.025166351	-0.024723164	0.0016340731	
S11000.iliopsoas.KL             	0.55888919	0.55749149	0.0018477722	
S11000.iliopsoas.L0             	0.38944754	0.39345078	0.0020437775	
S11000.iliopsoas-pelvis_tilt.P0 	-0.0438326	-0.04534232	0.0016333726	
S11000.iliopsoas-pelvis_tilt.KP 	0.01082572	0.011365937	0.01024727	
S11000.iliopsoas-pelvis_tilt.KV 	0.14555376	0.14766676	0.0018955848	
S11000.iliopsoas-hamstrings.KL  	-8.1681352	-8.2422033	0.067167908	
S11000.iliopsoas-hamstrings.L0  	1.1633446	1.1655429	0.0015245819	
S11000.hamstrings.KF            	0.58067555	0.57663218	0.0014661895	
S11000.glut_max.KF              	0.62733075	0.62551926	0.0016868439	
