pelvis_tilt.offset              	0.024326232	0.024521588	0.00053272087	
hip_flexion_r.offset            	0.071611083	0.071662683	0.0005007424	
knee_angle_r.offset             	0.0023034592	0.0021943765	0.00054200172	
ankle_angle_r.offset            	-0.057357787	-0.056335529	0.00070123038	
hip_flexion_l.offset            	-0.0064103133	-0.0053175559	0.0010111187	
knee_angle_l.offset             	0.061812769	0.061557573	0.00077311914	
ankle_angle_l.offset            	0.18539303	0.18482837	0.00073838663	
stance_load_threshold           	0.15065141	0.15125593	0.00081346054	
S00111.tib_ant.KL               	1.2656034	1.2441213	0.013187532	
S00111.tib_ant.L0               	0.76424407	0.7622942	0.0014471281	
S00111.tib_ant.KS               	0.00015652	0.00016429424	0.00051180714	
S11000.tib_ant.KL               	1.2378145	1.2515739	0.007635204	
S11000.tib_ant.L0               	0.74522099	0.74637396	0.0011299128	
S11000.tib_ant.KS               	0.036099281	0.036183671	0.00069009666	
S11111.tib_ant-soleus.KF        	-0.11146766	-0.11048921	0.0011964495	
S00111.soleus-tib_ant.KS        	-0.80888339	-0.82398295	0.014374972	
S11000.soleus-tib_ant.KS        	-3.2717777	-3.2851739	0.018060431	
S00111.gastroc-tib_ant.KS       	-0.33181363	-0.32554272	0.012055613	
S11000.gastroc-tib_ant.KS       	-1.634952	-1.6685937	0.01478678	
S00111.tib_ant-gastroc.KS       	-0.00395169	-0.0037829761	0.10127567	
S11000.tib_ant-gastroc.KS       	-0.00331551	-0.0034869824	0.098987023	
S00111.tib_ant-soleus.KS        	-0.00313515	-0.0032752361	0.1039647	
S11000.tib_ant-soleus.KS        	-0.00313645	-0.0033192846	0.099548298	
S00111.gastroc.L0               	0.86285841	0.87054326	0.005932282	
S00111.gastroc.KS               	0.17730613	0.17415126	0.0060298975	
S00111.soleus.L0                	0.92164285	0.92448617	0.0034417471	
S00111.soleus.KS                	0.16520068	0.16053272	0.0087915476	
S11000.gastroc.KL               	0.00925153	0.0088349709	0.010102374	
S11000.gastroc.L0               	0.53935299	0.53775413	0.0062363196	
S11000.gastroc.KF               	-1.8264589	-1.8304432	0.014453612	
S11000.gastroc.KS               	0.26820321	0.26911133	0.012467991	
S11000.soleus.KL                	0.77365183	0.80515352	0.024430072	
S11000.soleus.L0                	0.87050286	0.8751404	0.0057985038	
S11000.soleus.KF                	-0.88913027	-0.92162169	0.023193901	
S11000.soleus.KS                	0.11302564	0.10675419	0.01884003	
S00011.vasti.KF                 	0.82394031	0.82653614	0.0031356627	
S00011.vasti.C0                 	0.082241449	0.082680011	0.00071336417	
S00011.vasti-knee_angle.pos_max 	-0.31017887	-0.31210809	0.0011116141	
S00011.hamstrings-pelvis_tilt.KP	0.7164036	0.72489901	0.012557454	
S00011.hamstrings-pelvis_tilt.KV	0.56792509	0.56848468	0.0006402424	
S00011.hamstrings-pelvis_tilt.C0	0.025687767	0.026064485	0.0012888193	
S00011.glut_max-pelvis_tilt.KP  	1.4493918	1.4488244	0.010338684	
S00011.glut_max-pelvis_tilt.KV  	0.31199847	0.31178488	0.00065559468	
S00011.glut_max-pelvis_tilt.C0  	0.15573723	0.15419059	0.0011038516	
S00011.iliopsoas-pelvis_tilt.KP 	-3.6304432	-3.6040464	0.01794642	
S00011.iliopsoas-pelvis_tilt.KV 	-0.54170846	-0.5421444	0.00080275162	
S00011.iliopsoas-pelvis_tilt.C0 	0.34730515	0.34564633	0.0017783633	
S00100.iliopsoas.C0             	0.33905648	0.34004451	0.00093989182	
S00100.glut_max.C0              	-0.025834825	-0.024751167	0.00069221933	
S11000.iliopsoas.KL             	0.56128694	0.5610911	0.00081521395	
S11000.iliopsoas.L0             	0.39342818	0.39245623	0.00089882815	
S11000.iliopsoas-pelvis_tilt.P0 	-0.042712687	-0.044024759	0.00071291398	
S11000.iliopsoas-pelvis_tilt.KP 	0.01196527	0.011386839	0.0040708889	
S11000.iliopsoas-pelvis_tilt.KV 	0.14316328	0.14346359	0.00084450022	
S11000.iliopsoas-hamstrings.KL  	-8.2706815	-8.2529089	0.029720105	
S11000.iliopsoas-hamstrings.L0  	1.166978	1.1659748	0.00066888905	
S11000.hamstrings.KF            	0.57388272	0.57410964	0.00065456145	
S11000.glut_max.KF              	0.62436066	0.62471835	0.00074426541	
