pelvis_tilt.offset              	0.026263491	0.025186489	0.00045245036	
hip_flexion_r.offset            	0.072012361	0.072115486	0.00041381557	
knee_angle_r.offset             	0.0024338068	0.0019606399	0.00044901013	
ankle_angle_r.offset            	-0.056346701	-0.05665199	0.00057988722	
hip_flexion_l.offset            	-0.0021551638	-0.0029063018	0.00083720157	
knee_angle_l.offset             	0.060061427	0.060965388	0.00063731096	
ankle_angle_l.offset            	0.18666887	0.18555015	0.00060910555	
stance_load_threshold           	0.15089058	0.1508914	0.00067555098	
S00111.tib_ant.KL               	1.2542915	1.2487233	0.010969201	
S00111.tib_ant.L0               	0.7636261	0.7623498	0.0012014074	
S00111.tib_ant.KS               	0.00015652	0.00016782248	0.00040839729	
S11000.tib_ant.KL               	1.2528129	1.2473647	0.0062875656	
S11000.tib_ant.L0               	0.74574669	0.74516336	0.00092929272	
S11000.tib_ant.KS               	0.03726336	0.036677649	0.0005661401	
S11111.tib_ant-soleus.KF        	-0.10892806	-0.10924279	0.00098365751	
S00111.soleus-tib_ant.KS        	-0.80888339	-0.82371274	0.011728921	
S11000.soleus-tib_ant.KS        	-3.2916196	-3.2802482	0.014869533	
S00111.gastroc-tib_ant.KS       	-0.32171493	-0.32354463	0.0096815506	
S11000.gastroc-tib_ant.KS       	-1.6418308	-1.6503881	0.012170881	
S00111.tib_ant-gastroc.KS       	-0.00357534	-0.0037613267	0.080812012	
S11000.tib_ant-gastroc.KS       	-0.00366451	-0.0034855575	0.078985809	
S00111.tib_ant-soleus.KS        	-0.00346517	-0.0032894385	0.082957699	
S11000.tib_ant-soleus.KS        	-0.00313645	-0.0032871872	0.079433672	
S00111.gastroc.L0               	0.86799494	0.86498508	0.0049164925	
S00111.gastroc.KS               	0.17637428	0.17705865	0.0048375992	
S00111.soleus.L0                	0.92716369	0.9216204	0.0028191617	
S00111.soleus.KS                	0.16251203	0.15751647	0.0071360118	
S11000.gastroc.KL               	0.00925153	0.0088598039	0.0080617763	
S11000.gastroc.L0               	0.52993378	0.53276822	0.0051804936	
S11000.gastroc.KF               	-1.8477043	-1.8363608	0.011964129	
S11000.gastroc.KS               	0.25878029	0.27236224	0.01016147	
S11000.soleus.KL                	0.80949452	0.79450414	0.020000378	
S11000.soleus.L0                	0.8672069	0.86643188	0.0048508239	
S11000.soleus.KF                	-0.95885434	-0.93161285	0.019028982	
S11000.soleus.KS                	0.11302564	0.10619874	0.015078392	
S00011.vasti.KF                 	0.82401075	0.826576	0.0025767164	
S00011.vasti.C0                 	0.081501596	0.081693286	0.00059354497	
S00011.vasti-knee_angle.pos_max 	-0.31185063	-0.31245552	0.00092122702	
S00011.hamstrings-pelvis_tilt.KP	0.70992005	0.7241235	0.010260866	
S00011.hamstrings-pelvis_tilt.KV	0.56996042	0.56881564	0.00052603913	
S00011.hamstrings-pelvis_tilt.C0	0.026437796	0.025661315	0.0010458197	
S00011.glut_max-pelvis_tilt.KP  	1.4200938	1.4360399	0.008595488	
S00011.glut_max-pelvis_tilt.KV  	0.31165763	0.31157227	0.00054556216	
S00011.glut_max-pelvis_tilt.C0  	0.15668261	0.1548393	0.00091374534	
S00011.iliopsoas-pelvis_tilt.KP 	-3.5948683	-3.5744354	0.014743223	
S00011.iliopsoas-pelvis_tilt.KV 	-0.543884	-0.54241393	0.00066309489	
S00011.iliopsoas-pelvis_tilt.C0 	0.34839948	0.34719697	0.0014753494	
S00100.iliopsoas.C0             	0.33743198	0.33805842	0.00078118524	
S00100.glut_max.C0              	-0.023707684	-0.024661688	0.00056771433	
S11000.iliopsoas.KL             	0.56122927	0.56141953	0.00067439943	
S11000.iliopsoas.L0             	0.3922909	0.39299035	0.00074393084	
S11000.iliopsoas-pelvis_tilt.P0 	-0.042923315	-0.042939888	0.00059097896	
S11000.iliopsoas-pelvis_tilt.KP 	0.01082572	0.011508793	0.0032508639	
S11000.iliopsoas-pelvis_tilt.KV 	0.1413056	0.14227785	0.00070111245	
S11000.iliopsoas-hamstrings.KL  	-8.3384975	-8.3170122	0.024904548	
S11000.iliopsoas-hamstrings.L0  	1.1654501	1.1647155	0.00055487555	
S11000.hamstrings.KF            	0.57464	0.57454404	0.00053808964	
S11000.glut_max.KF              	0.62585886	0.62556697	0.00061103896	
