pelvis_tilt.offset              	0.024684325	0.024644897	7.2694122e-05	
hip_flexion_r.offset            	0.073108086	0.073160523	6.5756613e-05	
knee_angle_r.offset             	0.0022028894	0.002182842	6.9685237e-05	
ankle_angle_r.offset            	-0.05720852	-0.057204761	9.0072855e-05	
hip_flexion_l.offset            	-0.0020125089	-0.0021775569	0.00013117043	
knee_angle_l.offset             	0.061050502	0.060970425	9.792918e-05	
ankle_angle_l.offset            	0.18717743	0.18712489	0.00010285472	
stance_load_threshold           	0.15162419	0.15194284	0.0001051853	
S00111.tib_ant.KL               	1.2302921	1.2299346	0.0017285883	
S00111.tib_ant.L0               	0.75978796	0.75997141	0.00018940172	
S00111.tib_ant.KS               	0.00017120953	0.0001654994	4.8074418e-05	
S11000.tib_ant.KL               	1.2497374	1.2505379	0.00097587696	
S11000.tib_ant.L0               	0.74559	0.7455079	0.00014329985	
S11000.tib_ant.KS               	0.03585927	0.035782681	8.9815877e-05	
S11111.tib_ant-soleus.KF        	-0.10882861	-0.108802	0.00015007945	
S00111.soleus-tib_ant.KS        	-0.82176508	-0.8212995	0.0017729964	
S11000.soleus-tib_ant.KS        	-3.2973822	-3.2966432	0.0022973187	
S00111.gastroc-tib_ant.KS       	-0.32249912	-0.32363429	0.0012889447	
S11000.gastroc-tib_ant.KS       	-1.6662893	-1.6661094	0.0018737062	
S00111.tib_ant-gastroc.KS       	-0.00395169	-0.0036896314	0.0094924777	
S11000.tib_ant-gastroc.KS       	-0.00331551	-0.0034791669	0.0092779454	
S00111.tib_ant-soleus.KS        	-0.00313515	-0.0032810241	0.0097444266	
S11000.tib_ant-soleus.KS        	-0.0034666	-0.0032945269	0.0093304956	
S00111.gastroc.L0               	0.86762767	0.86772603	0.00078148885	
S00111.gastroc.KS               	0.17567176	0.17648885	0.00065052997	
S00111.soleus.L0                	0.9223782	0.92187152	0.00043255157	
S00111.soleus.KS                	0.16265572	0.16366225	0.0010758783	
S11000.gastroc.KL               	0.008780644	0.0085290076	0.00095999373	
S11000.gastroc.L0               	0.53078027	0.53066342	0.00080886529	
S11000.gastroc.KF               	-1.8565525	-1.8568702	0.0018786537	
S11000.gastroc.KS               	0.27173876	0.27236913	0.0015668271	
S11000.soleus.KL                	0.80061905	0.79979951	0.0030309809	
S11000.soleus.L0                	0.86992629	0.87075132	0.00075773261	
S11000.soleus.KF                	-0.92005371	-0.91777677	0.0030152733	
S11000.soleus.KS                	0.11089424	0.10840117	0.002081279	
S00011.vasti.KF                 	0.82587617	0.82575361	0.00039941982	
S00011.vasti.C0                 	0.081351957	0.081446216	8.8770165e-05	
S00011.vasti-knee_angle.pos_max 	-0.31250557	-0.31256113	0.00014325944	
S00011.hamstrings-pelvis_tilt.KP	0.73722038	0.73535509	0.0015577388	
S00011.hamstrings-pelvis_tilt.KV	0.56941697	0.56943617	8.0711061e-05	
S00011.hamstrings-pelvis_tilt.C0	0.026006355	0.026105971	0.00015614665	
S00011.glut_max-pelvis_tilt.KP  	1.4277977	1.4267721	0.0012853269	
S00011.glut_max-pelvis_tilt.KV  	0.31162841	0.31160989	8.3944968e-05	
S00011.glut_max-pelvis_tilt.C0  	0.15557382	0.15584989	0.000145583	
S00011.iliopsoas-pelvis_tilt.KP 	-3.5801081	-3.5820538	0.0022943473	
S00011.iliopsoas-pelvis_tilt.KV 	-0.54296105	-0.54285654	0.00010723316	
S00011.iliopsoas-pelvis_tilt.C0 	0.34628007	0.34608586	0.00022924493	
S00100.iliopsoas.C0             	0.33751578	0.33748203	0.000121987	
S00100.glut_max.C0              	-0.024426172	-0.024406691	8.8057649e-05	
S11000.iliopsoas.KL             	0.56210906	0.56238513	0.00010544758	
S11000.iliopsoas.L0             	0.39140096	0.39137276	0.00011679686	
S11000.iliopsoas-pelvis_tilt.P0 	-0.042396411	-0.042369929	9.1651906e-05	
S11000.iliopsoas-pelvis_tilt.KP 	0.011442561	0.011717885	0.00041417798	
S11000.iliopsoas-pelvis_tilt.KV 	0.1403176	0.14028063	0.00011019621	
S11000.iliopsoas-hamstrings.KL  	-8.3165984	-8.3138155	0.0038230601	
S11000.iliopsoas-hamstrings.L0  	1.1638054	1.1638202	8.8063688e-05	
S11000.hamstrings.KF            	0.57369366	0.57361957	8.2169399e-05	
S11000.glut_max.KF              	0.62617505	0.62612116	9.4935582e-05	
