pelvis_tilt.offset              	0.023253611	0.022972594	0.00028339023	
hip_flexion_r.offset            	0.068887695	0.069156025	0.00026827215	
knee_angle_r.offset             	-0.00032926558	-0.0007173344	0.00029677705	
ankle_angle_r.offset            	-0.060548673	-0.060539185	0.00038912249	
hip_flexion_l.offset            	-0.0093374334	-0.008958454	0.00054025326	
knee_angle_l.offset             	0.058144596	0.057921472	0.00042170276	
ankle_angle_l.offset            	0.18827747	0.18742951	0.00039818522	
stance_load_threshold           	0.15193367	0.15228606	0.0004454438	
S00111.tib_ant.KL               	1.2305591	1.2227048	0.0071392333	
S00111.tib_ant.L0               	0.75212016	0.75260818	0.00079997195	
S00111.tib_ant.KS               	0.00015652	0.00016956976	0.0002585109	
S11000.tib_ant.KL               	1.1736838	1.1769308	0.0041875884	
S11000.tib_ant.L0               	0.73687754	0.73697705	0.00059805772	
S11000.tib_ant.KS               	0.036302582	0.036390214	0.00038100236	
S11111.tib_ant-soleus.KF        	-0.11156994	-0.11181095	0.00065920816	
S00111.soleus-tib_ant.KS        	-0.8636309	-0.86169992	0.0080732164	
S11000.soleus-tib_ant.KS        	-3.3785319	-3.3765887	0.0097245041	
S00111.gastroc-tib_ant.KS       	-0.35225159	-0.34766461	0.0066295748	
S11000.gastroc-tib_ant.KS       	-1.6739368	-1.6765599	0.0079618124	
S00111.tib_ant-gastroc.KS       	-0.00395169	-0.003751491	0.051150732	
S11000.tib_ant-gastroc.KS       	-0.00331551	-0.0035138008	0.049994814	
S00111.tib_ant-soleus.KS        	-0.00313515	-0.0032765138	0.052508855	
S11000.tib_ant-soleus.KS        	-0.0034666	-0.0033539219	0.050278291	
S00111.gastroc.KL               	0.07523758	0.079396704	0.0065258576	
S00111.gastroc.L0               	0.85409256	0.85205948	0.003237534	
S00111.gastroc.KF               	1.4100307	1.4096323	0.0004059996	
S00111.soleus.KL                	4.0151334	4.016513	0.0072877601	
S00111.soleus.L0                	0.96985311	0.97057586	0.0017928602	
S00111.soleus.KF                	0.23541737	0.23376583	0.00060225964	
S11000.gastroc.KL               	0.00837043	0.0089312702	0.0051045603	
S11000.gastroc.L0               	0.53728908	0.53333565	0.0033243002	
S11000.gastroc.KF               	-1.7452619	-1.7429941	0.0079885771	
S11000.soleus.KL                	0.82294061	0.8268677	0.013129422	
S11000.soleus.L0                	0.88321886	0.87848578	0.0031419015	
S11000.soleus.KF                	-0.87809779	-0.88897434	0.012551797	
S00011.vasti.KF                 	0.82669162	0.82530052	0.0017169445	
S00011.vasti.C0                 	0.080644154	0.080670876	0.00036229306	
S00011.vasti-knee_angle.pos_max 	-0.30892868	-0.30997823	0.00060725248	
S00011.hamstrings-pelvis_tilt.KP	0.7161445	0.71878842	0.0067255114	
S00011.hamstrings-pelvis_tilt.KV	0.56814295	0.56789079	0.00035231867	
S00011.hamstrings-pelvis_tilt.C0	0.026461796	0.026710971	0.00069774735	
S00011.glut_max-pelvis_tilt.KP  	1.4989966	1.4985765	0.005672475	
S00011.glut_max-pelvis_tilt.KV  	0.31300188	0.31288912	0.00037229875	
S00011.glut_max-pelvis_tilt.C0  	0.15806478	0.15860726	0.00060412483	
S00011.iliopsoas-pelvis_tilt.KP 	-3.3543835	-3.3607176	0.0099570529	
S00011.iliopsoas-pelvis_tilt.KV 	-0.53802501	-0.53879216	0.00045121023	
S00011.iliopsoas-pelvis_tilt.C0 	0.32800961	0.33069653	0.0009631706	
S00100.iliopsoas.C0             	0.33970872	0.33885916	0.00051849926	
S00100.glut_max.C0              	-0.02514409	-0.025010421	0.0003784247	
S11000.iliopsoas.KL             	0.56006492	0.55971672	0.00043848065	
S11000.iliopsoas.L0             	0.38813093	0.38812354	0.00049111283	
S11000.iliopsoas-pelvis_tilt.P0 	-0.046083955	-0.045466489	0.00039706357	
S11000.iliopsoas-pelvis_tilt.KP 	0.011456212	0.011374293	0.0020635736	
S11000.iliopsoas-pelvis_tilt.KV 	0.15092567	0.15059249	0.00047259959	
S11000.iliopsoas-hamstrings.KL  	-8.2308837	-8.2511253	0.01598011	
S11000.iliopsoas-hamstrings.L0  	1.167078	1.1675939	0.00036579724	
S11000.hamstrings.KF            	0.57487427	0.57504659	0.00035553356	
S11000.glut_max.KF              	0.62096318	0.62084151	0.00040305809	
