pelvis_tilt.offset              	0.024431927	0.024426093	8.9143747e-05	
hip_flexion_r.offset            	0.068870388	0.068896178	8.3424023e-05	
knee_angle_r.offset             	-0.0011847572	-0.0011845887	9.0141341e-05	
ankle_angle_r.offset            	-0.062087912	-0.061917813	0.00012530143	
hip_flexion_l.offset            	-0.0092623445	-0.0092495677	0.00016445262	
knee_angle_l.offset             	0.058741593	0.05891665	0.00013228471	
ankle_angle_l.offset            	0.18822399	0.1883036	0.00012519635	
stance_load_threshold           	0.15266607	0.15265995	0.00013488759	
S00111.tib_ant.KL               	1.2302993	1.2307338	0.002202748	
S00111.tib_ant.L0               	0.74949211	0.74941667	0.0002465151	
S00111.tib_ant.KS               	0.000173	0.00016632888	5.9960596e-05	
S11000.tib_ant.KL               	1.1783033	1.1796915	0.0012647953	
S11000.tib_ant.L0               	0.73564658	0.73563428	0.00018792263	
S11000.tib_ant.KS               	0.036746597	0.036705843	0.0001146371	
S11111.tib_ant-soleus.KF        	-0.11172711	-0.11155276	0.0002057777	
S00111.soleus-tib_ant.KS        	-0.84089866	-0.84572407	0.0025116393	
S11000.soleus-tib_ant.KS        	-3.4028228	-3.4001658	0.002967545	
S00111.gastroc-tib_ant.KS       	-0.34913434	-0.35113083	0.0018960215	
S11000.gastroc-tib_ant.KS       	-1.6786187	-1.676557	0.0023996089	
S00111.tib_ant-gastroc.KS       	-0.00357534	-0.0037801806	0.011845812	
S11000.tib_ant-gastroc.KS       	-0.00366451	-0.0035272688	0.011578095	
S00111.tib_ant-soleus.KS        	-0.00313515	-0.0032143645	0.012160278	
S11000.tib_ant-soleus.KS        	-0.0034666	-0.0033733715	0.011643724	
S00111.gastroc.KL               	0.079313207	0.078488584	0.001779286	
S00111.gastroc.L0               	0.85048993	0.84993796	0.00099842798	
S00111.gastroc.KF               	1.4092661	1.4092584	0.00012552583	
S00111.soleus.KL                	4.0320091	4.0281687	0.0022517253	
S00111.soleus.L0                	0.97270257	0.9733485	0.00053112853	
S00111.soleus.KF                	0.23474897	0.23462358	0.00018427997	
S11000.gastroc.KL               	0.00837043	0.008644233	0.001193964	
S11000.gastroc.L0               	0.54223888	0.5444267	0.0010217538	
S11000.gastroc.KF               	-1.7585406	-1.7568476	0.0024689347	
S11000.soleus.KL                	0.8045201	0.80549136	0.0039434169	
S11000.soleus.L0                	0.86913596	0.8715803	0.00098199857	
S11000.soleus.KF                	-0.86917094	-0.87282499	0.0036729641	
S00011.vasti.KF                 	0.83045699	0.83038063	0.00051933864	
S00011.vasti.C0                 	0.080506388	0.080368476	0.00010772964	
S00011.vasti-knee_angle.pos_max 	-0.31135444	-0.31120484	0.00018726122	
S00011.hamstrings-pelvis_tilt.KP	0.70595252	0.70530496	0.0020746606	
S00011.hamstrings-pelvis_tilt.KV	0.56778354	0.56786016	0.00010533855	
S00011.hamstrings-pelvis_tilt.C0	0.025266259	0.025639068	0.00020876725	
S00011.glut_max-pelvis_tilt.KP  	1.4852179	1.4865571	0.0017348388	
S00011.glut_max-pelvis_tilt.KV  	0.31183259	0.31189348	0.00011681734	
S00011.glut_max-pelvis_tilt.C0  	0.15775055	0.15795298	0.0001786698	
S00011.iliopsoas-pelvis_tilt.KP 	-3.3457448	-3.3499601	0.0030420327	
S00011.iliopsoas-pelvis_tilt.KV 	-0.5395084	-0.53961258	0.00013870177	
S00011.iliopsoas-pelvis_tilt.C0 	0.32531437	0.32612679	0.0003049165	
S00100.iliopsoas.C0             	0.3379181	0.33794212	0.00015792267	
S00100.glut_max.C0              	-0.025305102	-0.025396346	0.00011487714	
S11000.iliopsoas.KL             	0.56005955	0.55992223	0.00013160391	
S11000.iliopsoas.L0             	0.38686839	0.38678812	0.00015417416	
S11000.iliopsoas-pelvis_tilt.P0 	-0.045281282	-0.045455941	0.0001230158	
S11000.iliopsoas-pelvis_tilt.KP 	0.011570221	0.011584097	0.00051074073	
S11000.iliopsoas-pelvis_tilt.KV 	0.15100631	0.15103758	0.00014583818	
S11000.iliopsoas-hamstrings.KL  	-8.2712727	-8.2640197	0.0049229398	
S11000.iliopsoas-hamstrings.L0  	1.1670814	1.1669346	0.00011024828	
S11000.hamstrings.KF            	0.57455775	0.57469787	0.00010723478	
S11000.glut_max.KF              	0.62145747	0.62116116	0.00012098283	
