pelvis_tilt.offset              	0.020128446	0.021084283	0.001527321	
hip_flexion_r.offset            	0.069114196	0.069099297	0.0014410427	
knee_angle_r.offset             	0.0017334689	0.00065531005	0.0015770817	
ankle_angle_r.offset            	-0.060402337	-0.057100583	0.002062249	
hip_flexion_l.offset            	-0.01025018	-0.0060856785	0.0029220769	
knee_angle_l.offset             	0.056908617	0.057102479	0.0022513077	
ankle_angle_l.offset            	0.18863003	0.18787425	0.0021562998	
stance_load_threshold           	0.15191947	0.15226376	0.0023692114	
S00111.tib_ant.KL               	1.2829375	1.2494767	0.039346151	
S00111.tib_ant.L0               	0.76955334	0.76402355	0.0042195746	
S00111.tib_ant.KS               	0.000173	0.00016476071	0.0017141138	
S11000.tib_ant.KL               	1.2265165	1.1983649	0.022367107	
S11000.tib_ant.L0               	0.7427504	0.73850055	0.0032603111	
S11000.tib_ant.KS               	0.035753653	0.035488918	0.00209065	
S11111.tib_ant-soleus.KF        	-0.1061128	-0.11087729	0.003550756	
S00111.soleus-tib_ant.KS        	-0.80888339	-0.8514562	0.045378514	
S11000.soleus-tib_ant.KS        	-3.3298493	-3.2734366	0.052100029	
S00111.gastroc-tib_ant.KS       	-0.32171493	-0.3386473	0.039621545	
S11000.gastroc-tib_ant.KS       	-1.6619568	-1.6848188	0.04355431	
S00111.tib_ant-gastroc.KS       	-0.00395169	-0.0037635176	0.33919172	
S11000.tib_ant-gastroc.KS       	-0.00331551	-0.0034900056	0.33152662	
S00111.tib_ant-soleus.KS        	-0.00313515	-0.0033001616	0.34819783	
S11000.tib_ant-soleus.KS        	-0.0034666	-0.0033015246	0.33340645	
S00111.gastroc.L0               	0.84528566	0.83881242	0.017260095	
S00111.gastroc.KS               	0.16100437	0.1689456	0.019577859	
S00111.soleus.L0                	0.94639522	0.96778415	0.0098995521	
S00111.soleus.KS                	0.16520068	0.15733398	0.028616807	
S11000.gastroc.KL               	0.00837043	0.0088109813	0.033830741	
S11000.gastroc.L0               	0.52886193	0.52370651	0.018200852	
S11000.gastroc.KF               	-1.8323485	-1.8163202	0.042789853	
S11000.gastroc.KS               	0.27887874	0.2655988	0.040031543	
S11000.soleus.KL                	0.76235452	0.80247844	0.076726913	
S11000.soleus.L0                	0.89655251	0.89856048	0.016712757	
S11000.soleus.KF                	-0.8707446	-0.91319461	0.071250876	
S11000.soleus.KS                	0.1022613	0.10764347	0.062813787	
S00011.vasti.KF                 	0.81060053	0.8199773	0.0093468068	
S00011.vasti.C0                 	0.084251043	0.084129782	0.0021171556	
S00011.vasti-knee_angle.pos_max 	-0.31125171	-0.30540968	0.0032295921	
S00011.hamstrings-pelvis_tilt.KP	0.74162866	0.70631301	0.03734017	
S00011.hamstrings-pelvis_tilt.KV	0.56791006	0.5667698	0.0018830359	
S00011.hamstrings-pelvis_tilt.C0	0.02514159	0.02646483	0.0041567953	
S00011.glut_max-pelvis_tilt.KP  	1.5455231	1.4940513	0.030549599	
S00011.glut_max-pelvis_tilt.KV  	0.31657279	0.31400002	0.001909932	
S00011.glut_max-pelvis_tilt.C0  	0.16153972	0.15962183	0.0032183616	
S00011.iliopsoas-pelvis_tilt.KP 	-3.4615667	-3.4930323	0.051472472	
S00011.iliopsoas-pelvis_tilt.KV 	-0.54398388	-0.5435024	0.0023456263	
S00011.iliopsoas-pelvis_tilt.C0 	0.3450752	0.33180903	0.0050553976	
S00100.iliopsoas.C0             	0.33804049	0.33785909	0.002772448	
S00100.glut_max.C0              	-0.025413486	-0.02465332	0.0021516828	
S11000.iliopsoas.KL             	0.55866935	0.56097945	0.0023702562	
S11000.iliopsoas.L0             	0.39369133	0.3909029	0.0026351428	
S11000.iliopsoas-pelvis_tilt.P0 	-0.04199752	-0.044207911	0.0021281677	
S11000.iliopsoas-pelvis_tilt.KP 	0.01082572	0.0113955	0.013618409	
S11000.iliopsoas-pelvis_tilt.KV 	0.14572016	0.14503447	0.0024410051	
S11000.iliopsoas-hamstrings.KL  	-8.1932177	-8.2549252	0.08638148	
S11000.iliopsoas-hamstrings.L0  	1.1655779	1.1659051	0.0019749648	
S11000.hamstrings.KF            	0.57139317	0.57509984	0.0018961592	
S11000.glut_max.KF              	0.62116808	0.62126484	0.0021540614	
