pelvis_tilt.offset              	0.020666853	0.022127476	0.0013359834	
hip_flexion_r.offset            	0.073248114	0.070887167	0.0012677687	
knee_angle_r.offset             	-0.00010129441	0.0014029758	0.0013913774	
ankle_angle_r.offset            	-0.056276871	-0.057599362	0.0018138895	
hip_flexion_l.offset            	-0.008277249	-0.0094324407	0.002570845	
knee_angle_l.offset             	0.059370478	0.059613163	0.0019791949	
ankle_angle_l.offset            	0.18543137	0.1872664	0.0018906949	
stance_load_threshold           	0.15601361	0.15477492	0.0020846366	
S00111.tib_ant.KL               	1.2419559	1.2238201	0.034386887	
S00111.tib_ant.L0               	0.76012611	0.76262063	0.0037150709	
S00111.tib_ant.KS               	0.00015652	0.00016686342	0.0014617553	
S11000.tib_ant.KL               	1.1946542	1.2107311	0.019593753	
S11000.tib_ant.L0               	0.74841252	0.74417088	0.002860804	
S11000.tib_ant.KS               	0.035069438	0.034967636	0.0018097187	
S11111.tib_ant-soleus.KF        	-0.11186523	-0.11040364	0.0031046722	
S00111.soleus-tib_ant.KS        	-0.80888339	-0.84550898	0.039193636	
S11000.soleus-tib_ant.KS        	-3.3543928	-3.327818	0.04602311	
S00111.gastroc-tib_ant.KS       	-0.32171493	-0.33108417	0.033915144	
S11000.gastroc-tib_ant.KS       	-1.6541693	-1.6947585	0.037879462	
S00111.tib_ant-gastroc.KS       	-0.00395169	-0.003841396	0.28925432	
S11000.tib_ant-gastroc.KS       	-0.00331551	-0.0034724729	0.28271771	
S00111.tib_ant-soleus.KS        	-0.00346517	-0.0033395263	0.29693451	
S11000.tib_ant-soleus.KS        	-0.0034666	-0.0032872202	0.28432079	
S00111.gastroc.L0               	0.83458495	0.85304934	0.015101884	
S00111.gastroc.KS               	0.17341438	0.17129104	0.016779855	
S00111.soleus.L0                	0.92139164	0.92488664	0.0089443744	
S00111.soleus.KS                	0.15245931	0.16232848	0.024462098	
S11000.gastroc.KL               	0.00925153	0.0087001952	0.02885022	
S11000.gastroc.L0               	0.52842599	0.52947632	0.015902117	
S11000.gastroc.KF               	-1.8331127	-1.839484	0.037388618	
S11000.gastroc.KS               	0.27887874	0.27188574	0.034247948	
S11000.soleus.KL                	0.77640322	0.79545263	0.06587442	
S11000.soleus.L0                	0.90377226	0.91126322	0.014633622	
S11000.soleus.KF                	-0.89748419	-0.91673872	0.061373851	
S11000.soleus.KS                	0.11302564	0.10786079	0.05358002	
S00011.vasti.KF                 	0.80637726	0.80120347	0.0082078366	
S00011.vasti.C0                 	0.083579578	0.083937747	0.0018380981	
S00011.vasti-knee_angle.pos_max 	-0.31095667	-0.3079588	0.0028435515	
S00011.hamstrings-pelvis_tilt.KP	0.71898211	0.71323393	0.0323498	
S00011.hamstrings-pelvis_tilt.KV	0.56977841	0.56961278	0.0016502799	
S00011.hamstrings-pelvis_tilt.C0	0.025169964	0.025919825	0.0035556583	
S00011.glut_max-pelvis_tilt.KP  	1.508956	1.5180554	0.026763064	
S00011.glut_max-pelvis_tilt.KV  	0.31439713	0.31330734	0.0016721882	
S00011.glut_max-pelvis_tilt.C0  	0.16195217	0.16202641	0.002821407	
S00011.iliopsoas-pelvis_tilt.KP 	-3.5420429	-3.5276995	0.045099423	
S00011.iliopsoas-pelvis_tilt.KV 	-0.54619551	-0.54660544	0.0020578983	
S00011.iliopsoas-pelvis_tilt.C0 	0.34041324	0.34302566	0.0044480774	
S00100.iliopsoas.C0             	0.33408533	0.33423834	0.0024560185	
S00100.glut_max.C0              	-0.024752022	-0.02434473	0.0018489035	
S11000.iliopsoas.KL             	0.55695332	0.55745328	0.0020851322	
S11000.iliopsoas.L0             	0.39705403	0.39628677	0.0023232771	
S11000.iliopsoas-pelvis_tilt.P0 	-0.042302442	-0.043016453	0.0018439555	
S11000.iliopsoas-pelvis_tilt.KP 	0.01196527	0.011319755	0.011614197	
S11000.iliopsoas-pelvis_tilt.KV 	0.14440135	0.14800466	0.0021416464	
S11000.iliopsoas-hamstrings.KL  	-8.1938057	-8.2611856	0.076202886	
S11000.iliopsoas-hamstrings.L0  	1.16241	1.1640555	0.0017303375	
S11000.hamstrings.KF            	0.57612432	0.57611072	0.0016647107	
S11000.glut_max.KF              	0.62190644	0.62116879	0.0018985873	
