pelvis_tilt.offset              	0.022191943	0.023150096	0.0011441332	
hip_flexion_r.offset            	0.073887499	0.072264085	0.0010884687	
knee_angle_r.offset             	0.0018561695	0.0013512755	0.0011876706	
ankle_angle_r.offset            	-0.056571623	-0.056623388	0.0015433441	
hip_flexion_l.offset            	-0.0091616929	-0.0088095736	0.0022004583	
knee_angle_l.offset             	0.057087876	0.058969752	0.0016880476	
ankle_angle_l.offset            	0.1852806	0.18773531	0.0016139244	
stance_load_threshold           	0.15762931	0.15561586	0.0017781381	
S00111.tib_ant.KL               	1.2323933	1.2120002	0.029233782	
S00111.tib_ant.L0               	0.75798674	0.76122826	0.0031578301	
S00111.tib_ant.KS               	0.00015652	0.00016851251	0.001231785	
S11000.tib_ant.KL               	1.1886539	1.1997177	0.016709416	
S11000.tib_ant.L0               	0.74719045	0.74438684	0.0024435881	
S11000.tib_ant.KS               	0.03371447	0.035281136	0.0015355723	
S11111.tib_ant-soleus.KF        	-0.10791439	-0.10760046	0.0026480209	
S00111.soleus-tib_ant.KS        	-0.8451466	-0.85461121	0.033292137	
S11000.soleus-tib_ant.KS        	-3.3529667	-3.3323171	0.039312726	
S00111.gastroc-tib_ant.KS       	-0.32171493	-0.33151492	0.028653036	
S11000.gastroc-tib_ant.KS       	-1.7261448	-1.7151585	0.032319878	
S00111.tib_ant-gastroc.KS       	-0.00357534	-0.0037655843	0.24374733	
S11000.tib_ant-gastroc.KS       	-0.00331551	-0.0035504016	0.2382391	
S00111.tib_ant-soleus.KS        	-0.00346517	-0.003312432	0.25021923	
S11000.tib_ant-soleus.KS        	-0.00313645	-0.0032456619	0.23958997	
S00111.gastroc.L0               	0.85129748	0.85261243	0.012839428	
S00111.gastroc.KS               	0.1710409	0.17367199	0.014164211	
S00111.soleus.L0                	0.92422568	0.92757034	0.0076623681	
S00111.soleus.KS                	0.16520068	0.15873024	0.020645129	
S11000.gastroc.KL               	0.00925153	0.008842677	0.024311437	
S11000.gastroc.L0               	0.50792657	0.53596554	0.013521635	
S11000.gastroc.KF               	-1.8781198	-1.849587	0.031914863	
S11000.gastroc.KS               	0.25231886	0.26778288	0.02891878	
S11000.soleus.KL                	0.84260236	0.81920441	0.055712633	
S11000.soleus.L0                	0.93120601	0.92239904	0.01254208	
S11000.soleus.KF                	-0.89667048	-0.92503215	0.051965155	
S11000.soleus.KS                	0.10402032	0.10921279	0.045158151	
S00011.vasti.KF                 	0.80344199	0.81041247	0.0069927401	
S00011.vasti.C0                 	0.083588813	0.082938329	0.0015624011	
S00011.vasti-knee_angle.pos_max 	-0.30920925	-0.3097193	0.0024323405	
S00011.hamstrings-pelvis_tilt.KP	0.67334586	0.700147	0.027485994	
S00011.hamstrings-pelvis_tilt.KV	0.57146356	0.57075108	0.0014134682	
S00011.hamstrings-pelvis_tilt.C0	0.02778807	0.02630779	0.0030009011	
S00011.glut_max-pelvis_tilt.KP  	1.5041239	1.5016608	0.022812226	
S00011.glut_max-pelvis_tilt.KV  	0.31340115	0.3129609	0.0014241657	
S00011.glut_max-pelvis_tilt.C0  	0.15834611	0.16126964	0.0024169216	
S00011.iliopsoas-pelvis_tilt.KP 	-3.5828416	-3.5147239	0.03843104	
S00011.iliopsoas-pelvis_tilt.KV 	-0.54976344	-0.54814931	0.0017604203	
S00011.iliopsoas-pelvis_tilt.C0 	0.34654905	0.34278107	0.0038124358	
S00100.iliopsoas.C0             	0.33880954	0.33662141	0.0021000524	
S00100.glut_max.C0              	-0.024927482	-0.024197335	0.0015644344	
S11000.iliopsoas.KL             	0.55934845	0.55862842	0.001782606	
S11000.iliopsoas.L0             	0.39622727	0.39554718	0.001979345	
S11000.iliopsoas-pelvis_tilt.P0 	-0.045095318	-0.044490897	0.0015670447	
S11000.iliopsoas-pelvis_tilt.KP 	0.011780148	0.011354964	0.0097873744	
S11000.iliopsoas-pelvis_tilt.KV 	0.14871726	0.1476593	0.0018236579	
S11000.iliopsoas-hamstrings.KL  	-8.2706918	-8.2765865	0.065016798	
S11000.iliopsoas-hamstrings.L0  	1.1632889	1.1642885	0.0014784371	
S11000.hamstrings.KF            	0.57738071	0.57629867	0.0014171634	
S11000.glut_max.KF              	0.62101301	0.62018897	0.0016201323	
