pelvis_tilt.offset              	0.023077315	0.022553693	0.00078437876	
hip_flexion_r.offset            	0.071191165	0.071658071	0.00075369993	
knee_angle_r.offset             	0.0012674521	0.00067215718	0.00081594689	
ankle_angle_r.offset            	-0.055247807	-0.05550055	0.0010607515	
hip_flexion_l.offset            	-0.0021707756	-0.0032781677	0.0015333997	
knee_angle_l.offset             	0.059821818	0.060009446	0.0011558491	
ankle_angle_l.offset            	0.18490832	0.18383209	0.001121288	
stance_load_threshold           	0.15421726	0.15300016	0.0012189211	
S00111.tib_ant.KL               	1.2727964	1.2666367	0.02014932	
S00111.tib_ant.L0               	0.75319319	0.75860027	0.0021772493	
S00111.tib_ant.KS               	0.00015652	0.00016617336	0.00081273421	
S11000.tib_ant.KL               	1.2133161	1.1991059	0.011482867	
S11000.tib_ant.L0               	0.7478748	0.74729992	0.0016991136	
S11000.tib_ant.KS               	0.034636714	0.035218788	0.0010443609	
S11111.tib_ant-soleus.KF        	-0.11404662	-0.11318475	0.0018180304	
S00111.soleus-tib_ant.KS        	-0.80888339	-0.82796909	0.022641258	
S11000.soleus-tib_ant.KS        	-3.3403944	-3.3328142	0.027133286	
S00111.gastroc-tib_ant.KS       	-0.32171493	-0.32807961	0.019078193	
S11000.gastroc-tib_ant.KS       	-1.7371555	-1.7220441	0.022184318	
S00111.tib_ant-gastroc.KS       	-0.00357534	-0.0038091389	0.16082447	
S11000.tib_ant-gastroc.KS       	-0.00331551	-0.0035145385	0.15719014	
S00111.tib_ant-soleus.KS        	-0.00346517	-0.003281671	0.16509463	
S11000.tib_ant-soleus.KS        	-0.0034666	-0.0033445317	0.15808144	
S00111.gastroc.L0               	0.85491497	0.86243196	0.0088174876	
S00111.gastroc.KS               	0.17739288	0.17390498	0.0094434178	
S00111.soleus.L0                	0.9246541	0.92625209	0.0052566153	
S00111.soleus.KS                	0.16520068	0.16070953	0.013718618	
S11000.gastroc.KL               	0.00925153	0.0087092212	0.016041029	
S11000.gastroc.L0               	0.52237564	0.52168557	0.0092746911	
S11000.gastroc.KF               	-1.8442038	-1.8910479	0.021883066	
S11000.gastroc.KS               	0.25231886	0.25684638	0.019261995	
S11000.soleus.KL                	0.76235452	0.79942338	0.037396893	
S11000.soleus.L0                	0.9015653	0.89697152	0.0086903707	
S11000.soleus.KF                	-0.92018925	-0.90070919	0.035001896	
S11000.soleus.KS                	0.1075754	0.10728975	0.029820768	
S00011.vasti.KF                 	0.80876516	0.80779454	0.0048207591	
S00011.vasti.C0                 	0.085287367	0.083881811	0.0010552362	
S00011.vasti-knee_angle.pos_max 	-0.31605269	-0.31417634	0.0016833301	
S00011.hamstrings-pelvis_tilt.KP	0.73694265	0.70703962	0.018711773	
S00011.hamstrings-pelvis_tilt.KV	0.57028751	0.5697159	0.00097101215	
S00011.hamstrings-pelvis_tilt.C0	0.02514159	0.026339081	0.0019962391	
S00011.glut_max-pelvis_tilt.KP  	1.5051546	1.5195738	0.015645567	
S00011.glut_max-pelvis_tilt.KV  	0.31366409	0.31270282	0.00097761966	
S00011.glut_max-pelvis_tilt.C0  	0.16008425	0.15944551	0.0016623773	
S00011.iliopsoas-pelvis_tilt.KP 	-3.5202389	-3.5517438	0.026375331	
S00011.iliopsoas-pelvis_tilt.KV 	-0.54800703	-0.54727454	0.0012211177	
S00011.iliopsoas-pelvis_tilt.C0 	0.33862898	0.34166584	0.0026096738	
S00100.iliopsoas.C0             	0.34253869	0.33950358	0.0014600353	
S00100.glut_max.C0              	-0.024629477	-0.024429095	0.0010525844	
S11000.iliopsoas.KL             	0.56182742	0.56042319	0.0012203576	
S11000.iliopsoas.L0             	0.39390064	0.39266621	0.0013623421	
S11000.iliopsoas-pelvis_tilt.P0 	-0.043778921	-0.043368859	0.0010657046	
S11000.iliopsoas-pelvis_tilt.KP 	0.01196527	0.011434241	0.0064589912	
S11000.iliopsoas-pelvis_tilt.KV 	0.14423055	0.1441665	0.0012640212	
S11000.iliopsoas-hamstrings.KL  	-8.3209999	-8.4071388	0.045245519	
S11000.iliopsoas-hamstrings.L0  	1.1650478	1.1639492	0.0010135678	
S11000.hamstrings.KF            	0.57706258	0.57720904	0.00097766904	
S11000.glut_max.KF              	0.61888426	0.62008982	0.0011177397	
