pelvis_tilt.offset              	0.0221843	0.021561222	0.00049083684	
hip_flexion_r.offset            	0.072340554	0.072530161	0.00047252451	
knee_angle_r.offset             	0.0013641493	0.00096550702	0.00051046713	
ankle_angle_r.offset            	-0.054300448	-0.05408771	0.0006645182	
hip_flexion_l.offset            	-0.0041896041	-0.003884673	0.00096151355	
knee_angle_l.offset             	0.059945404	0.060430118	0.00072718546	
ankle_angle_l.offset            	0.1852691	0.18416579	0.00070073095	
stance_load_threshold           	0.15235997	0.15286562	0.00076179448	
S00111.tib_ant.KL               	1.3019893	1.2859119	0.012686196	
S00111.tib_ant.L0               	0.75743287	0.75558338	0.0013780507	
S00111.tib_ant.KS               	0.00015652	0.00016301113	0.00048485047	
S11000.tib_ant.KL               	1.1995389	1.1968647	0.007187786	
S11000.tib_ant.L0               	0.75265092	0.75140129	0.0010831356	
S11000.tib_ant.KS               	0.036159036	0.035396233	0.00065230304	
S11111.tib_ant-soleus.KF        	-0.11394339	-0.11537241	0.0011392909	
S00111.soleus-tib_ant.KS        	-0.80888339	-0.84127768	0.014101754	
S11000.soleus-tib_ant.KS        	-3.3062176	-3.3148814	0.017070983	
S00111.gastroc-tib_ant.KS       	-0.32171493	-0.3301272	0.011538674	
S11000.gastroc-tib_ant.KS       	-1.732578	-1.7282741	0.013813572	
S00111.tib_ant-gastroc.KS       	-0.00395169	-0.0036951672	0.095941718	
S11000.tib_ant-gastroc.KS       	-0.00366451	-0.003494896	0.093773611	
S00111.tib_ant-soleus.KS        	-0.00346517	-0.003321024	0.098489126	
S11000.tib_ant-soleus.KS        	-0.00313645	-0.0033839221	0.094305327	
S00111.gastroc.L0               	0.85038801	0.84953237	0.0055480317	
S00111.gastroc.KS               	0.17739288	0.17528987	0.0057215472	
S00111.soleus.L0                	0.92432504	0.92733574	0.0032649795	
S00111.soleus.KS                	0.1500158	0.16057246	0.0083150656	
S11000.gastroc.KL               	0.00837043	0.0089159348	0.0095701636	
S11000.gastroc.L0               	0.52758165	0.52531226	0.0057789366	
S11000.gastroc.KF               	-1.8528779	-1.8850589	0.013639318	
S11000.gastroc.KS               	0.27644949	0.26664899	0.011740107	
S11000.soleus.KL                	0.80080803	0.78595006	0.023103786	
S11000.soleus.L0                	0.91545378	0.90921662	0.005428483	
S11000.soleus.KF                	-0.86753488	-0.90715342	0.021780798	
S11000.soleus.KS                	0.1022613	0.1053025	0.01783192	
S00011.vasti.KF                 	0.81413426	0.81555523	0.0030036899	
S00011.vasti.C0                 	0.084190718	0.083734425	0.00064812705	
S00011.vasti-knee_angle.pos_max 	-0.31566013	-0.31500962	0.0010674635	
S00011.hamstrings-pelvis_tilt.KP	0.74162866	0.73588554	0.011643038	
S00011.hamstrings-pelvis_tilt.KV	0.57159277	0.57056419	0.00060713946	
S00011.hamstrings-pelvis_tilt.C0	0.025343179	0.026687422	0.0012157968	
S00011.glut_max-pelvis_tilt.KP  	1.5228715	1.5234188	0.0098062292	
S00011.glut_max-pelvis_tilt.KV  	0.3127639	0.31253756	0.00061227122	
S00011.glut_max-pelvis_tilt.C0  	0.15800903	0.1583568	0.0010497098	
S00011.iliopsoas-pelvis_tilt.KP 	-3.5851752	-3.6022905	0.016989027	
S00011.iliopsoas-pelvis_tilt.KV 	-0.54687467	-0.5475168	0.00076477005	
S00011.iliopsoas-pelvis_tilt.C0 	0.34027152	0.3416011	0.0016299956	
S00100.iliopsoas.C0             	0.33843217	0.33881503	0.00091081992	
S00100.glut_max.C0              	-0.02342065	-0.024576151	0.000649051	
S11000.iliopsoas.KL             	0.56103108	0.56127198	0.00075840105	
S11000.iliopsoas.L0             	0.39197095	0.39291286	0.00086080948	
S11000.iliopsoas-pelvis_tilt.P0 	-0.043565581	-0.043746419	0.00066370548	
S11000.iliopsoas-pelvis_tilt.KP 	0.011836563	0.011370958	0.0038556619	
S11000.iliopsoas-pelvis_tilt.KV 	0.147192	0.14626509	0.00078978351	
S11000.iliopsoas-hamstrings.KL  	-8.385628	-8.4229874	0.02847018	
S11000.iliopsoas-hamstrings.L0  	1.1652733	1.1646908	0.00063065201	
S11000.hamstrings.KF            	0.57810578	0.57692198	0.00061175807	
S11000.glut_max.KF              	0.61819377	0.61863758	0.00070224901	
