pelvis_tilt.offset              	0.021755384	0.021725035	0.00043088735	
hip_flexion_r.offset            	0.073129476	0.072851327	0.00041501911	
knee_angle_r.offset             	0.00064728281	0.00066402487	0.00044790861	
ankle_angle_r.offset            	-0.055267582	-0.054580938	0.0005837558	
hip_flexion_l.offset            	-0.0042750492	-0.003826223	0.00084293492	
knee_angle_l.offset             	0.060636099	0.060291636	0.00063776341	
ankle_angle_l.offset            	0.18441752	0.18427188	0.00061414635	
stance_load_threshold           	0.15244436	0.15288912	0.00066836266	
S00111.tib_ant.KL               	1.2960497	1.2912292	0.01112784	
S00111.tib_ant.L0               	0.75581171	0.75535536	0.0012104242	
S00111.tib_ant.KS               	0.000173	0.00016589122	0.00042205572	
S11000.tib_ant.KL               	1.1898395	1.1951174	0.0063185329	
S11000.tib_ant.L0               	0.75324122	0.75224341	0.00095760501	
S11000.tib_ant.KS               	0.033946102	0.035502274	0.00057200116	
S11111.tib_ant-soleus.KF        	-0.11642115	-0.11493592	0.00099956507	
S00111.soleus-tib_ant.KS        	-0.85012775	-0.82907416	0.01239778	
S11000.soleus-tib_ant.KS        	-3.3292811	-3.316111	0.014919076	
S00111.gastroc-tib_ant.KS       	-0.32171493	-0.32550903	0.010063906	
S11000.gastroc-tib_ant.KS       	-1.7372249	-1.7294151	0.012106134	
S00111.tib_ant-gastroc.KS       	-0.00357534	-0.0037088833	0.083515737	
S11000.tib_ant-gastroc.KS       	-0.00366451	-0.0034480609	0.081628434	
S00111.tib_ant-soleus.KS        	-0.00313515	-0.0032398416	0.085733215	
S11000.tib_ant-soleus.KS        	-0.0034666	-0.0032303964	0.082091285	
S00111.gastroc.L0               	0.85383664	0.84874666	0.0048620495	
S00111.gastroc.KS               	0.17507779	0.17604929	0.0049913077	
S00111.soleus.L0                	0.92515162	0.92564951	0.0028662085	
S00111.soleus.KS                	0.16520068	0.15713189	0.0072727879	
S11000.gastroc.KL               	0.00925153	0.008862984	0.0083308251	
S11000.gastroc.L0               	0.52158145	0.52475993	0.0050551812	
S11000.gastroc.KF               	-1.8975616	-1.8843403	0.011995686	
S11000.gastroc.KS               	0.2729154	0.27040993	0.0102674	
S11000.soleus.KL                	0.79597129	0.79191172	0.020235193	
S11000.soleus.L0                	0.91766698	0.90880497	0.0047614244	
S11000.soleus.KF                	-0.90037682	-0.90847354	0.019140859	
S11000.soleus.KS                	0.1126777	0.1062461	0.015532985	
S00011.vasti.KF                 	0.81577525	0.81545084	0.0026397706	
S00011.vasti.C0                 	0.083396247	0.084073048	0.00056864738	
S00011.vasti-knee_angle.pos_max 	-0.31512956	-0.31483187	0.00093803184	
S00011.hamstrings-pelvis_tilt.KP	0.74157914	0.73505997	0.010184471	
S00011.hamstrings-pelvis_tilt.KV	0.57089678	0.57109676	0.00053369289	
S00011.hamstrings-pelvis_tilt.C0	0.025699799	0.026100027	0.0010639643	
S00011.glut_max-pelvis_tilt.KP  	1.5109269	1.5300538	0.0086173383	
S00011.glut_max-pelvis_tilt.KV  	0.3132802	0.31269894	0.00053574529	
S00011.glut_max-pelvis_tilt.C0  	0.15890426	0.15877813	0.00092038429	
S00011.iliopsoas-pelvis_tilt.KP 	-3.5944008	-3.6050499	0.014926194	
S00011.iliopsoas-pelvis_tilt.KV 	-0.54613623	-0.5478768	0.00067040231	
S00011.iliopsoas-pelvis_tilt.C0 	0.34090264	0.34011221	0.0014299492	
S00100.iliopsoas.C0             	0.33913867	0.33921399	0.00079839274	
S00100.glut_max.C0              	-0.023637096	-0.024488599	0.00056979603	
S11000.iliopsoas.KL             	0.56080881	0.56141065	0.00066573963	
S11000.iliopsoas.L0             	0.39227087	0.39298697	0.00075515711	
S11000.iliopsoas-pelvis_tilt.P0 	-0.043771073	-0.043552131	0.0005814218	
S11000.iliopsoas-pelvis_tilt.KP 	0.01082572	0.011508259	0.0033568506	
S11000.iliopsoas-pelvis_tilt.KV 	0.1468041	0.14641236	0.00069571926	
S11000.iliopsoas-hamstrings.KL  	-8.3728337	-8.4089569	0.025020841	
S11000.iliopsoas-hamstrings.L0  	1.1649595	1.1647609	0.00055221466	
S11000.hamstrings.KF            	0.57653231	0.57689666	0.0005362541	
S11000.glut_max.KF              	0.61825512	0.61878083	0.00061610883	
