pelvis_tilt.offset              	0.021740639	0.021763899	0.00023322849	
hip_flexion_r.offset            	0.072798831	0.072554231	0.0002268591	
knee_angle_r.offset             	0.0011344399	0.0012573783	0.00024317449	
ankle_angle_r.offset            	-0.054915614	-0.054825706	0.00031561548	
hip_flexion_l.offset            	-0.0029597996	-0.0031340966	0.00045673389	
knee_angle_l.offset             	0.059753306	0.059885263	0.00034273472	
ankle_angle_l.offset            	0.18480776	0.18490889	0.00033265539	
stance_load_threshold           	0.15261632	0.15297285	0.00035972395	
S00111.tib_ant.KL               	1.2875221	1.2947403	0.0060629753	
S00111.tib_ant.L0               	0.75555295	0.7553233	0.00065983306	
S00111.tib_ant.KS               	0.000173	0.00016319577	0.0002137033	
S11000.tib_ant.KL               	1.1882241	1.1853029	0.0034270685	
S11000.tib_ant.L0               	0.75289349	0.75293638	0.00052851847	
S11000.tib_ant.KS               	0.033885711	0.034073928	0.00031326315	
S11111.tib_ant-soleus.KF        	-0.11483968	-0.11479715	0.00054113211	
S00111.soleus-tib_ant.KS        	-0.83436845	-0.83455119	0.0066844623	
S11000.soleus-tib_ant.KS        	-3.2990567	-3.3122849	0.0080832875	
S00111.gastroc-tib_ant.KS       	-0.32171493	-0.32530986	0.0051929617	
S11000.gastroc-tib_ant.KS       	-1.7526808	-1.7590137	0.0066554531	
S00111.tib_ant-gastroc.KS       	-0.00357534	-0.0038224689	0.042284387	
S11000.tib_ant-gastroc.KS       	-0.00366451	-0.0035274231	0.041328833	
S00111.tib_ant-soleus.KS        	-0.00346517	-0.0033434402	0.043407093	
S11000.tib_ant-soleus.KS        	-0.0031886583	-0.0032506567	0.041563171	
S00111.gastroc.L0               	0.84584466	0.84479564	0.0026423157	
S00111.gastroc.KS               	0.17739288	0.17517132	0.002593319	
S00111.soleus.L0                	0.92657007	0.92800236	0.0015594239	
S00111.soleus.KS                	0.16144781	0.15985848	0.0038720549	
S11000.gastroc.KL               	0.00925153	0.0088337514	0.0042198296	
S11000.gastroc.L0               	0.52966747	0.53456597	0.0027703195	
S11000.gastroc.KF               	-1.8922343	-1.8917148	0.0065446964	
S11000.gastroc.KS               	0.27848501	0.27355331	0.0054816083	
S11000.soleus.KL                	0.78883985	0.78191349	0.010856635	
S11000.soleus.L0                	0.90177917	0.90342165	0.0025740841	
S11000.soleus.KF                	-0.91275562	-0.91673489	0.010355793	
S11000.soleus.KS                	0.11302564	0.10734308	0.0079731543	
S00011.vasti.KF                 	0.81796217	0.81750401	0.0014291278	
S00011.vasti.C0                 	0.083850474	0.083861988	0.00030306567	
S00011.vasti-knee_angle.pos_max 	-0.31473849	-0.31516454	0.00051269928	
S00011.hamstrings-pelvis_tilt.KP	0.73053871	0.72788662	0.0054468556	
S00011.hamstrings-pelvis_tilt.KV	0.5709702	0.57111225	0.00028833853	
S00011.hamstrings-pelvis_tilt.C0	0.02778807	0.027029101	0.00056836679	
S00011.glut_max-pelvis_tilt.KP  	1.5336739	1.524551	0.0046881395	
S00011.glut_max-pelvis_tilt.KV  	0.31293458	0.31256801	0.00028955478	
S00011.glut_max-pelvis_tilt.C0  	0.157857	0.15917024	0.00050181241	
S00011.iliopsoas-pelvis_tilt.KP 	-3.6230564	-3.6235235	0.0080535016	
S00011.iliopsoas-pelvis_tilt.KV 	-0.5468712	-0.54683072	0.00036221778	
S00011.iliopsoas-pelvis_tilt.C0 	0.33971744	0.33833824	0.00078170414	
S00100.iliopsoas.C0             	0.33869644	0.33863451	0.00042936803	
S00100.glut_max.C0              	-0.025535604	-0.025268502	0.00030792258	
S11000.iliopsoas.KL             	0.56139492	0.56157032	0.00035787192	
S11000.iliopsoas.L0             	0.39303239	0.39316309	0.00041057112	
S11000.iliopsoas-pelvis_tilt.P0 	-0.044689166	-0.04450827	0.00031246127	
S11000.iliopsoas-pelvis_tilt.KP 	0.01196527	0.011598675	0.0017070197	
S11000.iliopsoas-pelvis_tilt.KV 	0.14639973	0.14613181	0.00037668168	
S11000.iliopsoas-hamstrings.KL  	-8.406739	-8.4237493	0.013452718	
S11000.iliopsoas-hamstrings.L0  	1.1652681	1.1654366	0.00030009592	
S11000.hamstrings.KF            	0.57558941	0.57585721	0.00029102323	
S11000.glut_max.KF              	0.61757362	0.61781966	0.00033391404	
