pelvis_tilt.offset              	0.021938721	0.021940621	6.4716036e-06	
hip_flexion_r.offset            	0.073110626	0.073123309	6.3701398e-06	
knee_angle_r.offset             	0.0018350005	0.0018321502	7.1345064e-06	
ankle_angle_r.offset            	-0.054731556	-0.054734673	8.8308698e-06	
hip_flexion_l.offset            	-0.0038441405	-0.0038349278	1.2396227e-05	
knee_angle_l.offset             	0.060339207	0.060329346	9.5446414e-06	
ankle_angle_l.offset            	0.18496527	0.18495755	9.303644e-06	
stance_load_threshold           	0.15234846	0.15234036	9.8062041e-06	
S00111.tib_ant.KL               	1.2921593	1.2922633	0.00016331294	
S00111.tib_ant.L0               	0.75314753	0.75312963	1.7904443e-05	
S00111.tib_ant.KS               	0.00017005727	0.00016710943	3.2570326e-06	
S11000.tib_ant.KL               	1.1760534	1.1759765	9.6259584e-05	
S11000.tib_ant.L0               	0.75365149	0.7536883	1.4533741e-05	
S11000.tib_ant.KS               	0.034052493	0.03404703	8.3450744e-06	
S11111.tib_ant-soleus.KF        	-0.11571662	-0.11573744	1.4849677e-05	
S00111.soleus-tib_ant.KS        	-0.81308877	-0.81321025	0.00018636666	
S11000.soleus-tib_ant.KS        	-3.2988167	-3.2987089	0.00021907714	
S00111.gastroc-tib_ant.KS       	-0.32171493	-0.32189777	9.6589231e-05	
S11000.gastroc-tib_ant.KS       	-1.7388545	-1.7389351	0.0001839569	
S00111.tib_ant-gastroc.KS       	-0.00395169	-0.0037871903	0.0005023004	
S11000.tib_ant-gastroc.KS       	-0.00331551	-0.0033922442	0.00049029469	
S00111.tib_ant-soleus.KS        	-0.00346517	-0.0033623289	0.00051370045	
S11000.tib_ant-soleus.KS        	-0.00313645	-0.0032477528	0.00049243154	
S00111.gastroc.L0               	0.85201913	0.8520453	7.4860311e-05	
S00111.gastroc.KS               	0.1773658	0.1772576	4.9327285e-05	
S00111.soleus.L0                	0.92428021	0.9243239	4.2918731e-05	
S00111.soleus.KS                	0.16494236	0.16488072	9.2062533e-05	
S11000.gastroc.KL               	0.0087215829	0.0086280952	7.7031115e-05	
S11000.gastroc.L0               	0.53015226	0.53008746	7.7586241e-05	
S11000.gastroc.KF               	-1.8897403	-1.8898778	0.00018099212	
S11000.gastroc.KS               	0.26671462	0.26675863	0.00014536719	
S11000.soleus.KL                	0.77569794	0.77528658	0.00030725782	
S11000.soleus.L0                	0.90912976	0.90911753	6.7541596e-05	
S11000.soleus.KF                	-0.90068164	-0.90165898	0.00027816026	
S11000.soleus.KS                	0.10679492	0.10693818	0.00019782571	
S00011.vasti.KF                 	0.81740043	0.81741116	3.8658251e-05	
S00011.vasti.C0                 	0.083634371	0.083629027	7.973576e-06	
S00011.vasti-knee_angle.pos_max 	-0.31456245	-0.31456229	1.4061285e-05	
S00011.hamstrings-pelvis_tilt.KP	0.73588335	0.73620022	0.00014863197	
S00011.hamstrings-pelvis_tilt.KV	0.5714214	0.57142917	7.7675359e-06	
S00011.hamstrings-pelvis_tilt.C0	0.027207928	0.027205138	1.4872101e-05	
S00011.glut_max-pelvis_tilt.KP  	1.5270572	1.5271403	0.00012203292	
S00011.glut_max-pelvis_tilt.KV  	0.31196219	0.31196753	8.2736163e-06	
S00011.glut_max-pelvis_tilt.C0  	0.15964701	0.15964527	1.4443013e-05	
S00011.iliopsoas-pelvis_tilt.KP 	-3.6207175	-3.621058	0.00021433313	
S00011.iliopsoas-pelvis_tilt.KV 	-0.54665021	-0.54664332	9.7183863e-06	
S00011.iliopsoas-pelvis_tilt.C0 	0.33812502	0.338126	2.2054872e-05	
S00100.iliopsoas.C0             	0.33916103	0.33918646	1.2893617e-05	
S00100.glut_max.C0              	-0.024319479	-0.024311637	8.4363459e-06	
S11000.iliopsoas.KL             	0.56144502	0.56144855	9.336024e-06	
S11000.iliopsoas.L0             	0.39282112	0.3928073	1.1181944e-05	
S11000.iliopsoas-pelvis_tilt.P0 	-0.043772923	-0.043802738	8.4289244e-06	
S11000.iliopsoas-pelvis_tilt.KP 	0.011118378	0.01112308	3.8357406e-05	
S11000.iliopsoas-pelvis_tilt.KV 	0.1457503	0.14575319	1.0448746e-05	
S11000.iliopsoas-hamstrings.KL  	-8.4426273	-8.4425047	0.00036468877	
S11000.iliopsoas-hamstrings.L0  	1.1659757	1.1659868	8.2954915e-06	
S11000.hamstrings.KF            	0.57626039	0.57625153	7.987174e-06	
S11000.glut_max.KF              	0.61769344	0.61769757	9.0395684e-06	
