pelvis_tilt.offset              	0.022254563	0.022300819	0.00016459318	
hip_flexion_r.offset            	0.068905845	0.068968923	0.0001563268	
knee_angle_r.offset             	-0.00043758616	-0.00041034054	0.00017064427	
ankle_angle_r.offset            	-0.061022796	-0.061119637	0.00022573145	
hip_flexion_l.offset            	-0.0053016973	-0.0051624618	0.00032252176	
knee_angle_l.offset             	0.059224352	0.059838427	0.00024451933	
ankle_angle_l.offset            	0.19070383	0.19122535	0.00024000548	
stance_load_threshold           	0.14802377	0.14773368	0.00025976654	
S00111.tib_ant.KL               	1.2832708	1.2836248	0.004165024	
S00111.tib_ant.L0               	0.76763384	0.76740595	0.00047356498	
S00111.tib_ant.KS               	0.000173	0.00016493021	0.00013749905	
S11000.tib_ant.KL               	1.2406504	1.2402476	0.0024435152	
S11000.tib_ant.L0               	0.73126822	0.73120194	0.0003633228	
S11000.tib_ant.KS               	0.035448531	0.035831448	0.00021825028	
S11111.tib_ant-soleus.KF        	-0.11096425	-0.11119184	0.00037695083	
S00111.soleus-tib_ant.KS        	-0.84494821	-0.84531298	0.0046873211	
S11000.soleus-tib_ant.KS        	-3.2230027	-3.2172399	0.005805867	
S00111.gastroc-tib_ant.KS       	-0.35063982	-0.35102359	0.0036701638	
S11000.gastroc-tib_ant.KS       	-1.6302852	-1.6275526	0.0044574129	
S00111.tib_ant-gastroc.KS       	-0.00357534	-0.0037922441	0.027199123	
S11000.tib_ant-gastroc.KS       	-0.00366451	-0.0034849916	0.026584454	
S00111.tib_ant-soleus.KS        	-0.00313515	-0.0033614657	0.02792127	
S11000.tib_ant-soleus.KS        	-0.0034666	-0.0033254158	0.026735187	
S00111.gastroc.KL               	0.08315732	0.077178524	0.0036297609	
S00111.gastroc.L0               	0.86012628	0.86045537	0.0018966235	
S00111.gastroc.KF               	1.4132639	1.4130322	0.00023923298	
S00111.gastroc.KS               	0.17437177	0.17432622	0.0018206775	
S00111.soleus.KL                	4.0277758	4.0251784	0.0042212411	
S00111.soleus.L0                	0.96559572	0.96649565	0.0010007914	
S00111.soleus.KF                	0.22240285	0.22172191	0.00035147119	
S00111.soleus.KS                	0.15692845	0.15208875	0.0026736829	
S11000.gastroc.KL               	0.00925153	0.0085859419	0.0027194368	
S11000.gastroc.L0               	0.51711725	0.51808693	0.0019477459	
S11000.gastroc.KF               	-1.7605424	-1.7559014	0.0046588406	
S11000.soleus.KL                	0.77923626	0.78583607	0.0075549386	
S11000.soleus.L0                	0.88578888	0.88505872	0.0017800405	
S11000.soleus.KF                	-0.92061923	-0.91703526	0.0073891569	
S00011.vasti.KF                 	0.81587754	0.81594798	0.00099012034	
S00011.vasti.C0                 	0.081903003	0.082157317	0.00021277128	
S00011.vasti-knee_angle.pos_max 	-0.30037934	-0.30041733	0.00035036625	
S00011.hamstrings-pelvis_tilt.KP	0.68536207	0.68236777	0.0040547888	
S00011.hamstrings-pelvis_tilt.KV	0.56568403	0.56556329	0.00020565115	
S00011.hamstrings-pelvis_tilt.C0	0.025670053	0.02646493	0.00040546782	
S00011.glut_max-pelvis_tilt.KP  	1.5018973	1.505696	0.003301625	
S00011.glut_max-pelvis_tilt.KV  	0.31073779	0.31063785	0.0002076484	
S00011.glut_max-pelvis_tilt.C0  	0.15969966	0.15985114	0.00034989056	
S00011.iliopsoas-pelvis_tilt.KP 	-3.553111	-3.5576297	0.0055736262	
S00011.iliopsoas-pelvis_tilt.KV 	-0.54301427	-0.54299668	0.00025487536	
S00011.iliopsoas-pelvis_tilt.C0 	0.33774498	0.33705675	0.00054428073	
S00100.iliopsoas.C0             	0.33590312	0.33579803	0.00030377536	
S00100.glut_max.C0              	-0.024148284	-0.024241571	0.00022534625	
S11000.iliopsoas.KL             	0.56228928	0.56214023	0.00026355207	
S11000.iliopsoas.L0             	0.39267772	0.39264249	0.00029004671	
S11000.iliopsoas-pelvis_tilt.P0 	-0.044151564	-0.04446335	0.00022695816	
S11000.iliopsoas-pelvis_tilt.KP 	0.011730215	0.011311247	0.0011147968	
S11000.iliopsoas-pelvis_tilt.KV 	0.14010365	0.14006043	0.00026960245	
S11000.iliopsoas-hamstrings.KL  	-8.1915819	-8.1893305	0.009714427	
S11000.iliopsoas-hamstrings.L0  	1.1649345	1.1651478	0.00021243855	
S11000.hamstrings.KF            	0.57091795	0.57074896	0.00020351259	
S11000.glut_max.KF              	0.61758575	0.61754998	0.00023518573	
