pelvis_tilt.offset              	0.022479877	0.022534322	8.0306975e-05	
hip_flexion_r.offset            	0.068822124	0.068785398	7.6278089e-05	
knee_angle_r.offset             	-0.00051407028	-0.00048662583	8.3739131e-05	
ankle_angle_r.offset            	-0.061592607	-0.061490476	0.00011027145	
hip_flexion_l.offset            	-0.0050513746	-0.0053127214	0.00015734669	
knee_angle_l.offset             	0.060585508	0.060609255	0.00012392746	
ankle_angle_l.offset            	0.19116157	0.19105723	0.000119165	
stance_load_threshold           	0.14823197	0.14816795	0.00012766682	
S00111.tib_ant.KL               	1.2814704	1.2792068	0.0020390075	
S00111.tib_ant.L0               	0.76795209	0.76827806	0.00023016762	
S00111.tib_ant.KS               	0.000173	0.00016954602	5.9996693e-05	
S11000.tib_ant.KL               	1.242955	1.2433518	0.0011900734	
S11000.tib_ant.L0               	0.73181527	0.73171913	0.00017909612	
S11000.tib_ant.KS               	0.035599102	0.03567532	0.00010653518	
S11111.tib_ant-soleus.KF        	-0.11038276	-0.11060889	0.00018367497	
S00111.soleus-tib_ant.KS        	-0.84376489	-0.84358097	0.002280021	
S11000.soleus-tib_ant.KS        	-3.2193854	-3.2155397	0.0028348102	
S00111.gastroc-tib_ant.KS       	-0.34797513	-0.34886702	0.0017417073	
S11000.gastroc-tib_ant.KS       	-1.629945	-1.6287762	0.0021608103	
S00111.tib_ant-gastroc.KS       	-0.00395169	-0.0037039509	0.011855939	
S11000.tib_ant-gastroc.KS       	-0.00366451	-0.0035403797	0.011587992	
S00111.tib_ant-soleus.KS        	-0.00313515	-0.003297518	0.012170674	
S11000.tib_ant-soleus.KS        	-0.0034666	-0.0033185971	0.011653678	
S00111.gastroc.KL               	0.075673521	0.078036833	0.0017063094	
S00111.gastroc.L0               	0.85646789	0.85499153	0.00094493216	
S00111.gastroc.KF               	1.4133286	1.4133526	0.00011761138	
S00111.gastroc.KS               	0.17227463	0.17254086	0.00087192594	
S00111.soleus.KL                	4.0319961	4.033479	0.0021125825	
S00111.soleus.L0                	0.96735047	0.96775041	0.00048377336	
S00111.soleus.KF                	0.22148813	0.22163124	0.00017256529	
S00111.soleus.KS                	0.15374054	0.15266717	0.0012777631	
S11000.gastroc.KL               	0.0085398352	0.0090043722	0.0011942798	
S11000.gastroc.L0               	0.51693965	0.51714836	0.0009376933	
S11000.gastroc.KF               	-1.7551579	-1.7604724	0.0022829191	
S11000.soleus.KL                	0.79133479	0.78807792	0.0037150575	
S11000.soleus.L0                	0.88543022	0.88528334	0.00086660111	
S11000.soleus.KF                	-0.92645542	-0.92463325	0.0036384761	
S00011.vasti.KF                 	0.81491194	0.81484414	0.00048614992	
S00011.vasti.C0                 	0.082430453	0.082481304	0.00010387247	
S00011.vasti-knee_angle.pos_max 	-0.30040637	-0.30039031	0.00016956754	
S00011.hamstrings-pelvis_tilt.KP	0.67197745	0.67219066	0.0020171338	
S00011.hamstrings-pelvis_tilt.KV	0.56565014	0.56579144	0.00010113488	
S00011.hamstrings-pelvis_tilt.C0	0.026145923	0.026326867	0.00019772027	
S00011.glut_max-pelvis_tilt.KP  	1.5071612	1.50824	0.0016116338	
S00011.glut_max-pelvis_tilt.KV  	0.30995014	0.31007492	0.00010294087	
S00011.glut_max-pelvis_tilt.C0  	0.15968435	0.1596205	0.00017031075	
S00011.iliopsoas-pelvis_tilt.KP 	-3.5578549	-3.5536212	0.0027734257	
S00011.iliopsoas-pelvis_tilt.KV 	-0.54298645	-0.54301394	0.00012573966	
S00011.iliopsoas-pelvis_tilt.C0 	0.33630501	0.3366136	0.0002640288	
S00100.iliopsoas.C0             	0.33606437	0.33589831	0.00014718091	
S00100.glut_max.C0              	-0.024789119	-0.024893001	0.00011326706	
S11000.iliopsoas.KL             	0.56318657	0.56297772	0.00013100966	
S11000.iliopsoas.L0             	0.39262506	0.3925901	0.0001429507	
S11000.iliopsoas-pelvis_tilt.P0 	-0.044537315	-0.044515637	0.00011025827	
S11000.iliopsoas-pelvis_tilt.KP 	0.011768771	0.011726727	0.00050669949	
S11000.iliopsoas-pelvis_tilt.KV 	0.13999558	0.14011095	0.00013044649	
S11000.iliopsoas-hamstrings.KL  	-8.1886554	-8.1994355	0.0047731855	
S11000.iliopsoas-hamstrings.L0  	1.1653188	1.1653294	0.00010238301	
S11000.hamstrings.KF            	0.57106915	0.57115125	9.9800688e-05	
S11000.glut_max.KF              	0.61762764	0.61747283	0.00011383495	
