pelvis_tilt.offset              	0.022548643	0.022575134	3.7224471e-05	
hip_flexion_r.offset            	0.068840074	0.068830104	3.6515978e-05	
knee_angle_r.offset             	-0.00060076913	-0.00062772592	3.8278677e-05	
ankle_angle_r.offset            	-0.06145141	-0.061468188	4.9306869e-05	
hip_flexion_l.offset            	-0.0053246883	-0.0054160682	7.1970064e-05	
knee_angle_l.offset             	0.060288029	0.060270866	5.7833567e-05	
ankle_angle_l.offset            	0.19108419	0.1909158	5.3677406e-05	
stance_load_threshold           	0.14795982	0.14797591	5.8515305e-05	
S00111.tib_ant.KL               	1.2790909	1.2782319	0.00092112114	
S00111.tib_ant.L0               	0.76801481	0.76799155	0.00010782086	
S00111.tib_ant.KS               	0.000173	0.00016393287	2.204072e-05	
S11000.tib_ant.KL               	1.2413623	1.2422572	0.00056066246	
S11000.tib_ant.L0               	0.73162715	0.73162366	8.1518646e-05	
S11000.tib_ant.KS               	0.035426811	0.035350552	4.9012459e-05	
S11111.tib_ant-soleus.KF        	-0.11063856	-0.11068185	8.2445223e-05	
S00111.soleus-tib_ant.KS        	-0.84258255	-0.84305994	0.0010125672	
S11000.soleus-tib_ant.KS        	-3.2171693	-3.2181894	0.0013057353	
S00111.gastroc-tib_ant.KS       	-0.34713964	-0.34761139	0.0007614328	
S11000.gastroc-tib_ant.KS       	-1.6276176	-1.6275095	0.00098208878	
S00111.tib_ant-gastroc.KS       	-0.00395169	-0.003692496	0.004282816	
S11000.tib_ant-gastroc.KS       	-0.00366451	-0.0035499468	0.0041859656	
S00111.tib_ant-soleus.KS        	-0.00346517	-0.0032825709	0.0043962348	
S11000.tib_ant-soleus.KS        	-0.0034666	-0.0033490165	0.0042095181	
S00111.gastroc.KL               	0.082076934	0.082371278	0.0007723095	
S00111.gastroc.L0               	0.85224579	0.85225706	0.00044423933	
S00111.gastroc.KF               	1.4133973	1.4132979	5.44012e-05	
S00111.gastroc.KS               	0.17201138	0.17210351	0.00038503072	
S00111.soleus.KL                	4.0286643	4.0298069	0.00097853365	
S00111.soleus.L0                	0.9670122	0.9667902	0.00021792327	
S00111.soleus.KF                	0.22153454	0.22132632	8.0861623e-05	
S00111.soleus.KS                	0.1513447	0.15180569	0.00056840529	
S11000.gastroc.KL               	0.0092220691	0.0086802271	0.00046410945	
S11000.gastroc.L0               	0.51682531	0.51595943	0.00042817007	
S11000.gastroc.KF               	-1.7629223	-1.762715	0.0010560098	
S11000.soleus.KL                	0.78609183	0.7825927	0.0017089814	
S11000.soleus.L0                	0.88816397	0.8885284	0.00039835363	
S11000.soleus.KF                	-0.91723975	-0.91544876	0.0016742923	
S00011.vasti.KF                 	0.81581114	0.81568451	0.00022156134	
S00011.vasti.C0                 	0.082488614	0.082467052	4.7746189e-05	
S00011.vasti-knee_angle.pos_max 	-0.30052069	-0.30046104	7.6243255e-05	
S00011.hamstrings-pelvis_tilt.KP	0.67331843	0.67403107	0.00090047742	
S00011.hamstrings-pelvis_tilt.KV	0.56579098	0.5658035	4.6279866e-05	
S00011.hamstrings-pelvis_tilt.C0	0.025766915	0.025863818	8.9973533e-05	
S00011.glut_max-pelvis_tilt.KP  	1.5067111	1.5065781	0.00072871537	
S00011.glut_max-pelvis_tilt.KV  	0.31022746	0.3102024	4.7584246e-05	
S00011.glut_max-pelvis_tilt.C0  	0.15941705	0.15951578	7.7149335e-05	
S00011.iliopsoas-pelvis_tilt.KP 	-3.5587835	-3.5575545	0.0012610519	
S00011.iliopsoas-pelvis_tilt.KV 	-0.5431385	-0.54318206	5.6863792e-05	
S00011.iliopsoas-pelvis_tilt.C0 	0.33626419	0.33634213	0.00011838947	
S00100.iliopsoas.C0             	0.33589768	0.33594419	6.9102436e-05	
S00100.glut_max.C0              	-0.025114928	-0.025087475	5.1485695e-05	
S11000.iliopsoas.KL             	0.56321253	0.5632165	6.3085128e-05	
S11000.iliopsoas.L0             	0.39249448	0.39246824	6.4167232e-05	
S11000.iliopsoas-pelvis_tilt.P0 	-0.044455072	-0.044490529	4.9375489e-05	
S11000.iliopsoas-pelvis_tilt.KP 	0.011247376	0.011435963	0.00022022632	
S11000.iliopsoas-pelvis_tilt.KV 	0.14019314	0.14027105	5.9807697e-05	
S11000.iliopsoas-hamstrings.KL  	-8.2066737	-8.2027655	0.0021512441	
S11000.iliopsoas-hamstrings.L0  	1.1652226	1.1652418	4.6793662e-05	
S11000.hamstrings.KF            	0.57117531	0.57119881	4.5542511e-05	
S11000.glut_max.KF              	0.61767656	0.6175509	5.3126795e-05	
