pelvis_tilt.offset              	0.021874454	0.022240164	0.0009805824	
hip_flexion_r.offset            	0.070072072	0.071000605	0.00093058582	
knee_angle_r.offset             	0.00337791	0.0025513569	0.001019189	
ankle_angle_r.offset            	-0.063952255	-0.062786273	0.0013502615	
hip_flexion_l.offset            	-0.0072123482	-0.0057839679	0.0018800063	
knee_angle_l.offset             	0.055675933	0.057333208	0.0014478315	
ankle_angle_l.offset            	0.18537937	0.18633373	0.0013852539	
stance_load_threshold           	0.14915019	0.14960177	0.0015151359	
S00111.tib_ant.KL               	1.2303897	1.2666066	0.025333221	
S00111.tib_ant.L0               	0.76017201	0.76208522	0.0027151779	
S00111.tib_ant.KS               	0.000173	0.00016493764	0.001048677	
S11000.tib_ant.KL               	1.1568862	1.1968393	0.014323377	
S11000.tib_ant.L0               	0.72576481	0.73235489	0.0021272687	
S11000.tib_ant.KS               	0.034884219	0.035646046	0.0013130638	
S11111.tib_ant-soleus.KF        	-0.11330427	-0.11295531	0.0022596624	
S00111.soleus-tib_ant.KS        	-0.854685	-0.85556317	0.028579743	
S11000.soleus-tib_ant.KS        	-3.3344442	-3.3087102	0.033429689	
S00111.gastroc-tib_ant.KS       	-0.32171493	-0.33425357	0.024487799	
S11000.gastroc-tib_ant.KS       	-1.6341127	-1.6599472	0.027866159	
S00111.tib_ant-gastroc.KS       	-0.00395169	-0.0037387323	0.20751353	
S11000.tib_ant-gastroc.KS       	-0.00331551	-0.0034670619	0.20282411	
S00111.tib_ant-soleus.KS        	-0.00346517	-0.0032999144	0.21302336	
S11000.tib_ant-soleus.KS        	-0.0034666	-0.0032057951	0.20397417	
S00111.gastroc.KL               	0.075711992	0.079962366	0.025954994	
S00111.gastroc.L0               	0.82404808	0.82082404	0.011026182	
S00111.gastroc.KF               	1.4147156	1.4148247	0.0014227874	
S00111.gastroc.KS               	0.16049832	0.16773591	0.012108629	
S00111.soleus.KL                	4.0777562	4.0573676	0.024939958	
S00111.soleus.L0                	0.96161183	0.95948037	0.0063154518	
S00111.soleus.KF                	0.22724298	0.22671182	0.0020415788	
S00111.soleus.KS                	0.16289293	0.15507619	0.017597663	
S11000.gastroc.KL               	0.00837043	0.0088861885	0.020697568	
S11000.gastroc.L0               	0.5349877	0.53410274	0.011572848	
S11000.gastroc.KF               	-1.8904502	-1.8628081	0.027235481	
S11000.gastroc.KS               	0.25231886	0.26818232	0.024666274	
S11000.soleus.KL                	0.83453824	0.8022685	0.047616674	
S11000.soleus.L0                	0.89105171	0.88302377	0.010702865	
S11000.soleus.KF                	-0.91518501	-0.92113309	0.044471354	
S11000.soleus.KS                	0.1022613	0.10581857	0.038452311	
S00011.vasti.KF                 	0.80484061	0.80836145	0.0059830358	
S00011.vasti.C0                 	0.07992329	0.080478435	0.0013378029	
S00011.vasti-knee_angle.pos_max 	-0.30473481	-0.30577098	0.0020764194	
S00011.hamstrings-pelvis_tilt.KP	0.72232994	0.70011669	0.023480061	
S00011.hamstrings-pelvis_tilt.KV	0.57002529	0.56885727	0.0012073881	
S00011.hamstrings-pelvis_tilt.C0	0.026605285	0.026586283	0.0025625635	
S00011.glut_max-pelvis_tilt.KP  	1.4845597	1.496461	0.019419157	
S00011.glut_max-pelvis_tilt.KV  	0.31420337	0.3167827	0.0012309058	
S00011.glut_max-pelvis_tilt.C0  	0.15979209	0.16160776	0.0020823453	
S00011.iliopsoas-pelvis_tilt.KP 	-3.6081652	-3.5852847	0.033028788	
S00011.iliopsoas-pelvis_tilt.KV 	-0.54202463	-0.54257255	0.0015101054	
S00011.iliopsoas-pelvis_tilt.C0 	0.32810191	0.33209287	0.0032518738	
S00100.iliopsoas.C0             	0.33421711	0.33360976	0.0017858675	
S00100.glut_max.C0              	-0.02342065	-0.024430185	0.0013383818	
S11000.iliopsoas.KL             	0.56135676	0.56016731	0.0015301566	
S11000.iliopsoas.L0             	0.38634875	0.38398588	0.0017245766	
S11000.iliopsoas-pelvis_tilt.P0 	-0.044123915	-0.045356968	0.0013431504	
S11000.iliopsoas-pelvis_tilt.KP 	0.01082572	0.011177415	0.0083329167	
S11000.iliopsoas-pelvis_tilt.KV 	0.15177687	0.14993324	0.0015742023	
S11000.iliopsoas-hamstrings.KL  	-8.3599139	-8.3312991	0.055422049	
S11000.iliopsoas-hamstrings.L0  	1.1690415	1.1664039	0.001270901	
S11000.hamstrings.KF            	0.57790988	0.57880929	0.0012244372	
S11000.glut_max.KF              	0.62301058	0.62272094	0.0013895245	
