pelvis_tilt.offset              	0.022912496	0.023569732	0.00066300606	
hip_flexion_r.offset            	0.071787536	0.071907842	0.00063481297	
knee_angle_r.offset             	0.0030757773	0.0026027588	0.00068750708	
ankle_angle_r.offset            	-0.063698388	-0.063805572	0.00091268771	
hip_flexion_l.offset            	-0.0067526493	-0.0052698921	0.0012717916	
knee_angle_l.offset             	0.057364526	0.056947501	0.00096917844	
ankle_angle_l.offset            	0.18438602	0.18557657	0.00093600503	
stance_load_threshold           	0.14810521	0.15040031	0.0010321876	
S00111.tib_ant.KL               	1.2730069	1.2665701	0.017034341	
S00111.tib_ant.L0               	0.76134699	0.75972195	0.0018352309	
S00111.tib_ant.KS               	0.00015652	0.00016838937	0.00068244792	
S11000.tib_ant.KL               	1.1852397	1.1954961	0.0096366374	
S11000.tib_ant.L0               	0.72989126	0.72943957	0.0014569363	
S11000.tib_ant.KS               	0.03624536	0.035729978	0.00087508781	
S11111.tib_ant-soleus.KF        	-0.11370347	-0.11299444	0.0015192726	
S00111.soleus-tib_ant.KS        	-0.85867942	-0.86808087	0.018951086	
S11000.soleus-tib_ant.KS        	-3.3239599	-3.3249603	0.022624814	
S00111.gastroc-tib_ant.KS       	-0.32225572	-0.33296135	0.016084771	
S11000.gastroc-tib_ant.KS       	-1.6684996	-1.6811242	0.018770576	
S00111.tib_ant-gastroc.KS       	-0.00357534	-0.0037964131	0.1350432	
S11000.tib_ant-gastroc.KS       	-0.00331551	-0.0034966559	0.13199148	
S00111.tib_ant-soleus.KS        	-0.00346517	-0.0033282979	0.13862882	
S11000.tib_ant-soleus.KS        	-0.00313645	-0.0034211505	0.1327399	
S00111.gastroc.KL               	0.07523758	0.078138609	0.01690995	
S00111.gastroc.L0               	0.81208559	0.81340934	0.0074460813	
S00111.gastroc.KF               	1.4138596	1.4142946	0.00096207182	
S00111.gastroc.KS               	0.17739288	0.17067471	0.0079809203	
S00111.soleus.KL                	4.0464117	4.062276	0.016801277	
S00111.soleus.L0                	0.94523507	0.94879309	0.0042392202	
S00111.soleus.KF                	0.22834468	0.22805769	0.001374208	
S00111.soleus.KS                	0.15964826	0.15750932	0.011547248	
S11000.gastroc.KL               	0.00837043	0.0087522397	0.013469635	
S11000.gastroc.L0               	0.54289215	0.53687444	0.0077425692	
S11000.gastroc.KF               	-1.8181771	-1.8293082	0.01829056	
S11000.gastroc.KS               	0.27887874	0.27138194	0.016208386	
S11000.soleus.KL                	0.79702011	0.81635012	0.031542566	
S11000.soleus.L0                	0.86569209	0.87672476	0.0072201559	
S11000.soleus.KF                	-0.90281243	-0.91629819	0.0295228	
S11000.soleus.KS                	0.1022613	0.10684899	0.025047915	
S00011.vasti.KF                 	0.79595796	0.79949428	0.004024178	
S00011.vasti.C0                 	0.080831627	0.080629931	0.0008835124	
S00011.vasti-knee_angle.pos_max 	-0.30409012	-0.30459865	0.0014012725	
S00011.hamstrings-pelvis_tilt.KP	0.74026171	0.71817599	0.015675149	
S00011.hamstrings-pelvis_tilt.KV	0.56786695	0.56919325	0.00081396021	
S00011.hamstrings-pelvis_tilt.C0	0.026129296	0.02696058	0.0016844177	
S00011.glut_max-pelvis_tilt.KP  	1.4996112	1.4907247	0.013097865	
S00011.glut_max-pelvis_tilt.KV  	0.31666692	0.31806165	0.00083607968	
S00011.glut_max-pelvis_tilt.C0  	0.15741298	0.15887109	0.0014021425	
S00011.iliopsoas-pelvis_tilt.KP 	-3.662525	-3.6525681	0.022712957	
S00011.iliopsoas-pelvis_tilt.KV 	-0.54293792	-0.5421558	0.0010156116	
S00011.iliopsoas-pelvis_tilt.C0 	0.33599114	0.33509255	0.0021896064	
S00100.iliopsoas.C0             	0.33277965	0.33348538	0.0012069555	
S00100.glut_max.C0              	-0.02342065	-0.024137751	0.00088646674	
S11000.iliopsoas.KL             	0.55932374	0.55984288	0.0010287572	
S11000.iliopsoas.L0             	0.37990478	0.38001438	0.0011964837	
S11000.iliopsoas-pelvis_tilt.P0 	-0.045760987	-0.045289914	0.00089663127	
S11000.iliopsoas-pelvis_tilt.KP 	0.01196527	0.011225326	0.0054241171	
S11000.iliopsoas-pelvis_tilt.KV 	0.14860979	0.1499462	0.0010620345	
S11000.iliopsoas-hamstrings.KL  	-8.3210862	-8.2853976	0.037290054	
S11000.iliopsoas-hamstrings.L0  	1.1670938	1.1658498	0.0008553963	
S11000.hamstrings.KF            	0.58032561	0.58030828	0.00082687216	
S11000.glut_max.KF              	0.62318114	0.62472114	0.000941662	
