pelvis_tilt.offset              	0.022188896	0.022242244	8.8821759e-05	
hip_flexion_r.offset            	0.072412565	0.072306438	8.3237084e-05	
knee_angle_r.offset             	0.0023831126	0.0023804122	9.1012006e-05	
ankle_angle_r.offset            	-0.063292795	-0.063304159	0.00012146447	
hip_flexion_l.offset            	-0.0023416288	-0.0023038967	0.0001739724	
knee_angle_l.offset             	0.055320904	0.05524828	0.00012899201	
ankle_angle_l.offset            	0.1851648	0.18535388	0.00012343325	
stance_load_threshold           	0.14790549	0.1479441	0.00014202379	
S00111.tib_ant.KL               	1.2631565	1.2633851	0.0022068748	
S00111.tib_ant.L0               	0.76233456	0.76240611	0.00024867334	
S00111.tib_ant.KS               	0.000173	0.00016422554	6.8562923e-05	
S11000.tib_ant.KL               	1.1815718	1.1807132	0.0013088158	
S11000.tib_ant.L0               	0.7312684	0.73121316	0.00019237988	
S11000.tib_ant.KS               	0.036134676	0.03606481	0.00011617047	
S11111.tib_ant-soleus.KF        	-0.11378871	-0.11385636	0.00019932809	
S00111.soleus-tib_ant.KS        	-0.81386882	-0.81554514	0.0025135254	
S11000.soleus-tib_ant.KS        	-3.3425294	-3.3413448	0.0030449297	
S00111.gastroc-tib_ant.KS       	-0.32583224	-0.32707171	0.0019978621	
S11000.gastroc-tib_ant.KS       	-1.6654899	-1.6680614	0.0025048848	
S00111.tib_ant-gastroc.KS       	-0.00395169	-0.0037620512	0.013553186	
S11000.tib_ant-gastroc.KS       	-0.00366451	-0.0034486457	0.013246892	
S00111.tib_ant-soleus.KS        	-0.00346517	-0.003263358	0.013912989	
S11000.tib_ant-soleus.KS        	-0.0034666	-0.0033270552	0.013321991	
S00111.gastroc.KL               	0.08186223	0.079766689	0.0019058572	
S00111.gastroc.L0               	0.81586667	0.81603954	0.00098309905	
S00111.gastroc.KF               	1.4151194	1.4151217	0.00012841838	
S00111.gastroc.KS               	0.1769848	0.17571157	0.00096689935	
S00111.soleus.KL                	4.0340253	4.0360296	0.0022721991	
S00111.soleus.L0                	0.94734515	0.94877421	0.00054867464	
S00111.soleus.KF                	0.22817022	0.22821407	0.00018334629	
S00111.soleus.KS                	0.16427682	0.16358623	0.0014569775	
S11000.gastroc.KL               	0.0091135903	0.0088311092	0.0013621829	
S11000.gastroc.L0               	0.51943142	0.52071089	0.0010375236	
S11000.gastroc.KF               	-1.8442388	-1.8428081	0.002439803	
S11000.gastroc.KS               	0.2566321	0.25438395	0.0020434534	
S11000.soleus.KL                	0.77760697	0.77480612	0.0040870664	
S11000.soleus.L0                	0.85985304	0.86091618	0.00096042183	
S11000.soleus.KF                	-0.91588139	-0.9132178	0.0038469725	
S11000.soleus.KS                	0.11018604	0.10835591	0.0028177174	
S00011.vasti.KF                 	0.79540444	0.79564957	0.0005291199	
S00011.vasti.C0                 	0.080392929	0.080460966	0.00011035312	
S00011.vasti-knee_angle.pos_max 	-0.31015231	-0.31045836	0.00019090058	
S00011.hamstrings-pelvis_tilt.KP	0.72010148	0.71980989	0.0020519703	
S00011.hamstrings-pelvis_tilt.KV	0.56756929	0.56753027	0.00011242025	
S00011.hamstrings-pelvis_tilt.C0	0.026902019	0.02681349	0.00021686218	
S00011.glut_max-pelvis_tilt.KP  	1.479719	1.4799597	0.0017196877	
S00011.glut_max-pelvis_tilt.KV  	0.3200541	0.32013892	0.0001162012	
S00011.glut_max-pelvis_tilt.C0  	0.15797603	0.15823948	0.00019197125	
S00011.iliopsoas-pelvis_tilt.KP 	-3.6623771	-3.6598235	0.0029829083	
S00011.iliopsoas-pelvis_tilt.KV 	-0.54316368	-0.54325674	0.00013414126	
S00011.iliopsoas-pelvis_tilt.C0 	0.33979897	0.33983125	0.00028984376	
S00100.iliopsoas.C0             	0.33473668	0.33478606	0.00015988836	
S00100.glut_max.C0              	-0.024528637	-0.024805505	0.00011685239	
S11000.iliopsoas.KL             	0.56181341	0.56185079	0.00013662178	
S11000.iliopsoas.L0             	0.378944	0.37875023	0.00016683615	
S11000.iliopsoas-pelvis_tilt.P0 	-0.045069488	-0.045145372	0.00011624653	
S11000.iliopsoas-pelvis_tilt.KP 	0.011115977	0.011241865	0.00057081287	
S11000.iliopsoas-pelvis_tilt.KV 	0.1507673	0.15067945	0.00014344979	
S11000.iliopsoas-hamstrings.KL  	-8.2882292	-8.2900679	0.0049127567	
S11000.iliopsoas-hamstrings.L0  	1.1683175	1.16816	0.00011598361	
S11000.hamstrings.KF            	0.58075999	0.58060293	0.00011151396	
S11000.glut_max.KF              	0.62328415	0.6234341	0.00013184505	
