pelvis_tilt.offset              	-0.0023922516	-0.0011891398	0.0023144885	
hip_flexion_r.offset            	0.045164238	0.049228405	0.0021266027	
knee_angle_r.offset             	-0.03097292	-0.025114818	0.0024516459	
ankle_angle_r.offset            	-0.053202094	-0.052436929	0.002751715	
hip_flexion_l.offset            	-0.033352267	-0.031675067	0.004069336	
knee_angle_l.offset             	0.040884495	0.042950375	0.0030354051	
ankle_angle_l.offset            	0.1758896	0.17778496	0.0028836236	
stance_load_threshold           	0.14465057	0.15102438	0.0031170579	
S00111.tib_ant.KL               	1.2414213	1.2477094	0.049622329	
S00111.tib_ant.L0               	0.74744917	0.74737907	0.0057196766	
S00111.tib_ant.KS               	0.00015652	0.00016451169	0.001982753	
S11000.tib_ant.KL               	1.1658435	1.1889601	0.029296819	
S11000.tib_ant.L0               	0.7550742	0.75127891	0.0043350519	
S11000.tib_ant.KS               	0.03371447	0.035169483	0.0025460278	
S11111.tib_ant-soleus.KF        	-0.10963822	-0.1103199	0.0045132011	
S00111.soleus-tib_ant.KS        	-0.80888339	-0.85543084	0.05532565	
S00111.gastroc-tib_ant.KS       	-0.32171493	-0.33663521	0.04658863	
S00111.tib_ant-gastroc.KS       	-0.00357534	-0.0036755637	0.39234934	
S11000.tib_ant-gastroc.KS       	-0.00366451	-0.0034582539	0.38348297	
S00111.tib_ant-soleus.KS        	-0.00346517	-0.0033002194	0.40276687	
S11000.tib_ant-soleus.KS        	-0.0034666	-0.0032919794	0.3856574	
S00111.gastroc.KL               	0.07523758	0.078732793	0.049084911	
S00111.gastroc.L0               	0.80434602	0.81393674	0.02236481	
S00111.gastroc.KF               	1.4333933	1.4258405	0.0029947266	
S00111.gastroc.KS               	0.17739288	0.17401237	0.023023405	
S00111.soleus.KL                	4.0127474	3.9968526	0.051479695	
S00111.soleus.L0                	1.001538	1.0047203	0.012828208	
S00111.soleus.KF                	0.22434702	0.22079978	0.0041877346	
S00111.soleus.KS                	0.1596684	0.15788236	0.03335631	
S11000.gastroc.KL               	0.00837043	0.008589234	0.03913348	
S11000.gastroc.L0               	0.50559541	0.51320476	0.022848588	
S11000.gastroc.KF               	-1.8147663	-1.8683255	0.054468898	
S11000.gastroc.KS               	0.25430963	0.25645224	0.04643273	
S11000.soleus.KL                	0.76235452	0.7896879	0.090786629	
S11000.soleus.L0                	0.9434885	0.92868363	0.020875874	
S11000.soleus.KF                	-0.90016788	-0.91016568	0.085199099	
S11000.soleus.KS                	0.10817179	0.10388355	0.072719931	
S00011.vasti.KF                 	0.86097617	0.85653697	0.012254904	
S00011.vasti.C0                 	0.085114067	0.086115131	0.0026846957	
S00011.vasti-knee_angle.pos_max 	-0.30073636	-0.30446323	0.004314276	
S00011.hamstrings-pelvis_tilt.KP	0.6755063	0.69657673	0.04551856	
S00011.hamstrings-pelvis_tilt.KV	0.57199796	0.57533249	0.0024876511	
S00011.hamstrings-pelvis_tilt.C0	0.02778807	0.026777461	0.0048605691	
S00011.glut_max-pelvis_tilt.KP  	1.5139547	1.5145618	0.039794314	
S00011.glut_max-pelvis_tilt.KV  	0.30389604	0.30612329	0.0025550244	
S00011.glut_max-pelvis_tilt.C0  	0.16097215	0.16018407	0.0041627148	
S00011.iliopsoas-pelvis_tilt.KP 	-3.4177907	-3.5086861	0.067845799	
S00011.iliopsoas-pelvis_tilt.KV 	-0.5555584	-0.55299914	0.0032024604	
S00011.iliopsoas-pelvis_tilt.C0 	0.31521858	0.31844733	0.0064942244	
S00100.iliopsoas.C0             	0.33621194	0.33930717	0.0036573226	
S00100.glut_max.C0              	-0.023573111	-0.024760258	0.0025563597	
S11000.iliopsoas.KL             	0.57317979	0.57404418	0.0031772365	
S11000.iliopsoas.L0             	0.38691214	0.39438649	0.0034912285	
S11000.iliopsoas-pelvis_tilt.P0 	-0.04641831	-0.04373259	0.0026214511	
S11000.iliopsoas-pelvis_tilt.KP 	0.01196527	0.011539988	0.015756128	
S11000.iliopsoas-pelvis_tilt.KV 	0.1393229	0.14390123	0.0032002787	
S11000.iliopsoas-hamstrings.KL  	-7.9186622	-8.0174899	0.11405271	
S11000.iliopsoas-hamstrings.L0  	1.1076099	1.1174479	0.003538636	
S11000.hamstrings.KF            	0.54634485	0.54921489	0.0027171635	
S11000.glut_max.KF              	0.62206643	0.61947406	0.0028779138	
