pelvis_tilt.offset              	-0.006378892	-0.0075411998	0.0008815866	
hip_flexion_r.offset            	0.029912048	0.028605072	0.00093291717	
knee_angle_r.offset             	-0.056191125	-0.055368759	0.0012235297	
ankle_angle_r.offset            	-0.051615009	-0.052749177	0.0010122762	
hip_flexion_l.offset            	-0.06418225	-0.065419943	0.0017121649	
knee_angle_l.offset             	0.035382465	0.035227444	0.0011277107	
ankle_angle_l.offset            	0.16973899	0.16916065	0.001087676	
stance_load_threshold           	0.15543309	0.1551375	0.0011229715	
S00111.tib_ant.KL               	1.232621	1.2288039	0.017856081	
S00111.tib_ant.L0               	0.73038052	0.72883146	0.0021129568	
S00111.tib_ant.KS               	0.000173	0.0001645335	0.00059269102	
S11000.tib_ant.KL               	1.2107545	1.2188971	0.010410878	
S11000.tib_ant.L0               	0.75933019	0.75702221	0.0015579729	
S11000.tib_ant.KS               	0.036310466	0.035125346	0.00086313224	
S11111.tib_ant-soleus.KF        	-0.11204729	-0.11358016	0.0015874033	
S00111.soleus-tib_ant.KS        	-0.83048079	-0.84234138	0.018845784	
S00111.gastroc-tib_ant.KS       	-0.33095153	-0.32273809	0.014270597	
S00111.tib_ant-gastroc.KS       	-0.00357534	-0.0037363795	0.11728028	
S11000.tib_ant-gastroc.KS       	-0.00366451	-0.0035160485	0.11462996	
S00111.tib_ant-soleus.KS        	-0.00313515	-0.0032761949	0.12039426	
S11000.tib_ant-soleus.KS        	-0.00313645	-0.003291878	0.11527994	
S00111.gastroc.KL               	0.07523758	0.080820231	0.014757415	
S00111.gastroc.L0               	0.82003905	0.81220221	0.0079751502	
S00111.gastroc.KF               	1.4455326	1.4453736	0.0011943158	
S00111.gastroc.KS               	0.17739288	0.1757736	0.0070435833	
S00111.soleus.KL                	3.8624109	3.8585333	0.018797297	
S00111.soleus.L0                	0.97678082	0.97964491	0.0045040175	
S00111.soleus.KF                	0.22037153	0.22073186	0.0014972916	
S00111.soleus.KS                	0.16520068	0.16012174	0.010288866	
S11000.gastroc.KL               	0.00925153	0.008969179	0.011699183	
S11000.gastroc.L0               	0.52413992	0.52964069	0.007933002	
S11000.gastroc.KF               	-1.9009301	-1.8888348	0.018885654	
S11000.gastroc.KS               	0.25231886	0.2530686	0.013981777	
S11000.soleus.KL                	0.76235452	0.78402273	0.029337561	
S11000.soleus.L0                	0.89326992	0.90245823	0.0073799845	
S11000.soleus.KF                	-0.89382344	-0.91653467	0.02797818	
S11000.soleus.KS                	0.11302564	0.11029852	0.021838349	
S00011.vasti.KF                 	0.86024406	0.85930232	0.00393963	
S00011.vasti.C0                 	0.085521278	0.086549862	0.00093906253	
S00011.vasti-knee_angle.pos_max 	-0.3049535	-0.30466672	0.0015427105	
S00011.hamstrings-pelvis_tilt.KP	0.67099736	0.68012967	0.015314156	
S00011.hamstrings-pelvis_tilt.KV	0.5921046	0.59337382	0.0010506413	
S00011.hamstrings-pelvis_tilt.C0	0.027684567	0.027212684	0.0015119385	
S00011.glut_max-pelvis_tilt.KP  	1.517764	1.5132992	0.014262667	
S00011.glut_max-pelvis_tilt.KV  	0.30395257	0.3034907	0.0009332005	
S00011.glut_max-pelvis_tilt.C0  	0.16760292	0.16588612	0.0015051675	
S00011.iliopsoas-pelvis_tilt.KP 	-3.5979603	-3.5947532	0.02435834	
S00011.iliopsoas-pelvis_tilt.KV 	-0.56010569	-0.55816425	0.001154335	
S00011.iliopsoas-pelvis_tilt.C0 	0.31831419	0.3177766	0.0022436328	
S00100.iliopsoas.C0             	0.35043803	0.35015557	0.0013539664	
S00100.glut_max.C0              	-0.02482506	-0.024836102	0.00083600146	
S11000.iliopsoas.KL             	0.58724872	0.58822629	0.0011740925	
S11000.iliopsoas.L0             	0.37241085	0.37277938	0.0013315689	
S11000.iliopsoas-pelvis_tilt.P0 	-0.045693604	-0.045322231	0.00088907798	
S11000.iliopsoas-pelvis_tilt.KP 	0.01082572	0.011531075	0.0047156403	
S11000.iliopsoas-pelvis_tilt.KV 	0.15078868	0.14778529	0.0011502779	
S11000.iliopsoas-hamstrings.KL  	-7.9241839	-7.9291302	0.040867551	
S11000.iliopsoas-hamstrings.L0  	1.1084207	1.1083877	0.0012805436	
S11000.hamstrings.KF            	0.54917087	0.54791518	0.00094453981	
S11000.glut_max.KF              	0.61922104	0.62024671	0.0010313046	
