pelvis_tilt.offset              	-0.0082633148	-0.0084507067	0.00035156033	
hip_flexion_r.offset            	0.027390288	0.027629039	0.0003762404	
knee_angle_r.offset             	-0.058124146	-0.058528141	0.00050887433	
ankle_angle_r.offset            	-0.052078855	-0.05161543	0.00039522975	
hip_flexion_l.offset            	-0.071973258	-0.071690768	0.00074061839	
knee_angle_l.offset             	0.0347639	0.034730768	0.00044272676	
ankle_angle_l.offset            	0.16760319	0.16770256	0.00041933228	
stance_load_threshold           	0.15497491	0.15506375	0.00043823782	
S00111.tib_ant.KL               	1.223068	1.229061	0.0069862057	
S00111.tib_ant.L0               	0.72704463	0.72702477	0.00081944616	
S00111.tib_ant.KS               	0.00016060823	0.00017048034	0.00020563824	
S11000.tib_ant.KL               	1.2110982	1.207976	0.0040392331	
S11000.tib_ant.L0               	0.75690118	0.75788098	0.00060826472	
S11000.tib_ant.KS               	0.035123447	0.034794653	0.00033917527	
S11111.tib_ant-soleus.KF        	-0.11129038	-0.11149292	0.00061967629	
S00111.soleus-tib_ant.KS        	-0.83172531	-0.82758099	0.0072915968	
S00111.gastroc-tib_ant.KS       	-0.32366639	-0.32381586	0.0050810528	
S00111.tib_ant-gastroc.KS       	-0.00357534	-0.0037518973	0.040688308	
S11000.tib_ant-gastroc.KS       	-0.00366451	-0.0035280499	0.039768823	
S00111.tib_ant-soleus.KS        	-0.00313515	-0.0032674177	0.041768635	
S11000.tib_ant-soleus.KS        	-0.00313645	-0.0033485821	0.039994316	
S00111.gastroc.KL               	0.075699152	0.079127168	0.00521522	
S00111.gastroc.L0               	0.81228484	0.81266058	0.0030691589	
S00111.gastroc.KF               	1.4472129	1.4473345	0.00046994371	
S00111.gastroc.KS               	0.17443416	0.17298913	0.0025270925	
S00111.soleus.KL                	3.8615691	3.8551493	0.0073530614	
S00111.soleus.L0                	0.97982095	0.98120951	0.0017302581	
S00111.soleus.KF                	0.21795033	0.2187452	0.00058980168	
S00111.soleus.KS                	0.15931679	0.15598665	0.0038240251	
S11000.gastroc.KL               	0.00925153	0.0088047551	0.0040609017	
S11000.gastroc.L0               	0.53111869	0.53283084	0.0030931177	
S11000.gastroc.KF               	-1.8935218	-1.8947735	0.0072585635	
S11000.gastroc.KS               	0.25231886	0.25418573	0.0049360721	
S11000.soleus.KL                	0.78114931	0.78349594	0.011174083	
S11000.soleus.L0                	0.91602469	0.91624166	0.0029133984	
S11000.soleus.KF                	-0.91923419	-0.91769889	0.010879358	
S11000.soleus.KS                	0.10881851	0.10729225	0.0076982344	
S00011.vasti.KF                 	0.85898374	0.85927953	0.00150812	
S00011.vasti.C0                 	0.086469637	0.087162506	0.00036506085	
S00011.vasti-knee_angle.pos_max 	-0.3027885	-0.30285137	0.00060724035	
S00011.hamstrings-pelvis_tilt.KP	0.68842135	0.68719164	0.0059325224	
S00011.hamstrings-pelvis_tilt.KV	0.59238725	0.5928693	0.00041430921	
S00011.hamstrings-pelvis_tilt.C0	0.026495817	0.026713969	0.0005657728	
S00011.glut_max-pelvis_tilt.KP  	1.5484059	1.5510275	0.0057298411	
S00011.glut_max-pelvis_tilt.KV  	0.30170558	0.30174458	0.0003676613	
S00011.glut_max-pelvis_tilt.C0  	0.16709076	0.16709707	0.00057311715	
S00011.iliopsoas-pelvis_tilt.KP 	-3.5614529	-3.570946	0.009520907	
S00011.iliopsoas-pelvis_tilt.KV 	-0.5601106	-0.56029341	0.00045858412	
S00011.iliopsoas-pelvis_tilt.C0 	0.31829811	0.31744882	0.0008780528	
S00100.iliopsoas.C0             	0.35036212	0.35038512	0.00053319454	
S00100.glut_max.C0              	-0.02377833	-0.024619717	0.00031917927	
S11000.iliopsoas.KL             	0.58816928	0.58804485	0.00045447612	
S11000.iliopsoas.L0             	0.37311071	0.37255725	0.00051394307	
S11000.iliopsoas-pelvis_tilt.P0 	-0.044396587	-0.043834696	0.00035462491	
S11000.iliopsoas-pelvis_tilt.KP 	0.011861597	0.01116437	0.0016438128	
S11000.iliopsoas-pelvis_tilt.KV 	0.14852508	0.14914225	0.00044576345	
S11000.iliopsoas-hamstrings.KL  	-7.9147134	-7.9096424	0.016046637	
S11000.iliopsoas-hamstrings.L0  	1.1084797	1.108267	0.00048324213	
S11000.hamstrings.KF            	0.54718576	0.54740207	0.00036612226	
S11000.glut_max.KF              	0.62004538	0.61971162	0.00040084729	
