pelvis_tilt.offset              	0.086875513	0.078595409	0.0074140865	
hip_flexion_r.offset            	0.10340904	0.097815474	0.0055004799	
knee_angle_r.offset             	-0.013936864	-0.0082656983	0.0059233394	
ankle_angle_r.offset            	-0.05858054	-0.052242252	0.0076968563	
hip_flexion_l.offset            	-0.036219403	-0.01173091	0.010840548	
knee_angle_l.offset             	0.058568427	0.059633683	0.0082863597	
ankle_angle_l.offset            	0.21317835	0.20125014	0.0080784264	
stance_load_threshold           	0.14465057	0.14994922	0.0086834241	
S00111.tib_ant.KL               	1.3119505	1.2676762	0.14019315	
S00111.tib_ant.L0               	0.78583904	0.77571186	0.016420034	
S00111.tib_ant.KS               	0.00015652	0.00016448192	0.0057113075	
S11000.tib_ant.KL               	1.1706028	1.1914828	0.081789133	
S11000.tib_ant.L0               	0.74635831	0.75013142	0.012181332	
S11000.tib_ant.KS               	0.034225123	0.035946233	0.007234471	
S11111.tib_ant-soleus.KF        	-0.10533343	-0.11126941	0.012633829	
S00111.soleus-tib_ant.KS        	-0.80888339	-0.84887058	0.15587707	
S11000.soleus-tib_ant.KS        	-3.3937437	-3.3086708	0.19203842	
S00111.gastroc-tib_ant.KS       	-0.32171493	-0.34068122	0.13384681	
S11000.gastroc-tib_ant.KS       	-1.6978387	-1.7096613	0.15751911	
S00111.tib_ant-gastroc.KS       	-0.00395169	-0.0037947451	1.1301605	
S11000.tib_ant-gastroc.KS       	-0.00331551	-0.0035532522	1.104621	
S00111.tib_ant-soleus.KS        	-0.00346517	-0.0033397874	1.1601681	
S11000.tib_ant-soleus.KS        	-0.0034666	-0.003250512	1.1108844	
S00111.gastroc.KL               	0.08315732	0.079524792	0.14137403	
S00111.gastroc.L0               	0.7968718	0.83469448	0.062285304	
S00111.gastroc.KF               	1.4387907	1.4256595	0.0081523469	
S00111.soleus.KL                	4.2148476	4.0346419	0.14060353	
S00111.soleus.L0                	1.0019583	0.95734988	0.036554033	
S00111.soleus.KF                	0.23726336	0.22994346	0.011843543	
S11000.gastroc.KL               	0.00925153	0.009095751	0.11272333	
S11000.gastroc.L0               	0.54989184	0.53984894	0.064728269	
S11000.gastroc.KF               	-1.7567445	-1.8597167	0.15469551	
S11000.gastroc.KS               	0.26773219	0.26662237	0.13464906	
S11000.soleus.KL                	0.84260236	0.79906783	0.26044	
S11000.soleus.L0                	0.85363246	0.91165391	0.060479912	
S11000.soleus.KF                	-0.94237053	-0.93009668	0.24390849	
S11000.soleus.KS                	0.1022613	0.10846259	0.20943807	
S00011.vasti.KF                 	0.77897844	0.80129618	0.034769074	
S00011.vasti.C0                 	0.087204417	0.082440799	0.0074437374	
S00011.vasti-knee_angle.pos_max 	-0.31507447	-0.31267921	0.011784041	
S00011.hamstrings-pelvis_tilt.KP	0.67099736	0.70691273	0.12957473	
S00011.hamstrings-pelvis_tilt.KV	0.57513781	0.57350921	0.006983866	
S00011.hamstrings-pelvis_tilt.C0	0.02778807	0.026826052	0.013966207	
S00011.glut_max-pelvis_tilt.KP  	1.5267989	1.5049286	0.11150608	
S00011.glut_max-pelvis_tilt.KV  	0.32506337	0.31878357	0.0070555035	
S00011.glut_max-pelvis_tilt.C0  	0.15540447	0.15851926	0.011673583	
S00011.iliopsoas-pelvis_tilt.KP 	-3.6336233	-3.6054003	0.18832094	
S00011.iliopsoas-pelvis_tilt.KV 	-0.54229634	-0.55053404	0.0087586241	
S00011.iliopsoas-pelvis_tilt.C0 	0.34839948	0.33281033	0.018407228	
S00100.iliopsoas.C0             	0.33441641	0.33610492	0.010261658	
S00100.glut_max.C0              	-0.024902814	-0.024363648	0.0073229063	
S11000.iliopsoas.KL             	0.58902842	0.58056746	0.0089611666	
S11000.iliopsoas.L0             	0.38841636	0.37686635	0.0096829223	
S11000.iliopsoas-pelvis_tilt.P0 	-0.04199752	-0.045008437	0.007428846	
S11000.iliopsoas-pelvis_tilt.KP 	0.01196527	0.011521896	0.045383417	
S11000.iliopsoas-pelvis_tilt.KV 	0.15228619	0.14882755	0.0089489966	
S11000.iliopsoas-hamstrings.KL  	-8.2254928	-8.2293462	0.31946053	
S11000.iliopsoas-hamstrings.L0  	1.1723268	1.1809945	0.0072917455	
S11000.hamstrings.KF            	0.58051612	0.58853203	0.0070254693	
S11000.glut_max.KF              	0.61737759	0.62580637	0.0079870374	
