pelvis_tilt.offset              	0.022937315	0.022753337	0.0011290551	
hip_flexion_r.offset            	0.071588198	0.070805905	0.001059088	
knee_angle_r.offset             	-0.0017092726	-0.00071781682	0.0011601244	
ankle_angle_r.offset            	-0.058628431	-0.05830258	0.0015138975	
hip_flexion_l.offset            	-0.0030221443	-0.0041199931	0.0021629966	
knee_angle_l.offset             	0.055168247	0.056573523	0.0016553194	
ankle_angle_l.offset            	0.18683604	0.18826888	0.001591042	
stance_load_threshold           	0.14821616	0.15137171	0.001746387	
S00111.tib_ant.KL               	1.2054678	1.234573	0.028907683	
S00111.tib_ant.L0               	0.76704885	0.76461595	0.003085033	
S00111.tib_ant.KS               	0.000173	0.00016328436	0.0012325319	
S11000.tib_ant.KL               	1.1953607	1.1963144	0.016525685	
S11000.tib_ant.L0               	0.7351055	0.73672998	0.0024132681	
S11000.tib_ant.KS               	0.034299051	0.035018751	0.0015184832	
S11111.tib_ant-soleus.KF        	-0.1100974	-0.11011756	0.0026071091	
S00111.soleus-tib_ant.KS        	-0.80888339	-0.84120193	0.033095046	
S11000.soleus-tib_ant.KS        	-3.2175218	-3.2808186	0.038618774	
S00111.gastroc-tib_ant.KS       	-0.35107924	-0.34793382	0.028605147	
S11000.gastroc-tib_ant.KS       	-1.7009524	-1.6908644	0.032118032	
S00111.tib_ant-gastroc.KS       	-0.00395169	-0.0036637572	0.2438953	
S11000.tib_ant-gastroc.KS       	-0.00366451	-0.0035568956	0.23838372	
S00111.tib_ant-soleus.KS        	-0.00346517	-0.0033771932	0.25037113	
S11000.tib_ant-soleus.KS        	-0.00313645	-0.0032658495	0.23973541	
S00111.gastroc.KL               	0.07523758	0.081859479	0.030492006	
S00111.gastroc.L0               	0.87012732	0.85167591	0.012667838	
S00111.gastroc.KS               	0.17216247	0.16397004	0.014141781	
S00111.soleus.KL                	4.0191311	4.0145944	0.028376415	
S00111.soleus.L0                	0.94408134	0.94695967	0.0073300437	
S00111.soleus.KS                	0.16520068	0.15604317	0.020619996	
S11000.gastroc.KL               	0.00837043	0.0088687264	0.024326083	
S11000.gastroc.L0               	0.52689988	0.53118241	0.01328738	
S11000.gastroc.KF               	-1.7949185	-1.8376383	0.031428959	
S11000.gastroc.KS               	0.27887874	0.26681547	0.028870489	
S11000.soleus.KL                	0.84260236	0.82290271	0.055553889	
S11000.soleus.L0                	0.88702109	0.88996595	0.012321695	
S11000.soleus.KF                	-0.93674923	-0.91877722	0.051706774	
S11000.soleus.KS                	0.11302564	0.10644161	0.045176167	
S00011.vasti.KF                 	0.8494049	0.84268162	0.0069198475	
S00011.vasti.C0                 	0.081000445	0.083257753	0.0015443062	
S00011.vasti-knee_angle.pos_max 	-0.30379463	-0.30600996	0.0023770793	
S00011.hamstrings-pelvis_tilt.KP	0.72225262	0.69745289	0.027218786	
S00011.hamstrings-pelvis_tilt.KV	0.56608797	0.56604843	0.0013772322	
S00011.hamstrings-pelvis_tilt.C0	0.02778807	0.026766505	0.0029976212	
S00011.glut_max-pelvis_tilt.KP  	1.5008746	1.4902065	0.022526718	
S00011.glut_max-pelvis_tilt.KV  	0.31415735	0.31371719	0.0014030207	
S00011.glut_max-pelvis_tilt.C0  	0.15767103	0.15909079	0.0023668095	
S00011.iliopsoas-pelvis_tilt.KP 	-3.417026	-3.4687377	0.037716012	
S00011.iliopsoas-pelvis_tilt.KV 	-0.54866278	-0.54677918	0.0017270716	
S00011.iliopsoas-pelvis_tilt.C0 	0.32954491	0.33147496	0.0037204304	
S00100.iliopsoas.C0             	0.33637129	0.33607091	0.0020484157	
S00100.glut_max.C0              	-0.024337781	-0.024908446	0.001555775	
S11000.iliopsoas.KL             	0.56760275	0.56488687	0.0017533123	
S11000.iliopsoas.L0             	0.39287566	0.39173577	0.0019370574	
S11000.iliopsoas-pelvis_tilt.P0 	-0.044055607	-0.04464431	0.0015520663	
S11000.iliopsoas-pelvis_tilt.KP 	0.01196527	0.011297403	0.0097928603	
S11000.iliopsoas-pelvis_tilt.KV 	0.14773763	0.14633852	0.0017907631	
S11000.iliopsoas-hamstrings.KL  	-8.2625702	-8.3011706	0.063168405	
S11000.iliopsoas-hamstrings.L0  	1.1704627	1.1686214	0.0014462865	
S11000.hamstrings.KF            	0.57479666	0.57517531	0.0013943366	
S11000.glut_max.KF              	0.62133392	0.62125731	0.0015819847	
