pelvis_tilt.offset              	0.026696993	0.024308639	0.00083436702	
hip_flexion_r.offset            	0.070736599	0.070545037	0.0007694904	
knee_angle_r.offset             	-0.0024178136	-0.0021648549	0.00085156491	
ankle_angle_r.offset            	-0.059393616	-0.059358065	0.0011114992	
hip_flexion_l.offset            	0.0032424093	9.3660183e-05	0.0015776922	
knee_angle_l.offset             	0.0538142	0.053898427	0.0012077693	
ankle_angle_l.offset            	0.18954241	0.18888959	0.0011683011	
stance_load_threshold           	0.15209343	0.1532223	0.001275143	
S00111.tib_ant.KL               	1.2355596	1.2351933	0.020960387	
S00111.tib_ant.L0               	0.75933117	0.76409569	0.0022334581	
S00111.tib_ant.KS               	0.000173	0.00016757352	0.00085264428	
S11000.tib_ant.KL               	1.1987596	1.1762927	0.012044828	
S11000.tib_ant.L0               	0.73342844	0.73541588	0.0017648496	
S11000.tib_ant.KS               	0.035964405	0.035333677	0.001081832	
S11111.tib_ant-soleus.KF        	-0.10744285	-0.10624676	0.0018904668	
S00111.soleus-tib_ant.KS        	-0.8383774	-0.85976972	0.023885265	
S11000.soleus-tib_ant.KS        	-3.2650003	-3.2744896	0.028301947	
S00111.gastroc-tib_ant.KS       	-0.35557966	-0.34949317	0.020010207	
S11000.gastroc-tib_ant.KS       	-1.705556	-1.7187893	0.023529115	
S00111.tib_ant-gastroc.KS       	-0.00357534	-0.0037571202	0.16872199	
S11000.tib_ant-gastroc.KS       	-0.00366451	-0.0034298093	0.16490919	
S00111.tib_ant-soleus.KS        	-0.00313515	-0.0032844127	0.17320184	
S11000.tib_ant-soleus.KS        	-0.0034666	-0.0032273012	0.16584426	
S00111.gastroc.KL               	0.075479599	0.079723452	0.021116868	
S00111.gastroc.L0               	0.85676766	0.85072715	0.0092702674	
S00111.gastroc.KS               	0.16049832	0.16415013	0.0099274055	
S00111.soleus.KL                	4.044862	4.0363475	0.020927353	
S00111.soleus.L0                	0.92959164	0.92927046	0.0054734047	
S00111.soleus.KS                	0.14946728	0.1581029	0.014372946	
S11000.gastroc.KL               	0.00925153	0.0087984292	0.01682869	
S11000.gastroc.L0               	0.49752118	0.50892517	0.0096531891	
S11000.gastroc.KF               	-1.8065551	-1.7796714	0.023045847	
S11000.gastroc.KS               	0.27887874	0.26513729	0.02017111	
S11000.soleus.KL                	0.84260236	0.79840095	0.039176205	
S11000.soleus.L0                	0.89626382	0.89965657	0.0089846779	
S11000.soleus.KF                	-0.9413914	-0.93245997	0.036708676	
S11000.soleus.KS                	0.11302564	0.11092789	0.031280218	
S00011.vasti.KF                 	0.84859077	0.84925809	0.0051128372	
S00011.vasti.C0                 	0.081156999	0.08072577	0.0011086053	
S00011.vasti-knee_angle.pos_max 	-0.3080567	-0.30913089	0.0017490743	
S00011.hamstrings-pelvis_tilt.KP	0.71243091	0.693214	0.019493609	
S00011.hamstrings-pelvis_tilt.KV	0.56059225	0.56235482	0.0010168717	
S00011.hamstrings-pelvis_tilt.C0	0.02778807	0.026157741	0.0020926319	
S00011.glut_max-pelvis_tilt.KP  	1.5116374	1.49828	0.016479467	
S00011.glut_max-pelvis_tilt.KV  	0.31246621	0.31272257	0.0010149102	
S00011.glut_max-pelvis_tilt.C0  	0.16146733	0.16017794	0.0017280431	
S00011.iliopsoas-pelvis_tilt.KP 	-3.386783	-3.40585	0.027740821	
S00011.iliopsoas-pelvis_tilt.KV 	-0.54782271	-0.54627314	0.0012594526	
S00011.iliopsoas-pelvis_tilt.C0 	0.34085483	0.33752582	0.0027119993	
S00100.iliopsoas.C0             	0.33886539	0.3393607	0.0014946193	
S00100.glut_max.C0              	-0.02588599	-0.024401258	0.0011003091	
S11000.iliopsoas.KL             	0.56439739	0.56423378	0.0012829559	
S11000.iliopsoas.L0             	0.39392282	0.39439236	0.0014205646	
S11000.iliopsoas-pelvis_tilt.P0 	-0.042532917	-0.044228171	0.0011179587	
S11000.iliopsoas-pelvis_tilt.KP 	0.01196527	0.011640043	0.006776076	
S11000.iliopsoas-pelvis_tilt.KV 	0.14688237	0.14762065	0.0013066499	
S11000.iliopsoas-hamstrings.KL  	-8.0910476	-8.1164647	0.046223041	
S11000.iliopsoas-hamstrings.L0  	1.1727631	1.1729562	0.0010834451	
S11000.hamstrings.KF            	0.57807576	0.577017	0.0010286946	
S11000.glut_max.KF              	0.6211744	0.62066538	0.001158864	
