pelvis_tilt.offset              	0.023508799	0.02354535	0.00068704448	
hip_flexion_r.offset            	0.070135489	0.071239477	0.00062986896	
knee_angle_r.offset             	-0.0037349377	-0.0027218594	0.00070011663	
ankle_angle_r.offset            	-0.058800517	-0.059804659	0.00090740882	
hip_flexion_l.offset            	-0.0010079978	0.00099353576	0.0012980207	
knee_angle_l.offset             	0.052220138	0.052006941	0.00099238757	
ankle_angle_l.offset            	0.18941058	0.18894109	0.00095391045	
stance_load_threshold           	0.15314007	0.15333438	0.0010397642	
S00111.tib_ant.KL               	1.2512924	1.2606687	0.017230945	
S00111.tib_ant.L0               	0.76663561	0.76443198	0.0018188202	
S00111.tib_ant.KS               	0.000173	0.00016523225	0.00068111232	
S11000.tib_ant.KL               	1.1877127	1.190778	0.0098669624	
S11000.tib_ant.L0               	0.73318293	0.73538355	0.0014339287	
S11000.tib_ant.KS               	0.034940354	0.035569148	0.00087943225	
S11111.tib_ant-soleus.KF        	-0.1078949	-0.10669839	0.0015270829	
S00111.soleus-tib_ant.KS        	-0.85502232	-0.85851812	0.019450634	
S11000.soleus-tib_ant.KS        	-3.2403635	-3.2568625	0.023039719	
S00111.gastroc-tib_ant.KS       	-0.32820323	-0.34932021	0.016092863	
S11000.gastroc-tib_ant.KS       	-1.7145495	-1.7293568	0.019180922	
S00111.tib_ant-gastroc.KS       	-0.00395169	-0.0037286279	0.13477869	
S11000.tib_ant-gastroc.KS       	-0.00331551	-0.0035069274	0.13173294	
S00111.tib_ant-soleus.KS        	-0.00346517	-0.0033360732	0.13835729	
S11000.tib_ant-soleus.KS        	-0.00313645	-0.0033417559	0.13247989	
S00111.gastroc.KL               	0.082061584	0.079000657	0.016884761	
S00111.gastroc.L0               	0.85412153	0.85536789	0.0075605139	
S00111.gastroc.KS               	0.16512665	0.16337455	0.0079866513	
S00111.soleus.KL                	4.0251097	4.0263933	0.017078842	
S00111.soleus.L0                	0.9350704	0.92788288	0.0044553634	
S00111.soleus.KS                	0.15097645	0.15759346	0.011541553	
S11000.gastroc.KL               	0.00925153	0.0086972326	0.013443389	
S11000.gastroc.L0               	0.51998455	0.50896649	0.0078590407	
S11000.gastroc.KF               	-1.8262268	-1.8155908	0.018857372	
S11000.gastroc.KS               	0.25231886	0.26009126	0.016233707	
S11000.soleus.KL                	0.8290413	0.81139949	0.031785907	
S11000.soleus.L0                	0.89608583	0.89472664	0.0073548109	
S11000.soleus.KF                	-0.93313056	-0.93021916	0.029766534	
S11000.soleus.KS                	0.11302564	0.11005839	0.025004997	
S00011.vasti.KF                 	0.85102924	0.85363238	0.0041844849	
S00011.vasti.C0                 	0.082654111	0.081006849	0.00089981677	
S00011.vasti-knee_angle.pos_max 	-0.31287348	-0.31070453	0.001433179	
S00011.hamstrings-pelvis_tilt.KP	0.68653185	0.70666163	0.015854671	
S00011.hamstrings-pelvis_tilt.KV	0.56224292	0.56149551	0.00083344129	
S00011.hamstrings-pelvis_tilt.C0	0.02778807	0.026492983	0.0016836963	
S00011.glut_max-pelvis_tilt.KP  	1.4994627	1.486825	0.013537456	
S00011.glut_max-pelvis_tilt.KV  	0.313601	0.31352122	0.00082802013	
S00011.glut_max-pelvis_tilt.C0  	0.15843795	0.1589628	0.0014110561	
S00011.iliopsoas-pelvis_tilt.KP 	-3.3735143	-3.34901	0.022887352	
S00011.iliopsoas-pelvis_tilt.KV 	-0.54893836	-0.54761643	0.0010276379	
S00011.iliopsoas-pelvis_tilt.C0 	0.33712646	0.33764757	0.0022201643	
S00100.iliopsoas.C0             	0.33757069	0.33759283	0.0012209276	
S00100.glut_max.C0              	-0.024444175	-0.024502725	0.00089424815	
S11000.iliopsoas.KL             	0.56456045	0.56506184	0.0010421114	
S11000.iliopsoas.L0             	0.39503145	0.39481928	0.001162265	
S11000.iliopsoas-pelvis_tilt.P0 	-0.045742044	-0.044473007	0.00091094712	
S11000.iliopsoas-pelvis_tilt.KP 	0.01196527	0.011519592	0.0054139673	
S11000.iliopsoas-pelvis_tilt.KV 	0.14757764	0.14797735	0.0010646955	
S11000.iliopsoas-hamstrings.KL  	-8.0815311	-8.1189182	0.037842819	
S11000.iliopsoas-hamstrings.L0  	1.174614	1.1745472	0.00089116625	
S11000.hamstrings.KF            	0.57654964	0.5776885	0.00084178867	
S11000.glut_max.KF              	0.6204932	0.62100055	0.00094453636	
