pelvis_tilt.offset              	0.024030632	0.023978493	0.00066159041	
hip_flexion_r.offset            	0.071251285	0.071470728	0.00060779307	
knee_angle_r.offset             	-0.0031689303	-0.0033304425	0.00067756524	
ankle_angle_r.offset            	-0.061141742	-0.060390362	0.00087762194	
hip_flexion_l.offset            	0.001503934	0.00053166277	0.0012518396	
knee_angle_l.offset             	0.052623922	0.052597182	0.00095938966	
ankle_angle_l.offset            	0.18948097	0.18825791	0.00092118341	
stance_load_threshold           	0.15371278	0.15314709	0.0010048131	
S00111.tib_ant.KL               	1.2690242	1.2678118	0.016631034	
S00111.tib_ant.L0               	0.76870164	0.76540254	0.0017536741	
S00111.tib_ant.KS               	0.00015652	0.00016499697	0.00065193283	
S11000.tib_ant.KL               	1.1844919	1.1847973	0.0095151211	
S11000.tib_ant.L0               	0.73480765	0.73540953	0.0013818814	
S11000.tib_ant.KS               	0.035516882	0.035294766	0.000847516	
S11111.tib_ant-soleus.KF        	-0.10989374	-0.10858394	0.001475121	
S00111.soleus-tib_ant.KS        	-0.86766295	-0.85724586	0.01870754	
S11000.soleus-tib_ant.KS        	-3.2666512	-3.268712	0.022279516	
S00111.gastroc-tib_ant.KS       	-0.32171493	-0.34743451	0.015451827	
S11000.gastroc-tib_ant.KS       	-1.7021968	-1.7217296	0.018447654	
S00111.tib_ant-gastroc.KS       	-0.00357534	-0.0037978223	0.1290045	
S11000.tib_ant-gastroc.KS       	-0.00366451	-0.0034416631	0.12608924	
S00111.tib_ant-soleus.KS        	-0.00346517	-0.0032461855	0.13242978	
S11000.tib_ant-soleus.KS        	-0.0034666	-0.003393835	0.12680419	
S00111.gastroc.KL               	0.076226477	0.079916908	0.016166984	
S00111.gastroc.L0               	0.85654643	0.85611578	0.0072672004	
S00111.gastroc.KS               	0.16049832	0.16640206	0.0076735639	
S00111.soleus.KL                	4.0159581	4.0268761	0.016459509	
S00111.soleus.L0                	0.92159343	0.9262303	0.004302794	
S00111.soleus.KS                	0.14946728	0.15388091	0.011067659	
S11000.gastroc.KL               	0.00837043	0.0088548574	0.012867555	
S11000.gastroc.L0               	0.50619103	0.51210965	0.0075689638	
S11000.gastroc.KF               	-1.7926835	-1.8149339	0.018160089	
S11000.gastroc.KS               	0.25608446	0.2586316	0.015571968	
S11000.soleus.KL                	0.77293222	0.8035194	0.030562322	
S11000.soleus.L0                	0.89549286	0.89795672	0.0070770191	
S11000.soleus.KF                	-0.86753488	-0.9213197	0.028604835	
S11000.soleus.KS                	0.10541065	0.10723591	0.023941572	
S00011.vasti.KF                 	0.84622211	0.85617414	0.0040315834	
S00011.vasti.C0                 	0.08051512	0.081411582	0.00086640622	
S00011.vasti-knee_angle.pos_max 	-0.31366124	-0.31150264	0.0013816048	
S00011.hamstrings-pelvis_tilt.KP	0.71441653	0.69950291	0.015260344	
S00011.hamstrings-pelvis_tilt.KV	0.56120466	0.56096185	0.00080693152	
S00011.hamstrings-pelvis_tilt.C0	0.02740078	0.02659562	0.001616651	
S00011.glut_max-pelvis_tilt.KP  	1.4766525	1.4940588	0.013033265	
S00011.glut_max-pelvis_tilt.KV  	0.31268691	0.31336556	0.00079837936	
S00011.glut_max-pelvis_tilt.C0  	0.15749065	0.15879059	0.0013568427	
S00011.iliopsoas-pelvis_tilt.KP 	-3.3415176	-3.3490014	0.02216061	
S00011.iliopsoas-pelvis_tilt.KV 	-0.54924116	-0.54804687	0.00099009799	
S00011.iliopsoas-pelvis_tilt.C0 	0.33544632	0.33670554	0.0021348869	
S00100.iliopsoas.C0             	0.33733223	0.33788143	0.0011778147	
S00100.glut_max.C0              	-0.024552611	-0.024954034	0.0008609607	
S11000.iliopsoas.KL             	0.56528655	0.56526161	0.0010030117	
S11000.iliopsoas.L0             	0.39455177	0.39517906	0.0011187534	
S11000.iliopsoas-pelvis_tilt.P0 	-0.043658104	-0.045001359	0.00088103674	
S11000.iliopsoas-pelvis_tilt.KP 	0.01082572	0.011119313	0.0051825157	
S11000.iliopsoas-pelvis_tilt.KV 	0.14818088	0.14761108	0.0010258885	
S11000.iliopsoas-hamstrings.KL  	-8.0143624	-8.1069292	0.036549714	
S11000.iliopsoas-hamstrings.L0  	1.1748829	1.1750677	0.00086207569	
S11000.hamstrings.KF            	0.58018237	0.57884442	0.0008145633	
S11000.glut_max.KF              	0.61860914	0.62033825	0.00090927262	
