pelvis_tilt.offset              	0.023553718	0.02346083	0.00043717725	
hip_flexion_r.offset            	0.071499515	0.071700358	0.00040533886	
knee_angle_r.offset             	-0.0029111171	-0.0028360774	0.0004484687	
ankle_angle_r.offset            	-0.060907479	-0.060524955	0.00058114887	
hip_flexion_l.offset            	0.0011715909	0.0010431027	0.00082796616	
knee_angle_l.offset             	0.052404661	0.0523801	0.00063535208	
ankle_angle_l.offset            	0.18753236	0.18765261	0.00060631876	
stance_load_threshold           	0.1543482	0.15392738	0.00066255054	
S00111.tib_ant.KL               	1.3111403	1.2919962	0.011059009	
S00111.tib_ant.L0               	0.76721066	0.76661331	0.0011568361	
S00111.tib_ant.KS               	0.000173	0.00016520023	0.00040999323	
S11000.tib_ant.KL               	1.1794578	1.1895099	0.0062831567	
S11000.tib_ant.L0               	0.73172243	0.73176795	0.00092188006	
S11000.tib_ant.KS               	0.035638234	0.03583761	0.00055932105	
S11111.tib_ant-soleus.KF        	-0.11288654	-0.11079064	0.00098118906	
S00111.soleus-tib_ant.KS        	-0.88177247	-0.8760994	0.012331927	
S11000.soleus-tib_ant.KS        	-3.290039	-3.3059561	0.014759791	
S00111.gastroc-tib_ant.KS       	-0.34858842	-0.35128722	0.0099363031	
S11000.gastroc-tib_ant.KS       	-1.6868602	-1.6936587	0.012177247	
S00111.tib_ant-gastroc.KS       	-0.00357534	-0.0037001095	0.081128402	
S11000.tib_ant-gastroc.KS       	-0.00366451	-0.0035900593	0.079295047	
S00111.tib_ant-soleus.KS        	-0.00346517	-0.0032788192	0.083282491	
S11000.tib_ant-soleus.KS        	-0.00313645	-0.0032981811	0.079744666	
S00111.gastroc.KL               	0.08315732	0.080453544	0.010210255	
S00111.gastroc.L0               	0.86392313	0.86272062	0.0048328012	
S00111.gastroc.KS               	0.17212995	0.16711455	0.004953458	
S00111.soleus.KL                	4.0176545	4.0282909	0.010945627	
S00111.soleus.L0                	0.9332323	0.93257271	0.0028205769	
S00111.soleus.KS                	0.16105211	0.15925562	0.0070952081	
S11000.gastroc.KL               	0.00925153	0.0086819143	0.0080928894	
S11000.gastroc.L0               	0.50304029	0.50268054	0.0049729477	
S11000.gastroc.KF               	-1.8305128	-1.798547	0.012181725	
S11000.gastroc.KS               	0.2763903	0.2671098	0.010054125	
S11000.soleus.KL                	0.78204631	0.81554167	0.01989712	
S11000.soleus.L0                	0.90108173	0.9102039	0.0047121023	
S11000.soleus.KF                	-0.92615708	-0.92174658	0.018735675	
S11000.soleus.KS                	0.11302564	0.10693166	0.015105761	
S00011.vasti.KF                 	0.85872038	0.8521202	0.0026696772	
S00011.vasti.C0                 	0.080251613	0.080316489	0.00056511929	
S00011.vasti-knee_angle.pos_max 	-0.31436927	-0.31387531	0.00092238454	
S00011.hamstrings-pelvis_tilt.KP	0.70549359	0.70140576	0.0099554585	
S00011.hamstrings-pelvis_tilt.KV	0.56207412	0.5612918	0.00053391256	
S00011.hamstrings-pelvis_tilt.C0	0.025859773	0.027167924	0.0010415189	
S00011.glut_max-pelvis_tilt.KP  	1.4979008	1.4932128	0.0085662117	
S00011.glut_max-pelvis_tilt.KV  	0.31320635	0.31336489	0.00052406789	
S00011.glut_max-pelvis_tilt.C0  	0.15897785	0.15872569	0.0008931208	
S00011.iliopsoas-pelvis_tilt.KP 	-3.3590501	-3.358926	0.014637217	
S00011.iliopsoas-pelvis_tilt.KV 	-0.54790002	-0.54759679	0.00064992379	
S00011.iliopsoas-pelvis_tilt.C0 	0.3384559	0.33656765	0.0014085862	
S00100.iliopsoas.C0             	0.3353116	0.33652651	0.00078240905	
S00100.glut_max.C0              	-0.024834347	-0.024464355	0.0005610357	
S11000.iliopsoas.KL             	0.56548199	0.56490962	0.00066098151	
S11000.iliopsoas.L0             	0.39474779	0.39482168	0.00074202001	
S11000.iliopsoas-pelvis_tilt.P0 	-0.043976674	-0.044377182	0.00057863006	
S11000.iliopsoas-pelvis_tilt.KP 	0.01082572	0.011815049	0.0032624737	
S11000.iliopsoas-pelvis_tilt.KV 	0.14637058	0.14678882	0.00067897615	
S11000.iliopsoas-hamstrings.KL  	-8.0650202	-8.0384148	0.02444685	
S11000.iliopsoas-hamstrings.L0  	1.1768326	1.1760648	0.00058332893	
S11000.hamstrings.KF            	0.57926349	0.57921483	0.00054495272	
S11000.glut_max.KF              	0.61789008	0.61825456	0.00060653815	
