pelvis_tilt.offset              	0.023752912	0.023200631	0.00036657834	
hip_flexion_r.offset            	0.07161481	0.071624496	0.00033747078	
knee_angle_r.offset             	-0.0016403687	-0.0024977335	0.00037483527	
ankle_angle_r.offset            	-0.06027658	-0.060982736	0.00048619941	
hip_flexion_l.offset            	0.0022478357	0.0012918844	0.00069607815	
knee_angle_l.offset             	0.051505278	0.051408275	0.00053403182	
ankle_angle_l.offset            	0.18781798	0.18793037	0.00050226111	
stance_load_threshold           	0.15471186	0.15434993	0.00055447529	
S00111.tib_ant.KL               	1.29614	1.294633	0.0092992933	
S00111.tib_ant.L0               	0.76629815	0.76710141	0.00096133799	
S00111.tib_ant.KS               	0.000173	0.00016706719	0.00033107502	
S11000.tib_ant.KL               	1.2061511	1.1979293	0.0052601342	
S11000.tib_ant.L0               	0.73131885	0.73123065	0.00078343372	
S11000.tib_ant.KS               	0.036692432	0.036566397	0.00046815724	
S11111.tib_ant-soleus.KF        	-0.11080177	-0.11145676	0.00083434192	
S00111.soleus-tib_ant.KS        	-0.88977645	-0.88225287	0.010237951	
S11000.soleus-tib_ant.KS        	-3.3097258	-3.3111296	0.012363743	
S00111.gastroc-tib_ant.KS       	-0.33487212	-0.34608887	0.0082320399	
S11000.gastroc-tib_ant.KS       	-1.6999925	-1.6977414	0.010125842	
S00111.tib_ant-gastroc.KS       	-0.00357534	-0.0037157824	0.065510991	
S11000.tib_ant-gastroc.KS       	-0.00331551	-0.0034132038	0.06403056	
S00111.tib_ant-soleus.KS        	-0.00313515	-0.0033147337	0.067250408	
S11000.tib_ant-soleus.KS        	-0.0034666	-0.0032921179	0.064393625	
S00111.gastroc.KL               	0.08315732	0.078546999	0.0082871279	
S00111.gastroc.L0               	0.85989954	0.86227928	0.0040671089	
S00111.gastroc.KS               	0.16049832	0.16476267	0.0041141609	
S00111.soleus.KL                	4.0310372	4.0240405	0.0091357513	
S00111.soleus.L0                	0.93356205	0.93140811	0.0023441534	
S00111.soleus.KS                	0.15903182	0.15652176	0.0058645807	
S11000.gastroc.KL               	0.00837043	0.0088835872	0.0065357684	
S11000.gastroc.L0               	0.50427511	0.50401865	0.0041261184	
S11000.gastroc.KF               	-1.7736929	-1.776333	0.010291941	
S11000.gastroc.KS               	0.2565025	0.26485182	0.0083195885	
S11000.soleus.KL                	0.82378612	0.8124764	0.016653705	
S11000.soleus.L0                	0.91500086	0.91342442	0.0039412653	
S11000.soleus.KF                	-0.92878209	-0.91685883	0.01569412	
S11000.soleus.KS                	0.1022613	0.10682564	0.012254503	
S00011.vasti.KF                 	0.85019125	0.85302605	0.0022249264	
S00011.vasti.C0                 	0.080268931	0.08081677	0.00046886105	
S00011.vasti-knee_angle.pos_max 	-0.31596247	-0.31498554	0.00078003273	
S00011.hamstrings-pelvis_tilt.KP	0.70783347	0.70100469	0.0082681722	
S00011.hamstrings-pelvis_tilt.KV	0.56181843	0.56156162	0.00044488134	
S00011.hamstrings-pelvis_tilt.C0	0.02778807	0.026430919	0.00086576942	
S00011.glut_max-pelvis_tilt.KP  	1.4493263	1.4627717	0.0072440438	
S00011.glut_max-pelvis_tilt.KV  	0.31306473	0.31316002	0.00043711142	
S00011.glut_max-pelvis_tilt.C0  	0.15925902	0.15863529	0.00074865824	
S00011.iliopsoas-pelvis_tilt.KP 	-3.3485727	-3.3438785	0.012240761	
S00011.iliopsoas-pelvis_tilt.KV 	-0.54748338	-0.54775074	0.00054027737	
S00011.iliopsoas-pelvis_tilt.C0 	0.33714056	0.33722932	0.0011846811	
S00100.iliopsoas.C0             	0.33649371	0.33640952	0.00065729833	
S00100.glut_max.C0              	-0.025064841	-0.024444409	0.00046747125	
S11000.iliopsoas.KL             	0.56421835	0.56393238	0.00055655827	
S11000.iliopsoas.L0             	0.39697437	0.3964969	0.00062475838	
S11000.iliopsoas-pelvis_tilt.P0 	-0.045280704	-0.045012559	0.00048323833	
S11000.iliopsoas-pelvis_tilt.KP 	0.01082572	0.01125752	0.0026376754	
S11000.iliopsoas-pelvis_tilt.KV 	0.14521275	0.14680467	0.00056881527	
S11000.iliopsoas-hamstrings.KL  	-8.00262	-8.011048	0.020680177	
S11000.iliopsoas-hamstrings.L0  	1.1751907	1.1754102	0.00048775802	
S11000.hamstrings.KF            	0.5794831	0.57968999	0.00045935426	
S11000.glut_max.KF              	0.61644739	0.61695347	0.00051693828	
