pelvis_tilt.offset              	0.023289715	0.023433681	0.00027615176	
hip_flexion_r.offset            	0.072042967	0.072201277	0.0002548442	
knee_angle_r.offset             	-0.0024074886	-0.0025363353	0.00028389123	
ankle_angle_r.offset            	-0.061471254	-0.060877181	0.00036814123	
hip_flexion_l.offset            	0.00087731148	0.00057596536	0.00052984337	
knee_angle_l.offset             	0.052015567	0.051627442	0.0004025418	
ankle_angle_l.offset            	0.18810357	0.18811929	0.00037841556	
stance_load_threshold           	0.15558187	0.15490068	0.00042043981	
S00111.tib_ant.KL               	1.2724731	1.2833882	0.0069975222	
S00111.tib_ant.L0               	0.76670282	0.76700686	0.00073094647	
S00111.tib_ant.KS               	0.00015652	0.00016807921	0.00023993643	
S11000.tib_ant.KL               	1.2014564	1.1981686	0.0039881694	
S11000.tib_ant.L0               	0.72970728	0.72958325	0.00059888116	
S11000.tib_ant.KS               	0.037042544	0.036874367	0.00035310835	
S11111.tib_ant-soleus.KF        	-0.11125616	-0.11164374	0.00062927291	
S00111.soleus-tib_ant.KS        	-0.87671122	-0.87763749	0.0077063126	
S11000.soleus-tib_ant.KS        	-3.3136204	-3.3030022	0.0093684983	
S00111.gastroc-tib_ant.KS       	-0.34387455	-0.34182774	0.0061719964	
S11000.gastroc-tib_ant.KS       	-1.692847	-1.6999426	0.0076648314	
S00111.tib_ant-gastroc.KS       	-0.00357534	-0.003737896	0.0474752	
S11000.tib_ant-gastroc.KS       	-0.00366451	-0.0033824715	0.046402344	
S00111.tib_ant-soleus.KS        	-0.00346517	-0.0033199312	0.048735734	
S11000.tib_ant-soleus.KS        	-0.00313645	-0.0033333593	0.046665452	
S00111.gastroc.KL               	0.07566234	0.080495229	0.0060618679	
S00111.gastroc.L0               	0.85867815	0.85829574	0.0030789914	
S00111.gastroc.KS               	0.16319498	0.16493784	0.0030720096	
S00111.soleus.KL                	4.0315423	4.0260643	0.006894331	
S00111.soleus.L0                	0.93289734	0.93242121	0.0017695596	
S00111.soleus.KS                	0.15495977	0.15932428	0.0043836192	
S11000.gastroc.KL               	0.00837043	0.008692255	0.0047375991	
S11000.gastroc.L0               	0.51104179	0.51067347	0.0031192855	
S11000.gastroc.KF               	-1.7510765	-1.7481155	0.0079229966	
S11000.gastroc.KS               	0.27186076	0.2673387	0.0062367699	
S11000.soleus.KL                	0.80981551	0.82453427	0.01252084	
S11000.soleus.L0                	0.90907324	0.91326839	0.0029981395	
S11000.soleus.KF                	-0.92295105	-0.90583268	0.011826704	
S11000.soleus.KS                	0.1022613	0.10643786	0.0089562897	
S00011.vasti.KF                 	0.85358171	0.85210937	0.0016769549	
S00011.vasti.C0                 	0.080326332	0.080759998	0.00035265289	
S00011.vasti-knee_angle.pos_max 	-0.31623133	-0.31558298	0.00059652319	
S00011.hamstrings-pelvis_tilt.KP	0.72517712	0.72004522	0.0062715541	
S00011.hamstrings-pelvis_tilt.KV	0.56169643	0.56181376	0.00033640015	
S00011.hamstrings-pelvis_tilt.C0	0.027601527	0.026702197	0.00064562951	
S00011.glut_max-pelvis_tilt.KP  	1.4531024	1.4533607	0.0055474657	
S00011.glut_max-pelvis_tilt.KV  	0.31332818	0.31379926	0.00033126149	
S00011.glut_max-pelvis_tilt.C0  	0.15844689	0.15841882	0.00056430201	
S00011.iliopsoas-pelvis_tilt.KP 	-3.3462617	-3.3471131	0.0091825746	
S00011.iliopsoas-pelvis_tilt.KV 	-0.54816182	-0.54810411	0.0004074212	
S00011.iliopsoas-pelvis_tilt.C0 	0.33573215	0.33658536	0.00089215543	
S00100.iliopsoas.C0             	0.33593206	0.33657579	0.00049621811	
S00100.glut_max.C0              	-0.025514041	-0.025277765	0.00035411714	
S11000.iliopsoas.KL             	0.56317189	0.56361967	0.00042020398	
S11000.iliopsoas.L0             	0.39495434	0.39553507	0.00047380575	
S11000.iliopsoas-pelvis_tilt.P0 	-0.045546288	-0.045443625	0.00036752043	
S11000.iliopsoas-pelvis_tilt.KP 	0.01196527	0.011515644	0.001916353	
S11000.iliopsoas-pelvis_tilt.KV 	0.14709	0.14691126	0.00043023814	
S11000.iliopsoas-hamstrings.KL  	-7.9623111	-7.9793643	0.01593614	
S11000.iliopsoas-hamstrings.L0  	1.1759928	1.1758639	0.00036779969	
S11000.hamstrings.KF            	0.57992645	0.5798022	0.00034688897	
S11000.glut_max.KF              	0.61591533	0.61613265	0.00040085201	
