pelvis_tilt.offset              	0.02338575	0.02342855	0.00027003024	
hip_flexion_r.offset            	0.071958819	0.072283164	0.00024980453	
knee_angle_r.offset             	-0.0025021144	-0.0025245348	0.00027789627	
ankle_angle_r.offset            	-0.061791937	-0.060951246	0.00036114667	
hip_flexion_l.offset            	0.00067586503	0.00082317429	0.00051848114	
knee_angle_l.offset             	0.051169705	0.051675806	0.00039442735	
ankle_angle_l.offset            	0.18811606	0.18809358	0.00037035057	
stance_load_threshold           	0.15591579	0.15506276	0.00041204781	
S00111.tib_ant.KL               	1.2778442	1.2824281	0.0068654851	
S00111.tib_ant.L0               	0.76668062	0.76685812	0.00071543761	
S00111.tib_ant.KS               	0.000173	0.00016539547	0.00023443296	
S11000.tib_ant.KL               	1.1976661	1.1994809	0.0039044901	
S11000.tib_ant.L0               	0.73003758	0.72941846	0.00058763667	
S11000.tib_ant.KS               	0.03726336	0.03690462	0.00034555428	
S11111.tib_ant-soleus.KF        	-0.1119469	-0.11159505	0.00061519196	
S00111.soleus-tib_ant.KS        	-0.87222458	-0.87778663	0.0075473789	
S11000.soleus-tib_ant.KS        	-3.2976844	-3.3031834	0.0091747517	
S00111.gastroc-tib_ant.KS       	-0.34122035	-0.34299809	0.0060482564	
S11000.gastroc-tib_ant.KS       	-1.7044521	-1.6975346	0.007509484	
S00111.tib_ant-gastroc.KS       	-0.00357534	-0.0036831637	0.04638611	
S11000.tib_ant-gastroc.KS       	-0.00366451	-0.0034854769	0.045337866	
S00111.tib_ant-soleus.KS        	-0.00346517	-0.0033433998	0.047617727	
S11000.tib_ant-soleus.KS        	-0.0034666	-0.0033017707	0.045594938	
S00111.gastroc.KL               	0.07523758	0.079805288	0.0059271824	
S00111.gastroc.L0               	0.8588899	0.85766629	0.0030135534	
S00111.gastroc.KS               	0.16096179	0.16480901	0.0030052017	
S00111.soleus.KL                	4.0266858	4.0286397	0.0067564312	
S00111.soleus.L0                	0.93256846	0.93244775	0.0017328803	
S00111.soleus.KS                	0.16017601	0.15883848	0.0042903901	
S11000.gastroc.KL               	0.00925153	0.0087047953	0.0046290085	
S11000.gastroc.L0               	0.51063416	0.5099231	0.0030552983	
S11000.gastroc.KF               	-1.7442747	-1.7490968	0.007782486	
S11000.gastroc.KS               	0.27058616	0.26934204	0.0061063301	
S11000.soleus.KL                	0.83010092	0.82404621	0.012266589	
S11000.soleus.L0                	0.91638628	0.91245543	0.0029394126	
S11000.soleus.KF                	-0.91810246	-0.91031885	0.01158475	
S11000.soleus.KS                	0.1022613	0.10602753	0.0087544365	
S00011.vasti.KF                 	0.85022804	0.85234213	0.0016441961	
S00011.vasti.C0                 	0.080655868	0.080603384	0.00034564738	
S00011.vasti-knee_angle.pos_max 	-0.31622505	-0.31565631	0.00058419599	
S00011.hamstrings-pelvis_tilt.KP	0.72461194	0.72071248	0.0061470541	
S00011.hamstrings-pelvis_tilt.KV	0.56206918	0.56182118	0.0003291598	
S00011.hamstrings-pelvis_tilt.C0	0.027280726	0.026718218	0.00063288273	
S00011.glut_max-pelvis_tilt.KP  	1.4463733	1.4520858	0.0054372435	
S00011.glut_max-pelvis_tilt.KV  	0.31327989	0.31364707	0.00032423502	
S00011.glut_max-pelvis_tilt.C0  	0.15872764	0.15873557	0.00055222382	
S00011.iliopsoas-pelvis_tilt.KP 	-3.3380399	-3.3447601	0.0089857378	
S00011.iliopsoas-pelvis_tilt.KV 	-0.5477268	-0.54827972	0.00039889968	
S00011.iliopsoas-pelvis_tilt.C0 	0.33645885	0.33640229	0.00087311955	
S00100.iliopsoas.C0             	0.33624654	0.3364425	0.00048593132	
S00100.glut_max.C0              	-0.025222622	-0.025283639	0.00034655923	
S11000.iliopsoas.KL             	0.56269678	0.56347563	0.00041171128	
S11000.iliopsoas.L0             	0.39549486	0.39555075	0.00046440616	
S11000.iliopsoas-pelvis_tilt.P0 	-0.045609831	-0.045324505	0.00035968756	
S11000.iliopsoas-pelvis_tilt.KP 	0.010854598	0.011583264	0.0018727362	
S11000.iliopsoas-pelvis_tilt.KV 	0.14612111	0.1468724	0.00042166405	
S11000.iliopsoas-hamstrings.KL  	-7.9890715	-7.9816898	0.015633263	
S11000.iliopsoas-hamstrings.L0  	1.1767076	1.1759255	0.00036027773	
S11000.hamstrings.KF            	0.5794758	0.57975897	0.00034001209	
S11000.glut_max.KF              	0.61626933	0.61596364	0.00039371309	
