pelvis_tilt.offset              	0.023886237	0.02400326	9.2428601e-05	
hip_flexion_r.offset            	0.072728491	0.072808193	8.7386012e-05	
knee_angle_r.offset             	-0.0025196276	-0.0027352297	9.4935617e-05	
ankle_angle_r.offset            	-0.062057767	-0.061912956	0.00012435412	
hip_flexion_l.offset            	0.001448775	0.0011975627	0.00017658234	
knee_angle_l.offset             	0.050310031	0.050348177	0.00013778732	
ankle_angle_l.offset            	0.18869124	0.18871018	0.00012631174	
stance_load_threshold           	0.15553087	0.15563698	0.00014235019	
S00111.tib_ant.KL               	1.2923905	1.2908698	0.0023520241	
S00111.tib_ant.L0               	0.76808886	0.76842715	0.00024553614	
S00111.tib_ant.KS               	0.000173	0.00016646988	6.5043895e-05	
S11000.tib_ant.KL               	1.1961351	1.1971014	0.0013500696	
S11000.tib_ant.L0               	0.72979562	0.72973086	0.0002023726	
S11000.tib_ant.KS               	0.036307534	0.036341233	0.00011668609	
S11111.tib_ant-soleus.KF        	-0.11164102	-0.11151891	0.00020835344	
S00111.soleus-tib_ant.KS        	-0.8893455	-0.88829555	0.0025072489	
S11000.soleus-tib_ant.KS        	-3.3056331	-3.3073286	0.0031821501	
S00111.gastroc-tib_ant.KS       	-0.34749449	-0.34996433	0.0019592488	
S11000.gastroc-tib_ant.KS       	-1.7006861	-1.6990394	0.002594739	
S00111.tib_ant-gastroc.KS       	-0.00395169	-0.0038100541	0.012849185	
S11000.tib_ant-gastroc.KS       	-0.00331551	-0.0034693096	0.012558774	
S00111.tib_ant-soleus.KS        	-0.00346517	-0.0032464211	0.013190267	
S11000.tib_ant-soleus.KS        	-0.00313645	-0.0033752315	0.01262996	
S00111.gastroc.KL               	0.077118764	0.079448336	0.0018839628	
S00111.gastroc.L0               	0.86270299	0.86192144	0.0010258045	
S00111.gastroc.KS               	0.16413528	0.16447638	0.0010038424	
S00111.soleus.KL                	4.0177741	4.0192587	0.002323072	
S00111.soleus.L0                	0.93179675	0.93145001	0.0005832743	
S00111.soleus.KS                	0.16002111	0.16028916	0.0014435193	
S11000.gastroc.KL               	0.0088211334	0.0090619752	0.0012950333	
S11000.gastroc.L0               	0.50375547	0.50375938	0.0010386157	
S11000.gastroc.KF               	-1.7512602	-1.7515179	0.002664328	
S11000.gastroc.KS               	0.26452035	0.26796585	0.0020563805	
S11000.soleus.KL                	0.83459869	0.83675706	0.0040367997	
S11000.soleus.L0                	0.92134776	0.92265663	0.0010424724	
S11000.soleus.KF                	-0.93206574	-0.92652799	0.0040619636	
S11000.soleus.KS                	0.1022613	0.10579297	0.0027392675	
S00011.vasti.KF                 	0.85184192	0.85173928	0.00055935628	
S00011.vasti.C0                 	0.081132243	0.081127139	0.0001159817	
S00011.vasti-knee_angle.pos_max 	-0.31717856	-0.31689086	0.00020274384	
S00011.hamstrings-pelvis_tilt.KP	0.72688137	0.72792653	0.0021355931	
S00011.hamstrings-pelvis_tilt.KV	0.56173333	0.56180559	0.00011340641	
S00011.hamstrings-pelvis_tilt.C0	0.02778807	0.027434301	0.00021297741	
S00011.glut_max-pelvis_tilt.KP  	1.4417319	1.4444911	0.001868061	
S00011.glut_max-pelvis_tilt.KV  	0.3135476	0.31353609	0.00011261298	
S00011.glut_max-pelvis_tilt.C0  	0.15921488	0.15943961	0.00018998384	
S00011.iliopsoas-pelvis_tilt.KP 	-3.3247612	-3.3270026	0.0030795424	
S00011.iliopsoas-pelvis_tilt.KV 	-0.54920916	-0.54937299	0.00013837531	
S00011.iliopsoas-pelvis_tilt.C0 	0.33751978	0.33799041	0.00029762851	
S00100.iliopsoas.C0             	0.3354709	0.33562587	0.00016692214	
S00100.glut_max.C0              	-0.025619224	-0.025787415	0.00011643661	
S11000.iliopsoas.KL             	0.56309758	0.56301619	0.00014253882	
S11000.iliopsoas.L0             	0.39603038	0.39616453	0.00016055838	
S11000.iliopsoas-pelvis_tilt.P0 	-0.044838733	-0.044776165	0.00012230942	
S11000.iliopsoas-pelvis_tilt.KP 	0.01082572	0.011391822	0.00055127047	
S11000.iliopsoas-pelvis_tilt.KV 	0.14634913	0.14646904	0.00014331681	
S11000.iliopsoas-hamstrings.KL  	-7.9601622	-7.9661276	0.0053964051	
S11000.iliopsoas-hamstrings.L0  	1.1765936	1.176455	0.00012461183	
S11000.hamstrings.KF            	0.58054887	0.58050289	0.00012004411	
S11000.glut_max.KF              	0.61504469	0.61519407	0.00014209633	
