pelvis_tilt.offset              	0.02228333	0.023407835	0.0010305793	
hip_flexion_r.offset            	0.069212113	0.070710318	0.00097703113	
knee_angle_r.offset             	0.00069473727	0.0010660965	0.0010662677	
ankle_angle_r.offset            	-0.0566375	-0.057631137	0.0013874263	
hip_flexion_l.offset            	-0.002924992	-0.0049307469	0.0019635427	
knee_angle_l.offset             	0.055396057	0.058594185	0.0015196953	
ankle_angle_l.offset            	0.18480589	0.1858575	0.001446784	
stance_load_threshold           	0.15108301	0.15128011	0.0015948521	
S00111.tib_ant.KL               	1.238532	1.2493899	0.026485491	
S00111.tib_ant.L0               	0.76365647	0.76340173	0.0028614727	
S00111.tib_ant.KS               	0.00015652	0.00016138816	0.0011288824	
S11000.tib_ant.KL               	1.1881649	1.2207359	0.015077593	
S11000.tib_ant.L0               	0.73483917	0.73356867	0.0022085715	
S11000.tib_ant.KS               	0.036959902	0.03567526	0.0013938433	
S11111.tib_ant-soleus.KF        	-0.11193887	-0.11138738	0.0023809576	
S00111.soleus-tib_ant.KS        	-0.80888339	-0.87221687	0.030195118	
S11000.soleus-tib_ant.KS        	-3.3471892	-3.2915799	0.035093323	
S00111.gastroc-tib_ant.KS       	-0.32171493	-0.33270259	0.026193634	
S11000.gastroc-tib_ant.KS       	-1.6859548	-1.6719516	0.029378872	
S00111.tib_ant-gastroc.KS       	-0.00357534	-0.0037604869	0.22338496	
S11000.tib_ant-gastroc.KS       	-0.00331551	-0.0035195997	0.21833687	
S00111.tib_ant-soleus.KS        	-0.00313515	-0.0032256984	0.2293162	
S11000.tib_ant-soleus.KS        	-0.00313645	-0.0033639299	0.21957489	
S00111.gastroc.L0               	0.84116202	0.83963555	0.01159012	
S00111.gastroc.KS               	0.17350185	0.17298756	0.012956166	
S00111.soleus.L0                	0.97386575	0.98325135	0.0067094051	
S00111.soleus.KS                	0.16483998	0.15749038	0.018894206	
S11000.gastroc.KL               	0.00925153	0.008831452	0.022280407	
S11000.gastroc.L0               	0.53828911	0.5195696	0.01224804	
S11000.gastroc.KF               	-1.8062293	-1.789246	0.028826388	
S11000.gastroc.KS               	0.25231886	0.26407939	0.026437675	
S11000.soleus.KL                	0.80763838	0.79078463	0.050898655	
S11000.soleus.L0                	0.90350832	0.88643307	0.011302309	
S11000.soleus.KF                	-0.90686692	-0.93699187	0.04740782	
S11000.soleus.KS                	0.11302564	0.11119592	0.041380308	
S00011.vasti.KF                 	0.81303727	0.8130362	0.0062999031	
S00011.vasti.C0                 	0.080724088	0.081404219	0.0014185355	
S00011.vasti-knee_angle.pos_max 	-0.30028367	-0.3040232	0.002168171	
S00011.hamstrings-pelvis_tilt.KP	0.74162866	0.7120755	0.024931373	
S00011.hamstrings-pelvis_tilt.KV	0.56732384	0.56712953	0.0012771094	
S00011.hamstrings-pelvis_tilt.C0	0.02514159	0.026163474	0.0027461166	
S00011.glut_max-pelvis_tilt.KP  	1.5106491	1.5097083	0.020622824	
S00011.glut_max-pelvis_tilt.KV  	0.31310581	0.31340904	0.0012943818	
S00011.glut_max-pelvis_tilt.C0  	0.15775393	0.15957529	0.0021587401	
S00011.iliopsoas-pelvis_tilt.KP 	-3.548749	-3.5015047	0.03454665	
S00011.iliopsoas-pelvis_tilt.KV 	-0.5439496	-0.54422996	0.001579689	
S00011.iliopsoas-pelvis_tilt.C0 	0.33795666	0.33427377	0.0034014181	
S00100.iliopsoas.C0             	0.33704847	0.33597255	0.0018797445	
S00100.glut_max.C0              	-0.025292686	-0.02514838	0.0014278043	
S11000.iliopsoas.KL             	0.55761161	0.55919444	0.0016107835	
S11000.iliopsoas.L0             	0.39195235	0.39134234	0.0017694637	
S11000.iliopsoas-pelvis_tilt.P0 	-0.043426178	-0.043949241	0.0014196657	
S11000.iliopsoas-pelvis_tilt.KP 	0.01196527	0.011186023	0.0089693937	
S11000.iliopsoas-pelvis_tilt.KV 	0.14669196	0.14686194	0.0016429109	
S11000.iliopsoas-hamstrings.KL  	-8.20666	-8.281874	0.058411782	
S11000.iliopsoas-hamstrings.L0  	1.1667815	1.165025	0.0013291323	
S11000.hamstrings.KF            	0.57527551	0.57625242	0.0012811199	
S11000.glut_max.KF              	0.61888965	0.61837444	0.0014563487	
