pelvis_tilt.offset              	0.02586391	0.025245973	0.00089397793	
hip_flexion_r.offset            	0.073227614	0.071891513	0.00085158131	
knee_angle_r.offset             	-0.0002945936	0.00018427822	0.00091538596	
ankle_angle_r.offset            	-0.058529409	-0.058884946	0.0011926433	
hip_flexion_l.offset            	-0.0054578986	-0.0053115534	0.0016919824	
knee_angle_l.offset             	0.056665711	0.058415074	0.0013094953	
ankle_angle_l.offset            	0.18396861	0.18488578	0.0012507537	
stance_load_threshold           	0.15341939	0.1523223	0.0013678349	
S00111.tib_ant.KL               	1.2474526	1.2254325	0.022753288	
S00111.tib_ant.L0               	0.76002206	0.76262999	0.0024553845	
S00111.tib_ant.KS               	0.00015652	0.00016037339	0.00095338086	
S11000.tib_ant.KL               	1.2235743	1.2152935	0.013033747	
S11000.tib_ant.L0               	0.73037751	0.73194059	0.0019126122	
S11000.tib_ant.KS               	0.033831495	0.03557226	0.0011925038	
S11111.tib_ant-soleus.KF        	-0.1105008	-0.11044042	0.0020497863	
S00111.soleus-tib_ant.KS        	-0.86461513	-0.85545844	0.02586785	
S11000.soleus-tib_ant.KS        	-3.3119915	-3.2936186	0.030169129	
S00111.gastroc-tib_ant.KS       	-0.32171493	-0.32741083	0.022221346	
S11000.gastroc-tib_ant.KS       	-1.6634334	-1.6496811	0.025362498	
S00111.tib_ant-gastroc.KS       	-0.00395169	-0.003861508	0.18865619	
S11000.tib_ant-gastroc.KS       	-0.00366451	-0.0035263285	0.18439291	
S00111.tib_ant-soleus.KS        	-0.00313515	-0.0033052966	0.19366532	
S11000.tib_ant-soleus.KS        	-0.00313645	-0.0032883758	0.18543846	
S00111.gastroc.L0               	0.83777168	0.8371514	0.0099467486	
S00111.gastroc.KS               	0.17449684	0.17311255	0.010969262	
S00111.soleus.L0                	0.98781176	0.99154285	0.0058259537	
S00111.soleus.KS                	0.15132175	0.15679269	0.01600438	
S11000.gastroc.KL               	0.00925153	0.0089114448	0.018816732	
S11000.gastroc.L0               	0.4996082	0.52120435	0.01054806	
S11000.gastroc.KF               	-1.7670152	-1.7849131	0.024653049	
S11000.gastroc.KS               	0.27887874	0.2730381	0.022421005	
S11000.soleus.KL                	0.83489313	0.80825498	0.043313416	
S11000.soleus.L0                	0.87908249	0.88787944	0.009724721	
S11000.soleus.KF                	-0.94501026	-0.92202321	0.040378067	
S11000.soleus.KS                	0.10524222	0.10906304	0.034961628	
S00011.vasti.KF                 	0.81436465	0.81936274	0.0054208001	
S00011.vasti.C0                 	0.081052893	0.080890404	0.0012136071	
S00011.vasti-knee_angle.pos_max 	-0.30542338	-0.30348413	0.0018694776	
S00011.hamstrings-pelvis_tilt.KP	0.69510819	0.71565377	0.021375461	
S00011.hamstrings-pelvis_tilt.KV	0.56826711	0.5675001	0.0011013255	
S00011.hamstrings-pelvis_tilt.C0	0.02778807	0.026473343	0.0023281849	
S00011.glut_max-pelvis_tilt.KP  	1.491161	1.4896745	0.017673324	
S00011.glut_max-pelvis_tilt.KV  	0.31319487	0.31365258	0.0011102509	
S00011.glut_max-pelvis_tilt.C0  	0.15872953	0.15691718	0.0018638458	
S00011.iliopsoas-pelvis_tilt.KP 	-3.5586837	-3.5069438	0.029647276	
S00011.iliopsoas-pelvis_tilt.KV 	-0.5447886	-0.54575793	0.0013598414	
S00011.iliopsoas-pelvis_tilt.C0 	0.33899647	0.3360421	0.0029357421	
S00100.iliopsoas.C0             	0.33910277	0.33762007	0.0016243046	
S00100.glut_max.C0              	-0.025039818	-0.025087432	0.0012172253	
S11000.iliopsoas.KL             	0.55819259	0.55878971	0.0013832296	
S11000.iliopsoas.L0             	0.39089324	0.39032909	0.0015183071	
S11000.iliopsoas-pelvis_tilt.P0 	-0.043028003	-0.043542066	0.0012141432	
S11000.iliopsoas-pelvis_tilt.KP 	0.011582223	0.011240182	0.0075756683	
S11000.iliopsoas-pelvis_tilt.KV 	0.15015296	0.14869608	0.0014225603	
S11000.iliopsoas-hamstrings.KL  	-8.2434705	-8.2476096	0.050173786	
S11000.iliopsoas-hamstrings.L0  	1.1640154	1.1649062	0.0011405467	
S11000.hamstrings.KF            	0.57535856	0.57543193	0.0011030698	
S11000.glut_max.KF              	0.62051014	0.61875045	0.0012549926	
