pelvis_tilt.offset              	0.020853048	0.021427847	0.00084322707	
hip_flexion_r.offset            	0.068535576	0.068293611	0.00080134614	
knee_angle_r.offset             	-0.00041529332	-0.00029512709	0.000873356	
ankle_angle_r.offset            	-0.058325342	-0.059547415	0.0011393221	
hip_flexion_l.offset            	-0.0073342215	-0.0066676424	0.0016012469	
knee_angle_l.offset             	0.057421927	0.05751884	0.0012535473	
ankle_angle_l.offset            	0.18508289	0.18600917	0.0011971335	
stance_load_threshold           	0.15591728	0.1560447	0.0013129367	
S00111.tib_ant.KL               	1.2222322	1.2167272	0.021643444	
S00111.tib_ant.L0               	0.75223735	0.75441459	0.0023571023	
S00111.tib_ant.KS               	0.000173	0.00016477333	0.00090717956	
S11000.tib_ant.KL               	1.1990312	1.1889383	0.012368155	
S11000.tib_ant.L0               	0.73896833	0.73884461	0.0018035679	
S11000.tib_ant.KS               	0.03427805	0.035439855	0.0011435083	
S11111.tib_ant-soleus.KF        	-0.10862499	-0.1130052	0.0019565224	
S00111.soleus-tib_ant.KS        	-0.85006374	-0.87138516	0.024577609	
S11000.soleus-tib_ant.KS        	-3.4244056	-3.3455895	0.029059137	
S00111.gastroc-tib_ant.KS       	-0.33707975	-0.34236449	0.021211428	
S11000.gastroc-tib_ant.KS       	-1.6652709	-1.6815543	0.02382941	
S00111.tib_ant-gastroc.KS       	-0.00395169	-0.0038411836	0.17951373	
S11000.tib_ant-gastroc.KS       	-0.00366451	-0.0035239557	0.17545705	
S00111.tib_ant-soleus.KS        	-0.00313515	-0.0033586507	0.18428012	
S11000.tib_ant-soleus.KS        	-0.0034666	-0.0032674368	0.17645193	
S00111.gastroc.KL               	0.07523758	0.08024815	0.022457586	
S00111.gastroc.L0               	0.86290418	0.84173443	0.0095486722	
S00111.gastroc.KF               	1.4081403	1.4097352	0.0012240167	
S00111.soleus.KL                	4.0081486	4.004086	0.021453244	
S00111.soleus.L0                	0.97179315	0.96916917	0.005456293	
S00111.soleus.KF                	0.23089237	0.23077876	0.0017703466	
S11000.gastroc.KL               	0.00837043	0.0088804432	0.017904944	
S11000.gastroc.L0               	0.54634695	0.53915906	0.0099981231	
S11000.gastroc.KF               	-1.7697892	-1.7852145	0.023741307	
S11000.soleus.KL                	0.84260236	0.81327592	0.041312939	
S11000.soleus.L0                	0.90342597	0.88805191	0.0093442166	
S11000.soleus.KF                	-0.95850062	-0.92365289	0.038572962	
S00011.vasti.KF                 	0.81849352	0.82301473	0.0051578008	
S00011.vasti.C0                 	0.082571711	0.081558887	0.0011579876	
S00011.vasti-knee_angle.pos_max 	-0.31249432	-0.309642	0.0018012847	
S00011.hamstrings-pelvis_tilt.KP	0.71151612	0.71634059	0.020337983	
S00011.hamstrings-pelvis_tilt.KV	0.56743113	0.56778623	0.0010448661	
S00011.hamstrings-pelvis_tilt.C0	0.026962277	0.026456363	0.0022193988	
S00011.glut_max-pelvis_tilt.KP  	1.4879092	1.4863925	0.016806021	
S00011.glut_max-pelvis_tilt.KV  	0.31283317	0.31305423	0.001062209	
S00011.glut_max-pelvis_tilt.C0  	0.15959064	0.15662821	0.0017836735	
S00011.iliopsoas-pelvis_tilt.KP 	-3.4759568	-3.4784751	0.02866606	
S00011.iliopsoas-pelvis_tilt.KV 	-0.54366361	-0.54261853	0.0013031577	
S00011.iliopsoas-pelvis_tilt.C0 	0.32330526	0.32700235	0.0028196517	
S00100.iliopsoas.C0             	0.33628984	0.33685095	0.0015357578	
S00100.glut_max.C0              	-0.024215116	-0.024447413	0.0011604522	
S11000.iliopsoas.KL             	0.55839822	0.55858935	0.0013192075	
S11000.iliopsoas.L0             	0.3912174	0.38830534	0.0014655762	
S11000.iliopsoas-pelvis_tilt.P0 	-0.045350412	-0.043310962	0.0011669829	
S11000.iliopsoas-pelvis_tilt.KP 	0.01196527	0.01162806	0.0072088743	
S11000.iliopsoas-pelvis_tilt.KV 	0.14883954	0.14778667	0.00135033	
S11000.iliopsoas-hamstrings.KL  	-8.160323	-8.247094	0.047935072	
S11000.iliopsoas-hamstrings.L0  	1.1626988	1.1654141	0.0010918618	
S11000.hamstrings.KF            	0.574975	0.5758324	0.0010610883	
S11000.glut_max.KF              	0.61943442	0.61886269	0.0011881602	
