pelvis_tilt.offset              	0.024420977	0.02444196	2.3355408e-05	
hip_flexion_r.offset            	0.068657811	0.06864946	2.216787e-05	
knee_angle_r.offset             	-0.0011492251	-0.00113808	2.3437602e-05	
ankle_angle_r.offset            	-0.061824925	-0.06183052	3.2775852e-05	
hip_flexion_l.offset            	-0.0091350207	-0.0091978729	4.2336835e-05	
knee_angle_l.offset             	0.058896204	0.058866701	3.4796063e-05	
ankle_angle_l.offset            	0.18837238	0.18835029	3.2246914e-05	
stance_load_threshold           	0.15264766	0.15267426	3.4861984e-05	
S00111.tib_ant.KL               	1.2318666	1.2319907	0.00057636322	
S00111.tib_ant.L0               	0.74947187	0.74948574	6.518837e-05	
S00111.tib_ant.KS               	0.00015652	0.00016268852	1.2307854e-05	
S11000.tib_ant.KL               	1.1795241	1.1798212	0.00033053701	
S11000.tib_ant.L0               	0.73592196	0.73591151	4.8938855e-05	
S11000.tib_ant.KS               	0.036514799	0.036564695	3.0224609e-05	
S11111.tib_ant-soleus.KF        	-0.11236622	-0.11237509	5.6609629e-05	
S00111.soleus-tib_ant.KS        	-0.84223144	-0.84201189	0.00067025991	
S11000.soleus-tib_ant.KS        	-3.4070779	-3.4060461	0.00076046006	
S00111.gastroc-tib_ant.KS       	-0.35054487	-0.35062999	0.00047117793	
S11000.gastroc-tib_ant.KS       	-1.6740303	-1.674107	0.00061175507	
S00111.tib_ant-gastroc.KS       	-0.00395169	-0.0037698012	0.0023474105	
S11000.tib_ant-gastroc.KS       	-0.003514885	-0.0035079089	0.0022942724	
S00111.tib_ant-soleus.KS        	-0.00313515	-0.0032523216	0.0024093423	
S11000.tib_ant-soleus.KS        	-0.0034666	-0.0033612275	0.0023070857	
S00111.gastroc.KL               	0.079163826	0.079437696	0.00045049824	
S00111.gastroc.L0               	0.85013221	0.85012009	0.00025334236	
S00111.gastroc.KF               	1.4091205	1.4092037	3.3213786e-05	
S00111.soleus.KL                	4.0321264	4.0325268	0.00059558857	
S00111.soleus.L0                	0.97281245	0.97284698	0.00013126374	
S00111.soleus.KF                	0.23513098	0.2350083	4.7325258e-05	
S11000.gastroc.KL               	0.0086639614	0.0086994949	0.00026945111	
S11000.gastroc.L0               	0.54512405	0.54471478	0.00026576352	
S11000.gastroc.KF               	-1.7555509	-1.7544158	0.00064480803	
S11000.soleus.KL                	0.80372579	0.80137635	0.0010343035	
S11000.soleus.L0                	0.87023838	0.87048107	0.00025231196	
S11000.soleus.KF                	-0.87279404	-0.87213773	0.00093498188	
S00011.vasti.KF                 	0.82993556	0.82976562	0.00013280534	
S00011.vasti.C0                 	0.080532281	0.080524463	2.8888803e-05	
S00011.vasti-knee_angle.pos_max 	-0.31137228	-0.31135883	4.8556225e-05	
S00011.hamstrings-pelvis_tilt.KP	0.70388301	0.7045206	0.00053952709	
S00011.hamstrings-pelvis_tilt.KV	0.56763923	0.56761439	2.7750986e-05	
S00011.hamstrings-pelvis_tilt.C0	0.025657242	0.025785136	5.4869326e-05	
S00011.glut_max-pelvis_tilt.KP  	1.4854383	1.4851761	0.00045115047	
S00011.glut_max-pelvis_tilt.KV  	0.31172447	0.31167551	3.0453227e-05	
S00011.glut_max-pelvis_tilt.C0  	0.15765077	0.1576036	4.5591827e-05	
S00011.iliopsoas-pelvis_tilt.KP 	-3.3533634	-3.3540308	0.00079711545	
S00011.iliopsoas-pelvis_tilt.KV 	-0.53966011	-0.53969656	3.7093802e-05	
S00011.iliopsoas-pelvis_tilt.C0 	0.32609046	0.32602489	8.0735153e-05	
S00100.iliopsoas.C0             	0.33815957	0.33812768	4.1279396e-05	
S00100.glut_max.C0              	-0.025439813	-0.025461325	2.9554636e-05	
S11000.iliopsoas.KL             	0.55985663	0.55984434	3.4296326e-05	
S11000.iliopsoas.L0             	0.3867286	0.3867326	3.9491406e-05	
S11000.iliopsoas-pelvis_tilt.P0 	-0.045607761	-0.04564716	3.2084505e-05	
S11000.iliopsoas-pelvis_tilt.KP 	0.01153208	0.011600043	0.000129302	
S11000.iliopsoas-pelvis_tilt.KV 	0.15089409	0.150929	3.7935153e-05	
S11000.iliopsoas-hamstrings.KL  	-8.2637976	-8.2639762	0.0012743543	
S11000.iliopsoas-hamstrings.L0  	1.1668358	1.1668377	2.8817095e-05	
S11000.hamstrings.KF            	0.57471087	0.57470657	2.8425555e-05	
S11000.glut_max.KF              	0.62115066	0.62114587	3.050299e-05	
