pelvis_tilt.offset              	0.016802257	0.018298738	0.001116989	
hip_flexion_r.offset            	0.067396048	0.067419787	0.0010433598	
knee_angle_r.offset             	0.00011767604	0.001450122	0.0011421667	
ankle_angle_r.offset            	-0.05793008	-0.056821169	0.0014975404	
hip_flexion_l.offset            	-0.011144428	-0.010927577	0.0021284551	
knee_angle_l.offset             	0.053315682	0.055709076	0.0016385907	
ankle_angle_l.offset            	0.18973794	0.18940441	0.0015649213	
stance_load_threshold           	0.15261804	0.15088946	0.0017200827	
S00111.tib_ant.KL               	1.2698173	1.2576905	0.028520354	
S00111.tib_ant.L0               	0.76275357	0.75845854	0.0031052865	
S00111.tib_ant.KS               	0.00015652	0.00016090446	0.0012142629	
S11000.tib_ant.KL               	1.1906904	1.1858639	0.016269384	
S11000.tib_ant.L0               	0.73869146	0.7372926	0.0023785341	
S11000.tib_ant.KS               	0.036820099	0.035288468	0.0014994968	
S11111.tib_ant-soleus.KF        	-0.10995429	-0.10962596	0.0025716575	
S11000.soleus-tib_ant.KS        	-3.2533426	-3.3001078	0.037803205	
S11000.gastroc-tib_ant.KS       	-1.6365885	-1.6451491	0.031604581	
S00111.tib_ant-gastroc.KS       	-0.00357534	-0.0036527752	0.24028017	
S11000.tib_ant-gastroc.KS       	-0.00331551	-0.0034277739	0.23485028	
S00111.tib_ant-soleus.KS        	-0.00313515	-0.0033301098	0.24666001	
S11000.tib_ant-soleus.KS        	-0.0034666	-0.0033234978	0.23618194	
S00111.gastroc.KL               	0.077971122	0.078784682	0.030040233	
S00111.gastroc.L0               	0.79887163	0.82768193	0.012470328	
S00111.gastroc.KF               	1.4088418	1.4076722	0.0016062118	
S00111.gastroc.KS               	0.16049832	0.16201401	0.013937395	
S00111.soleus.KL                	4.0286107	4.0505097	0.027964316	
S00111.soleus.L0                	0.98683117	0.97500847	0.0071941425	
S00111.soleus.KF                	0.23517237	0.23322536	0.00231864	
S00111.soleus.KS                	0.16308182	0.15616131	0.020322036	
S11000.gastroc.KL               	0.00837043	0.0088909411	0.023965555	
S11000.gastroc.L0               	0.52659838	0.51862774	0.01315937	
S11000.gastroc.KF               	-1.8361743	-1.8327069	0.03115245	
S11000.gastroc.KS               	0.25231886	0.2665599	0.028446624	
S11000.soleus.KL                	0.84260236	0.80496988	0.05471499	
S11000.soleus.L0                	0.90627935	0.90651159	0.012086132	
S11000.soleus.KF                	-0.93960866	-0.90222666	0.050948187	
S11000.soleus.KS                	0.1022613	0.10850345	0.044508779	
S00011.vasti.KF                 	0.82901869	0.811667	0.0067856315	
S00011.vasti.C0                 	0.07992329	0.083169409	0.0015297587	
S00011.vasti-knee_angle.pos_max 	-0.30442451	-0.30834212	0.0023556745	
S00011.hamstrings-pelvis_tilt.KP	0.72368016	0.71913859	0.026757636	
S00011.hamstrings-pelvis_tilt.KV	0.56647523	0.56708553	0.0013630484	
S00011.hamstrings-pelvis_tilt.C0	0.02719061	0.026416324	0.0029538111	
S00011.glut_max-pelvis_tilt.KP  	1.5176451	1.5206992	0.02223695	
S00011.glut_max-pelvis_tilt.KV  	0.31850815	0.31665238	0.0013924236	
S00011.glut_max-pelvis_tilt.C0  	0.16234964	0.1593635	0.0023407187	
S00011.iliopsoas-pelvis_tilt.KP 	-3.5123682	-3.4740737	0.037123284	
S00011.iliopsoas-pelvis_tilt.KV 	-0.54503882	-0.5444631	0.0017004411	
S00011.iliopsoas-pelvis_tilt.C0 	0.33391707	0.32711262	0.0036692847	
S00100.iliopsoas.C0             	0.33677434	0.33829413	0.0020048266	
S00100.glut_max.C0              	-0.02342065	-0.024544687	0.0015361788	
S11000.iliopsoas.KL             	0.56662878	0.56560237	0.0017343114	
S11000.iliopsoas.L0             	0.39113073	0.39063692	0.0019089979	
S11000.iliopsoas-pelvis_tilt.P0 	-0.043019859	-0.044283793	0.0015323182	
S11000.iliopsoas-pelvis_tilt.KP 	0.01196527	0.0113245	0.0096478178	
S11000.iliopsoas-pelvis_tilt.KV 	0.14688765	0.14545136	0.0017721119	
S11000.iliopsoas-hamstrings.KL  	-8.4293412	-8.3437318	0.062866599	
S11000.iliopsoas-hamstrings.L0  	1.1656438	1.1661328	0.0014331065	
S11000.hamstrings.KF            	0.5736352	0.5733829	0.0013763279	
S11000.glut_max.KF              	0.62626792	0.62337967	0.0015618347	
