pelvis_tilt.offset              	0.01946865	0.018580795	0.0010313082	
hip_flexion_r.offset            	0.068603735	0.067627075	0.00095892139	
knee_angle_r.offset             	0.001243838	0.0018768793	0.0010491791	
ankle_angle_r.offset            	-0.059111262	-0.058408857	0.0013750438	
hip_flexion_l.offset            	-0.011349422	-0.011541402	0.0019598518	
knee_angle_l.offset             	0.052646209	0.054332473	0.0015100342	
ankle_angle_l.offset            	0.19019602	0.18916209	0.0014425416	
stance_load_threshold           	0.14830147	0.1517134	0.0015847965	
S00111.tib_ant.KL               	1.2383339	1.2672163	0.026190496	
S00111.tib_ant.L0               	0.75442666	0.75680619	0.0028649812	
S00111.tib_ant.KS               	0.00015652	0.00016429043	0.0011066758	
S11000.tib_ant.KL               	1.1766355	1.1810607	0.014967326	
S11000.tib_ant.L0               	0.73818558	0.73646383	0.0021813279	
S11000.tib_ant.KS               	0.03371447	0.035328183	0.0013754846	
S11111.tib_ant-soleus.KF        	-0.10741023	-0.1096538	0.0023563427	
S11000.soleus-tib_ant.KS        	-3.2521244	-3.2699777	0.034695859	
S11000.gastroc-tib_ant.KS       	-1.6058701	-1.6309864	0.029036973	
S00111.tib_ant-gastroc.KS       	-0.00395169	-0.0038145801	0.21899056	
S11000.tib_ant-gastroc.KS       	-0.00366451	-0.003406484	0.21404178	
S00111.tib_ant-soleus.KS        	-0.00313515	-0.0033984944	0.22480513	
S11000.tib_ant-soleus.KS        	-0.0034666	-0.0033256113	0.21525545	
S00111.gastroc.KL               	0.08315732	0.080223255	0.027383378	
S00111.gastroc.L0               	0.84085695	0.82677239	0.01147725	
S00111.gastroc.KF               	1.410204	1.4082925	0.0014826301	
S00111.gastroc.KS               	0.16049832	0.16164359	0.012721327	
S00111.soleus.KL                	4.0418632	4.0028317	0.025856933	
S00111.soleus.L0                	0.97885124	0.97946305	0.0066255051	
S00111.soleus.KF                	0.23535433	0.23644397	0.002145392	
S00111.soleus.KS                	0.14946728	0.16033558	0.018544896	
S11000.gastroc.KL               	0.00837043	0.0086836025	0.021842203	
S11000.gastroc.L0               	0.51515491	0.52098119	0.012118616	
S11000.gastroc.KF               	-1.891425	-1.8601181	0.028886111	
S11000.gastroc.KS               	0.25231886	0.26146173	0.025976477	
S11000.soleus.KL                	0.76235452	0.79393773	0.050039481	
S11000.soleus.L0                	0.90366755	0.90559123	0.011101712	
S11000.soleus.KF                	-0.88395537	-0.89151299	0.046626358	
S11000.soleus.KS                	0.1022613	0.10776971	0.040571098	
S00011.vasti.KF                 	0.81213594	0.81686917	0.006246727	
S00011.vasti.C0                 	0.082122029	0.081812352	0.0014087934	
S00011.vasti-knee_angle.pos_max 	-0.303861	-0.3055733	0.0021686389	
S00011.hamstrings-pelvis_tilt.KP	0.70650446	0.70929967	0.024526685	
S00011.hamstrings-pelvis_tilt.KV	0.56756253	0.56657999	0.0012541856	
S00011.hamstrings-pelvis_tilt.C0	0.02514159	0.026622116	0.0026964474	
S00011.glut_max-pelvis_tilt.KP  	1.5165758	1.5076702	0.020484371	
S00011.glut_max-pelvis_tilt.KV  	0.31542645	0.31661066	0.001287228	
S00011.glut_max-pelvis_tilt.C0  	0.15728716	0.15976399	0.0021563185	
S00011.iliopsoas-pelvis_tilt.KP 	-3.5073513	-3.4708838	0.034154617	
S00011.iliopsoas-pelvis_tilt.KV 	-0.54231336	-0.54345076	0.0015682139	
S00011.iliopsoas-pelvis_tilt.C0 	0.32491165	0.32686323	0.0033806435	
S00100.iliopsoas.C0             	0.33913262	0.33901039	0.0018404247	
S00100.glut_max.C0              	-0.02454831	-0.024808343	0.0014060622	
S11000.iliopsoas.KL             	0.5656822	0.5663887	0.0015955515	
S11000.iliopsoas.L0             	0.39010415	0.39044104	0.0017551355	
S11000.iliopsoas-pelvis_tilt.P0 	-0.04414693	-0.044300364	0.0014087264	
S11000.iliopsoas-pelvis_tilt.KP 	0.01082572	0.011353558	0.0087933246	
S11000.iliopsoas-pelvis_tilt.KV 	0.14305844	0.14536082	0.001635542	
S11000.iliopsoas-hamstrings.KL  	-8.3121155	-8.3339596	0.057807067	
S11000.iliopsoas-hamstrings.L0  	1.1674386	1.1655253	0.0013180462	
S11000.hamstrings.KF            	0.57258184	0.57312618	0.0012647427	
S11000.glut_max.KF              	0.62443751	0.62348167	0.0014395593	
