pelvis_tilt.offset              	0.019255633	0.019017822	0.00096623089	
hip_flexion_r.offset            	0.068709082	0.067706623	0.00089562895	
knee_angle_r.offset             	0.00081909996	0.0021071018	0.00098405965	
ankle_angle_r.offset            	-0.058508963	-0.058545754	0.0012836366	
hip_flexion_l.offset            	-0.0081143704	-0.0096523055	0.0018354932	
knee_angle_l.offset             	0.053926917	0.053789028	0.0014117346	
ankle_angle_l.offset            	0.19046187	0.18921735	0.0013488154	
stance_load_threshold           	0.15028373	0.15106651	0.0014817663	
S00111.tib_ant.KL               	1.2746161	1.2642737	0.024474323	
S00111.tib_ant.L0               	0.75667636	0.75430869	0.0026834488	
S00111.tib_ant.KS               	0.00015652	0.00016400298	0.0010299695	
S11000.tib_ant.KL               	1.1806335	1.1873152	0.013991129	
S11000.tib_ant.L0               	0.73504246	0.73830278	0.0020403935	
S11000.tib_ant.KS               	0.03371447	0.035137555	0.0012847872	
S11111.tib_ant-soleus.KF        	-0.10991069	-0.10775294	0.0022070375	
S11000.soleus-tib_ant.KS        	-3.273314	-3.2560797	0.032448248	
S11000.gastroc-tib_ant.KS       	-1.6354814	-1.6414293	0.027127382	
S00111.tib_ant-gastroc.KS       	-0.00357534	-0.0038219778	0.20381175	
S11000.tib_ant-gastroc.KS       	-0.00331551	-0.0034390142	0.19920598	
S00111.tib_ant-soleus.KS        	-0.00346517	-0.0033002568	0.20922329	
S11000.tib_ant-soleus.KS        	-0.00313645	-0.0033243763	0.20033552	
S00111.gastroc.KL               	0.07523758	0.077884883	0.025487931	
S00111.gastroc.L0               	0.81799895	0.83064969	0.010746038	
S00111.gastroc.KF               	1.4090583	1.409066	0.0013830203	
S00111.gastroc.KS               	0.16049832	0.16209458	0.011844887	
S00111.soleus.KL                	4.0227486	4.0280235	0.024245478	
S00111.soleus.L0                	0.97539773	0.98225356	0.0062078898	
S00111.soleus.KF                	0.23483737	0.23526407	0.0020064357	
S00111.soleus.KS                	0.16520068	0.15723227	0.017274741	
S11000.gastroc.KL               	0.00837043	0.0090062923	0.020328318	
S11000.gastroc.L0               	0.49752118	0.51466668	0.011346242	
S11000.gastroc.KF               	-1.8203566	-1.8783498	0.027024323	
S11000.gastroc.KS               	0.26053201	0.26082332	0.024198438	
S11000.soleus.KL                	0.82048981	0.78627142	0.046650816	
S11000.soleus.L0                	0.91608107	0.90693809	0.010378499	
S11000.soleus.KF                	-0.93709189	-0.88943644	0.043478721	
S11000.soleus.KS                	0.1022613	0.10811253	0.037762334	
S00011.vasti.KF                 	0.81296965	0.81392397	0.0058458018	
S00011.vasti.C0                 	0.081054307	0.082557329	0.0013145698	
S00011.vasti-knee_angle.pos_max 	-0.30270587	-0.30541566	0.0020301438	
S00011.hamstrings-pelvis_tilt.KP	0.69053248	0.71092058	0.022899765	
S00011.hamstrings-pelvis_tilt.KV	0.5679817	0.56678935	0.0011722317	
S00011.hamstrings-pelvis_tilt.C0	0.02514159	0.026016363	0.0025115875	
S00011.glut_max-pelvis_tilt.KP  	1.5068447	1.5095511	0.019133889	
S00011.glut_max-pelvis_tilt.KV  	0.31716024	0.31632464	0.0012055369	
S00011.glut_max-pelvis_tilt.C0  	0.15894683	0.16031598	0.0020181024	
S00011.iliopsoas-pelvis_tilt.KP 	-3.53393	-3.4860308	0.031897633	
S00011.iliopsoas-pelvis_tilt.KV 	-0.54226544	-0.54364202	0.001470674	
S00011.iliopsoas-pelvis_tilt.C0 	0.32879842	0.32579773	0.0031575481	
S00100.iliopsoas.C0             	0.3330872	0.33752641	0.0017213906	
S00100.glut_max.C0              	-0.024561783	-0.024743955	0.0013107435	
S11000.iliopsoas.KL             	0.56686311	0.56569423	0.001492027	
S11000.iliopsoas.L0             	0.3881389	0.38973003	0.001640656	
S11000.iliopsoas-pelvis_tilt.P0 	-0.045698356	-0.044730524	0.0013174297	
S11000.iliopsoas-pelvis_tilt.KP 	0.01082572	0.011505118	0.0081840119	
S11000.iliopsoas-pelvis_tilt.KV 	0.14846713	0.14601426	0.0015276925	
S11000.iliopsoas-hamstrings.KL  	-8.4153427	-8.3543661	0.054110233	
S11000.iliopsoas-hamstrings.L0  	1.1661717	1.1656262	0.0012347372	
S11000.hamstrings.KF            	0.57325164	0.57310996	0.0011827474	
S11000.glut_max.KF              	0.623887	0.6234649	0.0013453647	
