pelvis_tilt.offset              	0.021361949	0.019213945	0.00090397598	
hip_flexion_r.offset            	0.069014277	0.068055059	0.00083862701	
knee_angle_r.offset             	0.0016062814	0.0016185113	0.00092110625	
ankle_angle_r.offset            	-0.058315022	-0.057582496	0.0012023041	
hip_flexion_l.offset            	-0.0073805835	-0.009528477	0.0017163448	
knee_angle_l.offset             	0.055914591	0.054505269	0.0013263953	
ankle_angle_l.offset            	0.18849643	0.18913296	0.0012642589	
stance_load_threshold           	0.15009367	0.15123922	0.0013848706	
S00111.tib_ant.KL               	1.2704145	1.2772336	0.022904562	
S00111.tib_ant.L0               	0.75384355	0.75283787	0.0025239746	
S00111.tib_ant.KS               	0.00015652	0.00016872371	0.00096024482	
S11000.tib_ant.KL               	1.173634	1.1879216	0.013111706	
S11000.tib_ant.L0               	0.73705653	0.73603094	0.0019148108	
S11000.tib_ant.KS               	0.034541534	0.035455523	0.0012024747	
S11111.tib_ant-soleus.KF        	-0.10598256	-0.10758889	0.0020667193	
S11000.soleus-tib_ant.KS        	-3.2390271	-3.2698247	0.030406491	
S11000.gastroc-tib_ant.KS       	-1.641127	-1.6468503	0.025417096	
S00111.tib_ant-gastroc.KS       	-0.00357534	-0.0037971097	0.19001447	
S11000.tib_ant-gastroc.KS       	-0.00366451	-0.00350149	0.1857205	
S00111.tib_ant-soleus.KS        	-0.00313515	-0.0032229596	0.19505967	
S11000.tib_ant-soleus.KS        	-0.0034666	-0.0032978869	0.18677357	
S00111.gastroc.KL               	0.082114748	0.078803398	0.02376503	
S00111.gastroc.L0               	0.83035226	0.83062654	0.010075334	
S00111.gastroc.KF               	1.4102473	1.4093468	0.0012947737	
S00111.gastroc.KS               	0.16171936	0.16292701	0.011048726	
S00111.soleus.KL                	4.0288278	4.0150092	0.022740875	
S00111.soleus.L0                	0.97894497	0.97873958	0.0058153114	
S00111.soleus.KF                	0.23496305	0.23515572	0.0018792646	
S00111.soleus.KS                	0.14946728	0.15751337	0.016120306	
S11000.gastroc.KL               	0.00925153	0.0085706067	0.018952218	
S11000.gastroc.L0               	0.51703263	0.51200656	0.010620708	
S11000.gastroc.KF               	-1.8965117	-1.8624443	0.02537273	
S11000.gastroc.KS               	0.27191262	0.26697014	0.022584897	
S11000.soleus.KL                	0.82647112	0.79296985	0.043567298	
S11000.soleus.L0                	0.91158743	0.91070069	0.0097186113	
S11000.soleus.KF                	-0.95885434	-0.91482775	0.040677519	
S11000.soleus.KS                	0.1022613	0.10977412	0.035209466	
S00011.vasti.KF                 	0.81036425	0.81564097	0.0054667515	
S00011.vasti.C0                 	0.081636019	0.082272034	0.0012283916	
S00011.vasti-knee_angle.pos_max 	-0.30093714	-0.30301472	0.0019061581	
S00011.hamstrings-pelvis_tilt.KP	0.69134367	0.70613188	0.021407869	
S00011.hamstrings-pelvis_tilt.KV	0.56716293	0.56737045	0.0010969029	
S00011.hamstrings-pelvis_tilt.C0	0.027210839	0.026303269	0.002343587	
S00011.glut_max-pelvis_tilt.KP  	1.491326	1.5054897	0.017914266	
S00011.glut_max-pelvis_tilt.KV  	0.31842204	0.31685101	0.0011288952	
S00011.glut_max-pelvis_tilt.C0  	0.15635342	0.15994236	0.0018883462	
S00011.iliopsoas-pelvis_tilt.KP 	-3.4971639	-3.5048912	0.029913139	
S00011.iliopsoas-pelvis_tilt.KV 	-0.54360672	-0.5427719	0.0013782051	
S00011.iliopsoas-pelvis_tilt.C0 	0.32509509	0.32743155	0.0029597247	
S00100.iliopsoas.C0             	0.33656953	0.33707388	0.001614935	
S00100.glut_max.C0              	-0.024684644	-0.024336035	0.0012247918	
S11000.iliopsoas.KL             	0.56541961	0.56531902	0.0013963741	
S11000.iliopsoas.L0             	0.3886715	0.38917889	0.0015357412	
S11000.iliopsoas-pelvis_tilt.P0 	-0.045749442	-0.044477795	0.0012314905	
S11000.iliopsoas-pelvis_tilt.KP 	0.01082572	0.011221148	0.0076301849	
S11000.iliopsoas-pelvis_tilt.KV 	0.14796008	0.14612339	0.0014313451	
S11000.iliopsoas-hamstrings.KL  	-8.157779	-8.3653751	0.050724351	
S11000.iliopsoas-hamstrings.L0  	1.1656332	1.165956	0.0011597004	
S11000.hamstrings.KF            	0.57368924	0.57359979	0.001108317	
S11000.glut_max.KF              	0.62267902	0.62303331	0.0012586611	
