pelvis_tilt.offset              	0.019604839	0.019684772	0.00076429501	
hip_flexion_r.offset            	0.067560437	0.067301864	0.00071046164	
knee_angle_r.offset             	0.0027502625	0.0007606392	0.00077802927	
ankle_angle_r.offset            	-0.056972481	-0.057639966	0.0010162832	
hip_flexion_l.offset            	-0.0060317019	-0.0077892077	0.0014570235	
knee_angle_l.offset             	0.054226851	0.055560833	0.0011239916	
ankle_angle_l.offset            	0.19025739	0.18940264	0.0010654526	
stance_load_threshold           	0.15087909	0.15190324	0.0011746762	
S00111.tib_ant.KL               	1.272726	1.2964987	0.019347609	
S00111.tib_ant.L0               	0.75348627	0.74979248	0.0021758052	
S00111.tib_ant.KS               	0.00015652	0.00016714447	0.00079367193	
S11000.tib_ant.KL               	1.2005201	1.1959185	0.011163158	
S11000.tib_ant.L0               	0.74086125	0.73759333	0.0016249799	
S11000.tib_ant.KS               	0.037018874	0.035926222	0.0010160189	
S11111.tib_ant-soleus.KF        	-0.11144371	-0.11121595	0.0017542827	
S11000.soleus-tib_ant.KS        	-3.1719401	-3.1967999	0.025924079	
S11000.gastroc-tib_ant.KS       	-1.6833098	-1.6739594	0.021412512	
S00111.tib_ant-gastroc.KS       	-0.00357534	-0.0038033347	0.15705241	
S11000.tib_ant-gastroc.KS       	-0.00331551	-0.0035124129	0.15350332	
S00111.tib_ant-soleus.KS        	-0.00313515	-0.0033698772	0.16122241	
S11000.tib_ant-soleus.KS        	-0.0034666	-0.00336579	0.15437371	
S00111.gastroc.KL               	0.08315732	0.078876588	0.019659033	
S00111.gastroc.L0               	0.82420131	0.83954443	0.0085593533	
S00111.gastroc.KF               	1.4087154	1.4084278	0.0010925754	
S00111.gastroc.KS               	0.16049832	0.16486917	0.0091713876	
S00111.soleus.KL                	3.9853138	3.9983199	0.019282853	
S00111.soleus.L0                	0.98667542	0.97816738	0.0049071099	
S00111.soleus.KF                	0.23352373	0.23508506	0.0015908936	
S00111.soleus.KS                	0.16520068	0.15666355	0.013389832	
S11000.gastroc.KL               	0.00837043	0.0087868813	0.015664834	
S11000.gastroc.L0               	0.53687779	0.53330148	0.0090518086	
S11000.gastroc.KF               	-1.8603798	-1.86323	0.021518396	
S11000.gastroc.KS               	0.25231886	0.26619152	0.018805804	
S11000.soleus.KL                	0.83422956	0.78809285	0.036420666	
S11000.soleus.L0                	0.91493655	0.91551067	0.0082555255	
S11000.soleus.KF                	-0.89900717	-0.92450048	0.034094386	
S11000.soleus.KS                	0.1022613	0.10864722	0.029122012	
S00011.vasti.KF                 	0.80861924	0.8146502	0.0046162485	
S00011.vasti.C0                 	0.082455988	0.082133379	0.0010338907	
S00011.vasti-knee_angle.pos_max 	-0.30454328	-0.30216561	0.001622149	
S00011.hamstrings-pelvis_tilt.KP	0.70703612	0.71667932	0.018092878	
S00011.hamstrings-pelvis_tilt.KV	0.56422243	0.56654116	0.00092879794	
S00011.hamstrings-pelvis_tilt.C0	0.026242712	0.026055542	0.0019502145	
S00011.glut_max-pelvis_tilt.KP  	1.5022576	1.4886328	0.015180446	
S00011.glut_max-pelvis_tilt.KV  	0.31733061	0.31750716	0.00097039202	
S00011.glut_max-pelvis_tilt.C0  	0.15925092	0.1600511	0.001603201	
S00011.iliopsoas-pelvis_tilt.KP 	-3.5124972	-3.5155608	0.025435434	
S00011.iliopsoas-pelvis_tilt.KV 	-0.54538923	-0.54380441	0.0011696338	
S00011.iliopsoas-pelvis_tilt.C0 	0.32904315	0.329071	0.0024996917	
S00100.iliopsoas.C0             	0.33656047	0.33633543	0.001370616	
S00100.glut_max.C0              	-0.025570615	-0.024548967	0.0010274811	
S11000.iliopsoas.KL             	0.5650334	0.56421419	0.0011789982	
S11000.iliopsoas.L0             	0.39020269	0.39003868	0.001300289	
S11000.iliopsoas-pelvis_tilt.P0 	-0.042134633	-0.043177691	0.0010393457	
S11000.iliopsoas-pelvis_tilt.KP 	0.01196527	0.011476327	0.0063076651	
S11000.iliopsoas-pelvis_tilt.KV 	0.14898819	0.1482213	0.00121907	
S11000.iliopsoas-hamstrings.KL  	-8.3500748	-8.339495	0.043241421	
S11000.iliopsoas-hamstrings.L0  	1.1691348	1.1674405	0.00098462986	
S11000.hamstrings.KF            	0.57129506	0.57204041	0.00093676413	
S11000.glut_max.KF              	0.6238873	0.62207279	0.0010636108	
