pelvis_tilt.offset              	0.021573946	0.02040792	0.00063971036	
hip_flexion_r.offset            	0.068150102	0.068074761	0.00058960969	
knee_angle_r.offset             	5.3715277e-06	0.00033591193	0.00064794327	
ankle_angle_r.offset            	-0.058441502	-0.05725774	0.00083964787	
hip_flexion_l.offset            	-0.0076440737	-0.0075666064	0.0012071373	
knee_angle_l.offset             	0.055092803	0.055668798	0.00093032399	
ankle_angle_l.offset            	0.18942532	0.1895542	0.00088418965	
stance_load_threshold           	0.15228253	0.15113193	0.00097047684	
S00111.tib_ant.KL               	1.2815474	1.2914613	0.015995401	
S00111.tib_ant.L0               	0.74722447	0.74908024	0.0018154525	
S00111.tib_ant.KS               	0.00015652	0.00016314381	0.00064706285	
S11000.tib_ant.KL               	1.1927298	1.192781	0.0092788179	
S11000.tib_ant.L0               	0.73832784	0.73677389	0.0013485267	
S11000.tib_ant.KS               	0.035308247	0.035709759	0.00083832302	
S11111.tib_ant-soleus.KF        	-0.11282398	-0.11194199	0.0014541707	
S11000.soleus-tib_ant.KS        	-3.194676	-3.1840698	0.021642855	
S11000.gastroc-tib_ant.KS       	-1.6878884	-1.6900093	0.017844108	
S00111.tib_ant-gastroc.KS       	-0.00395169	-0.0037331096	0.12804101	
S11000.tib_ant-gastroc.KS       	-0.00366451	-0.0034442911	0.12514753	
S00111.tib_ant-soleus.KS        	-0.00313515	-0.0033158565	0.13144072	
S11000.tib_ant-soleus.KS        	-0.00313645	-0.0033167009	0.12585714	
S00111.gastroc.KL               	0.07523758	0.080219705	0.016040568	
S00111.gastroc.L0               	0.82842197	0.83891365	0.0071020397	
S00111.gastroc.KF               	1.4091328	1.4097391	0.00090716287	
S00111.gastroc.KS               	0.16049832	0.16191755	0.0075120535	
S00111.soleus.KL                	3.9880282	4.0048815	0.016039999	
S00111.soleus.L0                	0.98503352	0.98456346	0.0040780961	
S00111.soleus.KF                	0.23688055	0.23551037	0.0013182759	
S00111.soleus.KS                	0.1542764	0.15802015	0.010959384	
S11000.gastroc.KL               	0.00925153	0.0085878224	0.012771352	
S11000.gastroc.L0               	0.54989184	0.53779803	0.0075067196	
S11000.gastroc.KF               	-1.8738466	-1.8486694	0.01780425	
S11000.gastroc.KS               	0.26933897	0.26306739	0.015422252	
S11000.soleus.KL                	0.79166654	0.79647225	0.030010651	
S11000.soleus.L0                	0.91092289	0.91447139	0.0068757326	
S11000.soleus.KF                	-0.86753488	-0.91805029	0.028214652	
S11000.soleus.KS                	0.1022613	0.10740282	0.023756572	
S00011.vasti.KF                 	0.81981893	0.81932577	0.0038260843	
S00011.vasti.C0                 	0.081550674	0.082025296	0.00085426712	
S00011.vasti-knee_angle.pos_max 	-0.30111468	-0.30185305	0.0013524057	
S00011.hamstrings-pelvis_tilt.KP	0.72080881	0.71209153	0.015026768	
S00011.hamstrings-pelvis_tilt.KV	0.56551534	0.56571152	0.00077354782	
S00011.hamstrings-pelvis_tilt.C0	0.02778807	0.026867148	0.0015980819	
S00011.glut_max-pelvis_tilt.KP  	1.4992564	1.492113	0.012575674	
S00011.glut_max-pelvis_tilt.KV  	0.31515962	0.31679177	0.00080285085	
S00011.glut_max-pelvis_tilt.C0  	0.15944874	0.15995254	0.0013255438	
S00011.iliopsoas-pelvis_tilt.KP 	-3.5127495	-3.5055924	0.021072461	
S00011.iliopsoas-pelvis_tilt.KV 	-0.54294503	-0.54374916	0.00097173892	
S00011.iliopsoas-pelvis_tilt.C0 	0.33068582	0.33149518	0.0020933061	
S00100.iliopsoas.C0             	0.33619509	0.33677955	0.0011386244	
S00100.glut_max.C0              	-0.025753244	-0.024976166	0.00084579167	
S11000.iliopsoas.KL             	0.56528879	0.56456831	0.00097812634	
S11000.iliopsoas.L0             	0.38958949	0.38848409	0.0010761093	
S11000.iliopsoas-pelvis_tilt.P0 	-0.044345571	-0.043689968	0.00085932982	
S11000.iliopsoas-pelvis_tilt.KP 	0.01082572	0.011434031	0.0051433051	
S11000.iliopsoas-pelvis_tilt.KV 	0.14632324	0.14764427	0.0010135395	
S11000.iliopsoas-hamstrings.KL  	-8.3282794	-8.3616614	0.035968827	
S11000.iliopsoas-hamstrings.L0  	1.1660508	1.1671006	0.00082048151	
S11000.hamstrings.KF            	0.57254325	0.57190118	0.00077718216	
S11000.glut_max.KF              	0.62077786	0.62209836	0.00088091051	
